start 1 psup 5 p 3 m 0 [18213 408 10277 446 15006 487 16667 159 18361 337 14819 339 13946 372 2832 387 8488 438 16921 507 12679 516 8555 527 1817 575 8368 584 6553 139 16 4858 550 2943 95 17 4570 130 17519 190 14130 326 15209 364 8255 10349 17556 428 14092 18344 18478 4286 14393 15338 7691 17003 8389 17316 17468 9790 7654 13515 16334 1923 15259 6050 8031 16548 8171 11067 10419 12586 5306 9933 17944 10411 10630 17775 10551 10220 11793 10256 11699 11228 9614 6250 16467 16473 14916 17639 104 90 13388 13428 136 16363 340 18432 17299 18472 13784 15832 17769 15756 15739 180 147 11890 270 8590 346 17778 392 17328 18396 2445 6556 5392 7189 15749 15462 1071 16269 18057 8448 18345 6650 2784 18145 17250 18359 14681 8919 12148 11125 10189 13433 13029 8401 18353 11009 1962 1216 4167 13528 3161 8565 9615 18270 15110 552]
start 2 psup 5 p 3 m 1 [18213 408 10277 446 4403 470 15006 487 16667 159 15625 412 15716 417 7946 460 3120 496 9729 534 16045 303 13850 414 5089 462 15833 19 8 9809 33 2830 157 18478 4286 14393 15338 7691 17003 8389 17316 17468 9790 7654 13515 16334 1923 15259 6050 8031 16083 16548 8171 11067 10419 12586 5306 9933 17944 10411 10630 7439 10247 17775 10551 10220 11793 10256 11699 11228 9614 6250 16467 16473 14916 17639 104 90 13388 13428 16363 340 3713 15917 14842 490 12635 532 9385 17246 452 18432 17299 18472 13784 15832 17769 15756 15739 180 147 11890 270 8590 346 17778 392 18396 494 2445 6556 5392 7189 15749 15462 1071 16269 18057 18345 6650 2784]
start 3 psup 5 p 3 m 2 [18213 408 15006 487 18361 337 14819 339 13946 372 8488 438 16921 507 12679 516 8555 527 1817 575 8368 584 6553 139 16 17519 190 14130 326 15209 364 8255 10349 17556 428 14092 18344 18478 4286 14393 15338 7691 17003 8389 17316 17468 9790 962 7654 13515 16334 1923 15259 6050 8031 16083 16548 8171 11067 10419 12586 5306 9933 17944 10411 10630 7439 10247 1186 17775 10551 10220 11793 10256 11699 11228 9614 6250 16467 16473 14916 17639 104 90 13388 13428 136 91 16363 340 3713 15917 14842 490 12635 532 9385 17246 452 18472 13784 15832 17769 15756 15739 180 147 11890 270 17778 392 18396 494 2445 6556 5392 15749 15462 18345 6650 2784 18145 183 14411 13844 17250 18359 17425 6961 13404 18353 11009 1962 1216 4167 13528 3161 8565 9615 18270 212 15110 552]
start 4 psup 5 p 3 m 0 [18213 408 15006 487 16667 159 15625 412 15716 417 7946 460 3120 496 9729 534 18478 4286 14393 15338 7691 17003 8389 17316 17468 9790 962 7654 13515 16334 1923 15259 6050 8031 16548 8171 11067 10419 12586 5306 9933 17944 10411 10630 17775 11793 10256 11699 11228 9614 6250 16467 16473 14916 17639 104 90 13388 13428 136 16363 340 18432 17299 18472 13784 15832 17769 15756 15739 180 147 11890 17778 392 17328 18396 494 2445 6556 5392 15749 18345 6650 2784 18145 183 14411 13844 17250 18448]
start 1 psup 6 p 3 m 0 [18213 408 15006 487 16667 159 18478 4286 14393 15338 7691 17003 8389 17316 17468 9790 7654 13515 16334 1923 15259 6050 8031 16548 8171 11067 10419 12586 5306 9933 17944 10411 10630 17775 11793 10256 11699 11228 9614 6250 16467 16473 14916 17639 104 90 13388 13428 136 16363 340 18432 17299 18472 13784 15832 17769 15756 15739 180 147 11890 17778 392 17328 18396 2445 6556 5392 15749 18345 6650 2784 18145 17250]
start 5 psup 5 p 3 m 1 [11479 290 1 18213 408 15006 487 16667 159 15625 412 15716 417 7946 460]
start 2 psup 6 p 3 m 1 [18213 408 15006 487 16667 159 15625 412 15716 417 7946 460]
start 6 psup 5 p 3 m 2 [11479 290 1 18213 408 15006 487 16667 159 15625 412 15716 417 7946 460 3120 496 9729 534 18361 337 14819 339 13946 372 17519 190 14130 326 15209 364 17556 428 14092 563 18219 261 11774 273 17955 383 15395 17370 18344]
start 3 psup 6 p 3 m 2 [18213 408 15006 487 18361 337 14819 339 13946 372 17519 190 14130 326 15209 364 17556 428 14092 18344]
start 1 psup 5 p 4 m 0 [18213 408 15006 487 16667 159 14920 172 4161 197]
start 7 psup 5 p 3 m 0 [13096 475 10761 561 11682 41 18213 408]
start 2 psup 5 p 4 m 1 [18213 408 15006 487 16667 159 15625 412 15716 417 7946 460 3120 496 9729 534]
start 9 psup 5 p 3 m 2 [18213 408 18361 337 14819 339 13946 372 17519 190 14130 326 15209 364 16519 97 14976 10676 304 4923 17556 428 14092 563 18219 261 11774 273 17955 383 15395 17370 18344]
start 6 psup 6 p 3 m 2 [18213 408 18361 337 14819 339 13946 372 17519 190 14130 326 15209 364 17556 428 14092 563 18219 261 11774 273 17955 383 15395 17370 18344]
start 3 psup 7 p 3 m 2 [18213 408 18361 337 14819 339 13946 372 17519 190 14130 326 15209 364 17556 428 14092 18344]
start 17 psup 5 p 3 m 1 [18213 408 18472 13784 17769 17778]
start 18 psup 5 p 3 m 2 [17603 558 5103 103 18213 408 18472 13784 17769 17778]
start 19 psup 5 p 3 m 0 [17603 558 5103 103 18213 408 18472 13784 17769 17778]
start 20 psup 5 p 3 m 1 [18213 408 15971 536]
start 21 psup 5 p 3 m 2 [13152 65 18213 408 15971 536]
start 3 psup 11 p 3 m 2 [18213 408]
start 4 psup 8 p 4 m 3 [18213 408]
start 1 psup 7 p 5 m 0 [18213 408]
start 1 psup 5 p 7 m 0 [18213 408]
start 22 psup 5 p 3 m 0 [13152 65 18213 408 14981 146 17477 8 7 8097 228 15228 365 13215]
start 1 psup 12 p 3 m 0 [18213 408]
start 1 psup 9 p 4 m 0 [18213 408]
start 2 psup 7 p 5 m 1 [18213 408]
start 2 psup 5 p 7 m 1 [18213 408]
start 23 psup 5 p 3 m 1 [13152 65 18213 408 14981 146 17477 8 7 8097 228 15228 365]
start 2 psup 12 p 3 m 1 [18213 408]
start 2 psup 9 p 4 m 1 [18213 408]
start 3 psup 7 p 5 m 2 [18213 408]
start 3 psup 5 p 7 m 2 [18213 408]
start 24 psup 5 p 3 m 2 [13152 65 18471 9292 17820 18386 9163 3072 16442]
start 3 psup 9 p 4 m 2 [18213 408]
start 4 psup 7 p 5 m 3 [18213 408]
start 4 psup 5 p 7 m 3 [18213 408]
start 25 psup 5 p 3 m 0 [13152 65 18471 17820 18386 9163]
start 5 psup 7 p 5 m 4 [18213 408]
start 5 psup 5 p 7 m 4 [18213 408]
start 26 psup 5 p 3 m 1 [2995 55 1 13152 65 18340 18471 18386 9163 3072 16442]
start 6 psup 5 p 7 m 5 [18213 408]
start 27 psup 5 p 3 m 2 [2995 55 1 13152 65 18340 18471 2475 18386 9163 3072]
start 24 psup 6 p 3 m 2 [13152 65 18471 18386 9163 3072]
start 7 psup 5 p 7 m 6 [18213 408]
start 28 psup 5 p 3 m 0 [2995 55 1 13152 65 18340 18471 2475 18386]
start 25 psup 6 p 3 m 0 [13152 65 18471 18386]
start 26 psup 6 p 3 m 1 [2995 55 1 13152 65 18340]
start 24 psup 5 p 4 m 3 [13152 65 18471 18386]
start 27 psup 6 p 3 m 2 [2995 55 1 13152 65 18340]
start 21 psup 8 p 3 m 2 [13152 65]
start 21 psup 6 p 4 m 0 [13152 65]
start 28 psup 6 p 3 m 0 [13152 65 18340]
start 22 psup 8 p 3 m 0 [13152 65]
start 26 psup 5 p 4 m 1 [2995 55 1 13152 65 18340]
start 22 psup 6 p 4 m 1 [13152 65]
start 21 psup 5 p 5 m 0 [13152 65]
start 32 psup 5 p 3 m 1 [13152 65 18340 17833 191 17245 181 14223 256 17694 7814 107]
start 26 psup 7 p 3 m 1 [13152 65 18340]
start 23 psup 8 p 3 m 1 [13152 65]
start 27 psup 5 p 4 m 2 [13152 65 18340]
start 23 psup 6 p 4 m 2 [13152 65]
start 22 psup 5 p 5 m 1 [13152 65]
start 33 psup 5 p 3 m 2 [17148 383 18340 157 17833 191 17245 181 14223 256 17694 7814 107]
start 27 psup 7 p 3 m 2 [18340]
start 28 psup 5 p 4 m 3 [13152 65 18340]
start 24 psup 6 p 4 m 3 [13152 65]
start 23 psup 5 p 5 m 2 [13152 65]
start 34 psup 5 p 3 m 0 [17148 383 18340 157 17833 191 17245 181 14223 256 17694 7814 107]
start 28 psup 7 p 3 m 0 [18340]
start 29 psup 5 p 4 m 0 [18340]
start 24 psup 5 p 5 m 3 [13152 65]
start 35 psup 5 p 3 m 1 [17148 383]
start 26 psup 6 p 4 m 1 [18340]
start 26 psup 5 p 5 m 0 [18340]
start 41 psup 5 p 3 m 1 [18254 402 18479 18221]
start 42 psup 5 p 3 m 2 [18254 402 18266 17795 118 18479 18221]
start 47 psup 5 p 3 m 1 [15287 7 1 18254 402 18266 2748 90 12455 105 17795 118 17833 191 17002 222 11335 326 16772 456 3793 467 18323 18181 6550 18274 18048 512 8281 55 31 13270 173 18357 187 17777 377 10193 418 18450 528 18435 10298 8682 6037 18301]
start 48 psup 5 p 3 m 2 [15287 7 1 15662 215 16118 401 15033 444 4564 530 14868 531 7981 9 2 10773 274 18254 402 18266 2748 90 12455 105 17795 118 17833 191 17002 222 11335 326 16772 456 3793 467 1319 494 2717 547 11154 97 14498 154 18323 18181 11525 165 29 12128 319 18274 18048 512 8281 55 31 13270 173 14198 552 18450 528 18435 10298 306 8682 6037]
start 49 psup 5 p 3 m 0 [15287 7 1 15662 215 16118 401 15033 444 4564 530 14868 531 7981 9 2 10773 274 17960 358 18254 402 18266 2748 90 12455 105 17795 118 17833 191 17002 222 11335 326 16772 456 3793 467 1319 494 2717 547 11154 97 14498 154 18323 18181 11525 165 29 12128 319 18274 11537 18048 512 8281 55 31 13270 173 18450 528 18435 10298 306 8682 6037 1411]
start 46 psup 6 p 3 m 0 [15287 7 1 18254 402 18266 2748 90 12455 105 17795 118]
start 43 psup 7 p 3 m 0 [18254 402 18266 2748 90 12455 105 17795 118]
start 40 psup 8 p 3 m 0 [18254 402]
start 44 psup 5 p 4 m 3 [18254 402 18266 2748 90 12455 105 17795 118]
start 40 psup 6 p 4 m 3 [18254 402]
start 39 psup 5 p 5 m 3 [18254 402]
start 50 psup 5 p 3 m 1 [15287 7 1 15662 215 16118 401 15033 444 4564 530 14868 531 7981 9 2 10773 274 18254 402 18266 2748 90 12455 105 17795 118 17833 191 17002 222 11335 326 16772 456 3793 467 1319 494 2717 547 11154 97 14498 18323 18181 11525 165 29 12128 319 18274 11537 18048 512 8281 55 31 13270 173 18450 528 18435 10298 306 8682 6037 1411 18463 13230 324 18148 212]
start 47 psup 6 p 3 m 1 [15287 7 1 18254 402 18266 2748 90 12455 105 17795 118 17833 191 17002 222 11335 326 16772 456 3793 467 18323 18181 18274 18048 512 8281 55 31 13270 173 18450 528 18435 10298 8682 6037]
start 44 psup 7 p 3 m 1 [18254 402 18266 2748 90 12455 105 17795 118]
start 41 psup 8 p 3 m 1 [18254 402]
start 45 psup 5 p 4 m 0 [15287 7 1 18254 402 18266 2748 90 12455 105 17795 118]
start 41 psup 6 p 4 m 0 [18254 402]
start 40 psup 5 p 5 m 4 [18254 402]
start 51 psup 5 p 3 m 2 [15287 7 1 2682 214 15662 215 16118 401 15033 444 4564 530 14868 531 7981 9 2 10773 274 18254 402 18266 2748 90 12455 105 17795 118 17833 191 17002 222 11335 326 16772 456 3793 467 1319 494 2717 547 11154 97 14498 17507 17 13 14891 130 5681 151 18323 18181 11525 165 29 12128 319 8080 328 11330 336 18274 11537 18048 512 13270 173 18450 528 18435 10298 306]
start 48 psup 6 p 3 m 2 [15287 7 1 15662 215 16118 401 15033 444 4564 530 14868 531 7981 9 2 10773 274 18254 402 18266 2748 90 12455 105 17795 118 17833 191 17002 222 11335 326 16772 456 3793 467 1319 494 2717 547 11154 97 14498 18323 18181 11525 165 29 12128 319 18274 18048 512 13270 173 18450 528 18435 10298 306]
start 45 psup 7 p 3 m 2 [15287 7 1 18254 402 18266 2748 90 12455 105 17795 118]
start 42 psup 8 p 3 m 2 [18254 402 18266 17795 118]
start 39 psup 9 p 3 m 2 [18254 402]
start 46 psup 5 p 4 m 1 [15287 7 1 18254 402 18266 2748 90 12455 105 17795 118]
start 42 psup 6 p 4 m 1 [18254 402 18266 17795 118]
start 41 psup 5 p 5 m 0 [18254 402]
start 52 psup 5 p 3 m 0 [15287 7 1 2682 214 15662 215 16118 401 15033 444 4564 530 14868 531 7981 9 2 10773 274 18323 18181 233 11525 165 29 12128 319 8080 328 11330 336 18450 528 18435 10298 306 18417 17579 7527 12774 17695 286 2985 16759 14249 18463]
start 49 psup 6 p 3 m 0 [15287 7 1 15662 215 16118 401 15033 444 4564 530 14868 531 7981 9 2 10773 274 18323 18181 11525 165 29 12128 319 18450 528 18435 10298 306]
start 46 psup 7 p 3 m 0 [15287 7 1]
start 53 psup 5 p 3 m 1 [15287 7 1 2682 214 15662 215 18266 2748 90 12455 105 17795 118 17833 191 17002 222 11335 326 16772 456 3793 467 1319 494 2717 547 14498 17507 17 13 18323 18181 233 11525 12128 319 8080 328 11330 336 18450 528 18435 3655 10298 306 18463 18398 15634 16174 15530 15860 10898 17860]
start 50 psup 6 p 3 m 1 [15287 7 1 15662 215 18266 2748 90 12455 105 17795 118 17833 191 17002 222 11335 326 16772 456 3793 467 1319 494 2717 547 14498 18323 18181 11525 12128 319 18450 528 18435 10298 306 18463]
start 47 psup 7 p 3 m 1 [15287 7 1 18266 2748 90 12455 105 17795 118 17833 191 17002 222 11335 326 16772 456 3793 467 18323 18181 18450 528 18435 10298]
start 44 psup 8 p 3 m 1 [18266 2748 90 12455 105 17795 118]
start 54 psup 5 p 3 m 2 [15287 7 1 2682 214 15662 215 18266 2748 90 12455 105 17795 118 17833 191 17002 222 11335 326 16772 456 3793 467 1319 494 2717 547 14498 18323 18181 233 18450 528 18435 3655 10298 306 18463 18398 16174 15530 10506 2644 7698 15860 10898 17860]
start 51 psup 6 p 3 m 2 [15287 7 1 2682 214 15662 215 18266 2748 90 12455 105 17795 118 17833 191 17002 222 11335 326 16772 456 3793 467 1319 494 2717 547 14498 18323 18181 18450 528 18435 10298 306]
start 48 psup 7 p 3 m 2 [15287 7 1 15662 215 18266 2748 90 12455 105 17795 118 17833 191 17002 222 11335 326 16772 456 3793 467 1319 494 2717 547 14498 18323 18181 18450 528 18435 10298 306]
start 45 psup 8 p 3 m 2 [15287 7 1 18266 2748 90 12455 105 17795 118]
start 42 psup 9 p 3 m 2 [18266 17795 118]
start 49 psup 5 p 4 m 0 [15287 7 1 15662 215 18266 2748 90 12455 105 17795 118 17833 191 17002 222 11335 326 16772 456 3793 467 1319 494 2717 547 14498 18323 18181 11525 12128 319 18450 528 18435 10298 306]
start 45 psup 6 p 4 m 0 [15287 7 1 18266 2748 90 12455 105 17795 118]
start 50 psup 5 p 4 m 1 [15287 7 1 15662 215 18266 2748 90 12455 105 17795 118 17833 191 17002 222 11335 326 16772 456 3793 467 1319 494 2717 547 14498 18323 18181 18450 528 18435 10298 306 18463]
start 46 psup 6 p 4 m 1 [15287 7 1 18266 2748 90 12455 105 17795 118]
start 42 psup 7 p 4 m 1 [18266 17795 118]
start 47 psup 5 p 4 m 2 [15287 7 1 18254 402 18266 2748 90 12455 105 17795 118 17833 191 17002 222 11335 326 16772 456 3793 467 18323 18181 18274 18048 512 13270 173 18450 528 18435 10298]
start 43 psup 6 p 4 m 2 [18254 402 18266 2748 90 12455 105 17795 118]
start 39 psup 7 p 4 m 2 [18254 402]
start 48 psup 5 p 4 m 3 [15287 7 1 15662 215 16118 401 15033 444 4564 530 14868 531 7981 9 2 10773 274 18323 18181 11525 165 29 12128 319 18450 528 18435 10298 306]
start 46 psup 5 p 5 m 0 [15287 7 1 18266 2748 90 12455 105 17795 118]
start 42 psup 5 p 5 m 1 [18254 402 18266 17795 118]
start 43 psup 5 p 5 m 2 [18254 402 18266 2748 90 12455 105 17795 118]
start 45 psup 5 p 5 m 4 [15287 7 1 18266 2748 90 12455 105 17795 118]