start 1 psup 6 p 3 m 0 [18213 408 15006 487 16667 159 18478 4286 14393 15338 7691 17003 8389 17316 17468 9790 7654 13515 16334 1923 15259 6050 8031 16548 8171 11067 10419 12586 5306 9933 17944 10411 10630 17775 11793 10256 11699 11228 9614 6250 16467 16473 14916 17639 104 90 13388 13428 136 16363 340 18432 17299 18472 13784 15832 17769 15756 15739 180 147 11890 17778 392 17328 18396 2445 6556 5392 15749 18345 6650 2784 18145 17250]
start 2 psup 6 p 3 m 1 [18213 408 15006 487 16667 159 15625 412 15716 417 7946 460]
start 3 psup 6 p 3 m 2 [18213 408 15006 487 18361 337 14819 339 13946 372 17519 190 14130 326 15209 364 17556 428 14092 18344]
start 6 psup 6 p 3 m 2 [18213 408 18361 337 14819 339 13946 372 17519 190 14130 326 15209 364 17556 428 14092 563 18219 261 11774 273 17955 383 15395 17370 18344]
start 3 psup 7 p 3 m 2 [18213 408 18361 337 14819 339 13946 372 17519 190 14130 326 15209 364 17556 428 14092 18344]
start 3 psup 11 p 3 m 2 [18213 408]
start 4 psup 8 p 4 m 3 [18213 408]
start 1 psup 7 p 5 m 0 [18213 408]
start 1 psup 12 p 3 m 0 [18213 408]
start 1 psup 9 p 4 m 0 [18213 408]
start 2 psup 7 p 5 m 1 [18213 408]
start 2 psup 12 p 3 m 1 [18213 408]
start 2 psup 9 p 4 m 1 [18213 408]
start 3 psup 7 p 5 m 2 [18213 408]
start 3 psup 9 p 4 m 2 [18213 408]
start 4 psup 7 p 5 m 3 [18213 408]
start 5 psup 7 p 5 m 4 [18213 408]
start 24 psup 6 p 3 m 2 [13152 65 18471 18386 9163 3072]
start 25 psup 6 p 3 m 0 [13152 65 18471 18386]
start 26 psup 6 p 3 m 1 [2995 55 1 13152 65 18340]
start 27 psup 6 p 3 m 2 [2995 55 1 13152 65 18340]
start 21 psup 8 p 3 m 2 [13152 65]
start 21 psup 6 p 4 m 0 [13152 65]
start 28 psup 6 p 3 m 0 [13152 65 18340]
start 22 psup 8 p 3 m 0 [13152 65]
start 22 psup 6 p 4 m 1 [13152 65]
start 26 psup 7 p 3 m 1 [13152 65 18340]
start 23 psup 8 p 3 m 1 [13152 65]
start 23 psup 6 p 4 m 2 [13152 65]
start 27 psup 7 p 3 m 2 [18340]
start 24 psup 6 p 4 m 3 [13152 65]
start 28 psup 7 p 3 m 0 [18340]
start 26 psup 6 p 4 m 1 [18340]
start 46 psup 6 p 3 m 0 [15287 7 1 18254 402 18266 2748 90 12455 105 17795 118]
start 43 psup 7 p 3 m 0 [18254 402 18266 2748 90 12455 105 17795 118]
start 40 psup 8 p 3 m 0 [18254 402]
start 40 psup 6 p 4 m 3 [18254 402]
start 47 psup 6 p 3 m 1 [15287 7 1 18254 402 18266 2748 90 12455 105 17795 118 17833 191 17002 222 11335 326 16772 456 3793 467 18323 18181 18274 18048 512 8281 55 31 13270 173 18450 528 18435 10298 8682 6037]
start 44 psup 7 p 3 m 1 [18254 402 18266 2748 90 12455 105 17795 118]
start 41 psup 8 p 3 m 1 [18254 402]
start 41 psup 6 p 4 m 0 [18254 402]
start 48 psup 6 p 3 m 2 [15287 7 1 15662 215 16118 401 15033 444 4564 530 14868 531 7981 9 2 10773 274 18254 402 18266 2748 90 12455 105 17795 118 17833 191 17002 222 11335 326 16772 456 3793 467 1319 494 2717 547 11154 97 14498 18323 18181 11525 165 29 12128 319 18274 18048 512 13270 173 18450 528 18435 10298 306]
start 45 psup 7 p 3 m 2 [15287 7 1 18254 402 18266 2748 90 12455 105 17795 118]
start 42 psup 8 p 3 m 2 [18254 402 18266 17795 118]
start 39 psup 9 p 3 m 2 [18254 402]
start 42 psup 6 p 4 m 1 [18254 402 18266 17795 118]
start 49 psup 6 p 3 m 0 [15287 7 1 15662 215 16118 401 15033 444 4564 530 14868 531 7981 9 2 10773 274 18323 18181 11525 165 29 12128 319 18450 528 18435 10298 306]
start 46 psup 7 p 3 m 0 [15287 7 1]
start 50 psup 6 p 3 m 1 [15287 7 1 15662 215 18266 2748 90 12455 105 17795 118 17833 191 17002 222 11335 326 16772 456 3793 467 1319 494 2717 547 14498 18323 18181 11525 12128 319 18450 528 18435 10298 306 18463]
start 47 psup 7 p 3 m 1 [15287 7 1 18266 2748 90 12455 105 17795 118 17833 191 17002 222 11335 326 16772 456 3793 467 18323 18181 18450 528 18435 10298]
start 44 psup 8 p 3 m 1 [18266 2748 90 12455 105 17795 118]
start 51 psup 6 p 3 m 2 [15287 7 1 2682 214 15662 215 18266 2748 90 12455 105 17795 118 17833 191 17002 222 11335 326 16772 456 3793 467 1319 494 2717 547 14498 18323 18181 18450 528 18435 10298 306]
start 48 psup 7 p 3 m 2 [15287 7 1 15662 215 18266 2748 90 12455 105 17795 118 17833 191 17002 222 11335 326 16772 456 3793 467 1319 494 2717 547 14498 18323 18181 18450 528 18435 10298 306]
start 45 psup 8 p 3 m 2 [15287 7 1 18266 2748 90 12455 105 17795 118]
start 42 psup 9 p 3 m 2 [18266 17795 118]
start 45 psup 6 p 4 m 0 [15287 7 1 18266 2748 90 12455 105 17795 118]
start 46 psup 6 p 4 m 1 [15287 7 1 18266 2748 90 12455 105 17795 118]
start 42 psup 7 p 4 m 1 [18266 17795 118]
start 43 psup 6 p 4 m 2 [18254 402 18266 2748 90 12455 105 17795 118]
start 39 psup 7 p 4 m 2 [18254 402]