start 3 psup 7 p 3 m 2 [18213 408 18361 337 14819 339 13946 372 17519 190 14130 326 15209 364 17556 428 14092 18344]
start 3 psup 11 p 3 m 2 [18213 408]
start 4 psup 8 p 4 m 3 [18213 408]
start 1 psup 7 p 5 m 0 [18213 408]
start 1 psup 12 p 3 m 0 [18213 408]
start 1 psup 9 p 4 m 0 [18213 408]
start 2 psup 7 p 5 m 1 [18213 408]
start 2 psup 12 p 3 m 1 [18213 408]
start 2 psup 9 p 4 m 1 [18213 408]
start 3 psup 7 p 5 m 2 [18213 408]
start 3 psup 9 p 4 m 2 [18213 408]
start 4 psup 7 p 5 m 3 [18213 408]
start 5 psup 7 p 5 m 4 [18213 408]
start 21 psup 8 p 3 m 2 [13152 65]
start 22 psup 8 p 3 m 0 [13152 65]
start 26 psup 7 p 3 m 1 [13152 65 18340]
start 23 psup 8 p 3 m 1 [13152 65]
start 27 psup 7 p 3 m 2 [18340]
start 28 psup 7 p 3 m 0 [18340]
start 43 psup 7 p 3 m 0 [18254 402 18266 2748 90 12455 105 17795 118]
start 40 psup 8 p 3 m 0 [18254 402]
start 44 psup 7 p 3 m 1 [18254 402 18266 2748 90 12455 105 17795 118]
start 41 psup 8 p 3 m 1 [18254 402]
start 45 psup 7 p 3 m 2 [15287 7 1 18254 402 18266 2748 90 12455 105 17795 118]
start 42 psup 8 p 3 m 2 [18254 402 18266 17795 118]
start 39 psup 9 p 3 m 2 [18254 402]
start 46 psup 7 p 3 m 0 [15287 7 1]
start 47 psup 7 p 3 m 1 [15287 7 1 18266 2748 90 12455 105 17795 118 17833 191 17002 222 11335 326 16772 456 3793 467 18323 18181 18450 528 18435 10298]
start 44 psup 8 p 3 m 1 [18266 2748 90 12455 105 17795 118]
start 48 psup 7 p 3 m 2 [15287 7 1 15662 215 18266 2748 90 12455 105 17795 118 17833 191 17002 222 11335 326 16772 456 3793 467 1319 494 2717 547 14498 18323 18181 18450 528 18435 10298 306]
start 45 psup 8 p 3 m 2 [15287 7 1 18266 2748 90 12455 105 17795 118]
start 42 psup 9 p 3 m 2 [18266 17795 118]
start 42 psup 7 p 4 m 1 [18266 17795 118]
start 39 psup 7 p 4 m 2 [18254 402]