55	1
65	1
121	1
298	1
475	1
526	1
41	2
87	2
102	2
116	2
126	2
247	2
274	2
355	2
369	2
385	2
462	2
558	2
103	3
408	3
108	4
146	4
368	4
392	4
226	5
286	5
360	5
386	5
461	5
481	5
536	5
583	5
72	6
172	6
197	6
218	6
287	6
292	6
333	6
412	6
8	7
228	7
365	7
452	7
462	7
7	8
157	8
186	8
301	8
350	8
414	8
39	9
123	9
157	9
179	9
346	9
382	9
397	9
485	9
498	9
529	9
563	9
378	10
379	10
431	10
508	10
521	10
59	11
116	11
181	11
376	11
573	11
18	12
295	12
477	12
532	12
549	12
57	13
84	13
99	13
144	13
421	13
539	13
69	14
84	14
94	14
258	14
291	14
332	14
410	14
538	14
42	15
62	15
64	15
83	15
208	15
339	15
372	15
438	15
474	15
496	15
507	15
527	15
584	15
139	16
255	16
405	16
550	16
45	17
167	17
328	17
356	17
576	17
12	18
21	18
35	18
190	18
198	18
326	18
437	18
453	18
485	18
537	18
561	18
185	19
219	19
428	19
491	19
21	20
27	20
48	20
192	20
261	20
354	20
390	20
512	20
18	21
20	21
27	21
48	21
102	21
116	21
181	21
264	21
299	21
369	21
457	21
483	21
561	21
208	22
214	23
216	23
262	23
300	23
381	23
548	23
574	23
42	24
208	25
178	26
20	27
21	27
165	27
201	27
203	27
299	27
539	27
554	27
100	28
318	28
453	28
456	28
477	28
502	28
87	29
98	29
123	29
165	29
168	29
210	29
226	29
237	29
245	29
343	29
365	29
389	29
543	29
556	29
117	30
199	30
285	30
388	30
390	30
446	30
535	30
143	31
173	31
314	31
521	31
34	32
117	32
203	32
220	32
426	32
91	33
104	33
136	33
149	33
227	33
231	33
256	33
283	33
291	33
315	33
330	33
358	33
365	33
384	33
524	33
562	33
573	33
579	33
32	34
116	34
362	34
411	34
18	35
48	35
58	35
132	35
188	35
242	35
273	35
364	35
390	35
395	35
468	35
490	35
512	35
112	36
220	36
418	36
487	36
511	36
72	37
255	37
355	37
585	37
124	38
184	38
230	38
473	38
501	38
9	39
198	39
525	39
529	39
563	39
140	40
152	40
212	40
306	40
348	40
462	40
478	40
2	41
80	41
183	41
198	41
247	41
268	41
315	41
365	41
515	41
544	41
549	41
15	42
24	42
64	42
83	42
178	42
337	42
339	42
372	42
473	42
474	42
476	42
507	42
516	42
575	42
160	43
329	43
441	43
511	43
100	44
127	44
225	44
310	44
494	44
513	44
17	45
68	45
73	45
130	45
150	45
151	45
158	45
160	45
167	45
229	45
232	45
263	45
280	45
311	45
356	45
374	45
394	45
396	45
409	45
411	45
432	45
445	45
463	45
487	45
492	45
511	45
569	45
572	45
576	45
316	46
320	46
409	46
302	47
20	48
21	48
35	48
390	48
395	48
457	48
483	48
561	48
142	49
150	49
160	49
167	49
280	49
409	49
445	49
475	49
500	49
520	49
526	49
545	49
548	49
572	49
576	49
423	50
72	51
177	51
52	52
141	52
154	52
164	52
189	52
248	52
260	52
305	52
327	52
353	52
375	52
423	52
431	52
471	52
54	53
74	53
342	53
344	53
53	54
81	54
344	54
450	54
475	54
1	55
121	55
132	55
229	55
240	55
285	55
377	55
390	55
403	55
475	55
526	55
166	56
195	56
344	56
376	56
447	56
13	57
144	57
268	57
299	57
447	57
539	57
35	58
95	58
167	58
349	58
445	58
542	58
559	58
582	58
11	59
256	59
257	59
307	59
532	59
99	60
317	60
466	60
72	61
172	61
218	61
534	61
15	62
72	62
172	62
218	62
362	62
496	62
534	62
75	63
98	63
183	63
210	63
268	63
388	63
416	63
586	63
15	64
42	64
1	65
129	65
262	65
383	65
450	65
463	65
475	65
526	65
151	66
210	66
233	66
239	66
266	66
267	66
403	66
125	67
194	67
344	67
450	67
564	67
45	68
72	68
114	68
204	68
277	68
362	68
374	68
548	68
14	69
98	69
148	69
237	69
365	69
416	69
549	69
554	69
348	70
452	70
454	70
552	70
140	71
146	71
164	71
248	71
260	71
402	71
423	71
6	72
37	72
51	72
61	72
62	72
68	72
135	72
177	72
197	72
277	72
282	72
287	72
292	72
333	72
338	72
362	72
388	72
409	72
411	72
412	72
417	72
424	72
460	72
479	72
496	72
534	72
45	73
264	73
290	73
53	74
125	74
335	74
344	74
418	74
450	74
63	75
120	75
321	75
367	75
386	75
399	75
461	75
291	76
306	76
313	76
462	76
101	77
296	77
153	78
222	78
238	78
251	78
350	78
422	78
490	78
513	78
518	78
208	79
41	80
186	80
211	80
238	80
295	80
382	80
490	80
532	80
54	81
129	81
139	81
181	81
447	81
550	81
208	82
15	83
42	83
13	84
14	84
252	84
271	84
332	84
393	84
397	84
117	85
165	85
201	85
208	85
289	85
410	85
446	85
505	85
506	85
413	86
517	86
2	87
29	87
100	87
223	87
237	87
257	87
367	87
405	87
577	87
172	88
215	88
246	88
239	89
286	89
344	89
380	89
435	89
257	90
357	90
398	90
523	90
33	91
104	91
136	91
183	91
227	91
231	91
344	91
399	91
524	91
583	91
169	92
193	92
217	92
252	92
393	92
490	92
559	92
419	93
423	93
508	93
14	94
148	94
194	94
206	94
234	94
344	94
461	94
505	94
540	94
557	94
586	94
58	95
161	95
167	95
188	95
218	95
261	95
273	95
427	95
463	95
526	95
542	95
559	95
408	96
206	97
29	98
63	98
69	98
237	98
442	98
535	98
554	98
13	99
60	99
106	99
113	99
115	99
241	99
253	99
276	99
331	99
407	99
565	99
588	99
28	100
44	100
87	100
203	100
405	100
456	100
77	101
296	101
373	101
425	101
429	101
499	101
546	101
2	102
21	102
457	102
3	103
319	103
408	103
413	103
499	103
33	104
91	104
183	104
309	104
344	104
358	104
399	104
524	104
284	105
357	105
478	105
502	105
547	105
99	106
317	106
258	107
271	107
291	107
306	107
309	107
345	107
399	107
524	107
538	107
552	107
4	108
140	108
452	108
454	108
344	109
443	109
430	110
434	110
502	110
503	110
324	111
361	111
403	111
450	111
36	112
220	112
233	112
418	112
487	112
511	112
99	113
225	113
241	113
248	113
305	113
350	113
400	113
68	114
362	114
99	115
143	115
317	115
366	115
2	116
11	116
21	116
34	116
355	116
495	116
30	117
32	117
85	117
165	117
201	117
272	117
410	117
506	117
196	118
200	118
318	118
348	118
357	118
456	118
552	118
146	119
301	119
334	119
392	119
402	119
75	120
187	120
231	120
284	120
321	120
357	120
386	120
399	120
410	120
436	120
502	120
1	121
55	121
220	121
418	121
426	121
580	121
192	122
209	122
221	122
283	122
482	122
573	122
9	123
29	123
152	123
237	123
549	123
554	123
556	123
38	124
206	124
223	124
366	124
67	125
74	125
156	125
192	125
195	125
261	125
324	125
342	125
344	125
383	125
450	125
541	125
564	125
2	126
247	126
330	126
355	126
535	126
549	126
44	127
225	127
428	127
513	127
518	127
245	128
343	128
357	128
502	128
503	128
65	129
81	129
463	129
475	129
511	129
512	129
45	130
167	130
356	130
148	131
226	131
239	131
250	131
397	131
403	131
481	131
573	131
35	132
55	132
188	132
426	132
433	132
451	132
559	132
580	132
206	133
241	133
319	133
411	133
476	133
587	133
213	134
215	134
259	134
517	134
72	135
424	135
33	136
91	136
183	136
231	136
344	136
399	136
524	136
243	137
288	137
413	138
16	139
81	139
181	139
266	139
447	139
550	139
40	140
71	140
108	140
306	140
368	140
414	140
510	140
52	141
141	141
423	141
49	142
145	142
298	142
475	142
526	142
545	142
31	143
115	143
175	143
249	143
276	143
297	143
347	143
366	143
439	143
571	143
580	143
13	144
57	144
355	144
388	144
395	144
535	144
142	145
214	145
374	145
381	145
465	145
475	145
545	145
4	146
71	146
119	146
162	146
301	147
392	147
399	147
452	147
493	147
69	148
94	148
131	148
156	148
234	148
240	148
344	148
586	148
33	149
183	149
344	149
384	149
399	149
562	149
579	149
45	150
49	150
167	150
280	150
409	150
445	150
511	150
542	150
572	150
45	151
66	151
170	151
396	151
447	151
40	152
123	152
200	152
212	152
256	152
478	152
78	153
163	153
191	153
222	153
235	153
334	153
346	153
449	153
52	154
154	154
423	154
184	155
400	155
501	155
125	156
148	156
376	156
391	156
458	156
551	156
557	156
564	156
573	156
8	157
9	157
449	157
485	157
498	157
563	157
45	158
232	158
263	158
280	158
394	158
511	158
569	158
161	159
205	159
218	159
246	159
43	160
45	160
49	160
285	160
290	160
298	160
380	160
391	160
475	160
548	160
95	161
159	161
205	161
472	161
146	162
402	162
153	163
179	163
243	163
422	163
525	163
52	164
71	164
164	164
351	164
27	165
29	165
85	165
117	165
210	165
406	165
410	165
468	165
506	165
56	166
360	166
421	166
447	166
461	166
17	167
45	167
49	167
58	167
95	167
130	167
150	167
266	167
280	167
328	167
356	167
374	167
409	167
445	167
520	167
572	167
576	167
29	168
224	168
227	168
228	168
245	168
309	168
365	168
462	168
543	168
92	169
185	169
193	169
211	169
218	169
219	169
252	169
275	169
300	169
312	169
393	169
472	169
506	169
577	169
151	170
329	170
447	170
409	171
440	171
6	172
61	172
62	172
88	172
197	172
204	172
215	172
265	172
282	172
287	172
292	172
333	172
336	172
338	172
411	172
412	172
413	172
417	172
460	172
472	172
473	172
496	172
534	172
545	172
548	172
581	172
31	173
317	173
518	173
324	174
403	174
418	174
426	174
586	174
143	175
230	175
276	175
317	175
233	176
357	176
360	176
421	176
459	176
461	176
536	176
51	177
72	177
479	177
26	178
42	178
387	178
476	178
575	178
9	179
163	179
397	179
494	179
525	179
563	179
191	180
224	180
346	180
493	180
11	181
21	181
81	181
139	181
264	181
299	181
457	181
550	181
582	181
309	182
357	182
430	182
434	182
509	182
538	182
41	183
63	183
91	183
104	183
136	183
149	183
210	183
221	183
231	183
234	183
239	183
324	183
344	183
384	183
481	183
482	183
495	183
524	183
583	183
38	184
155	184
293	184
305	184
322	184
400	184
19	185
169	185
193	185
219	185
275	185
335	185
352	185
382	185
393	185
531	185
577	185
8	186
80	186
295	186
532	186
582	186
585	186
120	187
196	187
389	187
552	187
556	187
578	187
35	188
95	188
132	188
273	188
395	188
426	188
451	188
526	188
52	189
189	189
18	190
326	190
453	190
477	190
554	190
153	191
180	191
222	191
334	191
346	191
422	191
467	191
20	192
122	192
125	192
512	192
551	192
564	192
92	193
169	193
185	193
246	193
279	193
300	193
312	193
340	193
354	193
393	193
472	193
485	193
490	193
506	193
67	194
94	194
221	194
250	194
286	194
461	194
573	194
56	195
125	195
321	195
564	195
118	196
187	196
200	196
223	196
318	196
502	196
556	196
6	197
72	197
172	197
218	197
292	197
18	198
39	198
41	198
228	198
275	198
30	199
239	199
247	199
255	199
403	199
410	199
426	199
537	199
544	199
118	200
152	200
196	200
203	200
318	200
348	200
357	200
456	200
509	200
556	200
578	200
27	201
85	201
117	201
410	201
434	201
446	201
570	202
27	203
32	203
100	203
200	203
255	203
294	203
409	203
586	203
68	204
172	204
362	204
411	204
473	204
548	204
558	204
159	205
161	205
207	205
217	205
265	205
415	205
473	205
476	205
501	205
530	205
94	206
97	206
124	206
133	206
304	206
325	206
335	206
428	206
488	206
557	206
577	206
205	207
265	207
437	207
473	207
490	207
15	208
22	208
25	208
79	208
82	208
85	208
254	208
404	208
448	208
464	208
497	208
501	208
122	209
306	209
312	209
313	209
410	209
505	209
539	209
557	209
586	209
29	210
63	210
66	210
165	210
183	210
226	210
237	210
257	210
416	210
484	210
80	211
169	211
218	211
295	211
354	211
490	211
40	212
152	212
318	212
348	212
478	212
134	213
216	213
312	213
340	213
476	213
530	213
23	214
145	214
415	214
574	214
88	215
134	215
172	215
246	215
465	215
472	215
23	216
213	216
279	216
381	216
472	216
545	216
574	216
92	217
205	217
530	217
6	218
61	218
62	218
95	218
159	218
169	218
197	218
211	218
252	218
287	218
292	218
333	218
378	218
412	218
417	218
460	218
496	218
534	218
19	219
169	219
185	219
275	219
312	219
533	219
577	219
32	220
36	220
112	220
121	220
261	220
262	220
324	220
377	220
383	220
403	220
580	220
122	221
183	221
194	221
344	221
482	221
583	221
78	222
153	222
191	222
224	222
346	222
449	222
563	222
87	223
124	223
196	223
168	224
180	224
222	224
238	224
295	224
301	224
498	224
44	225
113	225
127	225
241	225
400	225
439	225
5	226
29	226
131	226
210	226
233	226
267	226
481	226
495	226
33	227
91	227
168	227
233	227
283	227
315	227
330	227
7	228
168	228
198	228
270	228
544	228
45	229
55	229
280	229
406	229
492	229
511	229
38	230
175	230
276	230
304	230
305	230
341	230
366	230
439	230
521	230
566	230
571	230
33	231
91	231
120	231
136	231
183	231
344	231
399	231
524	231
45	232
158	232
263	232
280	232
311	232
432	232
511	232
539	232
569	232
66	233
112	233
176	233
226	233
227	233
267	233
272	233
343	233
360	233
376	233
389	233
459	233
461	233
536	233
94	234
148	234
183	234
446	234
447	234
453	234
461	234
540	234
153	235
318	235
346	235
456	235
493	235
371	236
447	236
29	237
69	237
87	237
98	237
123	237
210	237
256	237
257	237
343	237
442	237
515	237
549	237
556	237
78	238
80	238
224	238
251	238
402	238
466	238
66	239
89	239
131	239
183	239
199	239
344	239
361	239
55	240
148	240
418	240
487	240
99	241
113	241
133	241
225	241
305	241
317	241
431	241
466	241
35	242
273	242
279	242
300	242
340	242
381	242
559	242
137	243
163	243
422	243
433	243
494	243
498	243
578	243
517	244
531	244
29	245
128	245
168	245
343	245
434	245
509	245
88	246
159	246
193	246
215	246
472	246
2	247
41	247
126	247
199	247
355	247
462	247
515	247
539	247
52	248
71	248
113	248
248	248
351	248
368	248
143	249
131	250
194	250
286	250
344	250
435	250
573	250
583	250
78	251
238	251
483	251
84	252
92	252
169	252
218	252
259	252
340	252
352	252
420	252
533	252
99	253
317	253
208	254
16	255
37	255
199	255
203	255
367	255
409	255
582	255
586	255
33	256
59	256
152	256
237	256
269	256
315	256
418	256
59	257
87	257
90	257
210	257
237	257
416	257
14	258
107	258
291	258
306	258
345	258
399	258
538	258
552	258
134	259
252	259
340	259
530	259
52	260
71	260
260	260
351	260
20	261
95	261
125	261
220	261
273	261
324	261
383	261
475	261
23	262
65	262
220	262
324	262
475	262
574	262
45	263
158	263
232	263
280	263
311	263
432	263
511	263
539	263
569	263
21	264
73	264
181	264
299	264
332	264
437	264
483	264
539	264
561	264
582	264
172	265
205	265
207	265
336	265
473	265
66	266
139	266
167	266
349	266
380	266
447	266
461	266
540	266
541	266
550	266
553	266
66	267
226	267
233	267
403	267
418	267
447	267
41	268
57	268
63	268
315	268
355	268
365	268
442	268
515	268
585	268
256	269
348	269
538	269
562	269
567	269
579	269
228	270
318	270
334	270
348	270
399	270
456	270
493	270
84	271
107	271
291	271
306	271
551	271
117	272
233	272
386	272
434	272
436	272
461	272
484	272
502	272
35	273
95	273
188	273
242	273
261	273
526	273
2	274
425	274
510	274
558	274
169	275
185	275
198	275
219	275
382	275
577	275
99	276
143	276
175	276
230	276
305	276
317	276
327	276
68	277
72	277
352	277
461	277
548	277
409	278
522	278
193	279
216	279
242	279
300	279
381	279
559	279
45	280
49	280
150	280
158	280
167	280
229	280
232	280
263	280
290	280
311	280
328	280
394	280
409	280
432	280
445	280
475	280
487	280
492	280
511	280
520	280
569	280
572	280
576	280
441	281
511	281
72	282
172	282
338	282
411	282
473	282
558	282
33	283
122	283
227	283
315	283
515	283
105	284
120	284
405	284
502	284
503	284
538	284
547	284
30	285
55	285
160	285
298	285
5	286
89	286
194	286
250	286
461	286
6	287
72	287
172	287
218	287
417	287
460	287
137	288
323	288
422	288
449	288
85	289
294	289
360	289
409	289
73	290
160	290
280	290
14	291
33	291
76	291
107	291
258	291
271	291
306	291
454	291
538	291
6	292
72	292
172	292
197	292
218	292
184	293
302	293
322	293
555	293
560	293
203	294
289	294
409	294
467	294
468	294
502	294
12	295
80	295
186	295
211	295
224	295
382	295
485	295
498	295
582	295
585	295
77	296
101	296
408	296
143	297
317	297
363	297
401	297
566	297
1	298
142	298
160	298
285	298
390	298
391	298
475	298
21	299
27	299
57	299
181	299
264	299
539	299
544	299
23	300
169	300
193	300
242	300
279	300
354	300
559	300
8	301
119	301
147	301
224	301
449	301
452	301
47	302
293	302
351	302
510	302
570	303
206	304
230	304
491	304
52	305
113	305
184	305
230	305
241	305
276	305
305	305
40	306
76	306
107	306
140	306
209	306
258	306
271	306
291	306
478	306
59	307
309	307
578	307
419	308
423	308
508	308
104	309
107	309
168	309
182	309
307	309
399	309
452	309
44	310
45	311
232	311
263	311
280	311
511	311
569	311
169	312
193	312
209	312
213	312
219	312
354	312
393	312
428	312
490	312
76	313
209	313
330	313
358	313
368	313
369	313
457	313
537	313
31	314
433	314
33	315
41	315
227	315
256	315
268	315
283	315
365	315
481	315
495	315
515	315
46	316
409	316
469	316
60	317
106	317
115	317
173	317
175	317
241	317
253	317
276	317
297	317
331	317
347	317
370	317
565	317
566	317
568	317
28	318
118	318
196	318
200	318
212	318
235	318
270	318
502	318
103	319
133	319
408	319
488	319
501	319
46	320
409	320
75	321
120	321
195	321
367	321
398	321
502	321
567	321
184	322
293	322
570	322
587	322
288	323
334	323
422	323
111	324
125	324
174	324
183	324
220	324
261	324
262	324
342	324
403	324
418	324
426	324
450	324
455	324
541	324
551	324
206	325
335	325
533	325
18	326
190	326
453	326
52	327
276	327
327	327
423	327
521	327
17	328
167	328
280	328
374	328
520	328
526	328
43	329
170	329
504	329
511	329
33	330
126	330
227	330
313	330
367	330
457	330
99	331
317	331
14	332
84	332
264	332
340	332
395	332
6	333
72	333
172	333
218	333
412	333
119	334
153	334
191	334
270	334
323	334
529	334
74	335
185	335
206	335
325	335
517	335
531	335
581	335
172	336
265	336
413	336
444	336
473	336
548	336
42	337
72	338
172	338
282	338
411	338
473	338
558	338
15	339
42	339
193	340
213	340
242	340
252	340
259	340
332	340
393	340
444	340
530	340
531	340
230	341
366	341
53	342
125	342
324	342
344	342
391	342
403	342
450	342
455	342
475	342
526	342
29	343
128	343
233	343
237	343
245	343
434	343
556	343
53	344
54	344
56	344
67	344
74	344
89	344
91	344
94	344
104	344
109	344
125	344
136	344
148	344
149	344
183	344
221	344
231	344
239	344
250	344
342	344
376	344
380	344
384	344
435	344
443	344
450	344
455	344
461	344
475	344
482	344
562	344
583	344
107	345
258	345
399	345
9	346
153	346
180	346
191	346
222	346
235	346
449	346
456	346
467	346
494	346
498	346
502	346
143	347
317	347
472	347
580	347
40	348
70	348
118	348
200	348
212	348
269	348
270	348
552	348
58	349
266	349
383	349
463	349
511	349
8	350
78	350
113	350
400	350
402	350
490	350
164	351
248	351
260	351
302	351
185	352
252	352
277	352
531	352
557	352
52	353
353	353
423	353
20	354
193	354
211	354
300	354
312	354
485	354
559	354
561	354
2	355
37	355
116	355
126	355
144	355
247	355
268	355
388	355
442	355
462	355
495	355
515	355
558	355
17	356
45	356
130	356
167	356
90	357
105	357
118	357
120	357
128	357
176	357
182	357
200	357
430	357
456	357
484	357
502	357
536	357
547	357
578	357
33	358
104	358
313	358
399	358
562	358
579	358
546	359
5	360
166	360
176	360
233	360
289	360
447	360
461	360
502	360
536	360
111	361
239	361
377	361
403	361
426	361
458	361
34	362
62	362
68	362
72	362
114	362
204	362
406	362
476	362
496	362
297	363
35	364
445	364
468	364
483	364
512	364
7	365
29	365
33	365
41	365
69	365
168	365
268	365
315	365
515	365
543	365
544	365
115	366
124	366
143	366
230	366
341	366
378	366
75	367
87	367
255	367
321	367
330	367
405	367
4	368
140	368
248	368
313	368
379	368
514	368
2	369
21	369
313	369
462	369
317	370
566	370
236	371
447	371
15	372
42	372
101	373
45	374
68	374
145	374
167	374
328	374
381	374
409	374
437	374
52	375
375	375
423	375
11	376
56	376
156	376
233	376
344	376
447	376
55	377
220	377
361	377
10	378
218	378
366	378
433	378
10	379
368	379
449	379
89	380
160	380
266	380
344	380
396	380
447	380
461	380
553	380
23	381
145	381
216	381
242	381
279	381
374	381
409	381
427	381
500	381
526	381
545	381
580	381
9	382
80	382
185	382
275	382
295	382
397	382
490	382
525	382
532	382
65	383
125	383
220	383
261	383
349	383
475	383
526	383
541	383
33	384
149	384
183	384
344	384
399	384
2	385
388	385
429	385
5	386
75	386
120	386
272	386
436	386
461	386
178	387
30	388
63	388
72	388
144	388
355	388
385	388
29	389
187	389
233	389
434	389
556	389
578	389
20	390
30	390
35	390
48	390
55	390
298	390
457	390
551	390
561	390
156	391
160	391
298	391
342	391
403	391
450	391
458	391
573	391
4	392
119	392
147	392
454	392
514	392
84	393
92	393
169	393
185	393
193	393
312	393
340	393
45	394
158	394
280	394
511	394
35	395
48	395
144	395
188	395
332	395
410	395
422	395
451	395
494	395
580	395
45	396
151	396
380	396
447	396
9	397
84	397
131	397
179	397
382	397
532	397
90	398
321	398
502	398
567	398
75	399
91	399
104	399
107	399
120	399
136	399
147	399
149	399
231	399
258	399
270	399
309	399
345	399
358	399
384	399
493	399
524	399
562	399
579	399
113	400
155	400
184	400
225	400
350	400
428	400
439	400
491	400
297	401
71	402
119	402
162	402
238	402
350	402
55	403
66	403
111	403
131	403
174	403
199	403
220	403
267	403
324	403
342	403
361	403
391	403
450	403
458	403
580	403
208	404
16	405
87	405
100	405
284	405
367	405
502	405
165	406
229	406
362	406
411	406
474	406
99	407
3	408
96	408
103	408
296	408
319	408
45	409
46	409
49	409
72	409
150	409
167	409
171	409
203	409
255	409
278	409
280	409
289	409
294	409
316	409
320	409
374	409
381	409
427	409
440	409
445	409
469	409
500	409
511	409
522	409
572	409
14	410
85	410
117	410
120	410
165	410
199	410
201	410
209	410
395	410
436	410
446	410
506	410
523	410
540	410
34	411
45	411
72	411
133	411
172	411
204	411
282	411
338	411
406	411
473	411
548	411
6	412
72	412
172	412
218	412
333	412
86	413
103	413
138	413
172	413
336	413
501	413
531	413
540	413
548	413
581	413
8	414
140	414
205	415
214	415
444	415
63	416
69	416
210	416
257	416
72	417
172	417
218	417
287	417
460	417
36	418
74	418
112	418
121	418
174	418
240	418
256	418
267	418
324	418
586	418
93	419
308	419
252	420
13	421
166	421
176	421
461	421
78	422
163	422
191	422
243	422
288	422
323	422
395	422
494	422
50	423
52	423
71	423
93	423
141	423
154	423
308	423
327	423
353	423
375	423
423	423
471	423
489	423
508	423
72	424
135	424
101	425
274	425
499	425
546	425
32	426
121	426
132	426
174	426
188	426
199	426
324	426
361	426
495	426
551	426
95	427
381	427
409	427
500	427
559	427
19	428
127	428
206	428
312	428
400	428
490	428
491	428
518	428
563	428
101	429
385	429
546	429
110	430
182	430
357	430
434	430
484	430
509	430
578	430
10	431
52	431
241	431
431	431
45	432
232	432
263	432
280	432
492	432
511	432
569	432
132	433
243	433
314	433
378	433
491	433
518	433
110	434
182	434
201	434
245	434
272	434
343	434
389	434
430	434
498	434
502	434
509	434
523	434
543	434
578	434
89	435
250	435
344	435
443	435
120	436
272	436
386	436
410	436
461	436
18	437
207	437
264	437
374	437
485	437
582	437
585	437
15	438
143	439
225	439
230	439
400	439
171	440
409	440
43	441
281	441
511	441
98	442
237	442
268	442
355	442
477	442
554	442
109	443
344	443
435	443
336	444
340	444
415	444
530	444
531	444
45	445
49	445
58	445
150	445
167	445
280	445
364	445
409	445
511	445
572	445
30	446
85	446
201	446
234	446
410	446
540	446
56	447
57	447
81	447
139	447
151	447
166	447
170	447
234	447
236	447
266	447
267	447
360	447
371	447
376	447
380	447
396	447
461	447
511	447
540	447
550	447
553	447
208	448
153	449
157	449
222	449
288	449
301	449
346	449
379	449
529	449
54	450
65	450
67	450
74	450
111	450
125	450
324	450
342	450
344	450
391	450
403	450
455	450
475	450
526	450
541	450
132	451
188	451
395	451
491	451
580	451
7	452
70	452
108	452
147	452
301	452
309	452
454	452
18	453
28	453
190	453
234	453
326	453
456	453
477	453
537	453
554	453
582	453
70	454
108	454
291	454
392	454
452	454
514	454
544	454
324	455
342	455
344	455
450	455
475	455
526	455
28	456
100	456
118	456
200	456
235	456
270	456
346	456
357	456
453	456
21	457
48	457
102	457
181	457
313	457
330	457
390	457
483	457
551	457
561	457
156	458
361	458
391	458
403	458
541	458
551	458
573	458
176	459
233	459
461	459
536	459
72	460
172	460
218	460
287	460
417	460
5	461
75	461
94	461
166	461
176	461
194	461
233	461
234	461
266	461
272	461
277	461
286	461
344	461
360	461
380	461
386	461
421	461
436	461
447	461
459	461
484	461
523	461
536	461
579	461
2	462
7	462
40	462
76	462
168	462
247	462
355	462
369	462
543	462
45	463
65	463
95	463
129	463
349	463
511	463
535	463
208	464
145	465
215	465
574	465
60	466
238	466
241	466
191	467
294	467
346	467
35	468
165	468
294	468
364	468
526	468
562	468
316	469
409	469
570	470
52	471
423	471
471	471
161	472
169	472
172	472
193	472
215	472
216	472
246	472
347	472
38	473
42	473
172	473
204	473
205	473
207	473
265	473
282	473
336	473
338	473
411	473
476	473
480	473
501	473
15	474
42	474
406	474
1	475
49	475
54	475
55	475
65	475
129	475
142	475
145	475
160	475
261	475
262	475
280	475
298	475
342	475
344	475
383	475
450	475
455	475
500	475
526	475
42	476
133	476
178	476
205	476
213	476
362	476
473	476
12	477
28	477
190	477
442	477
453	477
485	477
40	478
105	478
152	478
212	478
306	478
502	478
538	478
547	478
72	479
177	479
473	480
501	480
5	481
131	481
183	481
226	481
315	481
583	481
122	482
183	482
221	482
344	482
505	482
583	482
21	483
48	483
251	483
264	483
364	483
457	483
512	483
561	483
210	484
272	484
357	484
430	484
461	484
523	484
9	485
18	485
157	485
193	485
295	485
354	485
437	485
477	485
490	485
498	485
563	485
585	485
504	486
511	486
36	487
45	487
112	487
240	487
280	487
511	487
206	488
319	488
501	488
423	489
35	490
78	490
80	490
92	490
193	490
207	490
211	490
312	490
350	490
382	490
428	490
485	490
532	490
19	491
304	491
400	491
428	491
433	491
451	491
577	491
45	492
229	492
280	492
432	492
511	492
147	493
180	493
235	493
270	493
399	493
44	494
179	494
243	494
346	494
395	494
422	494
513	494
116	495
183	495
226	495
315	495
355	495
426	495
515	495
586	495
15	496
62	496
72	496
172	496
218	496
362	496
534	496
208	497
9	498
157	498
224	498
243	498
295	498
346	498
434	498
485	498
101	499
103	499
425	499
546	499
49	500
381	500
409	500
427	500
475	500
512	500
38	501
155	501
205	501
208	501
319	501
413	501
473	501
480	501
488	501
28	502
105	502
110	502
120	502
128	502
196	502
272	502
284	502
294	502
318	502
321	502
346	502
357	502
360	502
398	502
405	502
434	502
478	502
503	502
523	502
547	502
567	502
110	503
128	503
284	503
502	503
329	504
486	504
511	504
85	505
94	505
209	505
482	505
85	506
117	506
165	506
169	506
193	506
410	506
15	507
42	507
10	508
93	508
308	508
423	508
182	509
200	509
245	509
430	509
434	509
140	510
274	510
302	510
36	511
43	511
45	511
112	511
129	511
150	511
158	511
229	511
232	511
263	511
280	511
281	511
311	511
329	511
349	511
394	511
409	511
432	511
441	511
445	511
447	511
463	511
486	511
487	511
492	511
504	511
512	511
542	511
569	511
572	511
20	512
35	512
129	512
192	512
364	512
483	512
500	512
511	512
44	513
78	513
127	513
494	513
518	513
368	514
392	514
454	514
41	515
237	515
247	515
268	515
283	515
315	515
355	515
365	515
495	515
42	516
86	517
134	517
244	517
335	517
531	517
78	518
127	518
173	518
428	518
433	518
513	518
588	518
546	519
49	520
167	520
280	520
328	520
10	521
31	521
230	521
327	521
278	522
409	522
90	523
410	523
434	523
461	523
484	523
502	523
33	524
91	524
104	524
107	524
136	524
183	524
231	524
399	524
39	525
163	525
179	525
382	525
577	525
1	526
49	526
55	526
65	526
95	526
142	526
188	526
273	526
328	526
342	526
381	526
383	526
450	526
455	526
468	526
475	526
542	526
15	527
580	528
9	529
39	529
334	529
449	529
205	530
213	530
217	530
259	530
340	530
444	530
185	531
244	531
335	531
340	531
352	531
413	531
444	531
517	531
557	531
12	532
59	532
80	532
186	532
382	532
397	532
490	532
219	533
252	533
325	533
577	533
61	534
62	534
72	534
172	534
218	534
496	534
30	535
98	535
126	535
144	535
463	535
5	536
176	536
233	536
357	536
360	536
459	536
461	536
18	537
199	537
313	537
453	537
14	538
107	538
182	538
258	538
269	538
284	538
291	538
478	538
579	538
13	539
27	539
57	539
209	539
232	539
247	539
263	539
264	539
299	539
569	539
94	540
234	540
266	540
410	540
413	540
446	540
447	540
125	541
266	541
324	541
383	541
450	541
458	541
564	541
58	542
95	542
150	542
511	542
526	542
572	542
29	543
168	543
365	543
434	543
462	543
544	543
549	543
556	543
41	544
199	544
228	544
299	544
365	544
454	544
543	544
49	545
142	545
145	545
172	545
216	545
381	545
548	545
101	546
359	546
425	546
429	546
499	546
519	546
105	547
284	547
357	547
478	547
502	547
23	548
49	548
68	548
160	548
172	548
204	548
277	548
336	548
411	548
413	548
545	548
12	549
41	549
69	549
123	549
126	549
237	549
543	549
16	550
81	550
139	550
181	550
266	550
447	550
156	551
192	551
271	551
324	551
390	551
426	551
457	551
458	551
70	552
107	552
118	552
187	552
258	552
348	552
266	553
380	553
447	553
27	554
69	554
98	554
123	554
190	554
442	554
453	554
293	555
29	556
123	556
187	556
196	556
200	556
237	556
343	556
389	556
543	556
94	557
156	557
206	557
209	557
352	557
531	557
2	558
204	558
274	558
282	558
338	558
355	558
58	559
92	559
95	559
132	559
242	559
279	559
300	559
354	559
427	559
293	560
18	561
21	561
48	561
264	561
354	561
390	561
457	561
483	561
33	562
149	562
269	562
344	562
358	562
399	562
468	562
9	563
39	563
157	563
179	563
222	563
428	563
485	563
67	564
125	564
156	564
192	564
195	564
541	564
99	565
317	565
230	566
297	566
317	566
370	566
586	566
269	567
321	567
398	567
502	567
317	568
45	569
158	569
232	569
263	569
280	569
311	569
432	569
511	569
539	569
202	570
303	570
322	570
470	570
587	570
143	571
230	571
45	572
49	572
150	572
167	572
280	572
409	572
445	572
511	572
542	572
11	573
33	573
122	573
131	573
156	573
194	573
250	573
391	573
458	573
586	573
23	574
214	574
216	574
262	574
465	574
42	575
178	575
17	576
45	576
49	576
167	576
280	576
87	577
169	577
185	577
206	577
219	577
275	577
491	577
525	577
533	577
187	578
200	578
243	578
307	578
357	578
389	578
430	578
434	578
33	579
149	579
269	579
358	579
399	579
461	579
538	579
121	580
132	580
143	580
220	580
347	580
381	580
395	580
403	580
451	580
528	580
172	581
335	581
413	581
58	582
181	582
186	582
255	582
264	582
295	582
437	582
453	582
585	582
5	583
91	583
183	583
221	583
250	583
344	583
481	583
482	583
15	584
37	585
186	585
268	585
295	585
437	585
485	585
582	585
63	586
94	586
148	586
174	586
203	586
209	586
255	586
418	586
495	586
566	586
573	586
133	587
322	587
570	587
99	588
518	588
