55	1
65	1
214	1
246	1
383	1
403	1
444	1
526	1
530	1
531	1
102	2
274	2
346	2
369	2
385	2
388	2
462	2
208	3
546	3
57	4
140	4
271	4
392	4
414	4
514	4
226	5
233	5
286	5
380	5
386	5
461	5
72	6
178	6
8	7
33	7
70	7
403	7
452	7
454	7
514	7
7	8
119	8
137	8
146	8
147	8
186	8
301	8
332	8
402	8
452	8
585	8
18	9
123	9
153	9
157	9
191	9
196	9
222	9
346	9
388	9
449	9
467	9
485	9
494	9
498	9
529	9
563	9
364	10
378	10
379	10
431	10
521	10
34	11
116	11
181	11
256	11
18	12
21	12
181	12
224	12
235	12
415	12
416	12
532	12
549	12
57	13
157	13
420	13
433	13
451	13
588	13
33	14
84	14
107	14
271	14
291	14
315	14
340	14
524	14
538	14
42	15
61	15
62	15
64	15
83	15
208	15
339	15
372	15
417	15
438	15
460	15
474	15
496	15
507	15
527	15
534	15
546	15
584	15
405	16
513	16
45	17
160	17
356	17
9	18
12	18
198	18
235	18
326	18
453	18
485	18
60	19
99	19
127	19
169	19
185	19
188	19
219	19
407	19
513	19
577	19
27	20
48	20
188	20
192	20
209	20
261	20
306	20
310	20
312	20
354	20
426	20
12	21
116	21
180	21
299	21
437	21
485	21
532	21
561	21
101	22
208	22
67	23
88	23
216	23
242	23
279	23
342	23
358	23
450	23
574	23
42	24
178	25
208	25
296	25
178	26
20	27
85	27
190	27
201	27
477	27
537	27
554	27
556	27
34	28
153	28
235	28
318	28
434	28
449	28
453	28
120	29
210	29
233	29
319	29
357	29
389	29
430	29
119	30
223	30
273	30
279	30
335	30
535	30
55	31
173	31
249	31
314	31
378	31
420	31
521	31
367	32
377	32
418	32
559	32
7	33
14	33
75	33
84	33
136	33
221	33
227	33
256	33
283	33
291	33
315	33
358	33
383	33
403	33
514	33
524	33
562	33
573	33
11	34
28	34
313	34
476	34
78	35
132	35
242	35
313	35
364	35
390	35
395	35
468	35
513	35
518	35
229	36
234	36
511	36
72	37
100	37
140	37
355	37
462	37
582	37
585	37
172	38
230	38
352	38
411	38
473	38
198	39
346	39
382	39
477	39
485	39
498	39
556	39
563	39
211	40
212	40
306	40
348	40
355	40
478	40
552	40
63	41
183	41
228	41
270	41
307	41
309	41
399	41
544	41
549	41
582	41
15	42
24	42
64	42
72	42
79	42
82	42
178	42
287	42
333	42
337	42
412	42
417	42
460	42
474	42
497	42
507	42
516	42
570	42
575	42
45	43
329	43
476	43
511	43
99	44
100	44
127	44
193	44
310	44
354	44
370	44
422	44
490	44
494	44
17	45
43	45
68	45
73	45
112	45
130	45
133	45
151	45
160	45
167	45
170	45
204	45
233	45
280	45
305	45
311	45
328	45
329	45
356	45
374	45
396	45
434	45
463	45
473	45
476	45
480	45
558	45
559	45
576	45
72	46
409	46
302	47
419	47
560	47
20	48
179	48
323	48
382	48
395	48
457	48
513	48
532	48
561	48
55	49
88	49
131	49
138	49
160	49
215	49
240	49
276	49
319	49
413	49
526	49
553	49
423	50
72	51
52	52
431	52
54	53
74	53
175	53
285	53
344	53
443	53
53	54
111	54
134	54
160	54
344	54
435	54
475	54
1	55
31	55
49	55
121	55
195	55
240	55
330	55
377	55
403	55
427	55
500	55
512	55
542	55
552	55
234	56
447	56
502	56
4	57
13	57
84	57
144	57
219	57
247	57
268	57
331	57
364	57
388	57
407	57
506	57
515	57
539	57
565	57
211	58
266	58
433	58
559	58
582	58
225	59
256	59
269	59
532	59
19	60
87	60
99	60
188	60
193	60
219	60
331	60
400	60
565	60
15	61
409	61
15	62
41	63
75	63
98	63
183	63
210	63
285	63
386	63
416	63
15	64
42	64
409	64
1	65
259	65
262	65
391	65
463	65
472	65
475	65
526	65
530	65
574	65
151	66
233	66
461	66
23	67
156	67
194	67
335	67
344	67
403	67
435	67
450	67
482	67
557	67
564	67
45	68
411	68
98	69
148	69
237	69
240	69
256	69
321	69
416	69
512	69
532	69
543	69
549	69
7	70
107	70
131	70
187	70
231	70
299	70
348	70
454	70
552	70
146	71
164	71
189	71
260	71
306	71
375	71
402	71
406	71
471	71
6	72
37	72
42	72
46	72
51	72
135	72
177	72
178	72
197	72
287	72
292	72
333	72
409	72
412	72
417	72
424	72
460	72
479	72
497	72
516	72
575	72
45	73
53	74
94	74
111	74
125	74
143	74
325	74
361	74
381	74
33	75
63	75
91	75
120	75
160	75
168	75
286	75
321	75
367	75
386	75
434	75
436	75
481	75
247	76
306	76
313	76
355	76
369	76
388	76
390	76
462	76
82	77
296	77
35	78
153	78
163	78
395	78
513	78
518	78
588	78
42	79
208	79
238	80
251	80
390	80
466	80
483	80
532	80
561	80
195	81
348	81
447	81
512	81
42	82
77	82
178	82
208	82
15	83
409	83
14	84
33	84
57	84
252	84
271	84
279	84
291	84
332	84
340	84
352	84
397	84
401	84
468	84
531	84
27	85
165	85
178	85
200	85
201	85
226	85
289	85
446	85
502	85
336	86
413	86
548	86
581	86
60	87
99	87
100	87
193	87
219	87
223	87
405	87
566	87
23	88
49	88
132	88
244	88
304	88
420	88
475	88
521	88
131	89
172	89
239	89
286	89
344	89
435	89
545	89
357	90
502	90
75	91
104	91
168	91
183	91
227	91
358	91
399	91
475	91
524	91
95	92
217	92
354	92
407	92
466	92
559	92
419	93
74	94
143	94
183	94
194	94
344	94
365	94
573	94
586	94
92	95
220	95
241	95
314	95
362	95
418	95
427	95
463	95
465	95
533	95
535	95
559	95
408	96
521	97
63	98
69	98
120	98
187	98
210	98
559	98
19	99
44	99
60	99
87	99
193	99
199	99
331	99
400	99
407	99
451	99
565	99
37	100
44	100
87	100
203	100
255	100
310	100
405	100
453	100
456	100
22	101
208	101
373	101
404	101
409	101
470	101
546	101
570	101
2	102
181	102
198	102
457	102
462	102
499	103
521	103
91	104
149	104
183	104
227	104
309	104
399	104
583	104
284	105
357	105
502	105
547	105
216	106
253	106
297	106
14	107
70	107
258	107
309	107
345	107
365	107
384	107
524	107
140	108
199	108
392	108
452	108
454	108
344	109
443	109
583	109
157	110
201	110
212	110
233	110
343	110
430	110
434	110
509	110
543	110
54	111
74	111
262	111
361	111
391	111
403	111
450	111
526	111
45	112
233	112
241	113
350	113
400	113
362	114
476	114
124	115
175	115
213	115
223	115
325	115
331	115
335	115
366	115
565	115
580	115
11	116
21	116
180	116
233	117
434	117
506	117
196	118
200	118
346	118
456	118
494	118
502	118
554	118
8	119
30	119
146	119
332	119
392	119
402	119
454	119
585	119
29	120
75	120
98	120
165	120
180	120
187	120
226	120
231	120
266	120
321	120
357	120
386	120
389	120
410	120
540	120
553	120
55	121
195	121
335	121
377	121
526	121
580	121
209	122
283	122
315	122
426	122
482	122
551	122
9	123
196	123
200	123
237	123
554	123
115	124
223	124
366	124
74	125
156	125
261	125
324	125
344	125
551	125
564	125
573	125
586	125
330	126
355	126
549	126
19	127
44	127
209	127
310	127
312	127
405	127
428	127
513	127
518	127
200	128
201	128
270	128
318	128
343	128
360	128
434	128
442	128
503	128
523	128
475	129
512	129
538	129
45	130
49	131
70	131
89	131
136	131
168	131
194	131
226	131
231	131
240	131
403	131
481	131
495	131
524	131
35	132
88	132
242	132
300	132
393	132
420	132
433	132
451	132
491	132
500	132
518	132
45	133
167	133
241	133
285	133
305	133
437	133
54	134
142	134
213	134
230	134
335	134
465	134
517	134
571	134
72	135
409	135
33	136
131	136
227	136
399	136
403	136
493	136
524	136
8	137
186	137
243	137
288	137
348	137
402	137
449	137
49	138
226	138
413	138
447	139
4	140
37	140
108	140
306	140
414	140
510	140
539	140
423	141
134	142
213	142
216	142
298	142
381	142
475	142
545	142
74	143
94	143
206	143
230	143
249	143
276	143
325	143
347	143
366	143
566	143
580	143
57	144
179	144
397	144
167	145
205	145
214	145
381	145
465	145
475	145
8	146
71	146
119	146
162	146
414	146
8	147
181	147
183	147
223	147
224	147
301	147
365	147
392	147
452	147
69	148
220	148
234	148
239	148
240	148
327	148
344	148
403	148
512	148
543	148
104	149
183	149
213	149
258	149
291	149
358	149
384	149
562	149
579	149
409	150
511	150
45	151
66	151
170	151
233	151
396	151
463	151
200	152
212	152
323	152
478	152
9	153
28	153
78	153
157	153
163	153
235	153
318	153
346	153
529	153
406	154
587	154
160	155
205	155
233	155
488	155
501	155
67	156
125	156
192	156
195	156
261	156
361	156
383	156
458	156
541	156
564	156
9	157
13	157
110	157
153	157
449	157
498	157
229	158
511	158
205	159
218	159
348	159
17	160
45	160
49	160
54	160
75	160
155	160
265	160
280	160
285	160
286	160
328	160
374	160
380	160
488	160
520	160
548	160
581	160
205	161
217	161
241	161
463	161
146	162
402	162
78	163
153	163
179	163
243	163
422	163
71	164
351	164
406	164
487	164
85	165
120	165
210	165
410	165
233	166
360	166
447	166
461	166
502	166
45	167
133	167
145	167
261	167
265	167
266	167
285	167
305	167
328	167
374	167
400	167
461	167
520	167
75	168
91	168
131	168
172	168
224	168
228	168
291	168
309	168
399	168
19	169
185	169
193	169
219	169
252	169
275	169
300	169
577	169
45	170
151	170
434	170
409	171
38	172
89	172
168	172
181	172
230	172
265	172
323	172
341	172
439	172
472	172
475	172
528	172
545	172
548	172
581	172
31	173
195	173
420	173
433	173
518	173
252	174
324	174
363	174
403	174
458	174
564	174
53	175
115	175
276	175
310	175
366	175
528	175
571	175
233	176
245	176
421	176
434	176
536	176
72	177
6	178
25	178
26	178
42	178
72	178
82	178
85	178
197	178
254	178
292	178
296	178
387	178
448	178
464	178
48	179
144	179
163	179
288	179
310	179
323	179
346	179
422	179
494	179
513	179
525	179
532	179
21	180
116	180
120	180
187	180
251	180
321	180
346	180
483	180
493	180
532	180
11	181
12	181
102	181
147	181
172	181
224	181
264	181
295	181
299	181
457	181
561	181
582	181
399	182
430	182
434	182
543	182
41	183
63	183
91	183
94	183
104	183
147	183
149	183
194	183
221	183
227	183
228	183
231	183
239	183
250	183
286	183
307	183
344	183
384	183
399	183
416	183
481	183
482	183
524	183
562	183
579	183
583	183
293	184
411	184
476	184
19	185
169	185
312	185
393	185
401	185
428	185
491	185
531	185
577	185
588	185
8	186
137	186
228	186
238	186
243	186
307	186
483	186
493	186
532	186
582	186
585	186
70	187
98	187
120	187
180	187
556	187
578	187
19	188
20	188
60	188
219	188
300	188
400	188
426	188
71	189
406	189
487	189
587	189
27	190
326	190
453	190
477	190
556	190
9	191
222	191
346	191
467	191
494	191
20	192
156	192
209	192
426	192
44	193
60	193
87	193
99	193
169	193
219	193
300	193
312	193
354	193
400	193
490	193
533	193
551	193
588	193
67	194
94	194
131	194
183	194
221	194
250	194
403	194
526	194
573	194
574	194
55	195
81	195
121	195
156	195
173	195
218	195
256	195
377	195
427	195
457	195
500	195
564	195
9	196
118	196
123	196
200	196
346	196
494	196
502	196
554	196
556	196
72	197
178	197
18	198
39	198
102	198
270	198
275	198
334	198
348	198
376	198
442	198
477	198
493	198
503	198
99	199
108	199
426	199
85	200
118	200
123	200
128	200
152	200
196	200
201	200
318	200
348	200
357	200
442	200
456	200
503	200
513	200
556	200
578	200
27	201
85	201
110	201
128	201
200	201
294	201
343	201
434	201
442	201
503	201
523	201
570	202
100	203
255	203
513	203
586	203
45	204
411	204
473	204
548	204
145	205
155	205
159	205
161	205
241	205
265	205
335	205
374	205
415	205
431	205
463	205
465	205
476	205
480	205
488	205
501	205
530	205
532	205
542	205
143	206
264	206
314	206
325	206
437	207
501	207
548	207
3	208
15	208
22	208
25	208
79	208
82	208
101	208
254	208
293	208
404	208
429	208
438	208
448	208
464	208
497	208
527	208
546	208
584	208
20	209
122	209
127	209
192	209
306	209
310	209
482	209
495	209
539	209
29	210
63	210
98	210
165	210
226	210
410	210
461	210
487	210
578	210
40	211
58	211
218	211
243	211
251	211
295	211
354	211
427	211
433	211
512	211
518	211
559	211
561	211
40	212
110	212
152	212
348	212
449	212
478	212
509	212
538	212
543	212
559	212
115	213
134	213
142	213
149	213
216	213
217	213
223	213
335	213
439	213
455	213
482	213
1	214
145	214
246	214
352	214
415	214
574	214
49	215
246	215
276	215
475	215
517	215
23	216
106	216
142	216
213	216
217	216
223	216
335	216
381	216
455	216
472	216
530	216
574	216
92	217
161	217
213	217
216	217
220	217
377	217
505	217
159	218
195	218
211	218
352	218
378	218
431	218
542	218
19	219
57	219
60	219
87	219
169	219
188	219
193	219
275	219
312	219
566	219
577	219
588	219
95	220
148	220
217	220
261	220
324	220
349	220
354	220
377	220
418	220
463	220
551	220
586	220
33	221
183	221
194	221
345	221
365	221
403	221
482	221
526	221
562	221
9	222
191	222
346	222
485	222
494	222
563	222
30	223
87	223
115	223
124	223
147	223
213	223
216	223
405	223
12	224
147	224
168	224
181	224
238	224
295	224
582	224
59	225
275	225
310	225
350	225
400	225
494	225
5	226
85	226
120	226
131	226
138	226
210	226
553	226
33	227
91	227
104	227
136	227
183	227
228	227
399	227
562	227
41	228
168	228
183	228
186	228
227	228
270	228
399	228
452	228
493	228
544	228
36	229
158	229
232	229
240	229
263	229
281	229
394	229
406	229
409	229
432	229
441	229
492	229
502	229
504	229
511	229
569	229
38	230
134	230
143	230
172	230
244	230
259	230
304	230
439	230
465	230
475	230
517	230
571	230
70	231
120	231
131	231
183	231
524	231
229	232
511	232
5	233
29	233
45	233
66	233
110	233
112	233
117	233
151	233
155	233
166	233
176	233
257	233
272	233
280	233
328	233
360	233
374	233
376	233
386	233
396	233
421	233
430	233
434	233
436	233
459	233
461	233
484	233
488	233
509	233
523	233
536	233
36	234
56	234
148	234
237	234
267	234
446	234
447	234
537	234
554	234
12	235
18	235
28	235
153	235
346	235
456	235
494	235
447	236
69	237
123	237
234	237
257	237
267	237
284	237
343	237
442	237
502	237
80	238
186	238
224	238
243	238
355	238
402	238
483	238
89	239
148	239
183	239
285	239
344	239
481	239
528	239
49	240
55	240
69	240
131	240
148	240
229	240
418	240
512	240
95	241
113	241
133	241
161	241
205	241
305	241
352	241
370	241
400	241
466	241
566	241
23	242
35	242
132	242
252	242
273	242
279	242
420	242
491	242
137	243
163	243
186	243
211	243
238	243
355	243
389	243
433	243
494	243
512	243
88	244
230	244
246	244
517	244
521	244
531	244
176	245
357	245
434	245
509	245
1	246
214	246
215	246
244	246
249	246
403	246
444	246
472	246
531	246
57	247
76	247
355	247
462	247
539	247
362	248
368	248
487	248
31	249
143	249
246	249
325	249
401	249
531	249
183	250
194	250
344	250
583	250
80	251
180	251
211	251
355	251
483	251
561	251
84	252
169	252
174	252
242	252
259	252
279	252
340	252
352	252
363	252
383	252
401	252
420	252
533	252
106	253
317	253
331	253
565	253
178	254
208	254
296	254
100	255
203	255
367	255
405	255
409	255
513	255
582	255
586	255
11	256
33	256
59	256
69	256
195	256
269	256
348	256
418	256
478	256
505	256
538	256
233	257
237	257
360	257
434	257
523	257
107	258
149	258
268	258
291	258
306	258
309	258
345	258
358	258
365	258
452	258
562	258
65	259
230	259
252	259
265	259
325	259
472	259
517	259
530	259
531	259
71	260
351	260
406	260
487	260
20	261
125	261
156	261
167	261
220	261
324	261
381	261
383	261
541	261
568	261
573	261
65	262
111	262
335	262
450	262
530	262
574	262
229	263
511	263
181	264
206	264
299	264
301	264
437	264
561	264
582	264
160	265
167	265
172	265
205	265
259	265
336	265
461	265
520	265
58	266
120	266
167	266
280	266
349	266
447	266
234	267
237	267
447	267
57	268
258	268
291	268
365	268
515	268
585	268
59	269
256	269
330	269
348	269
552	269
562	269
41	270
128	270
198	270
228	270
334	270
477	270
493	270
505	270
543	270
544	270
4	271
14	271
84	271
291	271
306	271
309	271
426	271
515	271
551	271
233	272
386	272
434	272
484	272
30	273
242	273
279	273
340	273
383	273
491	273
526	273
2	274
510	274
558	274
169	275
198	275
219	275
225	275
400	275
506	275
577	275
581	275
49	276
143	276
175	276
215	276
304	276
341	276
347	276
413	276
521	276
411	277
409	278
23	279
30	279
84	279
242	279
252	279
273	279
300	279
383	279
444	279
45	280
160	280
233	280
266	280
290	280
311	280
319	280
328	280
349	280
501	280
229	281
502	281
511	281
411	282
473	282
33	283
122	283
315	283
515	283
551	283
105	284
237	284
357	284
502	284
547	284
53	285
63	285
133	285
160	285
167	285
239	285
380	285
439	285
528	285
548	285
5	286
75	286
89	286
160	286
183	286
461	286
42	287
72	287
409	287
137	288
179	288
323	288
449	288
498	288
535	288
85	289
502	289
280	290
328	290
14	291
33	291
84	291
149	291
168	291
258	291
268	291
271	291
306	291
315	291
358	291
452	291
454	291
509	291
515	291
538	291
562	291
579	291
72	292
178	292
184	293
208	293
308	293
510	293
555	293
201	294
434	294
476	294
502	294
181	295
211	295
224	295
498	295
578	295
582	295
25	296
77	296
178	296
254	296
408	296
448	296
464	296
106	297
317	297
363	297
401	297
142	298
344	298
475	298
21	299
70	299
181	299
264	299
349	299
483	299
521	299
544	299
132	300
169	300
188	300
193	300
279	300
407	300
541	300
559	300
577	300
8	301
147	301
264	301
365	301
414	301
582	301
47	302
322	302
408	303
570	303
88	304
230	304
276	304
518	304
45	305
133	305
167	305
241	305
461	305
20	306
40	306
71	306
76	306
140	306
209	306
258	306
271	306
291	306
462	306
495	306
41	307
183	307
186	307
309	307
293	308
423	308
41	309
104	309
107	309
168	309
258	309
271	309
307	309
399	309
20	310
44	310
100	310
127	310
175	310
179	310
209	310
225	310
405	310
495	310
45	311
280	311
511	311
20	312
127	312
185	312
193	312
219	312
354	312
428	312
513	312
34	313
35	313
76	313
330	313
368	313
385	313
395	313
425	313
457	313
495	313
524	313
537	313
31	314
95	314
206	314
418	314
433	314
14	315
33	315
122	315
283	315
291	315
324	315
384	315
586	315
409	316
511	316
253	317
297	317
331	317
565	317
566	317
568	317
28	318
128	318
153	318
200	318
360	318
434	318
502	318
554	318
29	319
49	319
280	319
413	319
501	319
409	320
69	321
75	321
120	321
180	321
330	321
367	321
549	321
302	322
560	322
570	322
48	323
152	323
172	323
179	323
288	323
334	323
382	323
422	323
513	323
125	324
174	324
220	324
261	324
315	324
361	324
418	324
426	324
455	324
458	324
541	324
551	324
74	325
115	325
143	325
206	325
249	325
259	325
335	325
347	325
472	325
530	325
533	325
18	326
190	326
453	326
148	327
423	327
499	327
521	327
45	328
160	328
167	328
233	328
280	328
290	328
374	328
520	328
526	328
43	329
45	329
476	329
511	329
55	330
126	330
269	330
313	330
321	330
364	330
367	330
468	330
535	330
552	330
57	331
60	331
99	331
115	331
253	331
317	331
400	331
565	331
568	331
8	332
84	332
119	332
402	332
487	332
514	332
585	332
42	333
72	333
198	334
270	334
323	334
350	334
418	334
437	334
505	334
529	334
30	335
67	335
115	335
121	335
134	335
205	335
213	335
216	335
262	335
325	335
342	335
450	335
530	335
571	335
86	336
265	336
413	336
548	336
42	337
411	338
473	338
15	339
409	339
14	340
84	340
252	340
273	340
393	340
420	340
491	340
557	340
172	341
276	341
528	341
23	342
335	342
344	342
391	342
403	342
450	342
455	342
526	342
110	343
128	343
201	343
237	343
434	343
523	343
53	344
54	344
67	344
89	344
94	344
109	344
125	344
148	344
183	344
239	344
250	344
298	344
342	344
376	344
381	344
399	344
435	344
443	344
450	344
455	344
461	344
475	344
107	345
221	345
258	345
365	345
384	345
2	346
9	346
39	346
118	346
153	346
179	346
180	346
191	346
196	346
222	346
235	346
456	346
467	346
485	346
143	347
276	347
325	347
580	347
40	348
70	348
81	348
137	348
159	348
198	348
200	348
212	348
256	348
269	348
478	348
542	348
543	348
552	348
554	348
220	349
266	349
280	349
299	349
538	349
113	350
225	350
334	350
402	350
494	350
529	350
164	351
260	351
362	351
368	351
402	351
406	351
487	351
38	352
84	352
214	352
218	352
241	352
252	352
415	352
423	353
20	354
44	354
92	354
193	354
211	354
220	354
312	354
433	354
483	354
512	354
37	355
40	355
76	355
126	355
238	355
243	355
247	355
251	355
416	355
418	355
442	355
558	355
17	356
45	356
29	357
90	357
105	357
120	357
200	357
245	357
284	357
398	357
434	357
502	357
547	357
23	358
33	358
91	358
149	358
258	358
291	358
468	358
562	358
546	359
128	360
166	360
233	360
257	360
318	360
434	360
502	360
74	361
111	361
156	361
324	361
403	361
455	361
580	361
95	362
114	362
248	362
351	362
368	362
406	362
425	362
476	362
487	362
174	363
252	363
297	363
401	363
530	363
577	363
10	364
35	364
57	364
330	364
483	364
512	364
94	365
107	365
147	365
221	365
258	365
268	365
301	365
345	365
384	365
399	365
562	365
579	365
115	366
124	366
143	366
175	366
32	367
75	367
255	367
321	367
330	367
405	367
524	367
248	368
313	368
351	368
362	368
514	368
2	369
76	369
44	370
241	370
533	370
566	370
568	370
586	370
447	371
15	372
409	372
101	373
45	374
160	374
167	374
205	374
233	374
328	374
437	374
71	375
406	375
499	375
198	376
233	376
344	376
418	376
447	376
461	376
32	377
55	377
121	377
195	377
217	377
220	377
418	377
10	378
31	378
218	378
10	379
5	380
160	380
285	380
386	380
439	380
455	380
461	380
553	380
74	381
142	381
145	381
216	381
261	381
344	381
580	381
39	382
48	382
323	382
395	382
397	382
428	382
494	382
513	382
525	382
532	382
1	383
33	383
156	383
252	383
261	383
273	383
279	383
390	383
403	383
475	383
107	384
149	384
183	384
315	384
345	384
365	384
482	384
2	385
313	385
388	385
406	385
425	385
462	385
510	385
5	386
63	386
75	386
120	386
233	386
272	386
380	386
436	386
461	386
506	386
178	387
2	388
9	388
57	388
76	388
385	388
494	388
29	389
120	389
243	389
434	389
436	389
578	389
35	390
76	390
80	390
383	390
393	390
513	390
65	391
111	391
342	391
403	391
526	391
4	392
108	392
119	392
147	392
454	392
514	392
132	393
185	393
340	393
390	393
477	393
491	393
229	394
511	394
35	395
48	395
78	395
313	395
382	395
494	395
45	396
151	396
233	396
461	396
84	397
144	397
382	397
494	397
513	397
357	398
502	398
567	398
41	399
91	399
104	399
136	399
168	399
182	399
183	399
227	399
228	399
309	399
344	399
365	399
524	399
60	400
99	400
113	400
167	400
188	400
193	400
225	400
241	400
275	400
331	400
439	400
506	400
565	400
84	401
185	401
249	401
252	401
297	401
363	401
444	401
491	401
531	401
8	402
71	402
119	402
137	402
162	402
238	402
332	402
350	402
351	402
1	403
7	403
33	403
55	403
67	403
111	403
131	403
136	403
148	403
174	403
194	403
221	403
246	403
342	403
361	403
383	403
391	403
450	403
455	403
526	403
557	403
101	404
208	404
16	405
87	405
100	405
127	405
223	405
255	405
310	405
367	405
407	405
502	405
71	406
154	406
164	406
189	406
229	406
260	406
351	406
362	406
375	406
385	406
471	406
587	406
19	407
57	407
92	407
99	407
300	407
405	407
513	407
577	407
96	408
296	408
303	408
560	408
46	409
61	409
64	409
72	409
83	409
101	409
135	409
150	409
171	409
229	409
255	409
278	409
287	409
316	409
320	409
339	409
372	409
417	409
440	409
445	409
460	409
469	409
474	409
507	409
522	409
534	409
572	409
120	410
165	410
210	410
38	411
68	411
184	411
204	411
277	411
282	411
338	411
421	411
473	411
576	411
42	412
72	412
49	413
86	413
138	413
276	413
319	413
336	413
540	413
548	413
4	414
140	414
146	414
301	414
585	414
12	415
205	415
214	415
352	415
444	415
468	415
12	416
63	416
69	416
183	416
355	416
15	417
42	417
72	417
409	417
32	418
95	418
220	418
240	418
256	418
314	418
324	418
334	418
355	418
376	418
377	418
47	419
93	419
13	420
31	420
88	420
132	420
173	420
242	420
252	420
340	420
518	420
176	421
233	421
411	421
434	421
461	421
44	422
163	422
179	422
323	422
494	422
525	422
50	423
141	423
308	423
327	423
353	423
489	423
508	423
546	423
72	424
313	425
362	425
385	425
476	425
20	426
122	426
188	426
192	426
199	426
271	426
324	426
515	426
551	426
55	427
95	427
195	427
211	427
538	427
559	427
127	428
185	428
312	428
382	428
513	428
518	428
208	429
546	429
29	430
110	430
182	430
233	430
434	430
461	430
484	430
578	430
10	431
52	431
205	431
218	431
431	431
229	432
511	432
13	433
58	433
132	433
173	433
211	433
243	433
314	433
354	433
512	433
588	433
28	434
45	434
75	434
110	434
117	434
128	434
170	434
176	434
182	434
201	434
233	434
245	434
257	434
272	434
294	434
318	434
343	434
357	434
360	434
389	434
421	434
430	434
436	434
442	434
449	434
459	434
498	434
502	434
509	434
523	434
536	434
543	434
54	435
67	435
89	435
344	435
443	435
475	435
75	436
233	436
386	436
389	436
434	436
461	436
21	437
133	437
207	437
264	437
334	437
374	437
532	437
552	437
585	437
15	438
208	438
172	439
213	439
230	439
285	439
380	439
400	439
409	440
229	441
502	441
511	441
128	442
198	442
200	442
201	442
237	442
355	442
434	442
477	442
53	443
109	443
344	443
435	443
1	444
246	444
279	444
401	444
415	444
530	444
531	444
409	445
511	445
85	446
234	446
502	446
554	446
56	447
81	447
139	447
166	447
234	447
236	447
266	447
267	447
371	447
376	447
511	447
550	447
178	448
208	448
296	448
9	449
28	449
137	449
157	449
212	449
288	449
434	449
509	449
529	449
23	450
67	450
111	450
262	450
335	450
342	450
344	450
403	450
455	450
526	450
13	451
99	451
132	451
588	451
7	452
8	452
108	452
147	452
228	452
258	452
291	452
454	452
18	453
28	453
100	453
190	453
326	453
456	453
477	453
537	453
554	453
7	454
70	454
108	454
119	454
291	454
392	454
452	454
544	454
585	454
213	455
216	455
324	455
342	455
344	455
361	455
380	455
403	455
450	455
463	455
100	456
118	456
200	456
235	456
346	456
453	456
494	456
48	457
102	457
181	457
195	457
313	457
561	457
156	458
174	458
324	458
541	458
233	459
434	459
461	459
536	459
15	460
42	460
72	460
409	460
5	461
66	461
166	461
167	461
210	461
233	461
265	461
286	461
305	461
344	461
376	461
380	461
386	461
396	461
421	461
430	461
436	461
459	461
484	461
523	461
578	461
579	461
2	462
37	462
76	462
102	462
247	462
306	462
385	462
45	463
65	463
95	463
151	463
161	463
205	463
220	463
455	463
535	463
178	464
208	464
296	464
95	465
134	465
145	465
205	465
230	465
475	465
574	465
80	466
92	466
241	466
491	466
559	466
9	467
191	467
346	467
494	467
35	468
84	468
330	468
358	468
415	468
524	468
526	468
409	469
511	469
101	470
570	470
71	471
406	471
499	471
65	472
172	472
216	472
246	472
259	472
325	472
517	472
574	472
38	473
45	473
204	473
282	473
338	473
411	473
501	473
15	474
42	474
409	474
54	475
65	475
88	475
91	475
129	475
142	475
145	475
172	475
215	475
230	475
298	475
344	475
383	475
435	475
465	475
500	475
526	475
34	476
43	476
45	476
114	476
184	476
205	476
294	476
329	476
362	476
425	476
27	477
39	477
190	477
198	477
270	477
393	477
442	477
453	477
485	477
40	478
152	478
212	478
256	478
348	478
502	478
528	478
538	478
72	479
45	480
205	480
75	481
131	481
183	481
239	481
67	482
122	482
183	482
209	482
213	482
221	482
384	482
505	482
80	483
180	483
186	483
238	483
251	483
299	483
354	483
364	483
561	483
233	484
272	484
430	484
461	484
9	485
18	485
21	485
39	485
222	485
346	485
477	485
490	485
511	486
164	487
189	487
210	487
248	487
260	487
332	487
351	487
362	487
511	487
587	487
155	488
160	488
205	488
233	488
501	488
423	489
44	490
193	490
485	490
513	490
525	490
132	491
185	491
242	491
273	491
340	491
393	491
401	491
466	491
518	491
557	491
577	491
588	491
229	492
136	493
180	493
186	493
198	493
228	493
270	493
514	493
552	493
9	494
44	494
118	494
179	494
191	494
196	494
222	494
225	494
235	494
243	494
350	494
382	494
388	494
395	494
397	494
422	494
456	494
467	494
513	494
525	494
131	495
209	495
306	495
310	495
313	495
518	495
524	495
15	496
42	497
72	497
208	497
9	498
39	498
157	498
288	498
295	498
434	498
103	499
327	499
375	499
471	499
508	499
546	499
587	499
55	500
132	500
195	500
475	500
512	500
521	500
155	501
205	501
207	501
280	501
319	501
473	501
488	501
548	501
56	502
85	502
90	502
105	502
118	502
166	502
196	502
229	502
237	502
281	502
284	502
289	502
294	502
318	502
357	502
360	502
398	502
405	502
434	502
441	502
446	502
478	502
503	502
547	502
554	502
556	502
567	502
128	503
198	503
200	503
201	503
502	503
229	504
511	504
217	505
256	505
270	505
334	505
482	505
579	505
57	506
117	506
275	506
386	506
400	506
15	507
42	507
409	507
423	508
499	508
110	509
212	509
233	509
245	509
291	509
434	509
449	509
536	509
538	509
140	510
274	510
293	510
385	510
36	511
43	511
150	511
158	511
229	511
232	511
263	511
281	511
311	511
316	511
329	511
394	511
432	511
441	511
445	511
447	511
469	511
486	511
487	511
504	511
542	511
569	511
572	511
55	512
69	512
81	512
129	512
148	512
211	512
240	512
243	512
354	512
364	512
433	512
500	512
16	513
19	513
35	513
48	513
78	513
127	513
179	513
200	513
203	513
255	513
312	513
323	513
382	513
390	513
397	513
407	513
428	513
490	513
494	513
518	513
563	513
4	514
7	514
33	514
332	514
368	514
392	514
493	514
585	514
57	515
268	515
271	515
283	515
291	515
426	515
42	516
72	516
134	517
215	517
230	517
244	517
259	517
472	517
530	517
531	517
581	517
35	518
78	518
127	518
132	518
173	518
211	518
304	518
420	518
428	518
491	518
495	518
513	518
588	518
546	519
160	520
167	520
265	520
328	520
548	520
10	521
31	521
88	521
97	521
103	521
244	521
276	521
299	521
327	521
500	521
540	521
409	522
128	523
201	523
233	523
257	523
343	523
434	523
461	523
14	524
33	524
91	524
107	524
131	524
136	524
183	524
231	524
313	524
367	524
399	524
468	524
495	524
179	525
382	525
422	525
490	525
494	525
1	526
49	526
65	526
111	526
121	526
194	526
221	526
273	526
328	526
342	526
391	526
403	526
450	526
468	526
475	526
562	526
574	526
15	527
208	527
172	528
175	528
239	528
285	528
341	528
478	528
545	528
580	528
9	529
153	529
334	529
350	529
449	529
1	530
65	530
205	530
216	530
259	530
262	530
325	530
335	530
363	530
444	530
517	530
1	531
84	531
185	531
244	531
246	531
249	531
259	531
401	531
444	531
517	531
557	531
12	532
21	532
48	532
59	532
69	532
80	532
179	532
180	532
186	532
205	532
382	532
437	532
549	532
95	533
193	533
252	533
325	533
370	533
566	533
15	534
409	534
30	535
95	535
288	535
330	535
463	535
176	536
233	536
434	536
459	536
509	536
27	537
234	537
313	537
453	537
14	538
129	538
212	538
256	538
291	538
349	538
427	538
478	538
509	538
579	538
57	539
140	539
209	539
247	539
120	540
413	540
521	540
156	541
261	541
300	541
324	541
458	541
564	541
55	542
205	542
218	542
348	542
511	542
69	543
110	543
148	543
182	543
212	543
270	543
348	543
434	543
544	543
549	543
41	544
228	544
270	544
299	544
454	544
543	544
89	545
142	545
172	545
528	545
548	545
3	546
15	546
101	546
208	546
359	546
423	546
429	546
499	546
519	546
105	547
284	547
357	547
502	547
86	548
160	548
172	548
204	548
207	548
285	548
336	548
413	548
501	548
520	548
545	548
581	548
12	549
41	549
69	549
126	549
321	549
532	549
543	549
552	549
447	550
122	551
125	551
193	551
220	551
271	551
283	551
324	551
426	551
40	552
55	552
70	552
269	552
330	552
348	552
437	552
493	552
549	552
49	553
120	553
226	553
380	553
27	554
118	554
123	554
196	554
234	554
318	554
348	554
446	554
453	554
502	554
556	554
293	555
27	556
39	556
187	556
190	556
196	556
200	556
502	556
554	556
67	557
340	557
403	557
491	557
531	557
45	558
274	558
355	558
32	559
45	559
58	559
92	559
95	559
98	559
211	559
212	559
300	559
427	559
466	559
47	560
322	560
408	560
21	561
48	561
80	561
181	561
211	561
251	561
264	561
457	561
483	561
33	562
149	562
183	562
221	562
227	562
258	562
269	562
291	562
358	562
365	562
526	562
9	563
39	563
222	563
513	563
67	564
125	564
156	564
174	564
195	564
541	564
57	565
60	565
99	565
115	565
253	565
317	565
331	565
400	565
568	565
87	566
143	566
219	566
241	566
317	566
370	566
533	566
586	566
398	567
502	567
261	568
317	568
331	568
370	568
565	568
229	569
511	569
42	570
101	570
202	570
303	570
322	570
470	570
587	570
134	571
175	571
230	571
335	571
409	572
511	572
33	573
94	573
125	573
194	573
261	573
586	573
23	574
65	574
194	574
214	574
216	574
262	574
465	574
472	574
526	574
42	575
72	575
45	576
411	576
19	577
169	577
185	577
219	577
275	577
300	577
363	577
407	577
491	577
187	578
200	578
210	578
295	578
389	578
430	578
461	578
149	579
183	579
291	579
365	579
461	579
505	579
538	579
115	580
121	580
143	580
347	580
361	580
381	580
528	580
86	581
160	581
172	581
275	581
517	581
548	581
37	582
41	582
58	582
181	582
186	582
224	582
255	582
264	582
295	582
301	582
585	582
104	583
109	583
183	583
250	583
15	584
208	584
8	585
37	585
119	585
186	585
268	585
332	585
414	585
437	585
454	585
514	585
582	585
94	586
125	586
203	586
220	586
255	586
315	586
370	586
566	586
573	586
154	587
189	587
406	587
487	587
499	587
570	587
13	588
78	588
185	588
193	588
219	588
433	588
451	588
491	588
518	588
