65	1
142	1
290	1
298	1
475	1
561	1
41	2
87	2
116	2
126	2
208	2
274	2
369	2
385	2
462	2
515	2
558	2
103	3
319	3
359	3
408	3
519	3
108	4
146	4
301	4
368	4
122	5
286	5
360	5
461	5
536	5
37	6
72	6
159	6
172	6
197	6
218	6
287	6
292	6
333	6
412	6
8	7
228	7
365	7
462	7
7	8
33	8
157	8
322	8
350	8
365	8
414	8
39	9
123	9
179	9
219	9
312	9
382	9
397	9
485	9
529	9
93	10
143	10
379	10
423	10
431	10
508	10
521	10
102	11
116	11
227	11
376	11
457	11
458	11
573	11
28	12
186	12
295	12
416	12
477	12
532	12
549	12
84	13
99	13
144	13
166	13
421	13
539	13
94	14
258	14
410	14
538	14
42	15
83	15
339	15
372	15
438	15
476	15
507	15
527	15
584	15
139	16
405	16
550	16
45	17
49	17
95	17
167	17
328	17
356	17
576	17
35	18
142	18
190	18
198	18
326	18
364	18
437	18
453	18
485	18
537	18
554	18
561	18
582	18
157	19
185	19
428	19
491	19
533	19
563	19
21	20
27	20
192	20
261	20
512	20
20	21
27	21
43	21
102	21
181	21
264	21
299	21
369	21
390	21
457	21
79	22
80	22
208	22
404	22
214	23
262	23
300	23
381	23
465	23
548	23
574	23
42	24
337	24
82	25
208	25
254	25
448	25
464	25
178	26
387	26
20	27
21	27
201	27
299	27
535	27
539	27
554	27
12	28
100	28
318	28
446	28
477	28
39	29
87	29
123	29
226	29
237	29
256	29
315	29
343	29
365	29
389	29
434	29
543	29
544	29
556	29
117	30
234	30
388	30
390	30
446	30
458	30
535	30
143	31
249	31
276	31
314	31
317	31
423	31
34	32
85	32
117	32
199	32
220	32
239	32
377	32
426	32
8	33
227	33
245	33
283	33
315	33
330	33
358	33
573	33
579	33
32	34
116	34
172	34
203	34
218	34
282	34
338	34
355	34
18	35
48	35
58	35
95	35
188	35
273	35
364	35
390	35
526	35
559	35
112	36
220	36
267	36
418	36
487	36
6	37
172	37
197	37
255	37
268	37
292	37
355	37
485	37
585	37
101	38
155	38
293	38
531	38
9	39
29	39
198	39
485	39
525	39
529	39
544	39
118	40
140	40
306	40
368	40
2	41
126	41
198	41
237	41
247	41
315	41
515	41
549	41
15	42
24	42
64	42
83	42
178	42
337	42
339	42
372	42
438	42
473	42
474	42
476	42
507	42
516	42
527	42
575	42
584	42
21	43
160	43
391	43
441	43
511	43
99	44
100	44
127	44
310	44
422	44
17	45
73	45
130	45
158	45
160	45
229	45
232	45
263	45
280	45
290	45
311	45
356	45
394	45
432	45
475	45
487	45
492	45
511	45
569	45
316	46
320	46
409	46
469	46
582	46
302	47
378	47
35	48
390	48
483	48
561	48
17	49
130	49
142	49
150	49
167	49
328	49
356	49
445	49
475	49
520	49
526	49
545	49
572	49
576	49
423	50
72	51
177	51
52	52
141	52
154	52
164	52
189	52
248	52
260	52
305	52
327	52
353	52
375	52
471	52
74	53
213	53
312	53
342	53
344	53
380	53
447	53
81	54
344	54
447	54
450	54
553	54
229	55
240	55
285	55
347	55
377	55
109	56
139	56
166	56
195	56
344	56
376	56
447	56
550	56
139	57
144	57
181	57
447	57
539	57
550	57
35	58
95	58
167	58
188	58
281	58
445	58
210	59
257	59
532	59
99	60
127	60
317	60
347	60
431	60
466	60
489	60
568	60
72	61
159	61
172	61
218	61
417	61
460	61
534	61
72	62
159	62
172	62
218	62
496	62
534	62
98	63
388	63
416	63
495	63
586	63
42	64
507	64
1	65
129	65
262	65
383	65
463	65
475	65
511	65
210	66
239	66
267	66
361	66
403	66
426	66
109	67
194	67
344	67
564	67
72	68
114	68
214	68
277	68
437	68
465	68
548	68
98	69
416	69
515	69
549	69
554	69
107	70
119	70
270	70
368	70
452	70
456	70
493	70
146	71
162	71
402	71
423	71
6	72
51	72
61	72
62	72
68	72
135	72
177	72
197	72
204	72
277	72
282	72
287	72
292	72
333	72
338	72
362	72
388	72
409	72
411	72
412	72
417	72
424	72
460	72
479	72
496	72
534	72
548	72
45	73
394	73
537	73
53	74
125	74
165	74
335	74
418	74
447	74
450	74
487	74
540	74
321	75
386	75
461	75
258	76
306	76
101	77
274	77
275	77
296	77
373	77
540	77
581	77
222	78
238	78
449	78
456	78
513	78
518	78
22	79
208	79
404	79
497	79
22	80
185	80
352	80
382	80
404	80
490	80
532	80
54	81
139	81
181	81
447	81
550	81
25	82
208	82
254	82
448	82
464	82
480	82
497	82
15	83
42	83
339	83
372	83
507	83
13	84
332	84
393	84
397	84
517	84
32	85
117	85
201	85
208	85
289	85
410	85
446	85
505	85
506	85
138	86
413	86
480	86
517	86
2	87
29	87
100	87
219	87
237	87
257	87
274	87
275	87
533	87
577	87
161	88
172	88
215	88
218	88
246	88
250	89
286	89
344	89
380	89
435	89
104	90
357	90
367	90
398	90
484	90
523	90
536	90
136	91
227	91
399	91
461	91
185	92
193	92
211	92
217	92
252	92
340	92
393	92
490	92
532	92
10	93
419	93
423	93
439	93
508	93
14	94
206	94
234	94
505	94
540	94
586	94
17	95
35	95
58	95
142	95
167	95
188	95
273	95
383	95
526	95
542	95
559	95
103	96
319	96
206	97
470	97
63	98
69	98
144	98
237	98
240	98
268	98
354	98
388	98
437	98
442	98
554	98
13	99
44	99
60	99
106	99
113	99
115	99
173	99
241	99
253	99
276	99
331	99
407	99
565	99
588	99
28	100
44	100
87	100
318	100
38	101
77	101
275	101
373	101
429	101
540	101
546	101
11	102
21	102
117	102
369	102
457	102
458	102
462	102
3	103
96	103
319	103
408	103
487	103
90	104
307	104
357	104
358	104
367	104
524	104
107	105
118	105
128	105
182	105
357	105
430	105
456	105
478	105
547	105
99	106
173	106
317	106
70	107
105	107
271	107
291	107
306	107
309	107
357	107
430	107
524	107
547	107
579	107
4	108
140	108
402	108
452	108
454	108
456	108
56	109
67	109
344	109
443	109
284	110
399	110
502	110
503	110
132	111
152	111
229	111
262	111
324	111
361	111
403	111
426	111
450	111
36	112
220	112
418	112
487	112
99	113
137	113
225	113
241	113
305	113
68	114
135	114
177	114
362	114
99	115
143	115
276	115
317	115
2	116
11	116
34	116
239	116
332	116
355	116
416	116
457	116
481	116
30	117
32	117
85	117
102	117
165	117
199	117
410	117
505	117
506	117
40	118
105	118
153	118
200	118
318	118
547	118
578	118
70	119
146	119
301	119
284	120
321	120
386	120
399	120
502	120
229	121
418	121
426	121
580	121
5	122
125	122
192	122
221	122
231	122
482	122
579	122
9	123
29	123
152	123
237	123
257	123
549	123
206	124
223	124
366	124
491	124
74	125
122	125
156	125
192	125
195	125
344	125
541	125
564	125
2	126
41	126
237	126
247	126
44	127
60	127
153	127
518	127
105	128
245	128
357	128
529	128
547	128
65	129
329	129
463	129
511	129
512	129
45	130
49	130
167	130
356	130
445	130
226	131
239	131
250	131
315	131
361	131
397	131
111	132
229	132
347	132
426	132
559	132
580	132
152	133
163	133
476	133
587	133
213	134
215	134
259	134
312	134
336	134
340	134
530	134
72	135
114	135
144	135
424	135
91	136
461	136
113	137
162	137
243	137
288	137
86	138
413	138
501	138
16	139
56	139
57	139
81	139
181	139
266	139
447	139
550	139
553	139
40	140
108	140
368	140
379	140
52	141
141	141
1	142
18	142
49	142
95	142
273	142
468	142
500	142
520	142
526	142
10	143
31	143
115	143
249	143
276	143
297	143
439	143
571	143
13	144
57	144
98	144
135	144
355	144
395	144
535	144
540	144
558	144
216	145
374	145
381	145
500	145
4	146
71	146
119	146
162	146
270	147
392	147
493	147
156	148
203	148
233	148
234	148
376	148
537	148
573	148
586	148
384	149
461	149
562	149
49	150
167	150
364	150
409	150
445	150
542	150
572	150
170	151
447	151
111	152
123	152
133	152
212	152
256	152
478	152
118	153
127	153
180	153
191	153
222	153
235	153
334	153
346	153
422	153
449	153
467	153
494	153
52	154
154	154
38	155
184	155
501	155
546	155
125	156
148	156
376	156
458	156
551	156
557	156
564	156
573	156
8	157
19	157
198	157
485	157
498	157
563	157
45	158
232	158
263	158
264	158
280	158
394	158
432	158
492	158
569	158
6	159
61	159
62	159
161	159
197	159
211	159
218	159
246	159
287	159
292	159
333	159
412	159
417	159
460	159
472	159
496	159
534	159
43	160
45	160
280	160
285	160
298	160
390	160
391	160
411	160
441	160
542	160
88	161
159	161
218	161
354	161
437	161
472	161
476	161
71	162
137	162
146	162
323	162
402	162
514	162
133	163
422	163
525	163
529	163
52	164
164	164
74	165
117	165
365	165
406	165
506	165
13	166
56	166
421	166
461	166
17	167
49	167
58	167
95	167
130	167
150	167
328	167
356	167
409	167
445	167
520	167
572	167
576	167
228	168
245	168
283	168
365	168
462	168
543	168
193	169
211	169
218	169
275	169
300	169
472	169
506	169
151	170
447	170
553	170
289	171
409	171
440	171
469	171
582	171
6	172
34	172
37	172
61	172
62	172
88	172
197	172
204	172
215	172
282	172
287	172
292	172
333	172
338	172
411	172
412	172
417	172
460	172
472	172
496	172
534	172
548	172
558	172
99	173
106	173
253	173
276	173
317	173
403	174
418	174
426	174
586	174
276	175
360	176
459	176
461	176
51	177
72	177
114	177
424	177
479	177
26	178
42	178
387	178
473	178
476	178
507	178
516	178
575	178
9	179
525	179
153	180
191	180
235	180
21	181
57	181
81	181
139	181
264	181
457	181
550	181
561	181
105	182
309	182
357	182
430	182
509	182
536	182
547	182
578	182
234	183
269	183
324	183
426	183
481	183
495	183
583	183
155	184
234	184
293	184
304	184
322	184
400	184
19	185
80	185
92	185
275	185
335	185
352	185
382	185
393	185
505	185
517	185
531	185
577	185
12	186
199	186
295	186
490	186
532	186
585	186
196	187
222	187
245	187
330	187
350	187
369	187
434	187
510	187
556	187
578	187
35	188
58	188
95	188
273	188
324	188
395	188
451	188
526	188
52	189
189	189
18	190
326	190
453	190
554	190
153	191
180	191
222	191
334	191
346	191
422	191
449	191
456	191
467	191
20	192
122	192
125	192
512	192
564	192
92	193
169	193
211	193
215	193
246	193
300	193
472	193
485	193
506	193
67	194
250	194
286	194
421	194
461	194
56	195
125	195
564	195
187	196
223	196
318	196
502	196
556	196
6	197
37	197
72	197
159	197
172	197
218	197
287	197
292	197
333	197
412	197
417	197
460	197
18	198
39	198
41	198
157	198
228	198
275	198
563	198
582	198
32	199
117	199
186	199
239	199
247	199
403	199
410	199
426	199
537	199
558	199
118	200
348	200
357	200
578	200
27	201
85	201
229	201
251	201
410	201
434	201
446	201
539	201
557	201
470	202
488	202
570	202
587	202
34	203
148	203
255	203
294	203
409	203
586	203
72	204
172	204
215	204
282	204
338	204
411	204
217	205
265	205
415	205
473	205
530	205
94	206
97	206
124	206
304	206
335	206
378	206
428	206
488	206
557	206
587	206
265	207
473	207
490	207
532	207
2	208
22	208
25	208
79	208
82	208
85	208
254	208
404	208
448	208
464	208
497	208
501	208
312	209
330	209
410	209
539	209
573	209
59	210
66	210
226	210
237	210
257	210
416	210
92	211
159	211
169	211
193	211
218	211
354	211
485	211
490	211
152	212
318	212
478	212
53	213
134	213
312	213
476	213
530	213
23	214
68	214
300	214
465	214
574	214
88	215
134	215
172	215
193	215
204	215
246	215
465	215
472	215
145	216
273	216
279	216
381	216
427	216
545	216
92	217
205	217
340	217
415	217
530	217
6	218
34	218
61	218
62	218
88	218
159	218
161	218
169	218
197	218
211	218
246	218
282	218
287	218
292	218
333	218
338	218
412	218
417	218
460	218
472	218
496	218
534	218
9	219
87	219
275	219
312	219
335	219
382	219
533	219
32	220
36	220
112	220
240	220
251	220
377	220
403	220
580	220
122	221
461	221
482	221
583	221
78	222
153	222
187	222
191	222
224	222
350	222
366	222
378	222
433	222
434	222
449	222
498	222
563	222
566	222
124	223
196	223
222	224
238	224
251	224
301	224
433	224
452	224
113	225
307	225
518	225
29	226
131	226
210	226
233	226
257	226
315	226
481	226
495	226
11	227
33	227
91	227
233	227
285	227
315	227
330	227
343	227
7	228
168	228
198	228
544	228
45	229
55	229
111	229
121	229
132	229
201	229
251	229
406	229
492	229
276	230
341	230
439	230
521	230
566	230
571	230
122	231
461	231
524	231
45	232
158	232
263	232
280	232
311	232
432	232
539	232
569	232
148	233
226	233
227	233
256	233
267	233
343	233
365	233
376	233
389	233
543	233
30	234
94	234
148	234
183	234
184	234
418	234
446	234
453	234
586	234
153	235
180	235
318	235
346	235
422	235
456	235
493	235
371	236
380	236
447	236
29	237
41	237
87	237
98	237
123	237
126	237
210	237
257	237
442	237
515	237
549	237
78	238
224	238
402	238
466	238
32	239
66	239
116	239
131	239
199	239
416	239
55	240
98	240
220	240
418	240
487	240
99	241
113	241
305	241
317	241
279	242
381	242
559	242
137	243
422	243
413	244
505	244
517	244
531	244
33	245
128	245
168	245
187	245
330	245
343	245
434	245
498	245
509	245
88	246
159	246
193	246
215	246
218	246
472	246
41	247
126	247
199	247
355	247
438	247
515	247
527	247
539	247
584	247
52	248
248	248
31	249
143	249
89	250
131	250
194	250
286	250
309	250
481	250
536	250
573	250
201	251
220	251
224	251
229	251
483	251
490	251
92	252
259	252
340	252
393	252
420	252
490	252
533	252
99	253
173	253
317	253
25	254
82	254
208	254
448	254
464	254
37	255
203	255
316	255
409	255
469	255
582	255
586	255
29	256
152	256
233	256
269	256
315	256
403	256
418	256
495	256
59	257
87	257
123	257
210	257
226	257
237	257
315	257
416	257
495	257
14	258
76	258
345	258
399	258
538	258
552	258
134	259
252	259
340	259
415	259
530	259
52	260
260	260
20	261
271	261
273	261
342	261
383	261
475	261
511	261
23	262
65	262
111	262
324	262
511	262
512	262
574	262
45	263
158	263
232	263
280	263
311	263
432	263
539	263
569	263
21	264
158	264
181	264
299	264
332	264
483	264
539	264
561	264
582	264
205	265
207	265
336	265
473	265
139	266
324	266
380	266
447	266
541	266
550	266
553	266
36	267
66	267
233	267
403	267
418	267
37	268
98	268
355	268
442	268
515	268
558	268
585	268
183	269
256	269
481	269
562	269
567	269
70	270
147	270
318	270
334	270
456	270
107	271
261	271
291	271
342	271
380	271
551	271
386	272
398	272
436	272
461	272
484	272
35	273
95	273
142	273
188	273
216	273
261	273
526	273
2	274
77	274
87	274
296	274
315	274
425	274
558	274
77	275
87	275
101	275
169	275
185	275
198	275
219	275
296	275
382	275
413	275
499	275
533	275
546	275
577	275
581	275
31	276
99	276
115	276
143	276
173	276
175	276
230	276
305	276
317	276
327	276
68	277
72	277
352	277
409	278
469	278
522	278
582	278
216	279
242	279
354	279
381	279
559	279
45	280
158	280
160	280
232	280
263	280
290	280
311	280
394	280
432	280
475	280
487	280
492	280
511	280
569	280
58	281
441	281
504	281
511	281
34	282
72	282
172	282
204	282
218	282
338	282
558	282
33	283
168	283
315	283
462	283
110	284
120	284
318	284
405	284
478	284
502	284
503	284
538	284
55	285
160	285
227	285
298	285
385	285
388	285
390	285
458	285
5	286
89	286
194	286
250	286
360	286
421	286
435	286
461	286
6	287
72	287
159	287
172	287
197	287
218	287
417	287
460	287
137	288
323	288
422	288
85	289
171	289
294	289
360	289
440	289
505	289
506	289
1	290
45	290
280	290
311	290
107	291
271	291
538	291
6	292
37	292
72	292
159	292
172	292
197	292
218	292
333	292
412	292
38	293
184	293
350	293
555	293
560	293
203	294
289	294
409	294
467	294
468	294
12	295
186	295
485	295
490	295
532	295
582	295
585	295
77	296
274	296
275	296
373	296
540	296
581	296
143	297
317	297
363	297
370	297
401	297
518	297
566	297
1	298
160	298
285	298
390	298
441	298
475	298
21	299
27	299
264	299
349	299
23	300
169	300
193	300
214	300
354	300
559	300
4	301
119	301
224	301
402	301
449	301
452	301
47	302
351	302
378	302
510	302
570	303
184	304
206	304
428	304
498	304
52	305
113	305
241	305
276	305
305	305
40	306
76	306
107	306
478	306
104	307
225	307
309	307
578	307
419	308
107	309
182	309
250	309
307	309
357	309
365	309
452	309
509	309
44	310
45	311
232	311
263	311
280	311
290	311
569	311
9	312
53	312
134	312
209	312
213	312
219	312
354	312
476	312
490	312
330	313
358	313
367	313
368	313
457	313
31	314
29	315
33	315
41	315
131	315
226	315
227	315
256	315
257	315
274	315
283	315
365	315
481	315
515	315
46	316
255	316
409	316
469	316
582	316
31	317
60	317
106	317
115	317
173	317
241	317
253	317
276	317
297	317
331	317
347	317
370	317
565	317
568	317
28	318
100	318
118	318
196	318
212	318
235	318
270	318
284	318
348	318
502	318
503	318
552	318
3	319
96	319
103	319
408	319
488	319
46	320
374	320
409	320
469	320
582	320
75	321
120	321
398	321
461	321
502	321
567	321
8	322
184	322
428	322
570	322
587	322
162	323
288	323
334	323
422	323
111	324
183	324
188	324
262	324
266	324
403	324
418	324
426	324
541	324
335	325
499	325
533	325
581	325
18	326
190	326
453	326
554	326
52	327
276	327
327	327
17	328
49	328
167	328
356	328
520	328
576	328
129	329
349	329
504	329
511	329
33	330
187	330
209	330
227	330
245	330
313	330
367	330
457	330
99	331
317	331
84	332
116	332
264	332
395	332
505	332
6	333
72	333
159	333
172	333
197	333
218	333
292	333
412	333
153	334
191	334
270	334
323	334
392	334
74	335
185	335
206	335
219	335
325	335
517	335
531	335
533	335
134	336
265	336
444	336
473	336
24	337
42	337
34	338
72	338
172	338
204	338
218	338
282	338
558	338
15	339
42	339
83	339
372	339
507	339
92	340
134	340
217	340
252	340
259	340
393	340
415	340
444	340
530	340
230	341
53	342
261	342
271	342
380	342
435	342
447	342
455	342
29	343
227	343
233	343
245	343
389	343
434	343
556	343
53	344
54	344
56	344
67	344
89	344
109	344
125	344
435	344
443	344
447	344
461	344
583	344
258	345
399	345
153	346
191	346
235	346
55	347
60	347
132	347
317	347
406	347
472	347
580	347
200	348
318	348
552	348
299	349
329	349
383	349
504	349
511	349
535	349
8	350
187	350
222	350
293	350
400	350
428	350
498	350
302	351
80	352
185	352
277	352
505	352
531	352
557	352
52	353
353	353
98	354
161	354
211	354
279	354
300	354
312	354
437	354
465	354
34	355
37	355
116	355
144	355
247	355
268	355
442	355
515	355
535	355
558	355
17	356
45	356
49	356
130	356
167	356
328	356
90	357
104	357
105	357
107	357
128	357
182	357
200	357
309	357
358	357
430	357
456	357
484	357
502	357
509	357
524	357
536	357
547	357
578	357
579	357
33	358
104	358
313	358
357	358
579	358
3	359
373	359
425	359
499	359
519	359
546	359
5	360
176	360
286	360
289	360
461	360
484	360
536	360
66	361
111	361
131	361
377	361
403	361
72	362
114	362
297	363
18	364
35	364
150	364
445	364
468	364
561	364
572	364
7	365
8	365
29	365
165	365
168	365
233	365
309	365
315	365
515	365
544	365
124	366
222	366
378	366
90	367
104	367
313	367
330	367
536	367
4	368
40	368
70	368
140	368
313	368
379	368
2	369
21	369
102	369
187	369
462	369
297	370
317	370
236	371
396	371
447	371
15	372
42	372
83	372
339	372
507	372
77	373
101	373
296	373
359	373
499	373
519	373
546	373
145	374
320	374
409	374
545	374
52	375
375	375
11	376
56	376
148	376
156	376
233	376
458	376
32	377
55	377
220	377
361	377
47	378
206	378
222	378
302	378
366	378
433	378
10	379
140	379
368	379
431	379
449	379
53	380
89	380
236	380
266	380
271	380
342	380
396	380
447	380
553	380
23	381
145	381
216	381
242	381
279	381
409	381
427	381
500	381
526	381
545	381
559	381
9	382
80	382
185	382
219	382
275	382
397	382
490	382
525	382
532	382
65	383
95	383
261	383
349	383
475	383
511	383
149	384
461	384
2	385
285	385
388	385
429	385
75	386
120	386
272	386
436	386
461	386
26	387
178	387
30	388
63	388
72	388
98	388
285	388
385	388
29	389
233	389
343	389
556	389
21	390
30	390
35	390
48	390
160	390
285	390
298	390
457	390
551	390
43	391
160	391
447	391
450	391
458	391
551	391
573	391
147	392
334	392
514	392
84	393
92	393
185	393
252	393
340	393
490	393
45	394
73	394
158	394
280	394
144	395
188	395
332	395
410	395
451	395
528	395
580	395
371	396
380	396
447	396
9	397
84	397
131	397
382	397
90	398
272	398
321	398
410	398
461	398
502	398
567	398
91	399
110	399
120	399
258	399
345	399
184	400
350	400
428	400
491	400
498	400
297	401
71	402
108	402
162	402
238	402
301	402
66	403
111	403
174	403
199	403
220	403
256	403
267	403
324	403
361	403
426	403
458	403
580	403
22	404
79	404
80	404
208	404
16	405
284	405
165	406
229	406
347	406
411	406
420	406
474	406
99	407
3	408
103	408
319	408
46	409
72	409
150	409
167	409
171	409
203	409
255	409
278	409
294	409
316	409
320	409
374	409
381	409
427	409
440	409
445	409
469	409
500	409
522	409
572	409
14	410
85	410
117	410
199	410
201	410
209	410
395	410
398	410
436	410
446	410
506	410
523	410
72	411
160	411
172	411
204	411
406	411
6	412
72	412
159	412
172	412
197	412
218	412
292	412
333	412
86	413
138	413
244	413
275	413
501	413
517	413
531	413
581	413
8	414
462	414
498	414
205	415
217	415
259	415
340	415
444	415
530	415
12	416
63	416
69	416
116	416
210	416
239	416
257	416
442	416
61	417
72	417
159	417
172	417
197	417
218	417
287	417
460	417
534	417
36	418
74	418
112	418
121	418
174	418
234	418
240	418
256	418
267	418
324	418
487	418
93	419
308	419
252	420
406	420
13	421
166	421
194	421
286	421
461	421
44	422
153	422
163	422
191	422
235	422
243	422
288	422
323	422
494	422
10	423
31	423
50	423
71	423
93	423
431	423
489	423
72	424
135	424
177	424
479	424
274	425
359	425
519	425
546	425
32	426
66	426
111	426
121	426
132	426
174	426
183	426
199	426
324	426
403	426
495	426
216	427
381	427
409	427
500	427
559	427
19	428
206	428
304	428
322	428
350	428
400	428
491	428
563	428
101	429
385	429
546	429
105	430
107	430
182	430
357	430
547	430
10	431
60	431
379	431
423	431
45	432
158	432
232	432
263	432
280	432
492	432
539	432
569	432
222	433
224	433
378	433
566	433
29	434
187	434
201	434
222	434
245	434
343	434
502	434
509	434
523	434
556	434
89	435
286	435
342	435
344	435
272	436
386	436
410	436
461	436
18	437
68	437
98	437
161	437
354	437
582	437
585	437
15	438
42	438
247	438
507	438
527	438
584	438
93	439
143	439
230	439
171	440
289	440
409	440
469	440
582	440
43	441
160	441
281	441
298	441
511	441
98	442
237	442
268	442
355	442
416	442
477	442
485	442
554	442
109	443
344	443
336	444
340	444
415	444
530	444
49	445
58	445
130	445
150	445
167	445
364	445
409	445
572	445
28	446
30	446
85	446
201	446
234	446
410	446
505	446
540	446
557	446
53	447
54	447
56	447
57	447
74	447
81	447
139	447
151	447
170	447
236	447
266	447
342	447
344	447
371	447
380	447
391	447
396	447
450	447
455	447
461	447
511	447
540	447
550	447
553	447
25	448
82	448
208	448
254	448
464	448
78	449
153	449
191	449
222	449
301	449
379	449
456	449
54	450
74	450
111	450
391	450
447	450
455	450
541	450
188	451
395	451
491	451
559	451
70	452
108	452
224	452
301	452
309	452
454	452
456	452
18	453
190	453
234	453
326	453
477	453
554	453
582	453
108	454
452	454
342	455
447	455
450	455
70	456
78	456
105	456
108	456
191	456
235	456
270	456
357	456
449	456
452	456
547	456
578	456
11	457
21	457
102	457
116	457
181	457
313	457
330	457
390	457
483	457
551	457
11	458
30	458
102	458
156	458
285	458
376	458
391	458
403	458
551	458
573	458
176	459
461	459
583	459
61	460
72	460
159	460
172	460
197	460
218	460
287	460
417	460
5	461
75	461
91	461
136	461
149	461
166	461
176	461
194	461
221	461
231	461
272	461
286	461
321	461
344	461
360	461
384	461
386	461
398	461
421	461
436	461
447	461
459	461
482	461
484	461
524	461
536	461
562	461
567	461
579	461
583	461
2	462
7	462
102	462
168	462
283	462
369	462
414	462
543	462
65	463
129	463
511	463
535	463
25	464
82	464
208	464
254	464
448	464
23	465
68	465
214	465
215	465
354	465
574	465
60	466
238	466
153	467
191	467
294	467
504	467
535	467
142	468
294	468
364	468
526	468
46	469
171	469
255	469
278	469
316	469
320	469
409	469
440	469
522	469
582	469
97	470
202	470
488	470
570	470
52	471
471	471
159	472
161	472
169	472
172	472
193	472
215	472
218	472
246	472
347	472
42	473
178	473
205	473
207	473
265	473
336	473
476	473
42	474
406	474
1	475
45	475
49	475
65	475
261	475
280	475
298	475
383	475
15	476
42	476
133	476
161	476
178	476
213	476
312	476
473	476
12	477
28	477
442	477
453	477
485	477
558	477
105	478
152	478
212	478
284	478
306	478
538	478
547	478
72	479
177	479
424	479
82	480
86	480
497	480
501	480
116	481
183	481
226	481
250	481
269	481
315	481
536	481
122	482
221	482
461	482
583	482
48	483
251	483
264	483
457	483
561	483
90	484
272	484
357	484
360	484
461	484
9	485
18	485
37	485
39	485
157	485
193	485
211	485
295	485
442	485
477	485
498	485
532	485
563	485
582	485
585	485
504	486
511	486
36	487
45	487
74	487
103	487
112	487
240	487
280	487
418	487
202	488
206	488
319	488
470	488
570	488
60	489
423	489
80	490
92	490
186	490
207	490
211	490
251	490
252	490
295	490
312	490
382	490
393	490
532	490
19	491
124	491
400	491
428	491
451	491
577	491
45	492
158	492
229	492
280	492
432	492
70	493
147	493
235	493
153	494
422	494
63	495
183	495
226	495
256	495
257	495
426	495
586	495
62	496
72	496
159	496
172	496
218	496
534	496
79	497
82	497
208	497
480	497
157	498
222	498
245	498
304	498
350	498
400	498
414	498
485	498
275	499
325	499
359	499
373	499
519	499
533	499
540	499
546	499
142	500
145	500
381	500
409	500
427	500
545	500
138	501
155	501
208	501
413	501
480	501
110	502
120	502
196	502
284	502
318	502
321	502
357	502
398	502
434	502
503	502
567	502
110	503
284	503
318	503
502	503
281	504
329	504
349	504
467	504
486	504
511	504
85	505
94	505
117	505
185	505
244	505
289	505
332	505
352	505
446	505
85	506
117	506
165	506
169	506
193	506
289	506
410	506
15	507
42	507
64	507
83	507
178	507
339	507
372	507
438	507
527	507
584	507
10	508
93	508
182	509
245	509
309	509
357	509
434	509
187	510
302	510
43	511
45	511
65	511
129	511
261	511
262	511
280	511
281	511
329	511
349	511
383	511
441	511
447	511
463	511
486	511
504	511
512	511
20	512
129	512
192	512
262	512
511	512
78	513
162	514
392	514
2	515
41	515
69	515
237	515
247	515
268	515
315	515
355	515
365	515
42	516
178	516
575	516
84	517
86	517
185	517
244	517
335	517
413	517
531	517
78	518
127	518
225	518
297	518
3	519
359	519
373	519
425	519
499	519
546	519
49	520
142	520
167	520
328	520
10	521
230	521
278	522
409	522
469	522
582	522
90	523
410	523
434	523
536	523
104	524
107	524
231	524
357	524
461	524
579	524
39	525
163	525
179	525
382	525
532	525
577	525
35	526
49	526
95	526
142	526
188	526
273	526
381	526
468	526
542	526
15	527
42	527
247	527
438	527
507	527
584	527
395	528
580	528
9	529
39	529
128	529
163	529
134	530
205	530
213	530
217	530
259	530
340	530
415	530
444	530
38	531
185	531
244	531
335	531
352	531
413	531
517	531
12	532
59	532
80	532
92	532
186	532
207	532
295	532
382	532
485	532
490	532
525	532
19	533
87	533
219	533
252	533
275	533
325	533
335	533
499	533
577	533
61	534
62	534
72	534
159	534
172	534
218	534
417	534
496	534
27	535
30	535
144	535
349	535
355	535
463	535
467	535
539	535
5	536
90	536
182	536
250	536
357	536
360	536
367	536
461	536
481	536
523	536
18	537
73	537
148	537
199	537
561	537
14	538
258	538
284	538
291	538
478	538
13	539
27	539
57	539
201	539
209	539
232	539
247	539
263	539
264	539
432	539
535	539
554	539
569	539
74	540
77	540
94	540
101	540
144	540
296	540
446	540
447	540
499	540
546	540
125	541
266	541
324	541
450	541
95	542
150	542
160	542
526	542
572	542
29	543
168	543
233	543
462	543
544	543
556	543
29	544
39	544
228	544
365	544
543	544
549	544
49	545
216	545
374	545
381	545
500	545
101	546
155	546
275	546
359	546
373	546
425	546
429	546
499	546
519	546
540	546
105	547
107	547
118	547
128	547
182	547
357	547
430	547
456	547
478	547
23	548
68	548
72	548
172	548
12	549
41	549
69	549
123	549
237	549
544	549
16	550
56	550
57	550
81	550
139	550
181	550
266	550
447	550
553	550
156	551
271	551
390	551
391	551
457	551
458	551
573	551
258	552
318	552
348	552
54	553
139	553
170	553
266	553
380	553
447	553
550	553
18	554
27	554
69	554
98	554
190	554
326	554
442	554
453	554
539	554
582	554
293	555
29	556
187	556
196	556
343	556
389	556
434	556
543	556
156	557
201	557
206	557
352	557
446	557
2	558
144	558
172	558
199	558
268	558
274	558
282	558
338	558
355	558
477	558
35	559
95	559
132	559
242	559
279	559
300	559
381	559
427	559
451	559
582	559
293	560
1	561
18	561
48	561
181	561
264	561
364	561
483	561
537	561
149	562
269	562
461	562
19	563
157	563
198	563
222	563
428	563
485	563
67	564
125	564
156	564
192	564
195	564
99	565
317	565
222	566
230	566
297	566
433	566
269	567
321	567
398	567
461	567
502	567
60	568
317	568
45	569
158	569
232	569
263	569
280	569
311	569
432	569
539	569
202	570
303	570
322	570
470	570
488	570
587	570
143	571
230	571
49	572
150	572
167	572
364	572
409	572
445	572
542	572
11	573
33	573
148	573
156	573
209	573
250	573
391	573
458	573
551	573
23	574
214	574
262	574
465	574
42	575
178	575
516	575
17	576
49	576
167	576
328	576
87	577
185	577
275	577
491	577
525	577
533	577
118	578
182	578
187	578
200	578
307	578
357	578
456	578
33	579
107	579
122	579
357	579
358	579
461	579
524	579
121	580
132	580
220	580
347	580
395	580
403	580
528	580
77	581
275	581
296	581
325	581
413	581
18	582
46	582
171	582
198	582
255	582
264	582
278	582
295	582
316	582
320	582
437	582
440	582
453	582
469	582
485	582
522	582
554	582
559	582
183	583
221	583
344	583
459	583
461	583
482	583
15	584
42	584
247	584
438	584
507	584
527	584
37	585
186	585
268	585
295	585
437	585
485	585
63	586
94	586
148	586
174	586
203	586
234	586
255	586
495	586
133	587
202	587
206	587
322	587
570	587
99	588
