715	1224
1913	1224
2838	1224
693	1467
2001	1467
565	1467
3869	2878
1847	2878
2390	2878
3173	2878
2295	2878
1513	2878
3683	2878
3165	2878
2101	2878
2095	2878
1729	1390
2992	1390
1462	3757
2581	3757
3437	410
265	410
3592	410
1103	410
2702	2613
2042	2613
4026	2613
1972	3681
670	3562
2240	3562
2595	3562
2933	1375
3033	1375
1847	1375
2390	1375
3173	1375
2295	1375
3683	1375
3165	1375
2101	1375
2095	1375
210	1375
2938	196
3965	946
2992	946
1494	3891
134	3891
181	3588
1255	3588
941	3588
1825	3588
1467	3588
3283	1891
1244	1891
693	1891
2001	1891
565	1891
1891	1891
693	1244
2001	1244
565	1244
3229	1244
3598	1244
3325	1244
2061	1244
3917	1244
3376	1244
2518	1244
3980	1244
3865	189
2592	189
1375	2933
3033	2933
3941	2933
3383	2933
143	2933
1263	2933
3024	2933
3869	2933
1847	2933
2390	2933
3173	2933
1030	2933
1929	2933
2295	2933
2635	2933
1513	2933
3683	2933
3165	2933
2101	2933
2095	2933
1089	989
2015	989
2217	989
3681	989
784	2983
2064	2983
3954	3877
1002	3877
1388	2961
3424	2961
38	2961
2749	2961
3798	2788
2127	2788
1949	2788
3096	1534
3157	1534
35	3648
1311	3648
3267	2264
813	2264
22	1857
362	1857
2671	3322
2945	3322
1494	3322
2307	3322
3639	3322
2046	3322
1438	3322
670	3322
280	3322
2240	3322
1438	2671
670	2671
3020	2671
1729	2916
2992	2916
2737	2916
217	2945
241	2945
3562	2945
3322	2945
2671	2945
1494	2945
2307	2945
3639	2945
2046	2945
1438	2945
670	2945
280	2945
2240	2945
2592	2945
1375	3033
2933	3033
3941	3033
3383	3033
143	3033
1263	3033
3024	3033
1030	3033
1929	3033
2295	3033
2635	3033
1513	3033
3683	3033
3165	3033
2101	3033
2095	3033
3159	2987
3973	2987
1972	2987
2332	3012
174	3012
2566	76
3081	62
58	62
1929	62
531	62
2748	62
189	62
2152	3865
3888	3865
3355	3865
1388	3593
108	3593
906	906
1462	906
810	2873
3919	3954
717	3103
3816	3103
1537	3103
2521	3103
367	3103
1757	3103
2581	2656
3856	2906
108	2906
2382	2382
1199	2382
165	1872
764	1872
3021	1872
3938	1872
1810	2584
3598	693
3325	693
1276	2001
1332	2001
3229	2001
3598	2001
3325	2001
161	2001
3158	2001
2061	2001
3917	2001
2938	2001
984	436
3369	436
2	436
2297	436
1812	436
2055	436
318	436
189	436
3436	2958
2848	2958
3165	3941
2101	3941
2095	3941
1050	1410
3749	1410
2637	1410
567	3742
3626	3742
3825	3742
2592	143
2933	143
3033	143
612	143
3024	143
3869	143
1847	143
2390	143
3173	143
2295	143
1513	143
3683	143
3165	143
2748	143
2101	143
2095	143
217	143
241	2307
3322	2307
2945	2307
3639	2307
2046	2307
1438	2307
670	2307
2240	2307
89	2307
2694	1645
3436	1645
882	1645
3050	1645
1268	1645
3891	1645
1175	134
1265	1577
1755	1577
2206	1224
161	1467
3158	1467
2061	1467
3917	1467
3376	1467
2518	1467
3980	1467
1579	3009
1600	3009
3976	3009
4022	3009
2525	3009
2613	1103
2702	1103
699	1103
2064	3681
111	244
2165	244
283	3246
916	3246
10	3246
1002	3246
612	1522
2448	1522
58	1522
3302	1522
1103	1522
2613	2702
2240	2671
1657	2671
2900	55
482	55
317	1388
3424	1388
18	1388
3480	1388
38	1388
2749	1388
76	1388
1438	1494
670	1494
2240	1494
1390	1494
946	1729
2916	1729
2370	1729
3937	1729
2992	1729
3297	1729
345	830
1174	815
1050	815
2686	815
2394	815
1030	1833
3825	2878
2592	2878
2961	2878
3593	1388
2945	1388
282	1494
3639	1494
2937	1729
410	1729
2358	1410
778	1410
1585	3757
2473	3757
3173	3033
860	3865
711	3865
128	3865
352	2873
2469	2873
2833	2873
830	2873
1772	3175
1868	3175
345	3175
1468	3175
1388	3175
3424	317
38	317
2749	317
3157	317
2256	3801
842	3801
3877	3801
89	3954
3837	3050
1645	3050
737	3050
578	3050
2480	3050
2378	3050
3355	3147
2057	3147
2858	1954
2457	1954
1051	1954
217	1954
241	1494
3891	1494
3322	1494
207	1455
2046	2737
1438	2737
670	2737
2240	2737
3424	3593
3480	3593
38	3593
2749	3593
436	3369
1812	3369
1383	3369
2987	3159
482	3159
546	2455
499	1089
2217	1089
3253	1089
776	1089
3757	1089
3225	2581
3903	3225
3158	693
2061	693
3917	693
3838	693
3376	693
2518	693
1746	693
1872	764
3938	764
743	3689
3096	3689
1383	3689
2924	665
1657	665
2952	665
3693	665
3175	830
1868	830
2390	3033
2983	3033
3798	2987
2038	3865
1690	3865
2938	3865
3178	3801
2200	3689
2601	2307
1251	3147
1848	3147
2579	3147
4025	3147
3440	1276
2440	1276
3838	1276
3798	1276
1931	474
1506	474
1929	1356
1383	1356
1363	728
2848	585
2312	585
2038	585
1425	585
2393	585
860	585
2900	585
3224	3989
3681	3989
2165	3201
693	3201
1851	77
2354	77
484	2848
2945	2848
1494	3639
2307	3639
2046	3639
1438	3639
670	3639
280	3639
2240	3639
3077	3639
144	1718
264	1718
33	1718
60	1718
1289	1718
127	1718
3776	1718
1716	1806
3848	1806
3891	1806
134	3925
2415	2242
2078	2242
2069	2242
1991	2242
3755	2242
3231	2242
3825	302
2592	3024
2933	3024
3033	3024
2390	3024
3173	3024
1030	3024
1729	3024
2992	2370
1372	2370
3776	2406
3224	2406
2238	1600
1318	1600
1954	1600
2484	1051
2781	1051
1708	1051
1665	1506
2595	2737
2361	1224
402	1224
2350	1224
855	1224
417	1224
578	1833
1375	2878
2933	2878
3033	2878
3941	2878
2973	341
1931	341
1823	341
2064	341
2106	210
978	210
2737	210
241	217
2307	217
3639	217
2046	217
1438	217
670	217
280	217
2240	217
3147	2378
1848	2378
2592	3825
1375	3825
2933	3825
3033	3825
143	3825
1263	3825
3024	3825
3869	3825
1847	3825
2390	3825
3173	3825
1030	3825
1929	3825
2295	3825
2635	3825
1513	3825
3683	3825
3165	3825
2101	3825
2095	3825
2737	3825
217	241
3173	2592
1030	2592
1929	2592
2295	2592
2635	2592
1513	2592
3683	2592
3165	2592
2101	2592
2095	2592
2888	344
2015	344
3965	344
2069	344
1498	89
1506	1708
3302	1708
3955	339
3757	339
3749	2694
2928	2694
1372	2694
482	46
1248	46
417	46
1972	3880
1645	882
2635	143
3869	3033
1847	3033
770	1455
1991	1455
241	2737
3562	2737
2945	2737
3639	2737
217	2737
241	2671
2945	2671
3689	2671
3639	2671
743	2671
2046	2671
2878	2671
3825	3033
3776	2656
1949	2656
1603	2051
3561	2051
92	3225
1226	3225
419	3225
1983	2937
2694	2937
1670	111
2455	111
2394	2584
1363	2584
2987	3973
2694	3973
3436	2354
720	2354
2848	2354
875	2354
2312	1396
2038	1396
2340	1396
860	1396
3544	1396
4016	1022
546	1022
574	1022
62	1022
2158	2141
3081	2141
58	2141
217	2141
241	3639
1835	3639
3681	1718
2983	1806
3826	2406
1585	2581
2473	2581
3903	2581
2167	1224
3229	1467
3598	1467
3325	1467
1401	2158
341	2158
1257	559
3925	3891
743	3891
3733	3588
1262	3588
3229	1891
3917	1891
2518	1891
2924	189
1716	2983
3355	2983
149	2961
1931	2788
18	2961
3480	2961
1957	1857
1134	1857
1609	1300
3955	2613
699	2613
3938	2613
3606	2613
1835	2656
978	2584
711	2584
722	2584
1103	2584
2242	3231
302	3231
2127	3231
728	693
2440	693
3980	2737
1937	2584
3115	2584
4016	53
2378	53
3355	149
2961	149
975	149
1251	797
3178	797
1803	797
410	797
302	1991
2201	1991
168	3887
578	3887
989	1455
3461	2737
3954	2728
3919	2728
1103	3009
417	3009
3009	3009
2858	3954
1746	2737
3888	3009
221	507
1991	507
2873	2820
3225	2820
797	559
2748	3891
777	189
2878	189
2060	3887
1455	3887
2645	1455
699	665
317	946
1854	559
2903	507
2201	507
2358	2983
3019	3877
334	3877
2691	3877
1467	3877
4002	2961
810	2521
3103	2521
505	2521
367	2521
3081	2521
2804	58
810	58
1609	3738
2900	665
1161	815
1806	815
2987	1833
806	1833
1891	2878
1244	2878
2307	2878
2440	1455
2015	1455
1243	665
3147	1455
2962	1833
2226	1455
2200	1455
1600	2737
2448	1103
2714	665
3738	1103
3888	1103
2064	1103
2635	165
2521	810
1248	1665
2448	1665
2738	3738
2702	3738
1462	1716
2737	737
410	665
2455	665
393	2455
2820	2455
571	46
2566	46
3973	46
1022	46
3798	46
4000	720
2370	720
484	720
578	720
377	720
3028	837
3020	837
3012	665
442	665
2696	403
717	403
2888	46
3938	46
1556	46
403	46
4022	2493
1083	2493
2069	2493
3798	2493
1512	720
855	1494
1556	1494
3297	1494
946	1494
3009	1455
2201	46
2165	837
1755	837
265	665
3711	665
3210	665
2266	344
875	344
3776	89
2480	89
3738	244
776	244
2645	3246
436	3246
1716	3246
882	1522
3929	1522
737	1522
3980	510
797	510
2961	1179
2835	189
3934	2933
1282	2933
3926	3877
3738	3877
875	3877
861	3033
1276	1455
421	1455
2969	1455
665	2737
3404	2737
2307	1224
1846	1224
3856	665
53	665
3955	830
2382	830
916	830
118	3757
3349	3757
2696	3681
855	3681
1755	3246
2613	3246
891	725
1512	725
1539	725
3865	2862
3955	2820
1276	2820
2101	2961
510	2961
143	2788
351	1534
813	1534
417	1534
1270	3648
3880	3648
1455	3648
621	3009
3527	1103
339	410
2266	341
3749	341
875	244
2238	1522
2217	1522
1179	1522
181	3865
2358	339
1514	1462
2820	1462
2645	3955
1812	3955
916	3955
35	3955
1011	3955
2748	3955
882	2924
1577	2924
3757	2808
510	2808
2581	2808
2937	2808
2457	2808
1265	2808
2312	2808
804	2808
2238	2808
3159	410
2219	410
1585	3681
1401	3681
2838	725
3606	2961
2415	2961
2240	2961
3683	2961
302	2788
3973	282
720	3798
3848	3798
1609	1576
3927	1576
2930	1576
2001	76
3527	76
770	76
280	62
797	62
2862	62
108	3865
1854	339
128	339
3765	1462
2627	3955
1425	3955
1251	3877
18	282
1401	282
1556	282
2226	282
3973	2924
916	2096
1121	2096
2480	2096
3020	2096
2461	2694
2001	2152
3850	2152
2671	2152
2440	2057
1025	3593
3816	3593
804	3593
318	3369
2804	2057
578	2057
574	2057
3402	1534
1746	3648
111	3648
565	1857
1544	1857
1289	1857
2749	1857
2057	2671
2627	830
1425	830
1001	830
1617	815
395	815
1011	815
1772	1383
1001	1383
2329	1383
3322	2933
2748	2232
244	2232
2539	2057
2457	3593
3626	3593
3050	810
63	810
854	810
2539	403
855	403
3157	403
3297	403
2930	3436
2903	3436
946	3436
1263	1665
3178	1665
410	1665
806	2219
367	1657
2469	1657
2613	1657
1522	3733
2217	3733
1300	3733
3816	3115
1011	3115
3642	3115
3765	720
728	720
1022	720
2566	55
1848	55
3648	55
1374	1224
35	1224
1690	1224
2226	3009
1645	830
854	344
899	344
362	2933
410	2933
2888	3159
352	3159
3937	2455
2480	1089
377	1089
3848	1089
1494	210
35	210
1011	210
3718	210
3888	244
891	282
4025	3461
948	3461
1494	403
3938	1494
1263	2493
3071	2493
3466	906
941	906
3588	906
1244	317
2938	317
1021	317
1356	3103
271	3103
1772	3103
916	2656
63	2656
854	2656
419	2656
3050	2051
463	2051
1386	2051
3941	3225
3501	3225
2808	3225
510	2937
18	2937
1265	2937
2473	2937
174	2937
2256	2937
2217	2937
2484	111
842	436
1512	436
989	436
3188	2958
2838	2958
674	2958
3369	2459
1985	2459
2835	2459
510	2459
1449	3941
