18213	408	3
10277	446	3
15006	487	3
16667	159	6
18361	337	15
14819	339	15
13946	372	15
2832	387	15
8488	438	15
16921	507	15
12679	516	15
8555	527	15
1817	575	15
8368	584	15
6553	139	16
4858	550	16
2943	95	17
4570	130	17
17519	190	18
14130	326	18
15209	364	18
8255	8	19
10349	33	19
17556	428	19
14092	563	19
18344	549	29
18478	138	79
4286	208	79
14393	254	79
15338	404	79
7691	448	79
17003	464	79
8389	480	79
17316	497	79
17468	448	80
9790	464	80
7654	54	81
13515	139	81
16334	550	81
1923	2	82
15259	22	82
6050	25	82
8031	80	82
16548	208	82
8171	254	82
11067	404	82
10419	448	82
12586	464	82
5306	480	82
9933	497	82
17944	26	83
10411	42	83
10630	64	83
17775	410	83
10551	415	83
10220	438	83
11793	473	83
10256	507	83
11699	516	83
11228	527	83
9614	575	83
6250	584	83
16467	116	84
16473	226	84
14916	549	84
17639	104	90
13388	357	90
13428	136	91
16363	340	92
18432	68	114
17299	135	114
18434	126	134
7388	191	134
16319	239	134
17927	144	135
2142	177	135
11458	277	135
4893	362	135
3390	424	135
3108	479	135
15959	91	136
16791	22	138
3604	25	138
16538	79	138
18422	448	138
13422	464	138
18037	497	138
8753	16	139
11231	57	139
2543	81	139
17776	266	139
4461	447	139
3769	550	139
13381	553	139
18472	52	141
13784	141	141
15832	95	142
17769	119	146
15756	368	146
15739	180	147
11890	270	147
8590	346	147
17778	392	147
9375	514	147
2487	39	148
17328	130	150
18396	494	153
2445	52	154
6556	154	154
5392	38	155
7189	117	155
15749	184	155
15462	262	155
1071	304	155
16269	196	156
18057	292	159
8448	333	159
18092	215	172
18345	527	178
6650	575	178
2784	584	178
18145	234	183
17250	426	183
18359	168	206
14681	570	206
8919	587	206
7172	24	207
12148	26	207
11125	83	207
10189	199	207
13433	265	207
10867	337	207
3838	339	207
8545	372	207
13029	387	207
8401	438	207
18353	25	208
11009	79	208
1962	82	208
1216	254	208
4167	404	208
13528	448	208
3161	464	208
8565	497	208
7767	28	209
9615	330	209
1775	59	210
8209	237	210
18270	318	212
15110	552	212
4403	470	3
15625	412	6
15716	417	6
7946	460	6
3120	496	6
9729	534	6
16045	303	7
13850	414	7
5089	462	7
15833	19	8
9809	33	8
2830	157	8
18275	585	29
18152	152	30
17071	498	30
10876	249	31
6294	314	31
16706	8	33
8291	19	33
16083	138	82
7439	178	83
10247	247	83
3713	393	92
15917	415	92
14842	490	92
12635	532	92
5782	63	93
9385	112	93
17246	452	93
12777	72	135
7312	114	135
18414	82	138
8493	86	138
5983	254	138
12924	404	138
962	497	80
1186	265	83
14411	324	183
13844	385	183
5601	64	207
17425	507	207
6961	516	207
10804	527	207
10198	532	207
13404	575	207
11030	584	207
7766	22	208
14354	372	83
15455	387	83
18282	555	93
4551	557	93
7921	586	93
18448	28	213
1779	43	213
9283	209	213
3585	418	213
6742	451	213
16024	476	213
17672	23	214
2593	68	214
11479	290	1
13776	378	93
9072	429	93
14184	177	114
8051	362	114
13890	424	114
10367	479	114
13733	173	115
3259	276	115
2028	12	116
5464	84	116
8941	239	116
17206	484	118
17782	329	129
10980	463	129
16004	504	129
11953	512	129
13685	468	142
12230	520	142
16767	526	142
5315	10	143
4895	297	143
3586	439	143
12817	571	143
6587	580	143
12940	135	144
14579	177	144
8485	424	144
2882	479	144
6407	540	144
4800	374	145
16722	500	145
16119	71	146
9275	460	159
15853	472	159
15310	534	159
14587	102	184
6616	155	184
7411	304	184
18269	382	185
3163	517	185
17715	12	186
14920	172	6
4161	197	6
17264	404	2
1070	448	2
7117	464	2
8360	497	2
16714	515	2
2460	96	3
5103	103	3
2575	202	3
9439	319	3
16672	365	3
18219	261	20
11774	273	20
10417	342	20
6533	585	20
16068	369	21
8232	551	21
5423	2	22
6342	25	22
13074	208	22
15734	254	22
7901	448	22
9403	464	22
5678	480	22
15386	497	22
6694	214	23
13123	465	23
14275	26	24
3078	42	24
6967	64	24
4931	83	24
7673	178	24
17770	207	24
7343	247	24
9335	265	24
10704	337	24
17241	339	24
830	372	24
12936	387	24
11621	410	24
1915	415	24
12326	438	24
8270	473	24
10412	507	24
3617	516	24
16627	527	24
13379	575	24
5091	584	24
16932	2	25
9306	22	25
17180	387	26
8768	410	26
7269	415	26
16200	438	26
8473	473	26
12196	507	26
3131	516	26
13186	527	26
10767	575	26
2604	584	26
17955	383	27
15395	535	27
17370	539	27
16466	100	28
4538	337	83
6237	339	83
15859	66	84
14942	88	84
15647	531	185
3839	501	208
9972	300	214
2688	465	214
6980	574	214
12265	193	215
3566	204	215
6167	246	215
14244	472	215
17667	88	216
15718	273	216
2348	289	216
11801	415	217
14823	34	218
17734	251	224
16869	433	224
18004	509	224
6476	555	224
16459	29	226
17858	498	245
12120	159	246
18291	313	250
17185	229	251
17549	420	251
15911	82	254
11038	208	254
8077	404	254
6307	448	254
14160	464	254
4289	480	254
1402	497	254
14310	171	255
4720	278	255
14476	294	255
5550	316	255
15402	320	255
14122	469	255
10499	522	255
16846	233	256
16229	403	256
11185	495	256
6500	59	257
11686	210	257
17859	432	263
9281	492	263
8952	539	263
1466	561	263
14026	569	263
5712	158	264
15652	83	265
6852	207	265
8726	336	265
826	337	265
13479	339	265
16329	372	265
6631	387	265
10030	410	265
14539	139	266
17877	550	266
3612	36	267
16448	233	267
9169	240	267
18156	425	274
18289	137	288
11914	323	288
9543	422	288
13096	475	1
10761	561	1
11618	25	2
11682	41	2
15161	82	2
15699	254	2
18405	426	111
7394	474	111
15519	36	112
6432	99	115
18395	239	131
15898	315	131
13107	365	131
14162	18	142
16097	445	150
5032	542	150
2686	572	150
4401	576	150
17526	111	229
6598	121	229
5159	132	229
12572	251	229
3086	406	229
15945	341	230
16934	378	230
16120	521	230
701	555	230
3149	566	230
17353	478	231
17989	571	10
16486	227	11
12092	376	11
17528	410	14
17788	24	15
11403	519	3
4192	287	6
7935	292	6
12331	333	6
16519	97	19
14976	157	19
10676	304	19
4923	322	19
18460	298	58
18382	431	60
4042	466	60
5428	489	60
15824	568	60
18253	172	61
8242	287	61
8459	460	61
14270	534	61
17558	98	63
18435	146	71
12173	68	72
1565	135	72
9669	177	72
18015	548	72
17895	273	73
13747	203	148
14794	233	148
17954	376	156
17052	551	156
9136	557	156
14598	573	156
15047	8	157
17953	263	158
18123	218	159
8089	246	159
17603	558	2
9749	564	156
18455	128	547
18348	478	547
10087	23	548
6818	68	548
803	72	548
18436	279	559
2078	300	559
5850	381	559
16426	427	559
17855	18	561
15777	264	561
17847	483	561
15971	536	5
13152	65	1
12503	87	2
14981	146	4
13913	368	4
17477	8	7
8097	228	7
15228	365	7
13215	7	8
5775	162	146
7123	452	7
18471	395	48
9292	561	48
17820	559	58
15219	257	59
18386	416	63
9163	15	64
3072	42	64
16442	1	65
2995	55	1
18340	157	9
639	582	58
2475	457	48
2286	483	48
18475	108	392
14736	119	392
16301	147	392
15720	454	392
12353	514	392
14415	340	393
16128	390	393
17833	191	9
17245	181	11
14223	256	11
17694	84	14
7814	107	14
17760	42	15
16412	61	15
10632	62	15
1518	64	15
7569	83	15
5437	208	15
12293	246	1
17148	383	1
17002	222	9
12218	291	14
18117	332	8
14546	449	9
18254	402	8
8308	452	8
18479	473	117
18221	392	119
18082	315	122
18311	332	402
10176	351	402
16556	33	403
18470	95	418
18266	2	9
17795	118	9
18087	49	131
14758	70	131
16602	226	131
8046	231	131
15960	88	132
5480	211	132
17471	266	132
14529	420	132
13342	451	132
2975	491	132
16526	461	133
15329	54	134
2748	90	9
12455	105	9
14884	165	120
10582	180	120
11650	299	131
1106	304	131
15921	413	131
18267	120	138
9850	88	131
15907	319	138
8786	553	138
15748	57	140
15287	7	1
11335	326	9
16772	456	9
3793	467	9
18323	405	27
12712	406	27
18181	233	28
6550	476	28
18274	402	30
18048	512	30
8281	55	31
13270	173	31
2436	403	31
18357	187	32
17777	377	32
10193	418	32
18360	558	45
4330	559	45
9119	72	46
18450	528	63
17896	409	64
17812	453	64
10298	306	71
8682	402	71
6037	406	71
18301	101	83
15662	215	1
16118	401	1
15033	444	1
4564	530	1
14868	531	1
7981	9	2
10773	274	2
11809	388	2
6824	208	3
7169	293	3
17031	1	7
1319	494	9
2717	547	9
11154	97	10
14498	154	10
3031	314	10
17632	488	17
2018	543	17
11525	165	29
12128	319	29
14198	552	31
17971	477	35
10831	518	35
12300	538	35
11530	93	47
10540	419	47
16515	97	49
14557	215	49
15674	575	72
13046	45	73
9422	207	73
17960	358	8
10066	94	18
11537	406	30
14770	425	32
13065	463	32
1411	46	72
18463	431	93
13230	324	94
15780	49	97
9217	55	97
15827	276	97
8959	314	97
11859	321	97
16688	437	97
15731	532	97
18148	212	98
2682	214	1
17507	17	13
14891	130	13
5681	151	13
8080	328	29
11330	336	29
17503	308	3
18417	226	86
17579	132	88
7527	495	88
12774	238	89
17695	286	89
2985	335	89
16759	172	91
14249	358	91
12132	475	91
14588	379	97
3394	433	97
3655	300	71
16544	277	86
14064	336	86
13973	413	86
4435	444	86
16508	226	98
18398	314	110
15634	476	110
11855	54	111
10320	221	111
12114	172	112
1575	396	112
16174	80	113
15530	246	113
15860	242	114
10898	270	114
14809	343	114
17860	565	115
10506	390	113
2644	451	113
7698	493	113
16355	587	114
16925	213	119
4522	375	119
8340	471	119
11760	138	120
14366	244	120
3425	319	120
9583	540	120
2636	553	120
17096	50	141
15680	353	141
13725	489	141
15892	60	144
12058	62	144
6365	99	144
16062	281	144
12697	379	10
14052	433	10
11291	506	10
15844	269	11
6858	400	11
16276	437	11
12732	297	12
12081	506	12
11263	588	12
1584	79	64
10271	335	121
8976	457	121
18337	75	186
9587	244	113
8543	243	114
6078	57	122
17885	247	122
13099	381	122
12709	18	123
16716	107	126
15074	514	126
17213	520	126
4731	19	127
7104	32	127
16391	463	127
14442	78	128
10502	270	128
4149	437	128
17067	442	128
4318	182	132
11195	218	132
8680	231	132
17663	136	134
10187	465	134
14091	480	92
16638	47	93
14591	52	93
