start 1 psup 3 p 2 m 0 [18213 408]
start 2 psup 3 p 3 m 1 [18213 408]
start 8 psup 3 p 2 m 1 [13152 65 13096 475 10761 561 11682 41 2 12503 87 10773 274 11382 462 17603 558 5103 103 3 9439 319 18213 408 15971 536 15625 412 18472 13784 17769 17778 18396 494 6556 15749 17954 17052 551 9136 9749 14598 15047 17953 18123 8089 8119 9275 1110 9731 9753 1814 1146 18297 17800 16969 16849 12002 6404 352 18269 15647 17715 18449 12430 2974 18443 6119 14491 17865 14911 17040 9949 18271 17194 17341 488 7815 17230 11028 10198 18353 11009 1962 4486 1216 4167 13528 3161 8565 3839 17469 18262 18270 15306 2251 15986 16024 17672 14244 17065 17649 16313 16345 6368 9551 18236 17829 7690 18369 5043 4598 16365 16506 17590 9353 14731 9085 8794 13113 13290 8613 11592 14133 16282 10033 18278 10789 18372 18156 18455 18348 10087 6818 803 18436 2078 5850 16426 1034 17855 15777 17847]
start 6 psup 4 p 2 m 1 [18213 408]
start 2 psup 3 p 4 m 1 [18213 408]
start 1 psup 4 p 4 m 0 [18213 408]
start 9 psup 3 p 3 m 2 [18213 408 15971 536]
start 11 psup 3 p 3 m 1 [1 2 3 4 5 6 7 8 9 10 11 12 13 14 15 16 17 18 19 20 21 22 23 24 25 26 27 28 29 30 31 32 33 34 35 36 37 38 39 40 41 42 43 44 45 46 47 48 49 50 51 52 53 54 55 56 57 58 59 60 61 62 63 64 65 66 67 68 69 70 71 72 73 74 75 76 77 78 79 80 81 82 83 84 85 86 87 88 89 90 91 92 93 94 95 96 97 98 99 100 101 102 103 104 105 106 107 108 109 110 111 112 113 114 115 116 117 118 119 120 121 122 123 124 125 126 127 128 129 130 131 132 133 134 135 136 137 138 139 140 141 142 143 144 145 146 147 148 149 150 151 152 153 154 155 156 157 158 159 160 161 162 163 164 165 166 167 168 169 170 171 172 173 174 175 176 177 178 179 180 181 182 183 184 185 186 187 188 189 190 191 192 193 194 195 196 197 198 199 200 201 202 203 204 205 206 207 208 209 210 211 212 213 214 215 216 217 218 219 220 221 222 223 224 225 226 227 228 229 230 231 232 233 234 235 236 237 238 239 240 241 242 243 244 245 246 247 248 249 250 251 252 253 254 255 256 257 258 259 260 261 262 263 264 265 266 267 268 269 270 271 272 273 274 275 276 277 278 279 280 281 282 283 284 285 286 287 288 289 290 291 292 293 294 295 296 297 298 299 300 301 302 303 304 305 306 307 308 309 310 311 312 313 314 315 316 317 318 319 320 321 322 323 324 325 326 327 328 329 330 331 332 333 334 335 336 337 338 339 340 341 342 343 344 345 346 347 348 349 350 351 352 353 354 355 356 357 358 359 360 361 362 363 364 365 366 367 368 369 370 371 372 373 374 375 376 377 378 379 380 381 382 383 384 385 386 387 388 389 390 391 392 393 394 395 396 397 398 399 400 401 402 403 404 405 406 407 408 409 410 411 412 413 414 415 416 417 418 419 420 421 422 423 424 425 426 427 428 429 430 431 432 433 434 435 436 437 438 439 440 441 442 443 444 445 446 447 448 449 450 451 452 453 454 455 456 457 458 459 460 461 462 463 464 465 466 467 468 469 470 471 472 473 474 475 476 477 478 479 480 481 482 483 484 485 486 487 488 489 490 491 492 493 494 495 496 497 498 499 500 501 502 503 504 505 506 507 508 509 510 511 512 513 514 515 516 517 518 519 520 521 522 523 524 525 526 527 528 529 530 531 532 533 534 535 536 537 538 539 540 541 542 543 544 545 546 547 548 549 550 551 552 553 554 555 556 557 558 559 560 561 562 563 564 565 566 567 568 569 570 571 572 573 574 575 576 577 578 579 580 581 582 583 584 585 586 587 588]
start 5 psup 3 p 5 m 4 [18213 408 15971 536]
start 12 psup 3 p 3 m 2 [18213 408 18361 337 14819 339 13946 372 8488 438 17519 190 14130 326 15209 364 16519 97 14976 10676 304 4923 17556 428 14092 563 18219 261 11774 273 17955 383 15395 17370 18344]
start 3 psup 6 p 3 m 2 [18213 408]
start 3 psup 3 p 6 m 2 [18213 408 15971 536]
start 16 psup 3 p 2 m 1 [11479 290 1 18213 408 15006 487 11403 519 16667 159 14920 172 4161 197 7935 292 12331 333 15625 412 15716 417 7946 460 3120 496 9729 534 18361 337 14819 339 13946 372 17519 190 14130 326 15209 364 16519 97 14976 10676 304 4923 17556 428 14092 563 18219 261 20 11774 273 17955 383 15395 17370 18344 18460 298 18067 6652 210 15219 16973 5418 14900 18382 431 4042 466 5428 489 15824 568 11413 2417 18253 8242 8459 14270 17558 18305 3072 17583 8609 16222 17701 129 65 12477 463 15080 9176 18435 3535 12173 1565 9669 18015 17895 12975 14993 321 75 1542 386 2651]
start 13 psup 3 p 3 m 0 [11479 290 1 18213 408 15006 487 16667 159 15625 412 15716 417 7946 460 3120 496 9729 534 18478 4286 14393 15338 7691 17003 8389 17316 17468 9790 962 7654 13515 16334 1923 15259 6050 8031 16548 8171 11067 10419 12586 5306 9933 17944 10411 10630 17775 11793 10256 11699 11228 9614 6250 15859 14942 16467 16473 14916 17639 104 90 13388 13428 136 91 16363 340 3713 15917 14842 490 12635 532 9385 17246 452 18432 17299 14184 8051 13890 10367 6432 13733 3259 18472 13784 15832 13685 468 12230 16767 5315 12817 6587 12940 14579 8485 2882 6407 12695 381 16722 16119 17769 15756 15739 180 147 11890 17778 392 17328 16097 18396 494 2445 6556 5392 15749 18345 6650 2784 18145 183 14411 13844 17250 18448 18004 6476 16459 17858 12120 18291 17185 17549 15911 2750 11038 8077 6307 14160 4289 1402 14310 4720 14476 5550 15402 14122 10499 16846 16229 11185 6500 11686 17232 7863 17859 17877 3612 16448 9169 18156 18289 11914 9543 16876 3663]
start 16 psup 4 p 2 m 1 [11479 290 1 18213 408 15006 487 16667 159 15625 412 15716 417 7946 460 3120 496 9729 534 18361 337 14819 339 13946 372 17519 190 14130 326 15209 364 17556 428 14092 563 18219 261 20 11774 273 17955 383 15395 17370 18344]
start 12 psup 3 p 4 m 3 [18213 408 18361 337 14819 339 13946 372 17519 190 14130 326 15209 364 16519 97 14976 10676 304 4923 17556 428 14092 563 18219 261 11774 273 17955 383 15395 17370 18344]
start 8 psup 4 p 4 m 3 [18213 408]
start 6 psup 3 p 6 m 5 [18213 408 18361 337 14819 339 13946 372 8488 438 17519 190 14130 326 15209 364 17556 428 14092 18344]
start 16 psup 3 p 3 m 0 [11479 290 1 13096 475 10761 561 11618 25 11682 41 15161 82 15699 254 18213 408 15006 487 16667 159 15625 412 15716 417 7946 460 3120 496 9729 534 18478 4286 14393 15338 7691 17003 8389 17316 17468 9790 962 7654 13515 16334 1923 15259 6050 8031 16548 8171 11067 10419 12586 5306 9933 17944 10411 10630 17775 11793 10256 11699 11228 9614 6250 15859 14942 16467 16473 14916 13211 17639 104 90 13388 13428 136 91 16363 340 18405 7394 15519 18432 17299 14184 8051 13890 10367 6432 13733 3259 18395 15898 13107 18472 13784 14162 15832 17769 15756 15739 180 147 11890 17778 392 17328 16097 5032 2686 4401 18396 494 2445 6556 5392 15749 18345 6650 2784 18145 183 14411 13844 17250 18448 18004 6476 16459 17526 6598 5159 12572 3086 15945 16934 16120 701 3149 17353 478]
start 13 psup 4 p 3 m 0 [11479 290 1 18213 408 15006 487 16667 159 15625 412 15716 417 7946 460 3120 496 9729 534 18478 4286 14393 15338 7691 17003 8389 17316 17468 9790 962 7654 13515 16334 1923 15259 6050 8031 16548 8171 11067 10419 12586 5306 9933 17944 10411 10630 17775 11793 10256 11699 11228 9614 6250 15859 14942 16467 16473 14916 17639 104 90 13388 13428 136 91 16363 340 18432 17299 14184 8051 13890 10367 6432 13733 3259 18472 13784 15832 17769 15756 15739 180 147 11890 17778 392 17328 16097 18396 494 2445 6556 5392 15749 18345 6650 2784 18145 183 14411 13844 17250 18448 18004 6476 16459]
start 6 psup 3 p 7 m 5 [18213 408 15006 487 16667 159 18361 337 14819 339 13946 372 17519 190 14130 326 15209 364 17556 428 14092 18344]
start 19 psup 3 p 3 m 0 [11479 290 1 18213 408 15006 487 16667 159 15625 412 15716 417 7946 460 3120 496 9729 534 18478 4286 14393 15338 7691 17003 8389 17316 17468 9790 7654 13515 16334 1923 15259 6050 8031 16083 16548 8171 11067 10419 12586 5306 9933 17944 10411 10630 17775 11793 10256 11699 11228 9614 6250 16467 16473 14916 17639 104 90 13388 13428 136 91 16363 340 18432 17299 14184 8051 13890 10367 13733 3259 18472 13784 15832 17769 15756 15739 180 147 11890 17778 392 17328 16097 18396 494 2445 6556 5392 15749 18345 6650 2784 18145 183 14411 13844 17250 18448]
start 13 psup 5 p 3 m 0 [11479 290 1 18213 408 15006 487 16667 159 15625 412 15716 417 7946 460 3120 496 9729 534 18478 4286 14393 15338 7691 17003 8389 17316 17468 9790 7654 13515 16334 1923 15259 6050 8031 16548 8171 11067 10419 12586 5306 9933 17944 10411 10630 17775 11793 10256 11699 11228 9614 6250 16467 16473 14916 17639 104 90 13388 13428 136 91 16363 340 18432 17299 14184 8051 13890 10367 13733 3259 18472 13784 15832 17769 15756 15739 180 147 11890 17778 392 17328 16097 18396 494 2445 6556 5392 15749 18345 6650 2784 18145 183 14411 13844 17250 18448]
start 10 psup 6 p 3 m 0 [18213 408]
start 3 psup 5 p 5 m 2 [18213 408]
start 1 psup 3 p 9 m 0 [18213 408]
start 20 psup 3 p 3 m 1 [13096 475 10761 561 11682 41 16714 515 18213 408 18437 18467 18472 13784 17769 17778 392 13747 203 148 14794 13882 2296 17328 6475 3265 16097 5032 2686 8804 2504 12526 12764 18396 494 2445 6556 5392 15749 17954 6244 17052 9136 14598 15047 11783 1376 5524 7455 14085 12080 17953 17774 264 10941 18123 8089 246 7632 18261 2710 13660 4007 5349 3986 12249 17832 7468 16155 12618 16320 323 3892 10224 17783 6481 1801 165 4860 1920 14256 17290 825 6804 15298 6363 3715 8176 10052 6938 12964 4496 8156 10155 3165 8947 16994 169 1054 11787 12834 3822 18092 8576 17113 1610 2537 12083 11557 5730 3726 10058 10099 3870 1478 14747 16545 9132 5967 1873 9494 8534 15015 15205 9008 15905 4463 4528 4580 175 13271 7329 16789 8056 17658 4484 16432 11654 18443 14491 1691 835 1601 17865 14911 6332 17040 9949 8993 3056 205 9361 9676 9906 4550 8165 18316 7766 18353 11009 1962 13528 3161 8565 3839 3861 9615 7495 18262 14493 11926 18270 15110 552]
start 18 psup 3 p 4 m 1 [11479 290 1 18213 408 15006 487 16667 159 15625 412 15716 417 7946 460]
start 15 psup 3 p 5 m 4 [11479 290 1 18213 408 15006 487 16667 159 14920 172 4161 197 15625 412 15716 417 7946 460 3120 496 9729 534 18361 337 14819 339 13946 372 17519 190 14130 326 15209 364 17556 428 14092 563 18344]
start 19 psup 3 p 4 m 2 [13096 475 10761 561 11682 41 16714 515 18213 408 18219 261 11774 273 17955 383 15395 17370 18344 3857 556 15282 117 9931 388 9600 5317 16381 17071 498 10876 249 6294 314 13301 317 11380 370 7342 423 16706 13557 699 15524 245 2265 18437]
start 13 psup 3 p 6 m 0 [11479 290 1 18213 408 15006 487 16667 159 15625 412 15716 417 7946 460 3120 496 9729 534 18478 4286 14393 15338 7691 17003 8389 17316 17468 9790 7654 13515 16334 1923 15259 6050 8031 16083 16548 8171 11067 10419 12586 5306 9933 17944 10411 10630 7439 10247 17775 11793 10256 11699 11228 9614 6250 16467 16473 14916 17639 104 90 13388 13428 136 91 16363 340 3713 15917 14842 490 12635 532 9385 17246 452 18432 17299 14184 8051 13890 10367 13733 3259 18472 13784 15832 13685 468 12230 16767 5315 12817 6587 12940 14579 8485 2882 6407 12695 381 16722 16119 17769 15756 15739 180 147 11890 17778 392 17328 16097 18396 494 2445 6556 5392 15749 18345 6650 2784 18145 183 14411 13844 17250 18448]
start 20 psup 4 p 3 m 1 [13096 475 10761 561 11682 41 16714 515 18213 408]
start 2 psup 3 p 10 m 1 [18213 408 18361 337 14819 339 13946 372 8488 438 17519 190 14130 326 15209 364 17556 428 14092 18344 18382 4042 466 5428 489 15824 568 18435]
start 27 psup 3 p 2 m 0 [13096 475 10761 561 11682 41 18213 408 18460 18382 431 4042 466 5428 489 15824 568 18253 8242 8459 14270 17558 18435 146 71 12173 1565 9669 12862 5946 362 11752 9366 18015 17895 12975 14993 321 75 1542 386 2651 76 18026 12715 14934 533 15861 546 12022 581 15360]
start 12 psup 3 p 7 m 4 [16714 515 18213 408]
start 18 psup 4 p 4 m 1 [18213 408 15006 487 16667 159 15625 412 15716 417 7946 460]
start 4 psup 3 p 10 m 3 [1 2 3 4 5 6 7 8 9 10 11 12 13 14 15 16 17 18 19 20 21 22 23 24 25 26 27 28 29 30 31 32 33 34 35 36 37 38 39 40 41 42 43 44 45 46 47 48 49 50 51 52 53 54 55 56 57 58 59 60 61 62 63 64 65 66 67 68 69 70 71 72 73 74 75 76 77 78 79 80 81 82 83 84 85 86 87 88 89 90 91 92 93 94 95 96 97 98 99 100 101 102 103 104 105 106 107 108 109 110 111 112 113 114 115 116 117 118 119 120 121 122 123 124 125 126 127 128 129 130 131 132 133 134 135 136 137 138 139 140 141 142 143 144 145 146 147 148 149 150 151 152 153 154 155 156 157 158 159 160 161 162 163 164 165 166 167 168 169 170 171 172 173 174 175 176 177 178 179 180 181 182 183 184 185 186 187 188 189 190 191 192 193 194 195 196 197 198 199 200 201 202 203 204 205 206 207 208 209 210 211 212 213 214 215 216 217 218 219 220 221 222 223 224 225 226 227 228 229 230 231 232 233 234 235 236 237 238 239 240 241 242 243 244 245 246 247 248 249 250 251 252 253 254 255 256 257 258 259 260 261 262 263 264 265 266 267 268 269 270 271 272 273 274 275 276 277 278 279 280 281 282 283 284 285 286 287 288 289 290 291 292 293 294 295 296 297 298 299 300 301 302 303 304 305 306 307 308 309 310 311 312 313 314 315 316 317 318 319 320 321 322 323 324 325 326 327 328 329 330 331 332 333 334 335 336 337 338 339 340 341 342 343 344 345 346 347 348 349 350 351 352 353 354 355 356 357 358 359 360 361 362 363 364 365 366 367 368 369 370 371 372 373 374 375 376 377 378 379 380 381 382 383 384 385 386 387 388 389 390 391 392 393 394 395 396 397 398 399 400 401 402 403 404 405 406 407 408 409 410 411 412 413 414 415 416 417 418 419 420 421 422 423 424 425 426 427 428 429 430 431 432 433 434 435 436 437 438 439 440 441 442 443 444 445 446 447 448 449 450 451 452 453 454 455 456 457 458 459 460 461 462 463 464 465 466 467 468 469 470 471 472 473 474 475 476 477 478 479 480 481 482 483 484 485 486 487 488 489 490 491 492 493 494 495 496 497 498 499 500 501 502 503 504 505 506 507 508 509 510 511 512 513 514 515 516 517 518 519 520 521 522 523 524 525 526 527 528 529 530 531 532 533 534 535 536 537 538 539 540 541 542 543 544 545 546 547 548 549 550 551 552 553 554 555 556 557 558 559 560 561 562 563 564 565 566 567 568 569 570 571 572 573 574 575 576 577 578 579 580 581 582 583 584 585 586 587 588]
start 29 psup 3 p 2 m 0 [18213 408 10277 446 4403 470 15006 487 16667 159 14920 172 4161 197 15625 412 15716 417 7946 460 3120 496 9729 534 16045 303 13850 414 5089 462 15833 19 8 9809 33 2830 157 17160 98 9 15307 7663 219 16274 529 12456 143 10 18478 4286 14393 15338 7691 17003 8389 17316 17468 9790 962 7654 13515 16334 1923 15259 6050 8031 16083 16548 8171 11067 10419 12586 5306 9933 17944 10411 10630 7439 10247 1186 17775 10551 10220 11793 10256 11699 11228 9614 6250 16467 16473 14916 17639 104 90 13388 13428 16363 340 3713 15917 14842 490 12635 532 9385 17246 452 18472 13784 15832 17769 15756 15739 180 147 11890 270 8590 346 17778 392 18396 494 2445 6556 5392 7189 15749 15462 1071 16269 196 156 18057 18345 6650 2784]
start 15 psup 5 p 4 m 2 [13096 475 10761 561 11682 41 18213 408]
start 15 psup 4 p 5 m 4 [18213 408 15006 487 16667 159 14920 172 4161 197 15625 412 15716 417 7946 460 3120 496 9729 534 18361 337 14819 339 13946 372 17519 190 14130 326 15209 364 17556 428 14092 563 18344]
start 7 psup 4 p 7 m 6 [1 2 3 4 5 6 7 8 9 10 11 12 13 14 15 16 17 18 19 20 21 22 23 24 25 26 27 28 29 30 31 32 33 34 35 36 37 38 39 40 41 42 43 44 45 46 47 48 49 50 51 52 53 54 55 56 57 58 59 60 61 62 63 64 65 66 67 68 69 70 71 72 73 74 75 76 77 78 79 80 81 82 83 84 85 86 87 88 89 90 91 92 93 94 95 96 97 98 99 100 101 102 103 104 105 106 107 108 109 110 111 112 113 114 115 116 117 118 119 120 121 122 123 124 125 126 127 128 129 130 131 132 133 134 135 136 137 138 139 140 141 142 143 144 145 146 147 148 149 150 151 152 153 154 155 156 157 158 159 160 161 162 163 164 165 166 167 168 169 170 171 172 173 174 175 176 177 178 179 180 181 182 183 184 185 186 187 188 189 190 191 192 193 194 195 196 197 198 199 200 201 202 203 204 205 206 207 208 209 210 211 212 213 214 215 216 217 218 219 220 221 222 223 224 225 226 227 228 229 230 231 232 233 234 235 236 237 238 239 240 241 242 243 244 245 246 247 248 249 250 251 252 253 254 255 256 257 258 259 260 261 262 263 264 265 266 267 268 269 270 271 272 273 274 275 276 277 278 279 280 281 282 283 284 285 286 287 288 289 290 291 292 293 294 295 296 297 298 299 300 301 302 303 304 305 306 307 308 309 310 311 312 313 314 315 316 317 318 319 320 321 322 323 324 325 326 327 328 329 330 331 332 333 334 335 336 337 338 339 340 341 342 343 344 345 346 347 348 349 350 351 352 353 354 355 356 357 358 359 360 361 362 363 364 365 366 367 368 369 370 371 372 373 374 375 376 377 378 379 380 381 382 383 384 385 386 387 388 389 390 391 392 393 394 395 396 397 398 399 400 401 402 403 404 405 406 407 408 409 410 411 412 413 414 415 416 417 418 419 420 421 422 423 424 425 426 427 428 429 430 431 432 433 434 435 436 437 438 439 440 441 442 443 444 445 446 447 448 449 450 451 452 453 454 455 456 457 458 459 460 461 462 463 464 465 466 467 468 469 470 471 472 473 474 475 476 477 478 479 480 481 482 483 484 485 486 487 488 489 490 491 492 493 494 495 496 497 498 499 500 501 502 503 504 505 506 507 508 509 510 511 512 513 514 515 516 517 518 519 520 521 522 523 524 525 526 527 528 529 530 531 532 533 534 535 536 537 538 539 540 541 542 543 544 545 546 547 548 549 550 551 552 553 554 555 556 557 558 559 560 561 562 563 564 565 566 567 568 569 570 571 572 573 574 575 576 577 578 579 580 581 582 583 584 585 586 587 588]
start 24 psup 3 p 4 m 3 [1 2 3 4 5 6 7 8 9 10 11 12 13 14 15 16 17 18 19 20 21 22 23 24 25 26 27 28 29 30 31 32 33 34 35 36 37 38 39 40 41 42 43 44 45 46 47 48 49 50 51 52 53 54 55 56 57 58 59 60 61 62 63 64 65 66 67 68 69 70 71 72 73 74 75 76 77 78 79 80 81 82 83 84 85 86 87 88 89 90 91 92 93 94 95 96 97 98 99 100 101 102 103 104 105 106 107 108 109 110 111 112 113 114 115 116 117 118 119 120 121 122 123 124 125 126 127 128 129 130 131 132 133 134 135 136 137 138 139 140 141 142 143 144 145 146 147 148 149 150 151 152 153 154 155 156 157 158 159 160 161 162 163 164 165 166 167 168 169 170 171 172 173 174 175 176 177 178 179 180 181 182 183 184 185 186 187 188 189 190 191 192 193 194 195 196 197 198 199 200 201 202 203 204 205 206 207 208 209 210 211 212 213 214 215 216 217 218 219 220 221 222 223 224 225 226 227 228 229 230 231 232 233 234 235 236 237 238 239 240 241 242 243 244 245 246 247 248 249 250 251 252 253 254 255 256 257 258 259 260 261 262 263 264 265 266 267 268 269 270 271 272 273 274 275 276 277 278 279 280 281 282 283 284 285 286 287 288 289 290 291 292 293 294 295 296 297 298 299 300 301 302 303 304 305 306 307 308 309 310 311 312 313 314 315 316 317 318 319 320 321 322 323 324 325 326 327 328 329 330 331 332 333 334 335 336 337 338 339 340 341 342 343 344 345 346 347 348 349 350 351 352 353 354 355 356 357 358 359 360 361 362 363 364 365 366 367 368 369 370 371 372 373 374 375 376 377 378 379 380 381 382 383 384 385 386 387 388 389 390 391 392 393 394 395 396 397 398 399 400 401 402 403 404 405 406 407 408 409 410 411 412 413 414 415 416 417 418 419 420 421 422 423 424 425 426 427 428 429 430 431 432 433 434 435 436 437 438 439 440 441 442 443 444 445 446 447 448 449 450 451 452 453 454 455 456 457 458 459 460 461 462 463 464 465 466 467 468 469 470 471 472 473 474 475 476 477 478 479 480 481 482 483 484 485 486 487 488 489 490 491 492 493 494 495 496 497 498 499 500 501 502 503 504 505 506 507 508 509 510 511 512 513 514 515 516 517 518 519 520 521 522 523 524 525 526 527 528 529 530 531 532 533 534 535 536 537 538 539 540 541 542 543 544 545 546 547 548 549 550 551 552 553 554 555 556 557 558 559 560 561 562 563 564 565 566 567 568 569 570 571 572 573 574 575 576 577 578 579 580 581 582 583 584 585 586 587 588]
start 15 psup 3 p 7 m 0 [11479 290 1 13096 475 10761 561 7164 22 2 11618 25 11682 41 10425 79 15161 82 15699 254 18213 408 10277 446 4403 470 15006 487 16667 159 15625 412 15716 417 7946 460 3120 496 9729 534 8097 228 12037 274 16045 303 13850 414 5089 462 15833 19 8 9809 33 2830 157 17160 98 9 15307 7663 219 14046 312 16274 529 12456 143 10 18478 4286 14393 15338 7691 17003 8389 17316 17468 9790 962 7654 13515 16334 1923 15259 6050 8031 16548 8171 11067 10419 12586 5306 9933 17944 10411 10630 14354 15455 17775 10551 10220 11793 10256 11699 11228 9614 6250 15859 14942 16467 16473 14916 17639 104 90 13388 13428 136 91 16363 340 18282 555 4551 557 7921 15299 13701 18405 7394 15519 18432 17299 14184 8051 13890 10367 6432 13733 3259 2028 5464 8941 17206 484 18395 15898 13107 18472 13784 14162 15832 17769 15756 15739 180 147 11890 270 8590 346 17778 392 18396 494 2445 6556 5392 7189 15749 15462 1071 16269 18057 9275 15853 472 15310 18345 6650 2784 18145 183 14411 13844 17250 14587 6616 7411 18269 3163 15647 531 17715 17965 13912 18359 14681 8919 12148 5601 11125 10189 13433 13029 8401 17230 17425 6961 10804 10198 13404 11030 18353 11009 1962 1216 4167 13528 3161 8565 3839 9615 18270 15110 552 18448 1779 9283 3585 6742 16024 17672 2593 9972 2688 6980 12265 3566 6167 14244 15379 17667 15718 2348 11631 11801 7724 14823 17734 16386 16869 18004 6476 2733 15753 16459 17526 6598 5159 12572 3086 13826 15945 16934 16120 701 3149 9772 17353 478 16707 2451 5949 12649 16633 9296 9073 4087 12881 644 12662 17222 16967 236 15871]
start 6 psup 3 p 10 m 5 [18213 408 15006 487 16667 159 14920 172 4161 197]
start 23 psup 7 p 2 m 0 [18213 408]
start 25 psup 3 p 4 m 0 [18213 408 10277 446 4403 470 15006 487 16667 159 14920 172 4161 197 15625 412 15716 417 7946 460 3120 496 9729 534 16045 303 13850 414 5089 462 15833 19 8 9809 33 2830 157 17160 98 9 15307 7663 219 16274 529 12456 143 10 18478 4286 14393 15338 7691 17003 8389 17316 17468 9790 7654 13515 16334 1923 15259 6050 8031 16083 16548 8171 11067 10419 12586 5306 9933 17944 10411 10630 7439 10247 1186 17775 10551 10220 11793 10256 11699 11228 9614 6250 16467 16473 14916 17639 104 90 13388 13428 16363 340 3713 15917 14842 490 12635 532 9385 17246 452 18432 17299 18472 13784 15832 17769 15756 15739 180 147 11890 270 8590 346 17778 392 18396 494 2445 6556 5392 7189 15749 15462 1071 16269 196 156 18057 18345 6650 2784]
start 19 psup 3 p 6 m 0 [11479 290 1 18213 408 15006 487 16667 159 14920 172 4161 197 15625 412 15716 417 7946 460 3120 496 9729 534 18478 4286 14393 15338 7691 17003 8389 17316 17468 9790 7654 13515 16334 1923 15259 6050 8031 16083 16548 8171 11067 10419 12586 5306 9933 17944 10411 10630 7439 10247 17775 11793 10256 11699 11228 9614 6250 16467 16473 14916 17639 104 90 13388 13428 136 91 16363 340 3713 15917 14842 490 12635 532 9385 17246 452 18472 13784 15832 13685 468 12230 16767 5315 12817 6587 12940 14579 8485 2882 6407 12695 381 16722 16119 17769 15756 15739 180 147 11890 17778 392 17328 16097 18396 494 2445 6556 5392 15749 18345 6650 2784 18145 183 14411 13844 17250 18448]
start 13 psup 4 p 6 m 0 [11479 290 1 18213 408 15006 487 16667 159 15625 412 15716 417 7946 460 3120 496 9729 534 18478 4286 14393 15338 7691 17003 8389 17316 17468 9790 7654 13515 16334 1923 15259 6050 8031 16083 16548 8171 11067 10419 12586 5306 9933 17944 10411 10630 7439 10247 17775 11793 10256 11699 11228 9614 6250 16467 16473 14916 17639 104 90 13388 13428 136 91 16363 340 3713 15917 14842 490 12635 532 9385 17246 452 18472 13784 15832 13685 468 12230 16767 5315 12817 6587 12940 14579 8485 2882 6407 12695 381 16722 16119 17769 15756 15739 180 147 11890 17778 392 17328 16097 18396 494 2445 6556 5392 15749 18345 6650 2784 18145 183 14411 13844 17250 18448]
start 2 psup 5 p 7 m 1 [18213 408]
start 26 psup 3 p 4 m 1 [18213 408 16667 159 14920 172 4161 197 15625 412]
start 18 psup 5 p 4 m 1 [18213 408 16667 159 15625 412]
start 30 psup 3 p 3 m 2 [18213 408 10277 446 4403 470 15006 487 9724 301 5815 454 12156 370 4674 435 11908 524 5275 37 6 9595 61 2118 62 16667 159 15625 412 15716 417 7946 460 3120 496 9729 534 16045 303 13850 414 5089 462 15833 19 8 9809 33 2830 157 18361 337 14819 339 13946 372 2832 387 8488 438 16921 507 12679 516 8555 527 1817 575 8368 584 6553 139 16 4858 550 2943 95 17 4570 130 17519 190 14130 326 15209 364 8255 10349 17556 428 14092 18344 18275 3781 102 30 18152 152 17071 498 10876 249 31 6294 314 11380 7342 423 7270 5189 332 1452 393 8011 16706 8291 18478 4286 14393 15338 7691 17003 8389 17316 17468 9790 962 7654 13515 16334 1923 15259 6050 7073 2534 8031 16083 16548 8171 11067 10419 12586 5306 9933 17944 10411 10630 7439 9604 9056 10247 17775 10551 10220 11793 10256 11699 11228 9614 6250 16467 16473 14916 17639 104 90 13388 13428 16363 340 3713 15917 14842 490 18432 17299 18434 7388 16319 12777 7312 17927 2142 11458 4893 3390 3108 15959 18414 8493 5983 12924 18422 13422 18037 8753 11231 2543 17776 266 4461 447 3769 13381 18472 13784 15832 17769 15756 15739 180 147 11890 270 8590 346 17778 392 9375 514 2487 17328 18396 494 2445 6556 5392 7189 15749 15462 1071 16269 18057 8448 18092 18345 6650 2784 16017 179 14475]
start 27 psup 4 p 3 m 2 [18213 408]
start 15 psup 6 p 4 m 2 [18213 408]
start 9 psup 3 p 10 m 8 [18213 408]
start 25 psup 3 p 5 m 4 [18213 408 18382 4042 466 5428 489 15824 568 11413 5364 18253 3973 16377 18435]
start 19 psup 3 p 7 m 4 [18213 408 15006 487 16667 159 14920 172 4161 197 15625 412 15716 417 7946 460]
start 13 psup 3 p 9 m 3 [11479 290 1 17264 404 1070 448 7117 464 8360 497 16714 515 2460 96 3 5103 103 2575 202 9439 319 16672 365 18213 408 10277 446 4403 470 15006 487 16667 159 15625 412 15716 417 7946 460 3120 496 9729 534 16045 303 13850 414 5089 462 15833 19 8 9809 33 2830 157 17160 98 9 15307 7663 219 14046 312 5458 397 9844 426 5169 495 16274 529 12456 143 10 14763 439 17989 571 16486 227 11 10268 234 10934 285 12092 376 17528 410 15105 451 17788 24 15 8717 26 18361 337 14819 339 13946 372 2832 387 8488 438 16921 507 12679 516 8555 527 1817 575 8368 584 6553 139 16 17519 190 14130 326 15209 364 8255 10349 17556 428 14092 563 18219 261 11774 273 10417 342 6533 585 16068 369 8232 551 5423 6342 13074 208 15734 7901 9403 5678 480 15386 6694 214 23 13123 465 5771 14275 3078 6967 4931 17770 207 7343 9335 265 10704 17241 830 12936 11621 1915 415 12326 8270 10412 3617 16627 13379 5091 16932 9306 17180 8768 7269 16200 8473 12196 3131 13186 10767 2604 17955 383 15395 17370 539 16466 100 28 9196 165 18344 18275 18152 152 9931 17071 498 10876 249 31 6294 314 16706 8291 18478 4286 14393 15338 7691 17003 8389 17316 17468 9790 962 7654 13515 16334 1923 15259 6050 8031 16083 16548 8171 11067 10419 12586 5306 9933 17944 10411 10630 14354 15455 17775 10551 10220 11793 10256 11699 11228 9614 6250 15859 14942 16467 16473 14916 17639 104 90 13388 13428 136 91 16363 340 18282 555 4551 557 7921 15299 18472 13784 15832 17769 15756 15739 180 147 11890 270 8590 346 17778 392 17328 16097 18396 494 2445 6556 5392 7189 15749 15462 1071 16269 18057 8448 2217 8119 9275 15853 472 4070 15310 18345 6650 2784 18145 183 14411 13844 17250 14587 6616 7411 18269 3163 15647 531 17715 15889 11856 13591 15851 7414 13686 18359 14681 8919 7172 12148 5601 11125 10189 13433 10867 3838 8545 13029 8401 17425 6961 10804 10198 13404 11030 7766 18353 11009 1962 1216 4167 13528 3161 8565 3839 9615 1775 8209 9880 2092 18270 15110 552 18448 1779 9283 3585 6742 16024 17672 2593 9972 2688 6980 11842 8038 12265 3566 6167 14244 4874 17667 5742 15718 2348 11801 7724 14823 17734 7856 16386 16869 18004 6476 2733 15753 16459 16590 14290 13020]
start 23 psup 3 p 6 m 4 [16714 515 18213 408 15971 536 5275 37 6 9595 61]
start 20 psup 3 p 7 m 5 [16714 515 17603 558 5103 103 9439 319 3468 359 18213 408 18467 18472 13784 17769 17778 392 13747 14794 13882 18396 494 2445 6556 5392 15749 17954 17052 9136 557 9749 14598 15047 11783 17953 17774 10941 17600 18123 8089 7632 18261 2710 13660]
start 34 psup 4 p 2 m 1 [18213 408]
start 35 psup 3 p 3 m 1 [18213 408]
start 18 psup 6 p 4 m 1 [18213 408]
start 31 psup 3 p 5 m 0 [11479 290 1 13096 475 10761 561 7164 22 2 11618 25 11682 41 10425 79 15161 82 15699 254 17264 404 1070 448 7117 464 8360 497 16714 515 2460 96 3 5103 103 2575 202 9439 319 16672 365 18213 408 15006 487 16667 159 15625 412 15716 417 7946 460 3120 496 9729 534 8097 228 12037 274 16045 303 13850 414 5089 462 15833 19 8 9809 33 2830 157 18361 337 14819 339 13946 372 8488 438 16921 507 12679 516 8555 527 1817 575 8368 584 6553 139 16 4858 550 2943 95 17 4570 130 13312 328 2658 356 17519 190 14130 326 15209 364 8255 10349 16519 97 14976 10676 304 4923 17556 428 14092 563 18219 261 20 11774 273 10417 342 6533 16068 369 8232 551 5423 6342 13074 15734 1350 7901 9403 5678 480 15386 6694 214 23 13123 465 14275 3078 6967 4931 7673 17770 207 7343 17241 830 12936 11621 1915 415 12326 8270 10412 3617 16627 13379 5091 16932 9306 17180 8768 7269 16200 8473 12196 3131 13186 10767 2604 7956 299 27 17955 383 15395 17370 16466 100 28 18344 18478 4286 14393 15338 7691 17003 8389 17316 13699 12160 16325 11258 3524 7250 4530 17468 9790 962 7654 13515 16334 1923 15259 6050 8031 16083 16548 8171 11067 10419 12586 5306 9933 6545 6659 17944 10411 10630 7439 10247 15455 17775 10551 10220 11793 10256 11699 11228 9614 6250 15859 14942 16467 16473 14916 17639 104 90 13388 13428 136 91 16363 340 3713 15917 14842 490 12635 532 9385 17246 452 18282 555 4551 557 7921 18472 13784 14162 15832 13685 468 12230 16767 5315 4895 297 3586 12817 6587 12940 14579 8485 2882 6407 16722 16119 17769 15756 15739 180 147 11890 270 17778 392 18396 494 2445 6556 5392 15749 15462 17954 18345 6650 2784 18145 183 14411 13844 17250 14587 6616 18269 3163 15647 531 17715 17965 13912 18359 17230 17425 6961 13404 18353 11009 1962 1216 4167 13528 3161 8565 3839 9615 18270 15110 552 18448 9283 3585 6742 16024 17672 2593 9972 2688 6980 12265 3566 6167 14244 15379 17667 15718 2348 11631 11801 14823 7683 2910 17734 16869 433 18004 509 6476 16459 13203 6239 17526 6598 5159 12572 3086 15945 16934 16120 701 3149 9772 17353 478 11444 10130 16707 2451 5949 9503 12649 16633 9296 9073 4087 12881 12662 17222 16967 236 15871 17858 12120 18291 17185 17549 13492 4848 2659 15138 14146 10947 15911 11038 8077 6307 14160 4289 1402 14310 2205 4720 14476 5550 15402 14122 10499 8746 16846 16229 11185 6500 11686 17859 9281 8952 1466 14026 5712 15652 16329 6631 10030 13042 2233 4374 2926 14539 17877 3612 7835 2322 16448 9169 18156 18289 11914 9543]
start 26 psup 4 p 5 m 0 [11479 290 1 13096 475 10761 561 11618 25 11682 41 15161 82 15699 254 18213 408 15006 487 16667 159 15625 412 15716 417 7946 460 12037 274]
start 5 psup 8 p 5 m 4 [18213 408]
start 23 psup 4 p 6 m 4 [18213 408]
start 22 psup 3 p 7 m 0 [11479 290 1 13096 475 10761 561 7164 22 2 11618 25 11682 41 10425 79 15161 82 15699 254 18213 408 10277 446 4403 470 15006 487 16667 159 15625 412 15716 417 7946 460 3120 496 9729 534 8097 228 12037 274 16045 303 13850 414 5089 462 15833 19 8 9809 33 2830 157 18478 4286 14393 15338 7691 17003 8389 17316 17468 9790 962 7654 13515 16334 1923 15259 6050 8031 16083 16548 8171 11067 10419 12586 5306 9933 17944 10411 10630 15455 17775 10551 10220 11793 10256 11699 11228 9614 6250 15859 14942 16467 16473 14916 13211 2135 17639 104 90 13388 13428 136 91 16363 340 18282 555 4551 557 7921 18405 7394 15519 18432 17299 14184 8051 13890 10367 6432 13733 3259 2028 5464 8941 17206 484 18395 15898 13107 18472 13784 14162 15832 17769 15756 15739 180 147 11890 270 8590 346 17778 392 18396 494 2445 6556 5392 7189 15749 15462 1071 16269 18057 9275 15853 472 15310 18345 6650 2784 18145 183 14411 13844 17250 14587 6616 7411 18269 3163 15647 531 17715 17965 13912 18359 14681 8919 7172 12148 5601 11125 10189 13433 10867 3838 8545 13029 8401 17230 17425 6961 10804 10198 13404 11030 18353 11009 1962 1216 4167 13528 3161 8565 3839 9615 18270 15110 552 18448 1779 9283 3585 6742 16024 17672 2593 9972 2688 6980 12265 3566 6167 14244 15379 17667 15718 2348 11631 11801 7724 14823 17734 7856 16386 16869 18004 6476 2733 15753 16459 17526 6598 5159 12572 3086 13826 15945 16934 16120 701 3149 9772 17353 478 16707 2451 5949 12649 16633 9296 9073 4087 12881 644 12662 17222 16967 236 15871]
start 15 psup 4 p 7 m 0 [11479 290 1 13096 475 10761 561 7164 22 2 11618 25 11682 41 10425 79 15161 82 15699 254 18213 408 10277 446 4403 470 15006 487 16667 159 15625 412 15716 417 7946 460 3120 496 9729 534 8097 228 12037 274 16045 303 13850 414 5089 462 15833 19 8 9809 33 2830 157 18478 4286 14393 15338 7691 17003 8389 17316 17468 9790 962 7654 13515 16334 1923 15259 6050 8031 16548 8171 11067 10419 12586 5306 9933 17944 10411 10630 15455 17775 10551 10220 11793 10256 11699 11228 9614 6250 15859 14942 16467 16473 14916 17639 104 90 13388 13428 136 91 16363 340 18282 555 4551 557 7921 18405 7394 15519 18432 17299 14184 8051 13890 10367 6432 13733 3259 2028 5464 8941 17206 484 18395 15898 13107 18472 13784 14162 15832 17769 15756 15739 180 147 11890 270 8590 346 17778 392 18396 494 2445 6556 5392 7189 15749 15462 1071 16269 18057 9275 15853 472 15310 18345 6650 2784 18145 183 14411 13844 17250 14587 6616 7411 18269 3163 15647 531 17715 17965 13912 18359 14681 8919 12148 5601 11125 10189 13433 13029 8401 17230 17425 6961 10804 10198 13404 11030 18353 11009 1962 1216 4167 13528 3161 8565 3839 9615 18270 15110 552 18448 1779 9283 3585 6742 16024 17672 2593 9972 2688 6980 12265 3566 6167 14244 15379 17667 15718 2348 11631 11801 7724 14823 17734 16386 16869 18004 6476 2733 15753 16459 17526 6598 5159 12572 3086 13826 15945 16934 16120 701 3149 9772 17353 478 16707 2451 5949 12649 16633 9296 9073 4087 12881 644 12662 17222 16967 236 15871]
start 1 psup 6 p 7 m 0 [18213 408]
start 5 psup 6 p 7 m 4 [18213 408]
start 6 psup 6 p 7 m 5 [18213 408]
start 25 psup 3 p 8 m 0 [18213 408 15006 487 16667 159 14920 172 4161 197 15625 412 15716 417 7946 460 3120 496 9729 534 16045 303 13850 414 5089 462 15833 19 8 9809 33 2830 157 17989 571 16486 227 11 12092 376 17528 410 17788 24 15 18361 337 14819 339 13946 372 8488 438 16921 507 12679 516 8555 527 1817 575 8368 584 6553 139 16 4858 550 2943 95 17 4570 130 17519 190 14130 326 15209 364 8255 10349 17556 428 14092 18344 18478 4286 14393 15338 7691 17003 8389 17316 17468 9790 7654 13515 16334 1923 15259 6050 8031 16083 16548 8171 11067 10419 12586 5306 9933 17944 10411 10630 7439 10247 1186 17775 10551 10220 11793 10256 11699 11228 9614 6250 16467 16473 14916 17639 104 90 13388 13428 16363 340 3713 15917 14842 490 12635 532 9385 17246 452 18432 17299 18472 13784 15832 17769 15756 15739 180 147 11890 270 17778 392 18396 494 2445 6556 5392 15749 15462 18345 6650 2784]
start 18 psup 3 p 8 m 1 [18213 408 16667 159 14920 172 4161 197 12331 333 15625 412]
start 2 psup 5 p 8 m 1 [18213 408]
start 19 psup 3 p 8 m 2 [16714 515 18213 408 18219 261 11774 273 17955 383 15395 17370]
start 20 psup 3 p 9 m 1 [18213 408]
start 13 psup 4 p 9 m 3 [18213 408]
start 16 psup 3 p 9 m 6 [18213 408 16667 159 14920 172 4161 197 15625 412]
start 9 psup 4 p 9 m 8 [18213 408]
start 3 psup 4 p 10 m 2 [18213 408]
start 16 psup 3 p 10 m 5 [11479 290 1 13096 475 10761 561 11618 25 11682 41 15161 82 15699 254 18213 408 15006 487 16667 159 15625 412 15716 417 7946 460]
start 6 psup 4 p 10 m 5 [18213 408 15006 487 16667 159]
