start 1 psup 3 p 2 m 0 [18213 408 18361 337 14819 339 13946 372 8488 438 17519 190 14130 326 15209 364 17556 428 14092 563 18344 18382 4042 466 5428 489 15824 568 18253 18435]
start 1 psup 4 p 2 m 0 [18213 408 18361 337 14819 339 13946 372 8488 438 17519 190 14130 326 15209 364 17556 428 14092 563 18344]
start 1 psup 3 p 3 m 0 [18213 408 10277 446 4403 470 15006 487 12156 370 4674 435 11908 524 5275 37 6 9595 61 2118 62 16667 159 15625 412 15716 417 7946 460 3120 496 9729 534 16045 303 13850 414 5089 462 15833 19 8 9809 33 2830 157 18361 337 14819 339 13946 372 2832 387 8488 438 16921 507 12679 516 8555 527 1817 575 8368 584 6553 139 16 4858 550 2943 95 17 4570 130 17519 190 14130 326 15209 364 8255 10349 17556 428 14092 18344 18275 18152 152 17071 498 10876 249 31 6294 314 11380 7342 423 7270 5189 332 1452 393 8011 16706 8291 18478 4286 14393 15338 7691 17003 8389 17316 17468 9790 962 7654 13515 16334 1923 15259 6050 7073 2534 8031 16083 16548 8171 11067 10419 12586 5306 9933 17944 10411 10630 7439 9604 9056 10247 17775 10551 10220 11793 10256 11699 11228 9614 6250 16467 16473 14916 17639 104 90 13388 13428 16363 340 3713 15917 14842 490 12635 532 5782 9385 17246 452 18432 17299 18472 13784 15832 17769 15756 15739 180 147 11890 270 8590 346 17778 392 9375 514 2487 17328 18396 494 2445 6556 5392 7189 15749 15462 1071 16269 18057 8448 18092 18345 6650 2784]
start 2 psup 3 p 3 m 1 [18213 408 18361 337 14819 339 13946 372 8488 438 17519 190 14130 326 15209 364 17556 428 14092 563 18219 261 11774 273 17955 383 15395 17370 18344]
start 4 psup 3 p 3 m 0 [18213 408 10277 446 4403 470 15006 487 16667 159 15625 412 15716 417 7946 460 3120 496 9729 534 16045 303 13850 414 5089 462 15833 19 8 9809 33 2830 157 18361 337 14819 339 13946 372 2832 387 8488 438 16921 507 12679 516 8555 527 1817 575 8368 584 6553 139 16 4858 550 2943 95 17 4570 130 17519 190 14130 326 15209 364 8255 10349 17556 428 14092 18344 18275 18152 152 17071 498 10876 249 31 6294 314 16706 8291 18478 4286 14393 15338 7691 17003 8389 17316 17468 9790 962 7654 13515 16334 1923 15259 6050 8031 16083 16548 8171 11067 10419 12586 5306 9933 17944 10411 10630 7439 10247 17775 10551 10220 11793 10256 11699 11228 9614 6250 16467 16473 14916 17639 104 90 13388 13428 16363 340 3713 15917 14842 490 12635 532 5782 9385 17246 452 18432 17299 18434 7388 16319 12777 7312 17927 2142 15959 18414 8493 5983 12924 18422 13422 18037 8753 11231 2543 17776 266 4461 447 3769 13381 18472 13784 15832 17769 15756 15739 180 147 11890 270 8590 346 17778 392 17328 18396 494 2445 6556 5392 7189 15749 15462 1071 16269 18057 8448 18345 6650 2784]
start 1 psup 4 p 3 m 0 [18213 408 10277 446 4403 470 15006 487 16667 159 15625 412 15716 417 7946 460 3120 496 9729 534 16045 303 13850 414 5089 462 15833 19 8 9809 33 2830 157 18361 337 14819 339 13946 372 2832 387 8488 438 16921 507 12679 516 8555 527 1817 575 8368 584 6553 139 16 4858 550 2943 95 17 4570 130 17519 190 14130 326 15209 364 8255 10349 17556 428 14092 18344 18275 18152 152 17071 498 10876 249 31 6294 314 16706 8291 18478 4286 14393 15338 7691 17003 8389 17316 17468 9790 962 7654 13515 16334 1923 15259 6050 8031 16083 16548 8171 11067 10419 12586 5306 9933 17944 10411 10630 7439 10247 17775 10551 10220 11793 10256 11699 11228 9614 6250 16467 16473 14916 17639 104 90 13388 13428 16363 340 3713 15917 14842 490 12635 532 5782 9385 17246 452 18432 17299 18472 13784 15832 17769 15756 15739 180 147 11890 270 8590 346 17778 392 17328 18396 494 2445 6556 5392 7189 15749 15462 1071 16269 18057 8448 18345 6650 2784]
start 8 psup 3 p 2 m 1 [11479 290 1 18213 408 15006 487 16667 159 15625 412 15716 417 7946 460 3120 496 9729 534 18361 337 14819 339 13946 372 17519 190 14130 326 15209 364 17556 428 14092 563 18219 261 11774 273 17955 383 15395 17370 18344]
start 5 psup 3 p 3 m 1 [18213 408 18361 337 14819 339 13946 372 8488 438 17519 190 14130 326 15209 364 17556 428 14092 18344 18382 4042 466 5428 489 15824 568 18435]
start 2 psup 4 p 3 m 1 [18213 408 18361 337 14819 339 13946 372 8488 438 17519 190 14130 326 15209 364 17556 428 14092 18344]
start 6 psup 3 p 3 m 2 [17603 558 5103 103 9439 319 3468 359 18213 408 18472 13784 17769 17778 392 13747 14794 18396 494 6556 15749 17954 17052 9136 557 9749 14598 15047 17953 17774 18123 8089 18261 2710]
start 3 psup 3 p 4 m 2 [18213 408 10277 446 4403 470 15006 487 7485 108 4 9724 301 18361 337 14819 339 13946 372 2832 387 8488 438 16921 507 12679 516 8555 527 1817 575 8368 584 6553 139 16 4858 550 2943 95 17 4570 130 17519 190 14130 326 15209 364 8255 10349 17556 428 14092 18344 18275 3781 102 30 18152 152 17071 498 10876 6294 11380 7342 423 7270 5189 332 1452 393 8011 16706 8291 18478 4286 14393 15338 7691 17003 8389 17316 17468 9790 7654 13515 16334 1923 15259 6050 7073 2534 8031 16083 16548 8171 11067 10419 12586 5306 9933 17944 10411 10630 7439 9604 9056 10247 17775 10551 10220 11793 10256 11699 11228 9614 6250 16467 16473 14916 17639 104 90 13388 13428 136 91 16363 340 3713 15917 14842 490 12635 532 5782 9385 17246 452 18432 17299 18434 7388 16319 12777 7312 17927 2142 11458 4893 3390 3108 15959 18414 8493 5983 18422 13422 18037 8753 11231 2543 17776 266 4461 447 3769 13381 18472 13784 15832 17769 15756 15739 180 147 11890 270 8590 346 17778 392 9375 514 2487 17328 18396 494 2445 6556 5392 7189 15749 15462 1071 16269 18057 8448 18092 18345 6650 2784 16017 179 14475 18145 183 14411 13844 17250 18359 14681 8919 7172 12148 5601 11125 10189 13433 10867 3838 8545 13029 17425 6961 10804 10198 13404 11030 7766 18353 11009 1962 1216 4167 13528 3161 8565 7767 7565 3861 6930 7361 9615 1775 8209 14493 18270 15110 552]
start 10 psup 3 p 2 m 1 [18213 408 18460 18382 431 4042 466 5428 489 15824 568 18253 8242 8459 14270 17558 18435 12173 1565 9669 12862 5946 11752 9366 18015 17895 12975 14993 321 75 1542 386 2651]
start 7 psup 3 p 3 m 0 [18213 408 10277 446 4403 470 15006 487 16667 159 15625 412 15716 417 7946 460 3120 496 9729 534 16045 303 13850 414 5089 462 15833 19 8 9809 33 2830 157 18361 337 14819 339 13946 372 2832 387 8488 438 16921 507 12679 516 8555 527 1817 575 8368 584 6553 139 16 4858 550 2943 95 17 4570 130 17519 190 14130 326 15209 364 8255 10349 17556 428 14092 563 18344 18275 18152 152 17071 498 10876 249 31 6294 314 16706 8291 18478 4286 14393 15338 7691 17003 8389 17316 17468 9790 962 7654 13515 16334 1923 15259 6050 8031 16083 16548 8171 11067 10419 12586 5306 9933 17944 10411 10630 7439 10247 15455 17775 10551 10220 11793 10256 11699 11228 9614 6250 16467 16473 14916 17639 104 90 13388 13428 136 16363 340 3713 15917 14842 490 18282 555 4551 557 7921 18432 17299 18434 7388 16319 12777 7312 17927 2142 15959 16791 3604 5121 16538 18414 8493 5983 12924 18422 13422 18037 8753 11231 2543 17776 266 4461 447 3769 13381 18472 13784 15832 13685 468 12230 16767 526 5315 4895 297 3586 12817 6587 12940 14579 8485 2882 6407 4800 145 16722 15469 16119 17769 15756 15739 180 147 11890 270 8590 346 17778 392 17328 18396 494 2445 6556 5392 7189 15749 15462 1071 16269 18057 8448 18345 6650 2784 18145 183 14411 13844 17250 18359 14681 8919 7172 12148 5601 11125 10189 13433 10867 3838 8545 13029 8401 17425 6961 10804 10198 13404 11030 7766 18353 11009 1962 1216 4167 13528 3161 8565 9615 1775 8209 18270 15110 552 18448 1779 9283 3585 6742 16024 17672 2593]
start 4 psup 4 p 3 m 0 [18213 408 10277 446 4403 470 15006 487 16667 159 15625 412 15716 417 7946 460 3120 496 9729 534 16045 303 13850 414 5089 462 15833 19 8 9809 33 2830 157 18361 337 14819 339 13946 372 2832 387 8488 438 16921 507 12679 516 8555 527 1817 575 8368 584 6553 139 16 4858 550 2943 95 17 4570 130 17519 190 14130 326 15209 364 8255 10349 17556 428 14092 18344 18275 18152 152 17071 498 10876 249 31 6294 314 16706 8291 18478 4286 14393 15338 7691 17003 8389 17316 17468 9790 962 7654 13515 16334 1923 15259 6050 8031 16083 16548 8171 11067 10419 12586 5306 9933 17944 10411 10630 7439 10247 17775 10551 10220 11793 10256 11699 11228 9614 6250 16467 16473 14916 17639 104 90 13388 13428 16363 340 3713 15917 14842 490 18432 17299 18434 7388 16319 12777 7312 17927 2142 15959 18414 8493 5983 12924 18422 13422 18037 8753 11231 2543 17776 266 4461 447 3769 13381 18472 13784 15832 17769 15756 15739 180 147 11890 270 8590 346 17778 392 17328 18396 494 2445 6556 5392 7189 15749 15462 1071 16269 18057 8448 18345 6650 2784]
start 1 psup 5 p 3 m 0 [18213 408 10277 446 4403 470 15006 487 16667 159 15625 412 15716 417 7946 460 3120 496 9729 534 16045 303 13850 414 5089 462 15833 19 8 9809 33 2830 157 18361 337 14819 339 13946 372 2832 387 8488 438 16921 507 12679 516 8555 527 1817 575 8368 584 6553 139 16 4858 550 2943 95 17 4570 130 17519 190 14130 326 15209 364 8255 10349 17556 428 14092 18344 18275 18152 152 17071 498 10876 249 31 6294 314 16706 8291 18478 4286 14393 15338 7691 17003 8389 17316 17468 9790 962 7654 13515 16334 1923 15259 6050 8031 16083 16548 8171 11067 10419 12586 5306 9933 17944 10411 10630 7439 10247 17775 10551 10220 11793 10256 11699 11228 9614 6250 16467 16473 14916 17639 104 90 13388 13428 16363 340 3713 15917 14842 490 18432 17299 18472 13784 15832 17769 15756 15739 180 147 11890 270 8590 346 17778 392 17328 18396 494 2445 6556 5392 7189 15749 15462 1071 16269 18057 8448 18345 6650 2784]
start 11 psup 3 p 2 m 0 [18213 408 10277 446 4403 470 15006 487 18361 337 14819 339 13946 372 2832 387 8488 438 16921 507 12679 516 8555 527 1817 575 8368 584 6553 139 16 4858 550 2943 95 17 4570 130 17519 190 14130 326 15209 364 8255 10349 17556 428 14092 18344 18275 18152 152 17071 498 10876 6294 11380 7342 423 7270 199 32 5189 332 1452 393 8011 16706 8291 18478 4286 14393 15338 7691 17003 8389 17316 17468 9790 962 7654 13515 16334 1923 15259 6050 8031 16548 8171 11067 10419 12586 5306 9933 17944 10411 10630 17775 10551 10220 11793 10256 11699 11228 9614 6250 16467 16473 14916 17639 104 90 13388 13428 136 16363 340 3713 15917 14842 490 18432 17299 18434 7388 16319 17927 2142 11458 4893 3390 3108 15959 18422 13422 18037 8753 11231 2543 17776 266 4461 447 3769 13381 18472 13784 15832 17769 15756 15739 180 147 11890 270 8590 346 17778 392 9375 514 2487 17328 18396 494 2445 6556 5392 7189 15749 15462 1071 16269 18057 8448 18092 8576 17113 1610 2537 12083 5730 3726 10058 16545 9132 5967 1873 9494 8534 15015 15205 9008 12844 12320 251 18345 6650 2784 18145 183 14411 13844 17250 18359 14681 8919 7172 12148 11125 10189 13433 10867 3838 8545 13029 18353 11009 1962 1216 4167 13528 3161 8565 7767 9615 1775 8209 18270 212 15110 552]
start 2 psup 3 p 5 m 1 [11479 290 1 13096 475 10761 561 11618 25 11682 41 15161 82 15699 254 18213 408 15006 487 16667 159 15625 412 15716 417 7946 460 3120 496 9729 534 8097 228 12037 18361 337 14819 339 13946 372 17519 190 14130 326 15209 364 16519 97 14976 10676 304 4923 17556 428 14092 563 18219 261 20 11774 273 17955 383 15395 17370 18344]
start 12 psup 3 p 2 m 1 [13096 475 10761 561 11682 41 18213 408 4403 470 16231 577 7485 108 4 9724 301 15971 536 5275 37 18460 4176 8563 18382 431 4042 466 5428 489 15824 568 18253 8242 8459 14270 17558 98 63 18435 146 71 12173 1565 9669 12862 5946 362 11752 9366 18015 13046 17895 12975 14993 321 1542 386 2651 76]
start 10 psup 4 p 2 m 1 [18213 408 18460 18382 431 4042 466 5428 489 15824 568 18253 8242 8459 14270 17558 18435 12173 1565 9669 12862 5946 11752 9366 18015 17895 12975 14993 321 1542 386 2651]
start 9 psup 3 p 3 m 2 [13096 475 10761 561 11682 41 18213 408]
start 3 psup 3 p 5 m 2 [18213 408 10277 446 4403 470 15006 487 7485 108 4 9724 301 5815 454 12156 370 5 4674 435 11908 524 5275 37 6 9595 61 2118 62 16667 159 14986 338 15625 412 15716 417 7946 460 3120 496 9729 534 14100 558 8097 228 7 12037 274 16045 303 13850 414 5089 462 15833 19 8 9809 33 2830 157 17160 98 9 15307 126 7663 219 16274 529 12456 143 10 14763 439 17989 571 16486 227 11 10268 234 10934 285 12092 376 17158 434 6270 573 12551 12081 506 4569 549 15531 99 13 9673 166 14315 421 14407 535 1773 14 16618 193 3121 17528 410 17788 24 15 8717 26 1518 64 7569 83 18361 337 14819 339 13946 372 2832 387 8488 438 16921 507 12679 516 8555 527 1817 575 8368 584 6553 139 16 16136 520 17519 190 18 14130 326 15209 364 8255 10349 11121 117 14976 7143 247 10676 304 4923 322 4383 388 17556 428 14092 563 5178 50 20 18344 18275 3781 102 30 18152 152 17071 498 10876 249 31 6294 314 11380 7342 423 7270 199 32 5189 332 1452 393 8011 16706 8291 18298 3179 10963 8908 2818 16976 9160 11559 17360 9528 16687 4809 6234 12311 939 10492 13806 3877 14620 2521 313 9755 341 4405 366 12756 11256 458 3692 481 17738 44 16644 310 12345 422 13712 3186 17282 17861 7919 10872 492 2881 17722 171 46 9808 255 8041 278 13193 294 10993 316 5645 320 8669 374 13757 409 11361 427 15723 440 4849 469 3854 500 2345 522 14672 582 17365 7693 222 9313 6688 16092 10396 378 3148 418 6922 510 9292 48 6231 49 6036 158 15441 13674 16171 17739 357 6569 380 5417 7234 81 54 14109 450 7803 553 12203 17238 16022 10455 11635 4695 7109 109 17932 57 8417 18326 16088 2312 281 58 18067 59 6652 210 18382 431 4042 466 5428 489 15824 568 11413 2417 5364 2759 18305 3072 17583 8609 12263 12498 4794 14757 13363 11754 1147 12570 16222 2158 8571 6575 1811 8229 17063 10613 2895 17701 8903 12477 8341 14946 14919 15080 17447 13080 9442 8122 14822 3402 277 5331 10397 3435 548 5333 9019 8079 12447 11443 6615 14231 15232 368 4793 3370 18435 3535 1565 72 9669 11752 9366 13018 73 4835 11740 291 12975 394 14195 537 12904 13779 10055 14253 517 602 540 14993 321 1542 386 2651 258 76 7251 345 3470 101 77 12428 275 7892 296 10669 325 18026 359 12715 373 12248 425 11949 499 6132 519 14934 533 15861 546 12022 581 15360 238 78 9779 518 10851 5295 1539 2889 3243 17225 4143 18478 4286 14393 4366 15338 7691 17003 8389 17316 16678 11773 13699 12160 1226 16325 11258 3524 17468 9790 7654 13515 16334 1923 15259 6050 7073 2534 8031 16083 16548 8171 7497 11067 10419 12586 5306 9933 7664 5149 6545 6659 17944 10411 10630 7439 9604 9056 10247 1186 17775 10551 10220 11793 10256 11699 11228 9614 6250 2771 16467 16473 14916 17271 2894 11460 8617 13211 17639 104 90 13388 13428 136 16363 340 3713 15917 14842 490 18282 555 4551 557 7598 7921 18432 17299 18434 7388 191 16319 5622 8687 12777 7312 17927 2142 11458 4893 3390 857 3108 15959 16791 3604 5121 16538 18414 8493 5983 12924 18422 13422 1623 18037 8753 11231 2543 8146 17776 266 4461 447 3769 13381 8520 7223 18472 13784 15832 13685 468 12230 16767 526 5315 4895 297 3586 12817 6587 12940 14579 8485 2882 6407 4800 145 12695 381 16722 15469 16119 17769 15756 15739 180 147 11890 270 8590 346 17778 392 9375 514 2487 12451 2808 3172 9016 7777 562 17328 18396 494 2445 6556 5392 7189 15749 15462 1071 16269 15047 11783 7455 7506 1271 17774 264 2674 486 8430 3539 11613 3095 9195 1535 11492 211 8089 246 7632 18057 8448 18092 8576 18233 308 14667 15905 14279 419 6320 433 15424 509 16645 17376 566 4580 175 16513 443 176 15974 14352 15156 6874 5272 16356 14619 8056 10488 14746 8064 17658 4484 6649 13631 1748 18345 6650 2784 16017 179 14475 18145 183 14411 324 13844 2012 17250 18359 14681 8919 7172 12148 5601 11125 10189 13433 10867 3838 8545 13029 8401 11028 17425 6961 10804 10198 13404 11030 7766 18353 11009 1962 1216 4167 13528 3161 8565 7767 7565 3861 6930 7361 9615 1775 8209 14493 18270 212 15110 552 18448 1779 9283 1386 3585 6742 16024 17672 2593 18447 4606 5039 8761 16227 16096 12632 9235 15229 2083 7968 2563 5734 5539 11024 7024 4711 8514 2380 14481 7799 17055 18342 10324 12473 3068 3038 1252 11394 13386 3863 1874 16828 2742 467 3430 2917 2280 5948 295 13498 12419 8437 604 6756 6937 8021 4887 17488 1421 5582 9069 3970 10894 10578 3636 13400 12978 17867 6135 11055 7836 12460 16621 3017 449 1852 7986 10689 16384 6025 11427 3043 9602 3250 700 14777 12913 13820 1108 18115 15658 5224 14463 15003 16261 12605 12443 16604 7817 1328 17551 15535 12354 16000 16991 10708 16063 11094 914 13556 875 10845 5347 18074 7948 18097 14296 14967 16066 10212 17564 5009 15050 4431 8301 8958 17809 10153 7070 730 18296 1909 4396 3853 18425 10842 16485 11954 13122 7153 16461 2693 10002 2758 395 17796 11260 9748 734 10036 7490 15461 16657 15056 1388 10955 12259 18228 6541 18105 4513 17036 10051 15713 8487 2647 17051 15575 12585 11529 17714 2714 17093 1102 2708 7990 878 17798 681 18051 15266 2314 8752 18366 4088 14700 15952 1672 17941 13858 1546 15894 16591 1373 5754 11044 15928 14718 5248 17640 3684 10995 16564 6534 7838 13399 9859 3083 14168 6208 1860 4881 12094 14361 14191 8370 11320 16693 12654 5663 9066 2745 8812 2668 16121 13470 640 4930 14027 14234 8223 12748 10080 18362 13254 11522 4833 8737 1634 8922 13059 15210 8210 1439 4721 15316 13055 3461 13537 5127 9530 11611 7875 1719 5667 9577 6783 14487 16784 15697 16134 17822 2371 12162 15687 13709 4221 9379 13390 13662 11169 11150 16864 12734 16941 14953 16682 11966 9705 2900 12017 12730 14886 4957 17424 7516 8376 10092 14658 12415 17146 3562 9487 11438 7077 9743 4398 6240 7977 16656 3976 15495 10484 17409 7219 11900 11931 16108 13092 10392 11512 16955 16998 600 6939 16959 18038 17945 10903 14693 2216 17716 6607 15291 11938 14689 1674 3116 18149 8887 11895 1945 10628 9935 17710 10875 1234 5900 17616 11314 4774 16101 7267 15264 921 1848 6862 17918 18235 4129 18392 5336 9925 13713 11886 5451 9326 2901 18226 12367 11500 9942 17151 13870 8236 15615 16814 1921 1238 10529 10960 7933 18381 15128 16637 4376 14833 7063 8461 8201 12136 15660 12878 14987 6805 13752 15656 18375 11327 17543 9656 16109 13605 14653 15571 18220 5528 2728 18242 14153 10466 1679 8344 1293 16965 955 1396 18347 14694 8566 6574 11779 15599 17523 3569 12627 11266 1064 2415 3445 18263 14836 6896 7793 18439 2112 6079 7103 7928 6865 17418 3496 11255 18139 5443 7604 11570 3959 9558 1557 8471 12204 13572 13867 5276 10847 1196 17868 15477 7136 995 15810 8288 17630 17287 7725 17169 4759 16702 9778 10794 7816 8766 17227 18318 6026 8034 648 12922 10201 7409 14998 15691 10597 13447 16594 4226 15641 8806 3924 15065 16654 6948 17465 15066 3972 15896 15684 16086 17831 1283 4028 17801 1288 8880 1270 14203 15537 11118 9290 12104 11039 16840 9810 9248 13916 18307 17356 10650 7398 11608 4686 3472 10979 15384 4540 7150 15339 3092 8898 5591 10157 15432 1947 6480 3653 10970 5671 13961 13914 13182 4113 7739 11802 14266 15541 11304 1764 2211 8635 1918 18436 16426 17382 4104 11391 10158 11362 8546 11360 6137 15285 4471 17847 3806 12164 10552 16316 1112 17570 9858 9514 3360 12492 17397 18223 13604 833 7628 5564 15346 4013 7365 18309 9756 17179 13758 930 17012 14631 14418 12781 10290 16306 6917 13392 2124 11469 6898 11728 2680 3848 10827 8871 4515 11368 14406 15510 17654 8944 5629 2622 4291 8937 16310 11132 16576 15071 18054 16984 3191 4771 6395 18380 17336 15534 9473 12763 18186 12157 1133 2033 4030 17711 10654 8813 4365 3195 9107 8252 10447 5589 8286 958 9123 8359 7292 10878 10981 17277 11777 17909 12258 12870 13347 11838 11387 9165 17646 8140 9329 8521 7272 14705 2874 13939 15275 6442 6438 5752 12412 3597 10175 6181 5322 11222 6361 9381 5069 17735 12069 4666 7399 12474 16952 5631 6301 13393 15543 12479 4710 9633 9555 3055 13551 11012 17816 4827 3595 5765 9716 18134 10120 14011 8796 1044 18079]
start 13 psup 3 p 2 m 0 [18213 408 10277 446 4403 470 15006 487 16667 159 14920 172 4161 197 15625 412 15716 417 7946 460 3120 496 9729 534 16045 303 13850 414 5089 462 15833 19 8 9809 33 2830 157 18478 4286 14393 15338 7691 17003 8389 17316 17468 9790 962 7654 13515 16334 1923 15259 6050 8031 16548 8171 11067 10419 12586 5306 9933 17944 10411 10630 14354 15455 17775 10551 10220 11793 10256 11699 11228 9614 6250 16467 16473 14916 17639 104 90 13388 13428 136 16363 340 3713 15917 14842 490 18282 555 4551 557 7921 18432 17299 18472 13784 15832 13685 468 12230 16767 5315 4895 3586 12817 6587 12940 14579 8485 2882 6407 4800 145 12695 381 16722 16119 17769 15756 15739 180 147 11890 270 8590 346 17778 392 18396 494 2445 6556 5392 7189 15749 15462 1071 16269 18057 18345 6650 2784 18145 183 14411 13844 17250 18359 14681 8919 7172 12148 11125 10189 13433 10867 3838 8545 13029 8401 18353 11009 1962 1216 4167 13528 3161 8565 9615 18270 212 15110 552 18448 1779 9283 3585 6742 16024 17672 2593]
start 11 psup 4 p 2 m 0 [18213 408 10277 446 4403 470 15006 487 18478 4286 14393 15338 7691 17003 8389 17316 17468 9790 962 7654 13515 16334 1923 15259 6050 8031 16548 8171 11067 10419 12586 5306 9933 17944 10411 10630 17775 10551 10220 11793 10256 11699 11228 9614 6250 16467 16473 14916 17639 104 90 13388 13428 136 16363 340 3713 15917 14842 490 18432 17299 18472 13784 15832 17769 15756 15739 180 147 11890 270 8590 346 17778 392 18396 494 2445 6556 5392 7189 15749 15462 1071 16269 18057 18345 6650 2784 18145 183 14411 13844 17250 18359 14681 8919 7172 12148 11125 10189 13433 10867 3838 8545 13029 18353 11009 1962 1216 4167 13528 3161 8565 9615 18270 212 15110 552]
start 10 psup 3 p 3 m 0 [18213 408 15006 487 16667 159 14920 172 4161 197 15625 412 15716 417 7946 460 3120 496 9729 534 16045 303 13850 414 5089 462 15833 19 8 9809 33 2830 157 17989 571 16486 227 11 12092 376 17528 410 17788 24 15 18361 337 14819 339 13946 372 8488 438 16921 507 12679 516 8555 527 1817 575 8368 584 6553 139 16 4858 550 2943 95 17 4570 130 17519 190 14130 326 15209 364 8255 10349 17556 428 14092 563 18344 18478 4286 14393 15338 7691 17003 8389 17316 17468 9790 962 7654 13515 16334 1923 15259 6050 8031 16083 16548 8171 11067 10419 12586 5306 9933 17944 10411 10630 7439 10247 1186 4538 6237 14354 15455 17775 10551 10220 11793 10256 11699 11228 9614 6250 16467 16473 14916 17639 104 90 13388 13428 136 16363 340 3713 15917 14842 490 18282 555 4551 557 7921 18432 17299 18472 13784 15832 13685 468 12230 16767 5315 4895 297 3586 12817 6587 12940 14579 8485 2882 6407 12695 381 16722 16119 17769 15756 15739 180 147 11890 270 17778 392 18396 494 2445 6556 5392 15749 15462 18345 6650 2784 18145 183 14411 13844 17250 18359 17425 6961 13404 18353 11009 1962 1216 4167 13528 3161 8565 9615 18270 212 15110 552 18448 9283 3585 6742 16024 17672 2593]
start 7 psup 4 p 3 m 0 [18213 408 15006 487 16667 159 15625 412 15716 417 7946 460 3120 496 9729 534 16045 303 13850 414 5089 462 15833 19 8 9809 33 2830 157 18361 337 14819 339 13946 372 8488 438 16921 507 12679 516 8555 527 1817 575 8368 584 6553 139 16 4858 550 2943 95 17 4570 130 17519 190 14130 326 15209 364 8255 10349 17556 428 14092 563 18344 18478 4286 14393 15338 7691 17003 8389 17316 17468 9790 962 7654 13515 16334 1923 15259 6050 8031 16083 16548 8171 11067 10419 12586 5306 9933 17944 10411 10630 7439 10247 15455 17775 10551 10220 11793 10256 11699 11228 9614 6250 16467 16473 14916 17639 104 90 13388 13428 136 16363 340 3713 15917 14842 490 18282 555 4551 557 7921 18432 17299 18472 13784 15832 13685 468 12230 16767 5315 4895 297 3586 12817 6587 12940 14579 8485 2882 6407 16722 16119 17769 15756 15739 180 147 11890 270 17778 392 18396 494 2445 6556 5392 15749 15462 18345 6650 2784 18145 183 14411 13844 17250 18359 17425 6961 13404 18353 11009 1962 1216 4167 13528 3161 8565 9615 18270 15110 552 18448 9283 3585 6742 16024 17672 2593]
start 1 psup 6 p 3 m 0 [18213 408 15006 487 16667 159 15625 412 15716 417 7946 460 3120 496 9729 534 16045 303 13850 414 5089 462 15833 19 8 9809 33 2830 157 18361 337 14819 339 13946 372 8488 438 16921 507 12679 516 8555 527 1817 575 8368 584 6553 139 16 4858 550 2943 95 17 4570 130 17519 190 14130 326 15209 364 8255 10349 17556 428 14092 18344 18478 4286 14393 15338 7691 17003 8389 17316 17468 9790 962 7654 13515 16334 1923 15259 6050 8031 16083 16548 8171 11067 10419 12586 5306 9933 17944 10411 10630 7439 10247 17775 10551 10220 11793 10256 11699 11228 9614 6250 16467 16473 14916 17639 104 90 13388 13428 16363 340 3713 15917 14842 490 18432 17299 18472 13784 15832 17769 15756 15739 180 147 11890 270 17778 392 18396 494 2445 6556 5392 15749 15462 18345 6650 2784]
start 7 psup 3 p 4 m 2 [18213 408 10277 446 4403 470 15006 487 18361 337 14819 339 13946 372 2832 387 8488 438 16921 507 12679 516 8555 527 1817 575 8368 584 6553 139 16 4858 550 2943 95 17 4570 130 17519 190 14130 326 15209 364 8255 10349 17556 428 14092 18344 18275 18152 152 17071 498 10876 6294 11380 7342 423 7270 5189 332 1452 393 8011 16706 8291 18478 4286 14393 15338 7691 17003 8389 17316 17468 9790 962 7654 13515 16334 1923 15259 6050 8031 16548 8171 11067 10419 12586 5306 9933 17944 10411 10630 17775 10551 10220 11793 10256 11699 11228 9614 6250 16467 16473 14916 17639 104 90 13388 13428 136 91 16363 340 3713 15917 14842 490 12635 532 5782 9385 17246 452 18432 17299 18434 7388 16319 17927 2142 11458 4893 3390 3108 15959 18422 13422 18037 8753 11231 2543 17776 266 4461 447 3769 13381 18472 13784 14162 15832 17769 15756 15739 180 147 11890 270 8590 346 17778 392 9375 514 2487 17328 18396 494 2445 6556 5392 7189 15749 15462 1071 16269 18057 8448 18092 18345 6650 2784 18145 183 14411 13844 17250 18359 14681 8919 7172 12148 11125 10189 13433 10867 3838 8545 13029 18353 11009 1962 1216 4167 13528 3161 8565 7767 9615 1775 8209 18270 15110 552]
start 3 psup 4 p 4 m 2 [18213 408 10277 446 4403 470 15006 487 18361 337 14819 339 13946 372 2832 387 8488 438 16921 507 12679 516 8555 527 1817 575 8368 584 6553 139 16 4858 550 2943 95 17 4570 130 17519 190 14130 326 15209 364 8255 10349 17556 428 14092 18344 18275 18152 152 17071 498 10876 6294 11380 7342 423 7270 5189 332 1452 393 8011 16706 8291 18478 4286 14393 15338 7691 17003 8389 17316 17468 9790 7654 13515 16334 1923 15259 6050 8031 16548 8171 11067 10419 12586 5306 9933 17944 10411 10630 17775 10551 10220 11793 10256 11699 11228 9614 6250 16467 16473 14916 17639 104 90 13388 13428 136 91 16363 340 3713 15917 14842 490 12635 532 5782 9385 17246 452 18432 17299 18434 7388 16319 17927 2142 11458 4893 3390 3108 15959 18422 13422 18037 8753 11231 2543 17776 266 4461 447 3769 13381 18472 13784 15832 17769 15756 15739 180 147 11890 270 8590 346 17778 392 9375 514 2487 17328 18396 494 2445 6556 5392 7189 15749 15462 1071 16269 18057 8448 18092 18345 6650 2784 18145 183 14411 13844 17250 18359 14681 8919 7172 12148 11125 10189 13433 10867 3838 8545 13029 18353 11009 1962 1216 4167 13528 3161 8565 7767 9615 1775 8209 18270 15110 552]
start 1 psup 3 p 6 m 0 [18213 408 10277 446 4403 470 15006 487 12156 370 4674 435 11908 524 5275 37 6 9595 61 2118 62 16667 159 15625 412 15716 417 7946 460 3120 496 9729 534 16045 303 13850 414 5089 462 15833 19 8 9809 33 2830 157 18361 337 14819 339 13946 372 2832 387 8488 438 16921 507 12679 516 8555 527 1817 575 8368 584 6553 139 16 4858 550 2943 95 17 4570 130 13312 328 2658 356 17519 190 14130 326 15209 364 8255 10349 17556 428 14092 563 18344 18275 18152 152 17071 498 10876 249 31 6294 314 11380 7342 423 7270 5189 332 1452 393 8011 16706 8291 18478 4286 14393 15338 7691 17003 8389 17316 17468 9790 962 7654 13515 16334 1923 15259 6050 7073 2534 8031 16083 16548 8171 11067 10419 12586 5306 9933 17944 10411 10630 7439 9604 9056 10247 15455 17775 10551 10220 11793 10256 11699 11228 9614 6250 16467 16473 14916 17639 104 90 13388 13428 136 16363 340 3713 15917 14842 490 18282 555 4551 557 7921 18432 17299 18472 13784 15832 13685 468 12230 16767 526 5315 4895 297 3586 12817 6587 12940 14579 8485 2882 6407 4800 145 16722 15469 16119 17769 15756 15739 180 147 11890 270 8590 346 17778 392 9375 514 2487 17328 18396 494 2445 6556 5392 7189 15749 15462 1071 16269 18057 8448 18092 18345 6650 2784 18145 183 14411 13844 17250 18359 14681 8919 7172 12148 5601 11125 10189 13433 10867 3838 8545 13029 8401 17425 6961 10804 10198 13404 11030 7766 18353 11009 1962 1216 4167 13528 3161 8565 7767 7565 3861 6930 7361 9615 1775 8209 18270 15110 552 18448 1779 9283 3585 6742 16024 17672 2593]
start 8 psup 3 p 4 m 3 [11479 290 1 18213 408 15006 487 16667 159 15625 412 15716 417 7946 460 3120 496 9729 534 18361 337 14819 339 13946 372 17519 190 14130 326 15209 364 17556 428 14092 563 18219 261 11774 273 17955 383 15395 17370 18344]
start 4 psup 4 p 4 m 3 [18213 408 15006 487 16667 159 15625 412 15716 417 7946 460 3120 496 9729 534 18361 337 14819 339 13946 372 17519 190 14130 326 15209 364 17556 428 14092 18344]
start 5 psup 3 p 5 m 4 [18213 408 18361 337 14819 339 13946 372 8488 438 17519 190 14130 326 15209 364 16519 97 14976 10676 304 4923 17556 428 14092 563 18219 261 11774 273 17955 383 15395 17370 18344]
start 15 psup 3 p 2 m 0 [11479 290 1 13096 475 10761 561 7164 22 2 11618 25 11682 41 10425 79 15161 82 15699 254 18213 408 10277 446 4403 470 15006 487 16667 159 15625 412 15716 417 7946 460 3120 496 9729 534 16045 303 13850 414 5089 462 15833 19 8 9809 33 2830 157 18478 4286 14393 15338 7691 17003 8389 17316 17468 9790 962 7654 13515 16334 1923 15259 6050 8031 16548 8171 11067 10419 12586 5306 9933 17944 10411 10630 14354 15455 17775 10551 10220 11793 10256 11699 11228 9614 6250 15859 14942 16467 16473 14916 13211 2135 17639 104 90 13388 13428 136 91 16363 340 18282 555 4551 557 7921 18405 7394 15519 18432 17299 14184 8051 13890 10367 6432 13733 3259 2028 5464 8941 17206 484 18395 15898 13107 18472 13784 14162 15832 17769 15756 15739 180 147 11890 270 8590 346 17778 392 18396 494 2445 6556 5392 7189 15749 15462 1071 16269 18057 9275 15853 472 15310 18345 6650 2784 18145 183 14411 13844 17250 14587 6616 7411 18269 3163 15647 531 17715 17965 13912 18359 14681 8919 7172 12148 11125 10189 13433 10867 3838 8545 13029 8401 17230 18353 11009 1962 1216 4167 13528 3161 8565 3839 9615 18270 15110 552 18448 1779 9283 3585 6742 16024 17672 2593 9972 2688 6980 12265 3566 6167 14244 15379 17667 15718 2348 11631 11801 7724 14823 17734 7856 16386 16869 18004 6476 2733 15753 16459 17526 6598 5159 12572 3086 13826 15945 16934 16120 701 3149 9772 17353 478 16707 2451 5949 12649 16633 9296 9073 4087 12881 644 12662 17222 16967 236 15871]
start 13 psup 4 p 2 m 0 [18213 408 10277 446 4403 470 15006 487 16667 159 15625 412 15716 417 7946 460 3120 496 9729 534 16045 303 13850 414 5089 462 15833 19 8 9809 33 2830 157 18478 4286 14393 15338 7691 17003 8389 17316 17468 9790 962 7654 13515 16334 1923 15259 6050 8031 16548 8171 11067 10419 12586 5306 9933 17944 10411 10630 14354 15455 17775 10551 10220 11793 10256 11699 11228 9614 6250 16467 16473 14916 17639 104 90 13388 13428 136 16363 340 18282 555 4551 557 7921 18432 17299 18472 13784 15832 17769 15756 15739 180 147 11890 270 8590 346 17778 392 18396 494 2445 6556 5392 7189 15749 15462 1071 16269 18057 18345 6650 2784 18145 183 14411 13844 17250 18359 14681 8919 7172 12148 11125 10189 13433 10867 3838 8545 13029 8401 18353 11009 1962 1216 4167 13528 3161 8565 9615 18270 15110 552 18448 1779 9283 3585 6742 16024 17672 2593]
start 11 psup 5 p 2 m 0 [18213 408 10277 446 4403 470 15006 487 18478 4286 14393 15338 7691 17003 8389 17316 17468 9790 962 7654 13515 16334 1923 15259 6050 8031 16548 8171 11067 10419 12586 5306 9933 17944 10411 10630 17775 10551 10220 11793 10256 11699 11228 9614 6250 16467 16473 14916 17639 104 90 13388 13428 136 16363 340 18432 17299 18472 13784 15832 17769 15756 15739 180 147 11890 270 8590 346 17778 392 18396 494 2445 6556 5392 7189 15749 15462 1071 16269 18057 18345 6650 2784 18145 183 14411 13844 17250 18359 14681 8919 7172 12148 11125 10189 13433 10867 3838 8545 13029 18353 11009 1962 1216 4167 13528 3161 8565 9615 18270 15110 552]
start 10 psup 4 p 3 m 0 [18213 408 15006 487 16667 159 15625 412 15716 417 7946 460 3120 496 9729 534 16045 303 13850 414 5089 462 15833 19 8 9809 33 2830 157 17989 571 16486 227 11 12092 376 17528 410 17788 24 15 18361 337 14819 339 13946 372 8488 438 16921 507 12679 516 8555 527 1817 575 8368 584 6553 139 16 4858 550 2943 95 17 4570 130 17519 190 14130 326 15209 364 8255 10349 17556 428 14092 563 18344 18478 4286 14393 15338 7691 17003 8389 17316 17468 9790 962 7654 13515 16334 1923 15259 6050 8031 16083 16548 8171 11067 10419 12586 5306 9933 17944 10411 10630 14354 15455 17775 10551 10220 11793 10256 11699 11228 9614 6250 16467 16473 14916 17639 104 90 13388 13428 136 16363 340 18282 555 4551 557 7921 18432 17299 18472 13784 15832 17769 15756 15739 180 147 11890 270 17778 392 18396 494 2445 6556 5392 15749 15462 18345 6650 2784 18145 183 14411 13844 17250 18359 17425 6961 13404 18353 11009 1962 1216 4167 13528 3161 8565 9615 18270 15110 552 18448 9283 3585 6742 16024 17672 2593]
start 7 psup 5 p 3 m 0 [18213 408 15006 487 16667 159 15625 412 15716 417 7946 460 3120 496 9729 534 16045 303 13850 414 5089 462 15833 19 8 9809 33 2830 157 18361 337 14819 339 13946 372 8488 438 16921 507 12679 516 8555 527 1817 575 8368 584 6553 139 16 4858 550 2943 95 17 4570 130 17519 190 14130 326 15209 364 8255 10349 17556 428 14092 563 18344 18478 4286 14393 15338 7691 17003 8389 17316 17468 9790 962 7654 13515 16334 1923 15259 6050 8031 16083 16548 8171 11067 10419 12586 5306 9933 17944 10411 10630 15455 17775 10551 10220 11793 10256 11699 11228 9614 6250 16467 16473 14916 17639 104 90 13388 13428 136 16363 340 18282 555 4551 557 7921 18432 17299 18472 13784 15832 17769 15756 15739 180 147 11890 270 17778 392 18396 494 2445 6556 5392 15749 15462 18345 6650 2784 18145 183 14411 13844 17250 18359 17425 6961 13404 18353 11009 1962 1216 4167 13528 3161 8565 9615 18270 15110 552 18448 9283 3585 6742 16024 17672 2593]
start 1 psup 7 p 3 m 0 [18213 408 15006 487 16667 159 15625 412 15716 417 7946 460 3120 496 9729 534 16045 303 13850 414 5089 462 15833 19 8 9809 33 2830 157 18361 337 14819 339 13946 372 8488 438 16921 507 12679 516 8555 527 1817 575 8368 584 6553 139 16 4858 550 2943 95 17 4570 130 17519 190 14130 326 15209 364 8255 10349 17556 428 14092 18344 18478 4286 14393 15338 7691 17003 8389 17316 17468 9790 962 7654 13515 16334 1923 15259 6050 8031 16083 16548 8171 11067 10419 12586 5306 9933 17944 10411 10630 17775 10551 10220 11793 10256 11699 11228 9614 6250 16467 16473 14916 17639 104 90 13388 13428 16363 340 18432 17299 18472 13784 15832 17769 15756 15739 180 147 11890 270 17778 392 18396 494 2445 6556 5392 15749 15462 18345 6650 2784]
start 2 psup 4 p 5 m 1 [11479 290 1 13096 475 10761 561 11618 25 11682 41 15161 82 15699 254 18213 408 15006 487 16667 159 15625 412 15716 417 7946 460 3120 496 9729 534 8097 228 12037]
start 4 psup 3 p 6 m 3 [18213 408 15006 487 16667 159 14920 172 4161 197 15625 412 15716 417 7946 460 3120 496 9729 534 16045 303 13850 414 5089 462 15833 19 8 9809 33 2830 157 17989 571 16486 227 11 12092 376 17528 410 17788 24 15 18361 337 14819 339 13946 372 8488 438 16921 507 12679 516 8555 527 1817 575 8368 584 6553 139 16 4858 550 2943 95 17 4570 130 17519 190 14130 326 15209 364 8255 10349 17556 428 14092 18344 18478 4286 14393 15338 7691 17003 8389 17316 17468 9790 962 7654 13515 16334 1923 15259 6050 8031 16083 16548 8171 11067 10419 12586 5306 9933 17944 10411 10630 7439 10247 1186 17775 10551 10220 11793 10256 11699 11228 9614 6250 16467 16473 14916 17639 104 90 13388 13428 16363 340 3713 15917 14842 490 12635 532 9385 17246 452 18432 17299 18472 13784 15832 17769 15756 15739 180 147 11890 270 17778 392 18396 494 2445 6556 5392 15749 15462 18345 6650 2784]
start 1 psup 3 p 7 m 0 [11479 290 1 17264 404 1070 448 7117 464 8360 497 16714 515 2460 96 3 5103 103 2575 202 9439 319 16672 365 18213 408 10277 446 4403 470 15006 487 16667 159 15625 412 15716 417 7946 460 3120 496 9729 534 14100 558 8097 228 7 12037 274 16045 303 13850 414 5089 462 15833 19 8 9809 33 2830 157 18361 337 14819 339 13946 372 2832 387 8488 438 16921 507 12679 516 8555 527 1817 575 8368 584 6553 139 16 17519 190 14130 326 15209 364 8255 10349 17556 428 14092 563 18219 261 11774 273 10417 342 6533 585 16068 369 8232 551 5423 6342 13074 208 15734 7901 9403 5678 480 15386 6694 214 23 13123 465 5771 14275 3078 6967 4931 7673 17770 207 7343 9335 265 10704 17241 830 12936 11621 1915 415 12326 8270 10412 3617 16627 13379 5091 16932 9306 17180 8768 7269 16200 8473 12196 3131 13186 10767 2604 17955 383 15395 17370 539 16466 100 28 9196 165 16444 209 9932 3033 269 6093 7883 66 29 11133 226 18344 18275 18152 152 9931 17071 498 10876 249 31 6294 314 11380 7342 423 7270 199 32 5189 332 1452 393 8011 16706 8291 18478 4286 14393 15338 7691 17003 8389 17316 17468 9790 962 7654 13515 16334 1923 15259 6050 8031 16548 8171 11067 10419 12586 5306 9933 17944 10411 10630 14354 15455 17775 10551 10220 11793 10256 11699 11228 9614 6250 15859 14942 16467 16473 14916 17639 104 90 13388 13428 136 91 16363 340 3713 15917 14842 490 12635 532 5782 9385 13776 9072 429 8819 17246 452 18282 555 4551 557 7921 18432 17299 14184 8051 13890 10367 6432 13733 3259 2028 5464 6336 8941 15293 13625 3100 12566 5711 14142 306 17206 484 16144 11417 14585 9819 120 17782 10980 16004 11953 512 9799 8744 18472 13784 15832 11191 13685 468 12230 16767 526 5315 4895 297 3586 12817 6587 12940 14579 8485 2882 6407 4800 145 16722 15469 16119 17769 15756 15739 180 147 11890 270 8590 346 17778 392 9375 514 2487 17328 16097 18396 494 2445 6556 5392 7189 15749 15462 1071 16269 156 18057 8448 2217 8119 9275 15853 472 4070 15310 17925 11758 974 14177 17575 14341 14238 14635 18092 8576 18345 6650 2784 18145 183 14411 13844 17250 14587 6616 7411 16969 400 14185 3277 10292 1500 18269 3163 15647 531 17715 15889 11856 10346 13591 15851 7414 13686 18359 14681 8919 7172 12148 11125 10189 13433 10867 3838 8545 13029 8401 18353 11009 1962 1216 4167 13528 3161 8565 3839 7767 9615 1775 8209 9880 2092 6288 416 3341 18270 212 15110 552 18448 1779 9283 3585 6742 16024 17672 2593 9972 2688 6980 11842 8038 12265 3566 6167 14244 4874 17667 5742 15718 2348 11801 7724 14823 13053 2214 17734 7856 16386 16869 18004 6476 2733 15753 16459 16590 14290 13020 7424 2190 17272 7687 556 14436 17858 12120 16916 10711 12510 11296 6723 8443 6787 6329 10449 17696 15197 7851 16259 8139 4995 17807 309 250 18291 6112 7105 7729 17185 17549 15911 2750 11038 8077 6307 14160 4289 1402 14106 5590 14310 4720 14476 5550 15402 943 14122 10499 14389 16846 2091 16229 11185 6500 11686 11293 2003 1572 2730 538 17232 6374 4789 7863 17177 17859 9281 8952 1466 14026 5712 3196 6815 5945 15652 16329 6631 10030 9754 8700 14539 17877 3612 16448 9169 18156 11647 15253 16751 11545 7247 3194 6522 9999 8647 12056 1742 17550 16540 17064 10873 13676 14044 9404 18030 441 15124 13902 18238 7256 18198 16445 2762 13300 2068 18289 11914 9543 13111 16876 3663]
start 17 psup 3 p 2 m 0 [11479 290 1 13096 475 10761 561 11618 25 11682 41 15161 82 15699 254 18213 408 15006 487 16667 159 15625 412 15716 417 7946 460 3120 496 9729 534 8097 228 12037 274 18478 4286 14393 15338 7691 17003 8389 17316 17468 9790 962 7654 13515 16334 1923 15259 6050 8031 16083 16548 8171 11067 10419 12586 5306 9933 17944 10411 10630 17775 11793 10256 11699 11228 9614 6250 15859 14942 16467 16473 14916 13211 17639 104 90 13388 13428 136 91 16363 340 18405 7394 15519 18432 17299 14184 8051 13890 10367 6432 13733 3259 18395 15898 13107 18472 13784 14162 15832 17769 15756 15739 180 147 11890 17778 392 18396 494 2445 6556 5392 15749 18345 6650 2784 18145 183 14411 13844 17250 18448 18004 6476 16459 17526 6598 5159 12572 3086 15945 16934 16120 701 3149 17353 478]
start 15 psup 4 p 2 m 0 [11479 290 1 13096 475 10761 561 11618 25 11682 41 15161 82 15699 254 18213 408 15006 487 16667 159 15625 412 15716 417 7946 460 3120 496 9729 534 18478 4286 14393 15338 7691 17003 8389 17316 17468 9790 962 7654 13515 16334 1923 15259 6050 8031 16548 8171 11067 10419 12586 5306 9933 17944 10411 10630 17775 11793 10256 11699 11228 9614 6250 15859 14942 16467 16473 14916 13211 17639 104 90 13388 13428 136 91 16363 340 18405 7394 15519 18432 17299 14184 8051 13890 10367 6432 13733 3259 18395 15898 13107 18472 13784 14162 15832 17769 15756 15739 180 147 11890 17778 392 18396 494 2445 6556 5392 15749 18345 6650 2784 18145 183 14411 13844 17250 18448 18004 6476 16459 17526 6598 5159 12572 3086 15945 16934 16120 701 3149 17353 478]
start 13 psup 5 p 2 m 0 [18213 408 15006 487 16667 159 15625 412 15716 417 7946 460 3120 496 9729 534 18478 4286 14393 15338 7691 17003 8389 17316 17468 9790 962 7654 13515 16334 1923 15259 6050 8031 16548 8171 11067 10419 12586 5306 9933 17944 10411 10630 17775 11793 10256 11699 11228 9614 6250 16467 16473 14916 17639 104 90 13388 13428 136 16363 340 18432 17299 18472 13784 15832 17769 15756 15739 180 147 11890 17778 392 18396 494 2445 6556 5392 15749 18345 6650 2784 18145 183 14411 13844 17250 18448]
start 11 psup 6 p 2 m 0 [18213 408 15006 487 18478 4286 14393 15338 7691 17003 8389 17316 17468 9790 962 7654 13515 16334 1923 15259 6050 8031 16548 8171 11067 10419 12586 5306 9933 17944 10411 10630 17775 11793 10256 11699 11228 9614 6250 16467 16473 14916 17639 104 90 13388 13428 136 16363 340 18432 17299 18472 13784 15832 17769 15756 15739 180 147 11890 17778 392 18396 494 2445 6556 5392 15749 18345 6650 2784 18145 183 14411 13844 17250]
start 11 psup 3 p 4 m 2 [18213 408 10277 446 4403 470 15006 487 18361 337 14819 339 13946 372 2832 387 8488 438 16921 507 12679 516 8555 527 1817 575 8368 584 6553 139 16 4858 550 2943 95 17 4570 130 17519 190 14130 326 15209 364 8255 10349 17556 428 14092 18344 18275 18152 152 17071 498 10876 6294 11380 7342 423 7270 199 32 5189 332 1452 393 8011 16706 8291 18478 4286 14393 15338 7691 17003 8389 17316 17468 9790 962 7654 13515 16334 1923 15259 6050 8031 16548 8171 11067 10419 12586 5306 9933 17944 10411 10630 17775 10551 10220 11793 10256 11699 11228 9614 6250 16467 16473 14916 17639 104 90 13388 13428 136 91 16363 340 18432 17299 18434 7388 16319 17927 2142 11458 4893 3390 3108 15959 18422 13422 18037 8753 11231 2543 17776 266 4461 447 3769 13381 18472 13784 14162 15832 17769 15756 15739 180 147 11890 270 8590 346 17778 392 9375 514 2487 17328 18396 494 2445 6556 5392 7189 15749 15462 1071 16269 18057 8448 18092 18345 6650 2784 18145 183 14411 13844 17250 18359 14681 8919 7172 12148 11125 10189 13433 10867 3838 8545 13029 18353 11009 1962 1216 4167 13528 3161 8565 7767 9615 1775 8209 18270 15110 552]
start 7 psup 4 p 4 m 2 [18213 408 10277 446 4403 470 15006 487 18361 337 14819 339 13946 372 2832 387 8488 438 16921 507 12679 516 8555 527 1817 575 8368 584 6553 139 16 4858 550 2943 95 17 4570 130 17519 190 14130 326 15209 364 8255 10349 17556 428 14092 18344 18275 18152 152 17071 498 10876 6294 11380 7342 423 7270 5189 332 1452 393 8011 16706 8291 18478 4286 14393 15338 7691 17003 8389 17316 17468 9790 962 7654 13515 16334 1923 15259 6050 8031 16548 8171 11067 10419 12586 5306 9933 17944 10411 10630 17775 10551 10220 11793 10256 11699 11228 9614 6250 16467 16473 14916 17639 104 90 13388 13428 136 91 16363 340 18432 17299 18434 7388 16319 17927 2142 11458 4893 3390 3108 15959 18422 13422 18037 8753 11231 2543 17776 266 4461 447 3769 13381 18472 13784 14162 15832 17769 15756 15739 180 147 11890 270 8590 346 17778 392 9375 514 2487 17328 18396 494 2445 6556 5392 7189 15749 15462 1071 16269 18057 8448 18092 18345 6650 2784 18145 183 14411 13844 17250 18359 14681 8919 7172 12148 11125 10189 13433 10867 3838 8545 13029 18353 11009 1962 1216 4167 13528 3161 8565 7767 9615 1775 8209 18270 15110 552]
start 3 psup 5 p 4 m 2 [18213 408 10277 446 4403 470 15006 487 18361 337 14819 339 13946 372 2832 387 8488 438 16921 507 12679 516 8555 527 1817 575 8368 584 6553 139 16 4858 550 2943 95 17 4570 130 17519 190 14130 326 15209 364 8255 10349 17556 428 14092 18344 18275 18152 152 17071 498 10876 6294 11380 7342 423 7270 5189 332 1452 393 8011 16706 8291 18478 4286 14393 15338 7691 17003 8389 17316 17468 9790 7654 13515 16334 1923 15259 6050 8031 16548 8171 11067 10419 12586 5306 9933 17944 10411 10630 17775 10551 10220 11793 10256 11699 11228 9614 6250 16467 16473 14916 17639 104 90 13388 13428 136 91 16363 340 18432 17299 18434 7388 16319 17927 2142 11458 4893 3390 3108 15959 18422 13422 18037 8753 11231 2543 17776 266 4461 447 3769 13381 18472 13784 15832 17769 15756 15739 180 147 11890 270 8590 346 17778 392 9375 514 2487 17328 18396 494 2445 6556 5392 7189 15749 15462 1071 16269 18057 8448 18092 18345 6650 2784 18145 183 14411 13844 17250 18359 14681 8919 7172 12148 11125 10189 13433 10867 3838 8545 13029 18353 11009 1962 1216 4167 13528 3161 8565 7767 9615 1775 8209 18270 15110 552]
start 2 psup 3 p 7 m 1 [13096 475 10761 561 11682 41 18213 408]
start 18 psup 3 p 2 m 1 [2995 55 1 13152 65 13096 475 7139 526 11682 41 2 12503 87 8153 102 6097 116 5723 126 17603 558 5103 103 3 18213 408 7485 108 4 14981 146 13913 368 10384 392 6199 286 13816 360 15971 536 15021 583 14920 172 4161 197 11763 218 7935 292 12331 333 17477 8 7 8097 228 15228 365 7123 452 5089 13215 2830 157 4358 301 12493 350 9696 39 9 10712 123 18340 6899 179 14232 382 5458 397 4509 485 17245 181 12092 376 17694 2356 94 13085 258 12218 291 17528 410 3654 538 17760 42 15 14819 339 13946 372 8488 438 16921 507 8555 527 8368 584 6553 139 16 16646 45 17 7296 167 13312 328 2658 356 8551 576 15365 17519 190 7226 198 18471 9292 14723 142 4685 17820 639 8178 15219 257 3363 307 13954 8155 60 18253 2013 14270 17558 14941 18386 416 9163 3072 16442 17701 129 10075 8903 383 16999 233 3238 239 9926 266 10183 18435 18432 18221 13434 16612 8582 9819 16605 10090 5244 12931 12027 18407 9047 9050 14094 6089 13357 5256 6314 9255 9236 16740 18182 18395 3619 250 18467 3609 18472 13784 11881 10341 145 16767 17331 6347 14832 14440 4895 297 17294 3586 439 12817 571 8989 8845 17170 6900 4218 3182 667 4800 12695 12937 17769 5775 17778 18122 9016 4577 7777 17199 13882]
start 9 psup 3 p 5 m 3 [13096 475 10761 561 11682 41 18213 408]
start 3 psup 3 p 7 m 2 [11479 290 1 18213 408 10277 446 4403 470 15006 487 16667 159 14920 172 4161 197 15625 412 15716 417 7946 460 3120 496 9729 534 16045 303 13850 414 5089 462 15833 19 8 9809 33 2830 157 17160 98 9 15307 7663 219 16274 529 12456 143 10 18478 4286 14393 15338 7691 17003 8389 17316 17468 9790 7654 13515 16334 1923 15259 6050 8031 16083 16548 8171 11067 10419 12586 5306 9933 17944 10411 10630 7439 10247 1186 17775 10551 10220 11793 10256 11699 11228 9614 6250 16467 16473 14916 17639 104 90 13388 13428 136 91 16363 340 3713 15917 14842 490 12635 532 9385 13776 9072 17246 452 18282 555 4551 557 7921 15299 18432 17299 14184 8051 13890 10367 13733 3259 2028 5464 8941 17206 484 17782 329 10980 16004 504 11953 512 18472 13784 15832 13685 468 12230 16767 5315 4895 3586 12817 6587 12940 14579 8485 2882 6407 4800 145 12695 381 16722 16119 17769 15756 15739 180 147 11890 270 8590 346 17778 392 18396 494 2445 6556 5392 7189 15749 15462 1071 16269 196 156 18057 9275 15853 472 15310 18345 6650 2784 18145 183 14411 13844 17250 14587 6616 7411 18269 3163 17715 18359 14681 8919 7172 12148 5601 11125 10189 13433 10867 3838 8545 13029 8401 17425 6961 10804 10198 13404 11030 18353 11009 1962 1216 4167 13528 3161 8565 9615 18270 212 15110 552 18448 1779 9283 3585 6742 16024 17672 2593]
start 13 psup 3 p 4 m 0 [18213 408 15006 487 16667 159 14920 172 4161 197 15625 412 15716 417 7946 460 3120 496 9729 534 18478 4286 14393 15338 7691 17003 8389 17316 17468 9790 962 7654 13515 16334 1923 15259 6050 8031 16083 16548 8171 11067 10419 12586 5306 9933 17944 10411 10630 7439 10247 17775 11793 10256 11699 11228 9614 6250 16467 16473 14916 17639 104 90 13388 13428 136 16363 340 3713 15917 14842 490 18432 17299 18472 13784 15832 13685 468 12230 16767 5315 12817 6587 12940 14579 8485 2882 6407 12695 381 16722 16119 17769 15756 15739 180 147 11890 17778 392 18396 494 2445 6556 5392 15749 18345 6650 2784 18145 183 14411 13844 17250 18448]
start 7 psup 3 p 6 m 0 [18213 408 10277 446 4403 470 15006 487 7485 108 4 9724 301 5815 454 12156 370 4674 435 11908 524 5275 37 6 9595 61 2118 62 16667 159 15625 412 15716 417 7946 460 3120 496 9729 534 16045 303 13850 414 5089 462 15833 19 8 9809 33 2830 157 18361 337 14819 339 13946 372 2832 387 8488 438 16921 507 12679 516 8555 527 1817 575 8368 584 6553 139 16 4858 550 2943 95 17 4570 130 17519 190 14130 326 15209 364 8255 10349 17556 428 14092 563 18344 18275 3781 102 30 18152 152 17071 498 10876 249 31 6294 314 11380 7342 423 7270 5189 332 1452 393 8011 16706 8291 18478 4286 14393 15338 7691 17003 8389 17316 17468 9790 962 7654 13515 16334 1923 15259 6050 7073 2534 8031 16083 16548 8171 11067 10419 12586 5306 9933 17944 10411 10630 15455 17775 10551 10220 11793 10256 11699 11228 9614 6250 16467 16473 14916 17639 104 90 13388 13428 136 16363 340 18282 555 4551 557 7921 18432 17299 18434 7388 16319 12777 7312 17927 2142 11458 4893 3390 3108 15959 16791 3604 16538 18414 8493 5983 12924 18422 13422 18037 8753 11231 2543 17776 266 4461 447 3769 13381 18472 13784 15832 17769 15756 15739 180 147 11890 270 8590 346 17778 392 9375 514 2487 17328 18396 494 2445 6556 5392 7189 15749 15462 1071 16269 18057 8448 18092 18345 6650 2784 16017 179 14475 18145 183 14411 13844 17250 18359 14681 8919 7172 12148 5601 11125 10189 13433 10867 3838 8545 13029 8401 17425 6961 10804 10198 13404 11030 7766 18353 11009 1962 1216 4167 13528 3161 8565 7767 7565 3861 6930 7361 9615 1775 8209 14493 18270 15110 552 18448 1779 9283 3585 6742 16024 17672 2593 18447 4606 5039 8761 18342 10324 16828 2742 467 3430 2917 2280 13498 12419 17488 1421 9069 3970 10894 10578 3636 13400 12978 17867 6135 349 11055 7836 12460 16621 3017 449 1852 10689 16384 6025 11427 3043 14777 12913 13820 1108 18115 15658 5224 14463 15003 16261 12605 12443 16604 7817 1328 17551 15535 12354 16000 16991 10708 16063 18074 7948 18097 14296 14967 16066 10212 17564 5009 17809 10153 7070 18296 1909 18425 10842 16485 11954 13122 7153 16461 2693 10002 2758 395 17796 11260 9748 734 10036 7490 16657 15056 1388 10955 12259 18120 15828 12028 16666 3982 2591 9637 16937 6218 16944 15790 18366 4088 14700 15952 1672 18392 5336 18226 12367 11500 9942 17151 13870 8236 15615 16814 1921 1238 10529 18381 15128 16637 4376 14833 7063 8461 8201 12136 15660 12878 14987 6805 13752 15656 17015 4778 18200 17880 18089 11845 18324 1227 4700 12812 16862 14710 3978 9026 15572 6174 5084 17702 2828 17811 4718 7200 11994 9087 8440 1135 6592 959 14035 14808 17307 16353 12757 17874 16511 6999 11208 9509 15540 15488 4748 10748 9144 17452 7659 4844 9229 6665 12178 6385 7441 6739 10971 15523 15891 6566 17078 3305 11273 16806 14308 7707 13737 7553 13835 13354 6924 13417 4479 10387 10563 17678 12144 13717 8214 18375 11327 17543 9656 16109 13605 14653 18220 5528 14140 13506 17142 8257 13563 17596 10553 16962 483 5920 15542 9591 5531 17098 2842 12894 15324 18242 14153 10466 18347 14694 17523 3569 12627 18439 2112 6079 7103 7928 6865 17418 3496 11255 18139 5443 7604 11570 3959 12204 13867 5276 10847 1196 17868 15477 7136 995 15810 8288 17630 17287 7725 17169 4759 16702 10794 7816 8766 17227 18318 6026 8034 648 12922 10201 7409 14998 15691 10597 13447 16594 4226 15641 8806 3924 15065 16654 6948 17465 15066 3972 15896 15684 17831 1283 4028 17801 1288 8880 15537 11118 9290 12104 11039 18307 17356 10650 7398 11608 4686 3472 10979 15384 4540 7150 15339 3092 8898 5591 10157 15432 1947 10970 14266 15541 18436 16426 3517 17382 4104 11391 10158 11362 8546 11360 6137 15285 4471 17847 3806 12164 10552 18309 9756 17179 17012 14631 14418 12781 10290 16306 6917 7491 13392 2124 11469 6898 11728 2680 3848 10827 8871 4515 11368 14406 15510 17654 8944 5629 2622 8937 16310 11132 16576 15071 18054 16984 3191 4771 6395 18380 17336 15534 9473 12763 18186 12157 1133 17711 10654 8811 6678 8813 4365 3195 9107 8252 10447 5589 10878 10981 17277 11777 17909 12258 12870 13347 11838 11387 9165 16816 2921 11704 8894 8295 8303 17646 8140 9329 8521 7272 14705 2874 13939 15275 6442 6438 5752 12412 3597 10175 6181 5322]
start 1 psup 4 p 6 m 0 [18213 408 10277 446 4403 470 15006 487 12156 370 4674 435 11908 524 5275 37 6 9595 61 2118 62 16667 159 15625 412 15716 417 7946 460 3120 496 9729 534 16045 303 13850 414 5089 462 15833 19 8 9809 33 2830 157 18361 337 14819 339 13946 372 2832 387 8488 438 16921 507 12679 516 8555 527 1817 575 8368 584 6553 139 16 4858 550 2943 95 17 4570 130 17519 190 14130 326 15209 364 8255 10349 17556 428 14092 563 18344 18275 18152 152 17071 498 10876 249 31 6294 314 11380 7342 423 7270 5189 332 1452 393 8011 16706 8291 18478 4286 14393 15338 7691 17003 8389 17316 17468 9790 962 7654 13515 16334 1923 15259 6050 7073 2534 8031 16083 16548 8171 11067 10419 12586 5306 9933 17944 10411 10630 15455 17775 10551 10220 11793 10256 11699 11228 9614 6250 16467 16473 14916 17639 104 90 13388 13428 136 16363 340 18282 555 4551 557 7921 18432 17299 18472 13784 15832 17769 15756 15739 180 147 11890 270 8590 346 17778 392 9375 514 2487 17328 18396 494 2445 6556 5392 7189 15749 15462 1071 16269 18057 8448 18092 18345 6650 2784 18145 183 14411 13844 17250 18359 14681 8919 7172 12148 5601 11125 10189 13433 10867 3838 8545 13029 8401 17425 6961 10804 10198 13404 11030 7766 18353 11009 1962 1216 4167 13528 3161 8565 7767 7565 3861 6930 7361 9615 1775 8209 18270 15110 552 18448 1779 9283 3585 6742 16024 17672 2593]
start 18 psup 4 p 2 m 1 [13152 65 13096 475 7139 526 11682 41 2 12503 87 8153 102 6097 116 5723 126 17603 558 5103 103 3 18213 408 7485 108 4 14981 146 13913 368 13816 360 15971 536 15021 583 14920 172 4161 197 11763 218 7935 292 12331 333 17477 8 7 8097 228 15228 365 7123 452 5089 13215 2830 157 12493 350 9696 39 9 10712 123 18471 9292 14723 4685 17820 15219 257 13954 8155 60 18386 9163 3072 16442 17701 129 10075 8903 383 16999 233 3238 239 10183 18435 18432 18407 9047 9050 14094 6089 13357 5256 6314 9255 9236 16740 18182 18395 3619 18467 18472 13784 16767 17331 6347 14832 14440 4895 297 17769 5775 17778]
start 17 psup 3 p 3 m 1 [18213 408 15971 536]
start 14 psup 3 p 4 m 1 [17603 558 5103 103 18213 408 18472 13784 17769 17778]
start 11 psup 3 p 5 m 0 [18213 408 15006 487 18478 4286 14393 15338 7691 17003 8389 17316 17468 9790 962 7654 13515 16334 1923 15259 6050 8031 16083 16548 8171 11067 10419 12586 5306 9933 17944 10411 10630 7439 10247 17775 11793 10256 11699 11228 9614 6250 16467 16473 14916 17639 104 90 13388 13428 136 91 16363 340 3713 15917 14842 490 12635 532 9385 9072 17246 452 18432 17299 18472 13784 14162 15832 17769 15756 15739 180 147 11890 17778 392 18396 494 2445 6556 5392 15749 18345 6650 2784 18145 183 14411 13844 17250]
start 5 psup 3 p 7 m 4 [18213 408 18361 337 14819 339 13946 372 17519 190 14130 326 15209 364 17556 428 14092 563 18219 261 11774 273 17955 383 15395 17370 18344]
start 9 psup 3 p 6 m 2 [13096 475 10761 561 11682 41 18213 408]
start 3 psup 3 p 8 m 2 [18213 408 10277 446 4403 470 15006 487 7485 108 4 9724 301 17989 571 16486 227 11 10268 234 10934 285 12092 376 17158 434 6270 573 15531 99 9673 166 14315 421 14407 535 16618 193 3121 17528 410 17788 24 15 8717 26 18361 337 14819 339 13946 372 2832 387 8488 438 16921 507 12679 516 8555 527 1817 575 8368 584 6553 139 16 4858 550 2943 95 17 4570 130 17519 190 14130 326 15209 364 8255 10349 11121 117 14976 7143 247 10676 304 4923 322 4383 388 17556 428 14092 18344 18275 3781 102 30 18152 152 17071 498 10876 6294 11380 7342 423 7270 199 32 5189 332 1452 393 8011 16706 8291 16983 6636 6989 2775 13745 355 14485 9188 3594 7571 485 6388 728 12371 155 38 12247 293 14454 474 1872 560 3836 55 39 9593 148 13406 525 14656 543 8567 18298 16976 9160 11559 17360 9528 16687 4809 12311 939 10492 13806 3877 14620 2521 313 9755 341 4405 366 12756 11256 458 3692 17738 16644 310 12345 422 13712 3186 17282 17861 7919 10872 2881 17722 171 46 9808 255 8041 278 13193 294 10993 316 5645 320 8669 374 13757 409 11361 427 15723 440 4849 469 3854 500 2345 522 17365 7693 222 9313 6688 16092 10396 378 3148 418 6922 510 9292 48 6231 49 6036 158 16171 17739 357 6569 380 5417 7234 81 54 14109 450 7803 553 12203 17932 57 8417 18326 16088 2312 281 58 18067 18382 431 4042 466 5428 489 15824 568 11413 2417 5364 2759 18305 3072 17583 8609 12263 12498 4794 14757 13363 11754 1147 12570 16222 2158 8571 6575 1811 8229 17063 10613 2895 17701 129 65 8903 12477 463 8341 15080 17447 1496 67 5599 564 13080 114 68 9442 8122 14822 3402 277 5331 10397 3435 548 5333 9019 18435 3535 18026 359 12715 373 18478 4286 14393 15338 7691 17003 8389 17316 16678 11773 13699 12160 1226 16325 11258 3524 17468 9790 7654 13515 16334 1923 15259 6050 7073 2534 8031 16083 16548 8171 11067 10419 12586 5306 9933 7664 5149 6545 6659 17944 10411 10630 17775 10551 10220 11793 10256 11699 11228 9614 6250 2771 16467 16473 14916 17639 104 90 13388 13428 136 91 16363 340 18432 17299 18434 7388 191 16319 5622 8687 12777 7312 17927 2142 11458 4893 3390 3108 15959 18414 8493 5983 18422 13422 1623 18037 8753 11231 2543 8146 17776 266 4461 447 3769 13381 18472 13784 15832 17769 15756 15739 180 147 11890 270 8590 346 17778 392 9375 514 2487 12451 2808 3172 17328 18396 494 2445 6556 5392 7189 15749 15462 1071 16269 15047 11783 7455 7506 1271 17774 264 2674 486 8430 11613 3095 9195 1535 11492 211 8089 246 7632 18057 8448 18092 18233 308 14667 15905 14279 419 6320 433 15424 509 16645 18345 6650 2784 16017 179 14475 18145 183 14411 13844 2012 17250 18359 14681 8919 7172 12148 5601 11125 10189 13433 10867 3838 8545 13029 17425 6961 10804 10198 13404 11030 7766 18353 11009 1962 1216 4167 13528 3161 8565 7767 7565 3861 6930 7361 9615 1775 8209 14493 18270 15110 552]
start 18 psup 5 p 2 m 1 [18213 408 18472 13784 16767 17769 17778]
start 7 psup 3 p 7 m 6 [13096 475 10761 561 11682 41 18213 408 18437 17983 16983]
start 1 psup 3 p 9 m 0 [11479 290 1 17264 404 1070 448 7117 464 8360 497 16714 515 2460 96 3 5103 103 2575 202 9439 319 16672 365 18213 408 10277 446 4403 470 15006 487 16667 159 15625 412 15716 417 7946 460 3120 496 9729 534 16045 303 13850 414 5089 462 15833 19 8 9809 33 2830 157 18361 337 14819 339 13946 372 2832 387 8488 438 2915 473 16921 507 12679 516 8555 527 1817 575 8368 584 6553 139 16 4858 550 2943 95 17 4570 130 17519 190 14130 326 15209 364 8255 10349 17556 428 14092 563 18219 261 20 11774 273 10417 342 6533 585 16068 369 8232 551 5423 6342 13074 208 15734 1350 7901 9403 5678 480 15386 6694 214 23 13123 465 5771 14275 3078 6967 4931 17770 207 7343 9335 265 10704 17241 830 12936 11621 1915 415 12326 8270 10412 3617 16627 13379 5091 16932 9306 17180 8768 7269 16200 8473 12196 3131 13186 10767 2604 7956 299 27 17955 383 15395 17370 539 16466 100 28 9196 165 18344 18275 15282 18152 152 9931 17071 498 10876 249 31 6294 314 16706 8291 15524 245 13505 2265 18478 4286 14393 15338 7691 17003 8389 17316 17468 9790 962 7654 13515 16334 1923 15259 6050 8031 16083 16548 8171 11067 10419 12586 5306 9933 17944 10411 10630 14354 15455 17775 10551 10220 11793 10256 11699 11228 9614 6250 15859 14942 16467 16473 14916 13211 2135 17639 104 90 13388 13428 136 91 16363 340 18282 555 4551 557 7921 18405 7394 15519 18432 17299 14184 8051 13890 10367 6432 13733 3259 2028 5464 6336 8941 17206 484 16144 11417 14585 18395 11225 15898 13107 5650 17339 16878 163 133 18472 13784 14162 15832 17769 15756 15739 180 147 11890 270 8590 346 17778 392 17328 3265 16097 5032 2686 4401 18396 494 2445 6556 5392 7189 15749 15462 1071 16269 18057 8448 2217 8119 9275 15853 472 4070 15310 18345 6650 2784 18145 183 14411 13844 17250 14587 6616 7411 16969 400 14185 3277 10292 18269 3163 15647 531 17715 15889 11856 10346 13591 15851 7414 13686 17965 13912 18359 14681 8919 7172 12148 5601 11125 10189 13433 10867 3838 8545 13029 8401 17230 11028 17425 6961 10804 10198 13404 11030 7766 18353 11009 1962 1216 4167 13528 3161 8565 3839 9615 1775 8209 9880 2092 6288 416 3341 18270 15110 552 18448 1779 9283 3585 6742 16024 17672 2593 9972 2688 6980 11842 8038 12265 3566 6167 14244]
start 20 psup 3 p 3 m 1 [18213 408 18472 13784 16767 17769 17778]
start 17 psup 3 p 4 m 0 [11479 290 1 13096 475 10761 561 11618 25 11682 41 15161 82 15465 247 15699 254 6806 385 18213 408 15006 487 11403 519 16667 159 14920 172 4161 197 4192 287 7935 292 12331 333 15625 412 15716 417 7946 460 3120 496 9729 534 8097 228 12037 274 12199 283 18460 298 18067 6652 210 15219 16973 5418 127 60 14900 347 18382 431 4042 466 5428 489 15824 568 11413 5364 2759 18253 3973 8242 7170 4637 5518 4983 8459 4322 14270 16377 17558 16920 15191 174 6191 14941 11553 15622 437 2245 1221 586 9163 7334 18305 3072 17583 8609 16222 2158 8571 6575 1811 8229 17063 10613 2895 17701 129 65 12477 463 8341 15080 9176 18435 146 71 3535 12173 1565 9669 12862 5946 362 11752 9366 18015 17895 18478 4286 14393 15338 7691 17003 8389 17316 13699 12160 7704 1226 16325 11258 3524 7250 4530 17468 9790 962 7654 13515 16334 1923 15259 6050 2534 8031 16083 16548 8171 11067 10419 12586 5306 9933 6545 6659 17944 10411 10630 7439 10247 17775 11793 10256 11699 11228 9614 6250 15859 6110 85 14942 16467 16473 10904 14916 8973 16451 17639 104 90 13388 13428 136 91 5017 217 92 3275 252 16363 340 3713 15917 14842 490 12635 532 9385 93 5896 308 17246 452 18472 13784 14162 11881 15832 13685 468 12230 16767 5315 12817 6587 8989 12940 14579 8485 2882 6407 12695 381 10749 16722 16119 17769 15756 15739 180 147 11890 17778 392 18396 494 2445 6556 5392 15749 17954 6244 17953 17774 264 10941 17600 2674 486 18261 2710 7159 2902 13660 9007 9855 4008 12249 17832 16155 12618 16320 323 682 3892 3634 17783 6481 17290 825 6804 15298 6363 3715 8176 10052 6938 16994 169 1054 11787 14048 8204 1231 2687 17925 11758 974 14177 17575 17094 14069 11045 204 18092 8576 17113 1610 2537 12083 14747 16545 9132 5967 1873 9494 8534 15015 15205 9008 12844 12320 251 15905 4463 17658 4484 18345 6650 2784 16285 179 14475 16960 6589 309 182 12060 313 18145 183 14411 13844 17250 18448 18004 509 6476 16459 13203 6239 7939 17526 6598 5159 4514 12572 3086 15945 16934 16120 521 701 3149 17353 478 11444 10130 11392 10229 17858 12120 18284 15251 684 6583 4045 16916 10711 3568 12510 11296 6723 17696 15197 7851 13288 17807 18291 17185 17549 13492 4848 2659 15138 9677 2557 1455 5015 7108 2841 14146 10947 3768 6531 15911 11038 8077 6307 14160 4289 1402 14310 2205 4720 14476 5550 15402 14122 10499 8746 3407 4462 16846 16229 11185 6500 11686 9394 17859 17877 3612 7835 2322 16448 9169 5000 15787 17982 15949 8175 4503 15463 18138 18156 18288 15253 16751 12056 11143 16540 17064 10873 1018 10078 14044 9404 2600 15097 12542 10877 13702 10493 8765 16110 14424 559 18030 14016 12359 15124 13902 11935 1704 14075 17037 5713 15019 1408 15102 6333 4935 5536 4611 10252 13768 13035 3917 14907 11395 18238 7256 12122 18198 16445 2762 13300 18289 11914 9543 17684 17500 14791 11596 6594 11633 7688 18342 10324 16165 12473 3068 3038 1252 11394 16828 2742 3430 2917 2280 6549 13498 12419 18252 363 17867 6135 349 2235 11055 18296 14520 1909 12820 2307 4396 17338 6761 14065 18425 10842 6705 8148 8956 16485 11954 881 13122 7153 5209 12434 1209 16461 10002 2758 395 17796 11260 9748 734 16657 15056 1388 10955 12259 12970 335 5895 16937 6218 16944 15790 10060 2928 17095 5871 5557 10253 3587 5760 12253 11297 10936 599 12019 6653 4975 7639 17036 10051 15713 8487 2647 17051 15575 5414 17714 17093 1102 2708 7990 17798 681 18051 15266 2314 8752 18366 4088 14700 744 1672 7513 14972 11489 13858 18439 2112 6079 7031 7103 7928 6865 17418 3496 11255 18139 7604 11570 7351 4370 1557 8471 12204 13867 5276 10847 1196 6251 17868 15477 15810 17630 12554 17287 7725 17169 4759 10794 7816 18436 15882 16426 14638 3517 1501 4104 11391 10158 11362 8546 11360 6137 3901 15285 4471 17847 12164 10552 18309 18054 16984 3191 4771 6395 18380 17336 15534 9473 12763 18186 17711 10654 6678 8813 4365 15499 7292 10878 17277 17974 17956 4938 18134 10120 18079]
start 13 psup 4 p 4 m 0 [18213 408 15006 487 16667 159 14920 172 4161 197 15625 412 15716 417 7946 460 3120 496 9729 534 18478 4286 14393 15338 7691 17003 8389 17316 17468 9790 962 7654 13515 16334 1923 15259 6050 8031 16083 16548 8171 11067 10419 12586 5306 9933 17944 10411 10630 7439 10247 17775 11793 10256 11699 11228 9614 6250 16467 16473 14916 17639 104 90 13388 13428 136 16363 340 3713 15917 14842 490 18472 13784 15832 13685 468 12230 16767 5315 12817 6587 12940 14579 8485 2882 6407 12695 381 16722 16119 17769 15756 15739 180 147 11890 17778 392 18396 494 2445 6556 5392 15749 18345 6650 2784 18145 183 14411 13844 17250 18448]
start 24 psup 3 p 2 m 1 [18213 408 18472 13784 17769 17778 392 13747 14794 18396 494 6556 15749 17954 17052 9136 14598 15047 17953 17774 10941 18123 8089]
start 6 psup 4 p 6 m 5 [17603 558 5103 103 9439 319 18213 408 18472 13784 16767 17769 17778 18396 494 6556 15749 17954 17052 9136 9749 14598 15047 17953 18123 8089]
start 3 psup 3 p 9 m 2 [11479 290 1 18213 408 15006 487 16667 159 14920 172 4161 197 15625 412 15716 417 7946 460 3120 496 9729 534]
start 1 psup 15 p 2 m 0 [18213 408]
start 18 psup 7 p 2 m 1 [18213 408 18472 13784 17769 17778]
start 2 psup 15 p 2 m 1 [18213 408]
start 1 psup 10 p 3 m 0 [18213 408]
start 2 psup 10 p 3 m 1 [18213 408]
start 24 psup 3 p 3 m 2 [13152 65 13096 475 11682 41 2 12503 87 17603 558 5103 103 3 18213 408 14981 146 13913 368 15971 536 17477 8 7 8097 228 15228 365 13215 18472 13784 17769 5775 17778]
start 3 psup 10 p 3 m 2 [18213 408]
start 21 psup 3 p 4 m 0 [18213 408 15006 487 16667 159 14920 172 4161 197 18478 4286 14393 15338 7691 17003 8389 17316 17468 9790 7654 13515 16334 1923 15259 6050 8031 16083 16548 8171 11067 10419 12586 5306 9933 17944 10411 10630 7439 10247 17775 11793 10256 11699 11228 9614 6250 16467 16473 14916 17639 104 90 13388 13428 136 16363 340 3713 15917 14842 490 12635 532 9385 17246 452 18472 13784 15832 17769 15756 15739 180 147 11890 17778 392 17328 18396 2445 6556 5392 15749 18345 6650 2784 18145 17250]
start 17 psup 4 p 4 m 0 [18213 408 15006 487 16667 159 14920 172 4161 197 18478 4286 14393 15338 7691 17003 8389 17316 17468 9790 7654 13515 16334 1923 15259 6050 8031 16083 16548 8171 11067 10419 12586 5306 9933 17944 10411 10630 7439 10247 17775 11793 10256 11699 11228 9614 6250 16467 16473 14916 17639 104 90 13388 13428 136 16363 340 3713 15917 14842 490 12635 532 9385 17246 452 18472 13784 15832 17769 15756 15739 180 147 11890 17778 392 18396 2445 6556 5392 15749 18345 6650 2784 18145 17250]
start 13 psup 5 p 4 m 0 [18213 408 15006 487 16667 159 14920 172 4161 197 18478 4286 14393 15338 7691 17003 8389 17316 17468 9790 7654 13515 16334 1923 15259 6050 8031 16083 16548 8171 11067 10419 12586 5306 9933 17944 10411 10630 7439 10247 17775 11793 10256 11699 11228 9614 6250 16467 16473 14916 17639 104 90 13388 13428 136 16363 340 3713 15917 14842 490 18472 13784 15832 17769 15756 15739 180 147 11890 17778 392 18396 2445 6556 5392 15749 18345 6650 2784 18145 17250]
start 22 psup 3 p 4 m 1 [15465 247 18213 408 18472 13784 16767 17769 17778]
start 18 psup 4 p 4 m 1 [18213 408 18472 13784 16767 17769 17778]
start 14 psup 5 p 4 m 1 [18213 408 18472 13784 17769 17778]
start 20 psup 3 p 4 m 3 [13152 65 13096 475 10761 561 11682 41 2 12503 87 10773 274 11382 462 17603 558 5103 103 3 9439 319 18213 408 14981 146 13913 368 15971 536 17477 8 7 8097 228 15228 365 13215 18472 13784 17769 5775 17778 12294 13747 14794 9900 13275 12451 18396 494 6556 15749 184 17954 13598 17052 551 9136 9749 14598 15047 16429 5524 498 7455 14085 12080 17953 18123 8089 18297 17223 6616 17800 16969 13821 13118 16849 12002 6404 18269 6897 10928 15647 14553 17715 18041 18449 12430 2974 13125 6767 1728 18443 6119 14491 835 1601 294 17865 5503 9263 14911 17040 9949 17455 18271 17194 14369 10802 17341 7815 17230 11028 10198 18353 11009 1962 4486 1216 4167 13528 3161 8565 3839 17469 18262 15649 4622 18270 15306 2251 15986 16024 14582 17672 14244 17065 17649 16313 16345 6368 9551 18236 17829 7690 18369 5043 16365 2994 9391 16506 17590 9353 14731 9085 8794 13113 13290 8613 2891 10444 11592 14133 224 16099 14803 16282 10033 18278 10789 18372 18138 18156 425 16751 16130 3194 15255 17789 17791 18198 16445 18289 11914 9543 16876 13127 16723 10792 17450 15332 13873 18455 18348 10087 6818 803 1456 18436 2078 5850 16426 1034 17855 15777 17847 10470 17291 18452 17570 16240 11643 11806 17397 17713 7628 16671 13864 17508 7391 6477 2929 18309 930 16652 15976 10290 11864 18186 4807 7017]
start 16 psup 3 p 5 m 0 [11479 290 1 13096 475 10761 561 11618 25 11682 41 15161 82 12503 87 5723 126 4949 208 15465 247 15699 254 6806 385 18213 408 4403 470 15006 487 11403 519 16231 577 7485 108 4 9724 301 13816 360 5 4674 435 11908 524 15971 536 5275 37 6 9595 61 16667 159 14920 172 4161 197 4192 287 7935 292 12331 333 15625 412 15716 417 7946 460 12037 274 12199 283 16274 529 12456 143 10 12697 379 1366 402 16311 508 18460 298 4176 8563 18067 6652 210 15219 16973 5418 127 60 14900 18382 431 4042 466 5428 489 15824 568 11413 5364 2759 18253 3973 8242 7170 4637 5518 4983 8459 4322 14270 16377 6134 13304 17558 98 63 18305 3072 17583 8609 16222 2158 8571 6575 1811 8229 17063 10613 2895 17701 129 65 10075 8903 12477 463 3115 8341 7566 84 3238 10183 15080 9176 403 18435 146 71 3535 1417 12173 1565 9669 12862 5946 362 11752 9366 18015 13046 17895]
start 11 psup 4 p 5 m 0 [18213 408 15006 487]
start 1 psup 6 p 5 m 0 [18213 408]
start 17 psup 3 p 5 m 1 [18213 408 15971 536]
start 2 psup 6 p 5 m 1 [18213 408]
start 18 psup 3 p 5 m 2 [13152 65 13096 475 10761 561 11682 41 2 12503 87 10773 274 11382 462 17603 558 5103 103 3 18213 408 14981 146 13913 368 15971 536 17477 8 7 8097 228 15228 365 13215 18472 13784 17769 5775 17778 18455 18348 10087 6818 803 1456 18436 2078 5850 16426 1034 17855 15777 17847 10470 10552 17291]
start 3 psup 6 p 5 m 2 [18213 408]
start 4 psup 6 p 5 m 3 [18213 408]
start 5 psup 6 p 5 m 4 [18213 408]
start 13 psup 3 p 6 m 0 [18213 408 10277 446 4403 470 15006 487 16667 159 15625 412 15716 417 7946 460 3120 496 9729 534 16045 303 13850 414 5089 462 15833 19 8 9809 33 2830 157 17160 98 9 15307 7663 219 16274 529 12456 143 10 14763 439 17989 571 16486 227 11 10268 234 10934 285 12092 376 17528 410 17788 24 15 8717 26 18361 337 14819 339 13946 372 2832 387 8488 438 16921 507 12679 516 8555 527 1817 575 8368 584 6553 139 16 4858 550 2943 95 17 4570 130 17519 190 14130 326 15209 364 8255 10349 17556 428 14092 563 18344 18275 18152 152 17071 498 10876 249 31 6294 314 16706 8291 18478 4286 14393 15338 7691 17003 8389 17316 17468 9790 962 7654 13515 16334 1923 15259 6050 8031 16083 16548 8171 11067 10419 12586 5306 9933 17944 10411 10630 14354 15455 17775 10551 10220 11793 10256 11699 11228 9614 6250 16467 16473 14916 17639 104 90 13388 13428 136 16363 340 18282 555 4551 557 7921 18472 13784 15832 17769 15756 15739 180 147 11890 270 8590 346 17778 392 17328 18396 494 2445 6556 5392 7189 15749 15462 1071 16269 18057 8448 18345 6650 2784 18145 183 14411 13844 17250 18359 14681 8919 7172 12148 5601 11125 10189 13433 10867 3838 8545 13029 8401 17425 6961 10804 10198 13404 11030 7766 18353 11009 1962 1216 4167 13528 3161 8565 9615 1775 8209 18270 15110 552 18448 1779 9283 3585 6742 16024 17672 2593]
start 1 psup 5 p 6 m 0 [18213 408 10277 446 4403 470 15006 487 16667 159 15625 412 15716 417 7946 460 3120 496 9729 534 16045 303 13850 414 5089 462 15833 19 8 9809 33 2830 157 18361 337 14819 339 13946 372 2832 387 8488 438 16921 507 12679 516 8555 527 1817 575 8368 584 6553 139 16 4858 550 2943 95 17 4570 130 17519 190 14130 326 15209 364 8255 10349 17556 428 14092 563 18344 18275 18152 152 17071 498 10876 249 31 6294 314 16706 8291 18478 4286 14393 15338 7691 17003 8389 17316 17468 9790 962 7654 13515 16334 1923 15259 6050 8031 16083 16548 8171 11067 10419 12586 5306 9933 17944 10411 10630 15455 17775 10551 10220 11793 10256 11699 11228 9614 6250 16467 16473 14916 17639 104 90 13388 13428 136 16363 340 18282 555 4551 557 7921 18472 13784 15832 17769 15756 15739 180 147 11890 270 8590 346 17778 392 17328 18396 494 2445 6556 5392 7189 15749 15462 1071 16269 18057 8448 18345 6650 2784 18145 183 14411 13844 17250 18359 14681 8919 7172 12148 5601 11125 10189 13433 10867 3838 8545 13029 8401 17425 6961 10804 10198 13404 11030 7766 18353 11009 1962 1216 4167 13528 3161 8565 9615 1775 8209 18270 15110 552 18448 1779 9283 3585 6742 16024 17672 2593]
start 14 psup 3 p 6 m 1 [18213 408 18472 13784 17769 17778 13747 14794 18396 494 6556 15749 17954 17052 9136 14598 15047 17953 18123 8089]
start 18 psup 3 p 6 m 5 [13152 65 13096 475 7139 526 11682 41 2 12503 87 8153 102 6097 116 5723 126 17603 558 5103 103 3 18213 408 7485 108 4 14981 146 13913 368 15971 536 15021 583 14920 172 11763 218 17477 8 7 8097 228 15228 365 7123 452 5089 13215 2830 157 12493 350 9696 39 9 10712 123 18471 9292 14723 4685 17820 15219 257 13954 18386 9163 3072 16442 17701 129 10075 8903 383 16999 3238 239 18472 13784 16767 17331 6347 14832 14440 4895 17769 5775 17778]
start 6 psup 5 p 6 m 5 [17603 558 5103 103 18213 408 18472 13784 16767 17769 17778]
start 1 psup 5 p 7 m 0 [18213 408]
start 2 psup 5 p 7 m 1 [18213 408]
start 3 psup 4 p 7 m 2 [18213 408]
start 4 psup 4 p 7 m 3 [18213 408]
start 12 psup 3 p 7 m 4 [11479 290 1 13096 475 10761 561 11618 25 11682 41 15161 82 15699 254 18213 408 15006 487 16667 159 15625 412 15716 417 7946 460 12037]
start 5 psup 4 p 7 m 4 [18213 408]
start 6 psup 4 p 7 m 5 [18213 408]
start 14 psup 3 p 7 m 6 [16714 515 18213 408 18219 261]
start 7 psup 4 p 7 m 6 [18213 408]
start 1 psup 4 p 8 m 0 [13096 475 10761 561 11682 41 18213 408]
start 3 psup 4 p 8 m 2 [18213 408 18382 4042 466 5428 489 15824 568 11413 5364 18435]
start 12 psup 3 p 8 m 3 [17603 558 5103 103 9439 319 18213 408 18472 13784 17769 17778 13747 14794 18396 494 6556 15749 17954 17052 9136 9749 14598 15047 17953 18123 8089]
start 13 psup 3 p 8 m 4 [18213 408 15006 487 16667 159 14920 172 4161 197 18478 4286 14393 15338 7691 17003 8389 17316 17468 9790 7654 13515 16334 1923 15259 6050 8031 16083 16548 8171 11067 10419 12586 5306 9933 17944 10411 10630 7439 10247 17775 11793 10256 11699 11228 9614 6250 16467 16473 14916 17639 104 90 13388 13428 136 16363 340 3713 15917 14842 490 18432 17299 18472 13784 15832 17769 15756 15739 180 147 11890 17778 392 17328 18396 2445 6556 5392 15749 18345 6650 2784 18145 17250]
start 6 psup 4 p 8 m 5 [17603 558 5103 103 18213 408 18472 13784 17769 17778]
start 1 psup 4 p 9 m 0 [18213 408 16667 159 15625 412]
start 5 psup 3 p 9 m 4 [17603 558 5103 103 18213 408 18472 13784 17769 17778 18455 18348 10087 6818 803 18436 2078 5850 16426 17855 15777 17847 18309 930]
start 7 psup 3 p 9 m 6 [11479 290 1 13096 475 10761 561 7164 22 2 11618 25 11682 41 10425 79 15161 82 15699 254 17264 404 1070 448 7117 464 8360 497 16714 515 2460 96 3 5103 103 2575 202 9439 319 16672 365 18213 408 15006 487 16667 159 15625 412 15716 417 7946 460 3120 496 9729 534 8097 228 12037 274 16045 303 13850 414 5089 462 15833 19 8 9809 33 2830 157 18361 337 14819 339 13946 372 8488 438 16921 507 12679 516 8555 527 1817 575 8368 584 6553 139 16 4858 550 2943 95 17 4570 130 13312 328 2658 356 17519 190 14130 326 15209 364 8255 10349 16519 97 14976 10676 304 4923 17556 428 14092 563 18219 261 20 11774 273 10417 342 6533 16068 369 8232 551 5423 6342 13074 15734 1350 7901 9403 5678 480 15386 6694 214 23 13123 465 14275 3078 6967 4931 7673 17770 207 7343 17241 830 12936 11621 1915 415 12326 8270 10412 3617 16627 13379 5091 16932 9306 17180 8768 7269 16200 8473 12196 3131 13186 10767 2604 7956 299 27 17955 383 15395 17370 16466 100 28 18344 18478 4286 14393 15338 7691 17003 8389 17316 13699 12160 16325 11258 3524 7250 4530 17468 9790 962 7654 13515 16334 1923 15259 6050 8031 16083 16548 8171 11067 10419 12586 5306 9933 6545 6659 17944 10411 10630 7439 10247 15455 17775 10551 10220 11793 10256 11699 11228 9614 6250 15859 14942 16467 16473 14916 17639 104 90 13388 13428 136 91 16363 340 3713 15917 14842 490 12635 532 9385 17246 452 18282 555 4551 557 7921 18472 13784 14162 15832 13685 468 12230 16767 5315 4895 297 3586 12817 6587 12940 14579 8485 2882 6407 16722 16119 17769 15756 15739 180 147 11890 270 17778 392 18396 494 2445 6556 5392 15749 15462 17954 18345 6650 2784 18145 183 14411 13844 17250 14587 6616 18269 3163 15647 531 17715 17965 13912 18359 17230 17425 6961 13404 18353 11009 1962 1216 4167 13528 3161 8565 3839 9615 18270 15110 552 18448 9283 3585 6742 16024 17672 2593 9972 2688 6980 12265 3566 6167 14244 15379 17667 15718 2348 11631 11801 14823 7683 2910 17734 16869 433 18004 509 6476 16459 13203 6239 17526 6598 5159 12572 3086 15945 16934 16120 701 3149 9772 17353 478 11444 10130 16707 2451 5949 9503 12649 16633 9296 9073 4087 12881 12662 17222 16967 236 15871 17858 12120 18291 17185 17549 13492 4848 2659 15138 14146 10947 15911 11038 8077 6307 14160 4289 1402 14310 2205 4720 14476 5550 15402 14122 10499 8746 16846 16229 11185 6500 11686 17859 9281 8952 1466 14026 5712 15652 16329 6631 10030 13042 2233 4374 2926 14539 17877 3612 7835 2322 16448 9169 18156 18289 11914 9543]
start 8 psup 3 p 9 m 7 [11479 290 1 18213 408 15006 487 16667 159 15625 412 15716 417 7946 460]
start 9 psup 3 p 9 m 8 [17603 558 5103 103 9439 319 18213 408 15971 536 15625 412 18472 13784 17769 17778 18396 494 2445 6556 15749 17954 17052 9136 9749 14598 15047 17953 18123 8089 8119 9275 18297 17800 16969 16849 12002 6404 18269 15647 17715 18455 18348 10087 6818 803 18436 2078 5850 16426 1034 17855 15777 17847]
start 1 psup 3 p 10 m 0 [18213 408 15006 487 18478 4286 14393 15338 7691 17003 8389 17316 17468 9790 962 7654 13515 16334 1923 15259 6050 8031 16083 16548 8171 11067 10419 12586 5306 9933 17944 10411 10630 7439 10247 17775 11793 10256 11699 11228 9614 6250 16467 16473 14916 17639 104 90 13388 13428 136 91 16363 340 3713 15917 14842 490 12635 532 9385 17246 452 18432 17299 18472 13784 14162 15832 17769 15756 15739 180 147 11890 17778 392 17328 18396 494 2445 6556 5392 15749 18345 6650 2784 18145 183 14411 13844 17250]
start 5 psup 3 p 10 m 4 [18213 408 18361 337 14819 339 13946 372 8488 438 17519 190 14130 326 15209 364 16519 97 14976 10676 304 4923 17556 428 14092 563 18219 261 11774 273 17955 383 15395 17370 18344]
