2995	55	1
13152	65	1
2682	214	1
12293	246	1
17148	383	1
6911	390	1
16224	403	1
15033	444	1
7139	526	1
4564	530	1
14868	531	1
8153	102	2
10773	274	2
5198	369	2
6806	385	2
11809	388	2
11382	462	2
6824	208	3
1826	546	3
10498	57	4
2939	140	4
15525	271	4
10384	392	4
2272	414	4
12611	514	4
3199	226	5
10072	233	5
17192	380	5
9203	386	5
767	461	5
7184	72	6
10186	178	6
17477	8	7
15049	33	7
5394	70	7
8097	228	7
15228	365	7
17406	403	7
7123	452	7
3771	454	7
14181	514	7
13215	7	8
3135	119	8
14324	137	8
13451	147	8
2778	186	8
4358	301	8
18117	332	8
9629	449	8
8308	452	8
15416	585	8
1360	18	9
10712	123	9
4704	153	9
18340	157	9
17833	191	9
17002	222	9
2464	346	9
5287	388	9
14546	449	9
3793	467	9
4509	485	9
1319	494	9
16783	498	9
16274	529	9
9134	563	9
590	378	10
12697	379	10
10053	431	10
1079	521	10
3677	34	11
13009	116	11
17245	181	11
14223	256	11
6122	18	12
12991	181	12
11041	235	12
14054	415	12
5440	416	12
9171	532	12
4569	549	12
8501	57	13
6211	433	13
1320	451	13
11318	588	13
15446	33	14
17694	84	14
7814	107	14
4174	271	14
12218	291	14
9325	315	14
2144	332	14
11805	340	14
16452	514	14
2603	524	14
3654	538	14
17760	42	15
16412	61	15
10632	62	15
1518	64	15
7569	83	15
5437	208	15
14819	339	15
17622	362	15
13946	372	15
11706	409	15
2491	417	15
8488	438	15
8890	460	15
16739	474	15
6905	496	15
16921	507	15
8555	527	15
8530	534	15
1984	546	15
8368	584	15
3938	405	16
1650	513	16
16646	45	17
2658	356	17
8314	9	18
15365	12	18
17519	190	18
7226	198	18
11058	235	18
14130	326	18
9578	453	18
3787	485	18
633	60	19
13158	99	19
2798	127	19
13487	169	19
14242	185	19
15181	188	19
11750	219	19
2021	400	19
7268	407	19
13403	513	19
14888	577	19
8335	27	20
5521	35	20
7418	48	20
18332	188	20
14043	192	20
17039	209	20
18219	261	20
1390	306	20
14483	310	20
9100	312	20
7369	354	20
2159	390	20
15770	426	20
5594	116	21
11174	180	21
1661	299	21
15769	437	21
17330	485	21
11017	532	21
16834	561	21
13074	208	22
12459	67	23
8933	88	23
7711	216	23
10982	242	23
4273	279	23
1778	342	23
5791	358	23
3252	450	23
3862	574	23
3078	42	24
1603	178	25
10306	208	25
9390	178	26
13552	20	27
17815	85	27
5348	190	27
8212	201	27
17995	554	27
938	556	27
9143	34	28
9433	153	28
17535	235	28
4084	318	28
751	434	28
5300	449	28
4282	453	28
17117	120	29
6164	210	29
15369	233	29
15131	237	29
5119	357	29
12920	389	29
3233	430	29
10757	119	30
15809	223	30
4386	273	30
12275	279	30
8032	335	30
9798	475	30
14602	535	30
8281	55	31
13270	173	31
10876	249	31
6294	314	31
11468	378	31
4837	521	31
6034	367	32
17777	377	32
10193	418	32
8425	559	32
3621	7	33
3141	14	33
18203	75	33
7359	91	33
9338	136	33
16450	221	33
699	227	33
11420	256	33
2265	283	33
2243	291	33
15774	315	33
18060	358	33
15292	383	33
10222	403	33
1336	514	33
15087	524	33
8740	562	33
11563	573	33
10879	11	34
2580	28	34
2610	313	34
8268	476	34
2089	20	35
2113	78	35
17429	132	35
13037	242	35
17578	313	35
9768	364	35
14385	390	35
15004	395	35
7314	468	35
7702	513	35
11974	229	36
14889	234	36
10714	511	36
7206	72	37
16225	100	37
13745	355	37
3891	405	37
5191	462	37
6282	582	37
4988	585	37
11869	172	38
8936	230	38
5261	352	38
11048	411	38
2364	473	38
12067	198	39
8826	346	39
5051	382	39
16900	477	39
13242	485	39
10815	498	39
2323	556	39
11450	563	39
2570	211	40
5944	212	40
6075	306	40
12804	348	40
4897	355	40
2522	478	40
14853	552	40
2031	183	41
5227	228	41
6266	307	41
7012	309	41
10680	399	41
6123	544	41
16639	549	41
4432	582	41
13263	15	42
8908	24	42
16976	64	42
16254	72	42
15073	79	42
1454	82	42
9160	83	42
3531	178	42
12976	287	42
15300	333	42
11559	337	42
17360	339	42
9528	372	42
6213	412	42
17286	417	42
7202	460	42
3665	474	42
11905	497	42
6234	507	42
12311	516	42
11723	570	42
10492	575	42
8237	45	43
2573	329	43
15970	511	43
17738	99	44
17748	100	44
8506	127	44
2308	193	44
622	225	44
16644	310	44
17637	354	44
5341	370	44
12345	422	44
16634	490	44
2617	494	44
9806	17	45
13502	43	45
9488	68	45
11770	73	45
12833	112	45
13472	130	45
12589	133	45
13033	151	45
1859	160	45
12779	167	45
4184	170	45
6743	204	45
13236	233	45
800	277	45
16492	280	45
2444	305	45
17861	311	45
12543	328	45
5862	329	45
16539	356	45
11428	374	45
11582	396	45
4466	434	45
11421	463	45
6068	476	45
1204	480	45
18360	558	45
16425	576	45
13757	409	46
9313	302	47
10540	419	47
9504	560	47
9367	20	48
16842	179	48
2945	382	48
4630	390	48
18471	395	48
2475	457	48
12182	513	48
2225	532	48
9292	561	48
4625	55	49
12166	88	49
11536	131	49
3932	138	49
13454	160	49
14557	215	49
14410	240	49
18031	276	49
1599	319	49
12641	413	49
12788	526	49
15351	553	49
8302	423	50
3927	72	51
7686	52	52
4473	431	52
16578	54	53
9869	74	53
1958	175	53
4499	285	53
764	344	53
13908	53	54
4779	111	54
1552	160	54
6722	344	54
7310	435	54
10734	475	54
1961	1	55
1849	31	55
4355	49	55
8872	121	55
13558	195	55
9730	229	55
5151	240	55
6107	330	55
11635	377	55
2372	403	55
10041	427	55
5228	500	55
13927	512	55
2481	542	55
12841	552	55
15407	234	56
8195	447	56
4310	502	56
12725	4	57
6048	13	57
7461	84	57
17599	144	57
11896	219	57
4324	247	57
13626	268	57
4865	331	57
3431	364	57
16150	388	57
7538	407	57
8084	506	57
6768	515	57
5761	539	57
10784	565	57
13458	132	58
2122	211	58
5696	266	58
673	433	58
17820	559	58
639	582	58
14514	225	59
8178	256	59
14036	269	59
3363	307	59
14550	405	59
13954	532	59
12105	19	60
9309	87	60
8155	99	60
8870	188	60
3371	193	60
10826	219	60
8380	331	60
3109	400	60
16076	565	60
5044	15	61
17958	409	61
11262	15	62
2965	409	62
3329	75	63
17558	98	63
3691	183	63
13060	210	63
12819	285	63
5990	386	63
18386	416	63
9163	15	64
3072	42	64
16442	1	65
4766	259	65
10075	262	65
8300	391	65
12477	463	65
6841	472	65
1710	475	65
5866	526	65
8326	530	65
8807	574	65
843	151	66
16999	233	66
18469	324	66
10660	461	66
15068	23	67
5493	156	67
3755	194	67
8150	344	67
11203	403	67
15243	435	67
1946	450	67
17828	557	67
5599	564	67
17144	45	68
2721	411	68
3435	548	68
5848	98	69
14176	148	69
8722	237	69
2160	240	69
12908	256	69
8980	321	69
15923	416	69
15690	532	69
4139	543	69
3851	549	69
5807	7	70
9133	131	70
4394	231	70
11035	299	70
5025	348	70
4591	452	70
11652	454	70
6319	552	70
18435	146	71
12733	154	71
17310	164	71
3807	189	71
11639	260	71
10298	306	71
9499	375	71
8682	402	71
6037	406	71
3021	471	71
13209	6	72
4266	37	72
10111	42	72
1417	51	72
1565	135	72
9669	177	72
6958	197	72
2148	287	72
9752	292	72
11687	333	72
1119	409	72
12789	412	72
9678	417	72
11752	424	72
1310	460	72
9366	479	72
13046	45	73
1913	53	74
1006	94	74
15910	111	74
11632	125	74
15476	143	74
16383	324	74
16339	325	74
7636	361	74
13936	381	74
18373	455	74
4438	33	75
13968	63	75
9472	91	75
7605	120	75
11913	160	75
1621	168	75
10862	286	75
14993	321	75
3738	367	75
1542	386	75
9765	399	75
7845	434	75
1256	436	75
9261	481	75
6429	247	76
5580	306	76
15698	313	76
13675	355	76
6138	369	76
17793	390	76
17511	462	76
7892	296	77
10818	35	78
3217	153	78
17217	163	78
2057	395	78
862	513	78
9779	518	78
9908	42	79
4286	208	79
10386	238	80
4712	251	80
4649	390	80
7095	466	80
5544	483	80
9842	532	80
1736	195	81
17219	348	81
4137	447	81
16551	512	81
13801	42	82
9557	178	82
16548	208	82
6545	15	83
10411	42	83
12439	409	83
11973	14	84
8644	57	84
2675	252	84
11534	271	84
16769	291	84
13471	332	84
4512	340	84
2653	352	84
7667	393	84
6514	397	84
13313	401	84
2403	468	84
10592	531	84
11745	27	85
16147	165	85
16613	178	85
9589	201	85
11460	226	85
13211	289	85
16321	446	85
3855	502	85
2135	505	85
14064	336	86
13973	413	86
7764	548	86
13879	581	86
854	60	87
15584	99	87
13352	100	87
4422	193	87
2607	219	87
2931	223	87
6793	405	87
5749	566	87
15944	23	88
17514	49	88
2321	244	88
14060	246	88
1832	304	88
1205	420	88
6719	475	88
5572	521	88
7089	131	89
3311	172	89
9225	239	89
17695	286	89
3714	344	89
7785	380	89
16451	435	89
14371	545	89
13388	357	90
15179	398	90
12869	502	90
14670	33	91
7932	75	91
13015	104	91
1405	168	91
6885	183	91
16977	227	91
14249	358	91
17152	399	91
12132	475	91
10746	524	91
7419	95	92
4772	193	92
5017	217	92
15125	219	92
5258	354	92
8498	407	92
17072	466	92
10822	559	92
8061	419	93
10577	74	94
606	143	94
6289	183	94
12465	194	94
7681	344	94
17850	365	94
4198	557	94
5648	573	94
8346	586	94
5304	92	95
6326	167	95
11906	217	95
8820	220	95
7843	241	95
14462	314	95
13995	354	95
18374	362	95
17911	427	95
1598	463	95
8042	465	95
7897	483	95
7121	533	95
12945	535	95
15020	559	95
6960	408	96
7157	521	97
11560	63	98
16663	69	98
12677	120	98
16632	187	98
17363	210	98
3366	535	98
5113	559	98
5358	19	99
14108	44	99
6582	60	99
8415	87	99
3234	193	99
5574	199	99
14173	331	99
4203	407	99
5033	451	99
4808	565	99
9496	577	99
4857	37	100
10100	44	100
13632	87	100
9149	203	100
8455	255	100
6828	310	100
17753	405	100
2641	453	100
8782	456	100
5874	208	101
17772	373	101
13374	470	101
10227	546	101
979	570	101
14187	2	102
5578	181	102
14186	198	102
11493	457	102
11155	462	102
2455	499	103
9471	521	103
4966	91	104
18279	149	104
10333	183	104
13633	227	104
15062	309	104
11081	399	104
11046	583	104
16880	284	105
919	357	105
2009	502	105
12468	547	105
11637	216	106
11629	253	106
4859	297	106
16195	14	107
12579	258	107
4483	309	107
4136	345	107
3519	365	107
5011	524	107
920	140	108
15808	392	108
7579	452	108
4787	454	108
15742	344	109
1475	443	109
16664	583	109
1618	201	110
17721	212	110
13252	233	110
9382	343	110
7481	430	110
4379	434	110
6008	509	110
3152	543	110
11855	54	111
7006	74	111
15953	262	111
5844	324	111
6808	361	111
12742	391	111
6612	403	111
4965	450	111
6540	526	111
7980	45	112
8713	233	112
9314	241	113
6406	248	113
17688	350	113
5826	400	113
8051	362	114
4238	124	115
13849	213	115
2095	216	115
9227	223	115
11103	325	115
7194	331	115
3922	347	115
11698	366	115
17860	565	115
16469	580	115
12818	11	116
11791	21	116
7762	180	116
8684	233	117
12213	434	117
16507	506	117
12211	196	118
10095	200	118
9005	346	118
7501	456	118
17608	494	118
6729	502	118
15008	8	119
15804	30	119
14585	146	119
4388	332	119
18221	392	119
13434	402	119
16436	454	119
9490	585	119
8081	29	120
16612	75	120
6062	98	120
14884	165	120
1378	187	120
1174	226	120
8582	231	120
13371	266	120
16605	321	120
9647	357	120
3236	386	120
795	389	120
3641	410	120
9583	540	120
2636	553	120
5244	55	121
12003	195	121
10271	335	121
7483	377	121
2106	526	121
16695	580	121
12584	209	122
12716	283	122
6382	426	122
5556	482	122
9393	551	122
12177	9	123
13345	196	123
17957	200	123
5854	237	123
15025	554	123
15072	115	124
1968	223	124
8234	366	124
8261	74	125
16123	156	125
9050	261	125
14094	324	125
13357	344	125
5031	551	125
9255	564	125
12472	573	125
8157	330	126
16346	355	126
9151	549	126
4731	19	127
16740	44	127
8759	209	127
1210	310	127
1895	312	127
1136	405	127
17253	428	127
9331	513	127
15695	518	127
18260	200	128
2156	201	128
10502	270	128
10747	318	128
1354	343	128
13224	360	128
17102	434	128
17067	442	128
4543	503	128
9666	523	128
1638	475	129
11953	512	129
12728	538	129
9157	45	130
18087	49	131
14758	70	131
1172	89	131
11616	168	131
3022	194	131
16602	226	131
8046	231	131
7397	286	131
3609	403	131
1732	481	131
787	495	131
10811	524	131
15309	35	132
7860	58	132
12402	242	132
3231	300	132
14529	420	132
8282	433	132
13342	451	132
8693	500	132
15277	45	133
12183	241	133
5897	285	133
9198	437	133
4542	213	134
2925	215	134
6831	230	134
10187	465	134
8725	475	134
7592	517	134
12777	72	135
12714	409	135
17128	33	136
16304	183	136
2592	227	136
4650	399	136
7406	403	136
15823	524	136
7539	8	137
10142	186	137
8611	243	137
647	288	137
10263	348	137
1153	402	137
4260	49	138
8465	413	138
4461	447	139
13021	4	140
5433	108	140
10354	306	140
17359	414	140
1988	510	140
13362	539	140
4395	423	141
7778	216	142
3990	298	142
9907	381	142
16514	475	142
17331	545	142
11098	74	143
12741	94	143
17138	206	143
3254	230	143
10518	249	143
14440	276	143
6146	325	143
12185	347	143
17294	366	143
6203	566	143
6587	580	143
8989	57	144
11066	179	144
13907	397	144
12895	167	145
5107	205	145
667	214	145
12695	381	145
12937	465	145
17754	475	145
16119	71	146
17769	119	146
5775	162	146
5951	414	146
5985	8	147
7037	198	147
14683	224	147
17201	301	147
14197	365	147
17778	392	147
15978	452	147
5316	69	148
9900	234	148
11036	239	148
11741	240	148
3864	327	148
6029	344	148
6035	403	148
15546	512	148
10137	543	148
5452	104	149
7794	183	149
1409	258	149
14029	291	149
2774	358	149
8307	365	149
9016	384	149
7777	562	149
5218	579	149
12316	409	150
12607	511	150
14795	45	151
7712	66	151
2734	170	151
7056	233	151
1783	396	151
608	461	151
9887	200	152
7613	212	152
15170	323	152
4041	478	152
15297	9	153
9988	28	153
10318	78	153
18131	157	153
931	163	153
16132	235	153
4667	346	153
6103	529	153
10807	71	154
2867	406	154
4879	423	154
8319	587	154
11270	160	155
3047	167	155
811	205	155
3079	233	155
14446	488	155
8137	501	155
12950	67	156
9280	125	156
13988	192	156
3916	195	156
14267	361	156
17251	383	156
13598	458	156
11011	482	156
7903	541	156
9749	564	156
3053	9	157
6833	153	157
9579	449	157
5524	498	157
10967	229	158
14695	511	158
4127	205	159
18123	218	159
9731	45	160
13663	49	160
12514	54	160
5207	75	160
1931	155	160
14816	265	160
9753	280	160
1814	285	160
4349	286	160
6870	328	160
5634	374	160
12325	380	160
5434	488	160
7916	520	160
1813	548	160
12569	581	160
6634	205	161
7742	217	161
7067	463	161
9713	146	162
14416	402	162
6390	78	163
11480	153	163
14999	179	163
14732	243	163
10224	422	163
8837	71	164
8357	351	164
10184	406	164
13217	487	164
14565	85	165
5647	120	165
3414	210	165
8935	410	165
13131	233	166
5285	360	166
4055	447	166
5884	461	166
15361	502	166
10021	45	167
17290	95	167
3889	145	167
15650	155	167
6059	261	167
18218	265	167
1658	266	167
13124	285	167
5116	305	167
15298	328	167
5319	362	167
9500	374	167
17669	400	167
4494	461	167
16361	488	167
8176	520	167
10830	75	168
6603	91	168
13615	131	168
8217	224	168
1612	228	168
5856	291	168
1490	309	168
8718	399	168
12998	19	169
15028	185	169
16994	193	169
12272	252	169
3740	275	169
2609	300	169
5422	393	169
1017	577	169
2208	45	170
9617	151	170
14709	434	170
17527	461	170
11758	409	171
17441	38	172
10932	89	172
5240	181	172
13845	230	172
4672	265	172
9552	341	172
5628	439	172
10099	472	172
2654	475	172
1316	528	172
17699	545	172
9168	548	172
876	581	172
7336	31	173
4948	195	173
12009	297	173
634	420	173
13175	433	173
16257	518	173
6542	324	174
14910	363	174
16102	403	174
13652	458	174
8650	564	174
4528	586	174
10534	53	175
4580	276	175
3898	310	175
8102	366	175
14752	528	175
5342	571	175
2044	233	176
762	245	176
16430	421	176
11578	434	176
16131	536	176
6207	72	177
13395	6	178
11940	25	178
14619	26	178
16789	42	178
1151	82	178
2428	85	178
10171	197	178
16402	254	178
12463	292	178
4484	387	178
12457	412	178
14893	448	178
15807	464	178
15367	48	179
9934	144	179
17604	163	179
8436	288	179
16455	310	179
6033	323	179
18216	346	179
2744	422	179
10422	494	179
15034	513	179
16044	525	179
15501	532	179
5136	21	180
9443	116	180
2564	187	180
16623	224	180
13028	251	180
5083	321	180
2712	346	180
12556	483	180
4947	493	180
8975	532	180
11347	11	181
10579	12	181
12332	102	181
4978	172	181
11776	224	181
11019	264	181
10984	295	181
8701	299	181
11410	457	181
15422	582	181
7299	399	182
11486	430	182
6144	434	182
10274	543	182
1305	41	183
6412	63	183
17849	91	183
4081	94	183
2051	104	183
17647	136	183
8049	149	183
12093	194	183
9466	221	183
12670	227	183
4341	228	183
15163	239	183
14988	250	183
6422	286	183
12232	344	183
9964	358	183
2699	384	183
1244	399	183
17999	416	183
15614	481	183
12373	482	183
18297	495	183
5918	524	183
9913	562	183
1167	579	183
17223	583	183
10999	293	184
2341	411	184
16554	476	184
13821	19	185
15498	169	185
10671	219	185
7630	312	185
18269	382	185
6897	393	185
16829	401	185
7069	428	185
13764	491	185
15647	531	185
14553	577	185
10687	8	186
8886	137	186
4875	228	186
9930	238	186
2918	243	186
6081	307	186
17166	483	186
15142	493	186
12309	532	186
16731	582	186
15973	585	186
17171	98	187
5279	120	187
16512	180	187
8008	556	187
2146	578	187
9414	19	188
15875	20	188
2407	60	188
3262	300	188
16673	426	188
7972	451	188
6660	71	189
6102	406	189
14605	587	189
9911	18	190
1558	27	190
3776	326	190
8492	453	190
6560	477	190
7548	9	191
13719	222	191
11025	346	191
4749	467	191
9092	494	191
5037	20	192
12072	156	192
11206	209	192
11047	426	192
16558	512	192
13584	564	192
10343	44	193
10067	60	193
4246	87	193
8022	92	193
8500	99	193
17531	169	193
4344	219	193
9498	300	193
6413	312	193
12186	354	193
7114	400	193
4535	490	193
9781	533	193
11884	551	193
12786	588	193
13069	67	194
8924	94	194
11985	131	194
14542	183	194
17977	221	194
10754	250	194
16162	403	194
13740	526	194
14521	573	194
8860	55	195
3098	81	195
17311	121	195
11092	156	195
3642	173	195
9761	218	195
4326	256	195
6018	377	195
1269	427	195
3746	457	195
15863	500	195
15733	564	195
8764	118	196
4907	123	196
1563	200	196
8596	346	196
1143	502	196
4235	554	196
11317	556	196
15313	72	197
14213	178	197
18449	18	198
12430	39	198
9377	102	198
8468	147	198
13931	270	198
1728	275	198
9966	334	198
10915	348	198
11700	376	198
1067	477	198
7706	493	198
12287	99	199
11197	426	199
14488	544	199
4068	118	200
4523	123	200
11566	128	200
1312	152	200
2374	196	200
13444	201	200
5835	318	200
10755	348	200
615	357	200
4057	456	200
15385	503	200
3567	513	200
8007	556	200
11649	578	200
2872	27	201
7255	85	201
6627	110	201
17183	128	201
11135	200	201
14298	294	201
11271	343	201
14877	434	201
11768	442	201
2626	503	201
14929	523	201
3878	570	202
1199	100	203
835	255	203
1521	513	203
5503	586	203
17548	45	204
8993	411	204
7587	473	204
8496	548	204
17756	145	205
4870	155	205
9679	159	205
13249	161	205
17698	207	205
12197	241	205
9220	265	205
15412	335	205
16823	374	205
9676	415	205
14985	431	205
3614	463	205
8839	465	205
12374	476	205
9042	480	205
1685	488	205
13854	501	205
4550	530	205
2401	532	205
15085	542	205
9515	143	206
8900	325	206
8065	205	207
1181	437	207
5297	501	207
6414	3	208
10446	15	208
7766	22	208
18353	25	208
11009	79	208
1962	82	208
1815	101	208
1216	254	208
15663	293	208
4167	404	208
7642	429	208
13528	448	208
3161	464	208
8565	497	208
9039	20	209
9594	122	209
12693	127	209
8445	192	209
3499	306	209
12499	310	209
4675	312	209
2277	482	209
11078	495	209
4402	505	209
2349	539	209
16341	586	209
15193	29	210
8411	63	210
15083	98	210
4615	165	210
6609	226	210
17292	410	210
6288	416	210
13782	461	210
11106	484	210
1444	487	210
10503	578	210
8661	40	211
16390	58	211
11926	218	211
17110	243	211
6973	251	211
8556	295	211
15649	354	211
605	427	211
14333	433	211
3404	512	211
5448	518	211
8884	559	211
16898	561	211
11176	40	212
6565	110	212
11366	152	212
13571	348	212
7383	478	212
16198	509	212
17492	538	212
2527	543	212
16566	559	212
10152	115	213
2251	134	213
10890	216	213
6677	217	213
1991	335	213
8085	439	213
6145	455	213
14582	530	213
8828	1	214
12365	145	214
3997	246	214
15180	352	214
13146	415	214
18428	468	214
6980	574	214
7356	49	215
2065	134	215
6167	246	215
4250	276	215
15554	475	215
9947	517	215
16287	23	216
4891	106	216
18352	115	216
7790	142	216
14083	213	216
3036	217	216
5960	279	216
892	325	216
18111	335	216
3989	381	216
1080	455	216
5930	472	216
15212	530	216
9780	574	216
5620	92	217
5239	95	217
12577	161	217
16503	213	217
4078	216	217
3114	220	217
12238	325	217
5968	505	217
11780	159	218
1255	195	218
16345	211	218
9841	352	218
4428	378	218
3527	542	218
15527	19	219
1840	57	219
3353	60	219
1924	87	219
11090	92	219
12398	185	219
11804	193	219
2994	275	219
9391	312	219
1559	533	219
17193	566	219
5616	577	219
893	588	219
3564	95	220
13450	217	220
17863	261	220
4159	324	220
7644	349	220
15727	354	220
14731	377	220
12438	418	220
17030	463	220
11313	33	221
2612	183	221
12504	194	221
9699	403	221
13290	482	221
15026	526	221
17255	562	221
8613	583	221
10626	9	222
11592	191	222
14033	346	222
1463	485	222
17683	494	222
1145	563	222
16322	30	223
8579	87	223
12014	115	223
9782	124	223
2888	405	223
2365	147	224
4492	168	224
11261	180	224
8202	181	224
10033	238	224
6219	295	224
2779	498	224
17167	582	224
12765	44	225
17755	59	225
13941	275	225
16437	310	225
7179	350	225
5828	400	225
7262	494	225
5109	513	225
6850	5	226
5175	85	226
1212	120	226
7939	131	226
13636	210	226
3765	233	226
17440	553	226
2046	33	227
1324	91	227
1345	104	227
2697	136	227
11667	183	227
17884	228	227
11274	399	227
8885	562	227
14436	7	228
12323	41	228
12610	168	228
16186	183	228
2840	186	228
12830	227	228
14642	270	228
15868	399	228
5048	452	228
8528	493	228
6013	544	228
1154	36	229
10789	55	229
10855	158	229
4314	232	229
6981	263	229
6601	281	229
15927	394	229
6974	409	229
11751	432	229
10907	492	229
16074	502	229
15963	511	229
16568	569	229
3005	38	230
3911	134	230
9284	143	230
2071	172	230
2786	244	230
14030	259	230
786	276	230
15580	304	230
6814	439	230
13634	465	230
5321	475	230
16161	517	230
10481	571	230
15002	581	230
10028	70	231
16496	120	231
5702	131	231
13829	399	231
4648	524	231
10720	229	232
4984	511	232
5611	5	233
16536	29	233
7321	45	233
17741	66	233
13899	110	233
11526	112	233
4306	117	233
13957	151	233
946	155	233
17021	166	233
12322	176	233
5467	226	233
11198	257	233
9424	272	233
6749	360	233
5808	374	233
9073	376	233
5693	386	233
7872	396	233
2134	421	233
7191	430	233
12242	434	233
14336	436	233
15957	459	233
7426	461	233
5070	484	233
8026	523	233
17073	536	233
5077	36	234
2386	56	234
1906	148	234
593	237	234
11359	267	234
877	446	234
13672	447	234
18327	540	234
11756	554	234
7910	12	235
9249	18	235
11127	28	235
6446	153	235
5484	346	235
10523	456	235
1191	447	236
6617	29	237
11693	69	237
2433	123	237
8352	234	237
10901	257	237
3741	267	237
1024	343	237
15222	442	237
4411	502	237
2684	554	237
11065	80	238
11246	186	238
8332	224	238
14445	243	238
11822	251	238
6461	402	238
3374	483	238
12548	89	239
3454	148	239
2476	183	239
1243	285	239
4094	344	239
4678	481	239
7808	528	239
2241	49	240
7038	55	240
9721	69	240
6217	148	240
14077	418	240
5247	487	240
6774	512	240
6614	95	241
10668	113	241
15981	133	241
14326	205	241
15991	305	241
2966	352	241
8160	370	241
3681	400	241
17737	466	241
9033	532	241
8507	566	241
15864	23	242
5943	35	242
1828	132	242
9405	252	242
3339	273	242
10416	279	242
17763	420	242
1780	137	243
12227	163	243
6100	186	243
13001	211	243
1048	238	243
13467	355	243
1442	389	243
18245	433	243
8696	494	243
15904	498	243
5821	512	243
17691	88	244
7607	230	244
18208	246	244
6274	517	244
5450	531	244
5366	176	245
5797	357	245
13340	434	245
8685	509	245
12011	1	246
1870	88	246
14295	214	246
6443	215	246
17437	244	246
2638	249	246
6369	403	246
3874	444	246
15251	472	246
3330	531	246
5183	57	247
1754	76	247
12877	355	247
4012	462	247
2648	539	247
4244	113	248
9324	362	248
7357	368	248
9519	487	248
7851	31	249
18114	143	249
4362	246	249
2389	325	249
7137	401	249
13999	531	249
5395	183	250
3382	194	250
15137	344	250
14906	583	250
9282	80	251
903	180	251
5475	211	251
8561	238	251
10355	355	251
12683	483	251
16493	561	251
5809	84	252
2110	169	252
3089	242	252
4848	259	252
12000	273	252
7970	279	252
2659	340	252
18140	352	252
10159	363	252
4834	383	252
14078	401	252
9677	420	252
4222	533	252
11575	106	253
13887	317	253
15900	331	253
8595	565	253
4381	178	254
11038	208	254
4769	100	255
2205	203	255
15223	367	255
3310	405	255
2427	409	255
12222	513	255
6959	582	255
8444	586	255
10929	11	256
6328	33	256
8645	59	256
994	69	256
11951	195	256
7586	269	256
12361	321	256
16275	348	256
12973	418	256
14127	478	256
2782	505	256
16181	538	256
10658	233	257
9394	237	257
11511	360	257
17797	434	257
6791	523	257
7643	107	258
12192	149	258
4750	268	258
16903	291	258
14923	306	258
5976	309	258
2003	345	258
9811	358	258
17708	365	258
16964	452	258
10327	562	258
4725	65	259
17303	230	259
11875	252	259
17281	265	259
10532	325	259
15150	472	259
14012	517	259
4742	530	259
8494	71	260
3676	351	260
16103	406	260
10600	487	260
7863	20	261
18058	125	261
5328	167	261
11052	220	261
16547	324	261
6744	381	261
14805	383	261
789	541	261
15814	568	261
17589	65	262
8365	111	262
6085	324	262
10635	335	262
5708	403	262
11669	450	262
13547	530	262
8490	574	262
10024	229	263
5692	511	263
10637	181	264
4939	299	264
17476	301	264
18175	437	264
9767	561	264
14325	582	264
11580	160	265
8779	167	265
4488	172	265
3757	205	265
9337	259	265
8726	336	265
10165	520	265
13050	58	266
18069	120	266
6049	167	266
7567	280	266
16595	349	266
7536	447	266
8413	234	267
7975	237	267
10045	447	267
18073	57	268
6124	258	268
1655	291	268
16825	365	268
15949	515	268
5684	585	268
3422	59	269
9376	256	269
16433	330	269
5581	348	269
1037	552	269
1718	562	269
6551	579	269
15260	128	270
12101	198	270
6074	228	270
8187	334	270
11841	477	270
11014	493	270
16771	543	270
4821	544	270
2508	4	271
6552	14	271
14113	84	271
11217	291	271
7670	306	271
10924	309	271
7773	426	271
8063	515	271
8540	551	271
7768	233	272
17898	386	272
1503	434	272
11587	484	272
10358	30	273
11502	242	273
18070	252	273
1169	279	273
4209	340	273
9744	383	273
11494	491	273
4287	526	273
18372	2	274
18156	425	274
11034	510	274
5018	558	274
2938	169	275
3194	198	275
15255	219	275
1550	225	275
14304	400	275
1527	506	275
7679	577	275
1742	581	275
6590	49	276
14096	143	276
10873	175	276
7266	215	276
15387	230	276
12489	304	276
8412	341	276
14380	413	276
4237	521	276
3075	45	277
12838	411	277
10877	409	278
1158	23	279
14626	30	279
2008	216	279
10985	242	279
5609	252	279
11163	273	279
15678	300	279
5398	383	279
7737	45	280
2219	160	280
1573	266	280
4056	290	280
1723	311	280
14167	319	280
18147	328	280
2366	349	280
17864	501	280
14322	229	281
12423	502	281
6000	511	281
802	411	282
4886	473	282
14075	33	283
15679	122	283
15019	315	283
872	515	283
10900	551	283
1919	105	284
12406	357	284
654	502	284
6910	547	284
17444	53	285
16394	63	285
7237	133	285
3917	160	285
8821	167	285
4600	239	285
3833	305	285
2953	380	285
15245	439	285
13664	528	285
4304	75	286
13425	89	286
14276	131	286
5463	160	286
9129	183	286
15667	461	286
5957	42	287
15435	72	287
4002	409	287
18289	137	288
12065	179	288
11914	323	288
11790	449	288
15564	494	288
7190	498	288
1700	535	288
16876	85	289
9828	502	289
7674	280	290
8637	328	290
11161	14	291
1829	33	291
8657	84	291
18300	149	291
10280	168	291
4229	258	291
12152	268	291
14471	271	291
9235	306	291
9625	315	291
13516	358	291
17240	454	291
16651	509	291
5514	515	291
15157	538	291
6916	562	291
12301	579	291
2892	72	292
9212	178	292
6346	184	293
7076	208	293
11807	308	293
13214	510	293
10265	546	293
16165	555	293
1027	201	294
12507	434	294
5851	476	294
8784	502	294
18178	181	295
18098	211	295
8386	224	295
4885	498	295
11574	578	295
4728	582	295
13498	77	296
16709	408	296
1582	106	297
10621	173	297
11867	317	297
18252	363	297
17767	401	297
1761	142	298
3411	344	298
14856	475	298
6823	21	299
1372	70	299
7198	181	299
12190	264	299
6135	349	299
14070	483	299
10179	521	299
14892	544	299
3320	132	300
7811	169	300
6971	188	300
17501	193	300
14159	279	300
11885	407	300
17936	559	300
8915	577	300
8462	8	301
17524	147	301
17652	264	301
14509	365	301
11925	414	301
16217	582	301
10689	47	302
8182	322	302
6025	351	302
2318	408	303
5923	570	303
13566	88	304
8323	230	304
11644	276	304
732	518	304
11445	45	305
12563	167	305
12602	241	305
5994	285	305
9539	20	306
11429	40	306
16347	71	306
10394	76	306
12664	140	306
5419	209	306
10339	258	306
8325	271	306
10708	291	306
12515	462	306
9185	495	306
14171	41	307
16990	59	307
2524	186	307
8778	309	307
18007	399	307
17731	293	308
17515	423	308
844	41	309
5633	104	309
12961	107	309
13408	168	309
1846	258	309
2990	271	309
5345	307	309
4190	399	309
15399	20	310
5009	44	310
13971	100	310
7728	127	310
2130	175	310
4572	179	310
14664	209	310
7887	225	310
3750	495	310
4431	45	311
17809	280	311
820	511	311
12713	20	312
9502	127	312
8855	185	312
12576	193	312
2777	209	312
6264	219	312
10471	354	312
6399	428	312
9145	490	312
1904	513	312
2666	34	313
6279	35	313
16190	76	313
13761	330	313
14956	368	313
5354	385	313
7316	395	313
10515	425	313
15703	457	313
4017	495	313
12409	524	313
15791	537	313
2824	31	314
9450	95	314
3942	418	314
16273	433	314
7472	14	315
6895	33	315
15661	283	315
716	291	315
5041	324	315
9099	384	315
7992	586	315
15023	409	316
3246	253	317
10828	297	317
3575	331	317
5982	565	317
12076	566	317
5687	568	317
14659	28	318
11744	128	318
15719	200	318
4924	360	318
3008	434	318
1477	502	318
6932	554	318
17364	49	319
11411	280	319
9909	413	319
869	501	319
9448	409	320
1273	69	321
17434	75	321
12772	120	321
10300	180	321
5887	256	321
2993	330	321
6879	367	321
13411	416	321
18155	502	321
10677	549	321
7201	302	322
7149	560	322
3777	570	322
12999	152	323
8542	179	323
8235	288	323
3074	334	323
11562	382	323
15388	422	323
16615	494	323
15256	513	323
13838	535	323
11674	66	324
10019	74	324
4680	111	324
2076	125	324
11586	174	324
5386	220	324
12314	261	324
14872	262	324
9575	315	324
14612	361	324
11315	403	324
4687	418	324
9465	426	324
10871	455	324
17764	458	324
15676	541	324
3279	551	324
3003	74	325
13027	115	325
17617	143	325
11077	206	325
10486	216	325
10885	217	325
5865	249	325
9571	259	325
9846	335	325
7804	347	325
18308	381	325
9684	472	325
17121	530	325
15474	531	325
8620	533	325
12969	18	326
1841	190	326
14733	453	326
5496	148	327
16332	423	327
10724	499	327
696	521	327
14729	45	328
17787	160	328
14065	167	328
5924	280	328
17572	290	328
3824	374	328
10842	520	328
13637	526	328
15447	43	329
7427	45	329
6056	511	329
14860	55	330
8730	126	330
18299	269	330
1998	313	330
9697	321	330
6339	364	330
5388	367	330
12657	468	330
16253	535	330
2694	552	330
2991	57	331
801	60	331
12434	99	331
13503	115	331
1534	253	331
10208	317	331
13842	565	331
2157	568	331
10808	8	332
11965	14	332
4597	84	332
1241	119	332
3993	402	332
18237	483	332
2809	487	332
9969	514	332
3953	585	332
2542	42	333
12536	72	333
7710	198	334
11547	270	334
9113	323	334
8269	350	334
623	418	334
2331	437	334
9034	505	334
14494	529	334
11622	30	335
7094	121	335
5001	205	335
2480	213	335
9021	216	335
12071	262	335
9241	325	335
1249	342	335
7373	450	335
7942	530	335
11385	571	335
5005	86	336
12028	265	336
3640	413	336
5595	548	336
16937	42	337
15169	411	338
772	473	338
10051	15	339
2647	42	339
1756	409	339
8310	14	340
18294	84	340
14700	252	340
17198	273	340
15952	393	340
11948	420	340
7513	444	340
16016	491	340
16697	172	341
11714	276	341
11398	528	341
15578	23	342
7557	335	342
4429	344	342
17996	391	342
2713	403	342
6312	450	342
2523	455	342
16157	526	342
10108	110	343
8361	128	343
6591	201	343
16051	237	343
9237	434	343
3581	523	343
15938	53	344
2594	54	344
4213	67	344
15130	89	344
4380	94	344
3083	109	344
2701	125	344
7456	148	344
11919	183	344
5284	239	344
17536	250	344
10554	298	344
4491	342	344
13000	376	344
6585	399	344
10408	435	344
2252	443	344
8025	450	344
10049	455	344
3413	461	344
17147	475	344
4378	107	345
6208	258	345
7740	365	345
1427	384	345
7733	9	346
12505	39	346
7110	118	346
7602	153	346
18355	179	346
16660	180	346
16241	191	346
15276	196	346
13460	222	346
17752	235	346
1885	388	346
4180	449	346
17371	456	346
5007	467	346
11568	485	346
8353	563	346
10902	115	347
4956	143	347
7313	325	347
4025	580	347
16982	40	348
10091	70	348
1004	81	348
18430	137	348
7442	198	348
12488	200	348
5334	212	348
9090	256	348
8991	269	348
1746	538	348
2270	542	348
18401	543	348
7973	552	348
6529	554	348
16435	220	349
8188	266	349
3464	280	349
4901	299	349
5916	538	349
9920	113	350
15912	225	350
8392	334	350
17888	402	350
11214	494	350
11742	529	350
14632	164	351
6750	260	351
640	302	351
2200	362	351
16505	368	351
5078	402	351
2731	406	351
12200	487	351
3536	38	352
6084	84	352
2909	214	352
4160	218	352
6303	241	352
1015	252	352
12130	415	352
13519	423	353
12710	20	354
13751	44	354
9831	92	354
4940	95	354
10283	193	354
1467	211	354
4828	220	354
10421	312	354
2368	433	354
17302	483	354
5127	37	355
5813	40	355
16954	76	355
13143	126	355
5057	243	355
1705	247	355
3176	251	355
10489	388	355
15972	418	355
11998	442	355
9530	558	355
11611	17	356
4328	45	356
2732	29	357
16134	90	357
2371	105	357
2022	120	357
9796	200	357
5190	245	357
2226	284	357
15262	398	357
13765	434	357
15381	502	357
11150	547	357
17008	23	358
3051	33	358
17457	91	358
11862	149	358
6401	183	358
2025	258	358
6044	291	358
7460	468	358
9300	562	358
11389	546	359
10482	128	360
5268	166	360
10557	233	360
1282	257	360
15340	318	360
7484	434	360
16729	502	360
14918	74	361
14890	111	361
15121	156	361
9839	324	361
16941	403	361
12528	455	361
14663	580	361
15536	15	362
3772	95	362
12671	114	362
5672	167	362
4230	248	362
11422	351	362
9737	406	362
13396	425	362
6504	476	362
13934	487	362
2073	174	363
1009	252	363
9340	297	363
14362	401	363
5506	530	363
5927	577	363
14886	35	364
13545	57	364
12754	330	364
8376	468	364
13963	483	364
3412	512	364
8260	7	365
4392	94	365
15570	107	365
15052	147	365
2588	149	365
18351	258	365
771	268	365
9285	301	365
11761	345	365
2197	384	365
11551	399	365
14727	562	365
17278	579	365
6210	115	366
14172	124	366
8525	143	366
15919	175	366
4788	32	367
17101	75	367
12979	255	367
18183	321	367
727	330	367
16931	405	367
2614	524	367
4467	248	368
11438	313	368
11194	351	368
9750	514	368
3351	2	369
7028	76	369
8299	44	370
829	241	370
5381	533	370
7637	566	370
4021	568	370
10255	586	370
4594	447	371
6538	15	372
600	42	372
2716	409	372
3116	101	373
739	45	374
1332	160	374
4737	167	374
9937	205	374
9739	233	374
4497	328	374
8626	437	374
12403	71	375
4459	406	375
8574	499	375
11435	198	376
7478	233	376
15353	344	376
17968	418	376
17235	447	376
6554	461	376
8926	32	377
16307	55	377
14400	121	377
14820	195	377
14835	220	377
13315	418	377
2843	10	378
14233	31	378
5257	218	378
11909	10	379
13200	5	380
16804	89	380
17905	160	380
14235	285	380
17244	386	380
16239	439	380
10110	455	380
17104	461	380
4803	553	380
1604	74	381
9940	142	381
7052	145	381
7966	216	381
14926	261	381
6733	325	381
17483	580	381
9757	39	382
8943	48	382
8076	185	382
5144	323	382
16463	397	382
16266	494	382
16616	513	382
2224	525	382
15001	532	382
7967	1	383
879	33	383
11295	156	383
11546	252	383
16079	261	383
8183	273	383
5576	279	383
9898	390	383
13989	403	383
16762	475	383
16255	149	384
4972	183	384
13514	315	384
15675	345	384
3450	365	384
6869	482	384
7680	2	385
11355	313	385
5146	388	385
7000	406	385
11305	425	385
13183	462	385
932	510	385
2568	5	386
2006	63	386
13949	75	386
4073	120	386
9657	233	386
6780	272	386
3481	380	386
6345	436	386
3828	461	386
7064	506	386
15236	178	387
3028	2	388
4741	9	388
4576	57	388
8735	346	388
4171	355	388
15333	385	388
7283	494	388
1706	29	389
3459	120	389
822	243	389
17525	434	389
14318	436	389
14359	578	389
12660	1	390
18132	20	390
8072	35	390
9075	48	390
14287	76	390
11160	80	390
13187	383	390
6380	393	390
12236	513	390
15136	65	391
16873	111	391
13683	342	391
3827	403	391
8532	526	391
7588	4	392
18475	108	392
14736	119	392
16301	147	392
15720	454	392
12353	514	392
13084	84	393
13778	169	393
10740	185	393
14415	340	393
16128	390	393
9838	491	393
9916	229	394
11032	511	394
8208	35	395
9320	48	395
2783	78	395
9663	313	395
10106	494	395
1415	45	396
6579	151	396
2240	233	396
13705	461	396
8949	84	397
14158	144	397
12174	382	397
10310	494	397
10295	513	397
4888	532	397
18239	90	398
3375	357	398
5956	502	398
14439	567	398
7541	41	399
16726	75	399
2077	91	399
6674	104	399
4855	136	399
7591	168	399
8723	182	399
13082	183	399
934	227	399
10127	228	399
12903	231	399
6440	307	399
15189	309	399
12851	344	399
8379	365	399
16893	524	399
16362	19	400
5970	60	400
6996	113	400
15961	167	400
3866	193	400
6697	225	400
12739	241	400
1184	275	400
8028	439	400
13544	506	400
747	84	401
5940	185	401
10473	249	401
9256	252	401
3080	297	401
5030	363	401
7096	491	401
11001	531	401
3085	71	402
18384	119	402
3306	137	402
2188	162	402
4093	238	402
18311	332	402
6456	350	402
10176	351	402
3000	1	403
9202	7	403
16556	33	403
9569	55	403
8333	67	403
5254	111	403
10884	131	403
8033	136	403
3981	148	403
7861	174	403
7609	194	403
11337	221	403
10824	246	403
1983	262	403
8364	324	403
10241	342	403
17660	361	403
3791	383	403
4752	391	403
14129	450	403
7589	455	403
7440	526	403
18042	553	403
15195	557	403
1888	208	404
16483	16	405
3796	37	405
11981	59	405
16692	87	405
616	100	405
17109	127	405
1127	223	405
4916	255	405
8006	367	405
11840	502	405
8090	71	406
8678	154	406
5308	164	406
6646	189	406
6513	260	406
9956	351	406
7486	362	406
5447	375	406
14634	385	406
6794	471	406
7923	19	407
7115	57	407
11730	92	407
14101	99	407
13812	300	407
17645	513	407
7922	577	407
5267	96	408
17837	296	408
5152	303	408
13398	560	408
14123	15	409
13184	46	409
5926	61	409
9948	62	409
6602	72	409
10410	83	409
8037	135	409
17105	150	409
11679	171	409
3065	229	409
15975	255	409
1450	278	409
13075	287	409
17852	316	409
6343	320	409
14724	339	409
13587	372	409
15403	417	409
16380	440	409
12163	445	409
18023	460	409
4656	469	409
7384	496	409
4768	522	409
2663	534	409
12666	572	409
4697	120	410
17029	165	410
4745	210	410
11788	38	411
12992	68	411
8396	184	411
15500	204	411
2544	277	411
11959	282	411
16359	338	411
1440	473	411
14152	576	411
6039	42	412
13818	72	412
17687	178	412
5909	49	413
17918	86	413
8198	138	413
12981	276	413
5651	319	413
2223	336	413
10771	540	413
3132	548	413
10219	4	414
1459	140	414
3637	146	414
9548	301	414
2719	585	414
12896	12	415
4974	205	415
11514	214	415
17395	352	415
4736	444	415
2247	468	415
6679	12	416
14878	63	416
5075	69	416
1281	183	416
17383	210	416
10348	321	416
14615	523	416
11912	15	417
4724	42	417
963	72	417
11519	409	417
6454	32	418
8743	220	418
9415	240	418
7885	256	418
3140	314	418
12221	324	418
1062	334	418
4786	355	418
4197	376	418
17757	377	418
9512	47	419
11343	93	419
964	88	420
6315	132	420
8441	173	420
17625	242	420
16023	252	420
5779	340	420
8601	518	420
16203	176	421
17404	233	421
5482	434	421
12231	461	421
13694	44	422
6925	163	422
18201	179	422
17116	323	422
9293	494	422
2662	525	422
12648	50	423
14866	141	423
6844	154	423
8920	308	423
13567	327	423
17249	353	423
16531	489	423
12383	508	423
6637	546	423
10926	72	424
2423	274	425
9031	313	425
10313	362	425
7086	385	425
9482	476	425
13245	20	426
4644	122	426
4427	188	426
14950	192	426
5097	199	426
14311	271	426
3193	324	426
15740	515	426
6562	551	426
8143	55	427
9694	95	427
15067	195	427
13976	211	427
17435	559	427
10922	127	428
16992	185	428
13128	312	428
1646	513	428
1359	518	428
11504	208	429
4231	546	429
9650	29	430
12397	110	430
14453	182	430
16395	233	430
14949	434	430
1989	461	430
6951	484	430
9257	578	430
10304	10	431
10673	52	431
16745	205	431
8841	431	431
8653	229	432
17228	511	432
14502	13	433
10609	58	433
1356	132	433
12880	173	433
8751	211	433
2370	243	433
6766	314	433
12274	354	433
929	451	433
16765	588	433
7210	28	434
1854	45	434
4115	75	434
12659	110	434
8716	117	434
18343	128	434
4202	170	434
8704	176	434
14686	182	434
8121	201	434
11158	233	434
13058	245	434
3962	257	434
15000	272	434
15274	294	434
3702	318	434
7402	343	434
13901	357	434
15762	360	434
5870	389	434
874	421	434
13738	430	434
2876	436	434
13534	442	434
856	449	434
7626	459	434
16264	498	434
16601	502	434
2328	509	434
5704	523	434
8105	536	434
13736	543	434
4245	54	435
15440	67	435
1670	89	435
1595	344	435
14260	443	435
8304	475	435
12522	75	436
16867	233	436
9878	386	436
17377	389	436
16090	434	436
7647	461	436
15932	21	437
17017	133	437
16413	207	437
10598	264	437
13796	334	437
11971	374	437
6908	532	437
15982	552	437
10946	585	437
7616	15	438
4996	172	439
11972	213	439
11825	230	439
3815	285	439
3200	380	439
5174	400	439
12878	409	440
5252	511	441
5076	128	442
5623	201	442
2196	237	442
13797	355	442
15175	434	442
4102	477	442
17010	109	443
15616	344	443
12121	435	443
14741	1	444
8377	246	444
12282	340	444
12552	415	444
1687	530	444
1346	531	444
7971	409	445
18350	511	445
10697	85	446
14513	234	446
13185	502	446
13746	554	446
17591	56	447
3998	81	447
13561	139	447
17154	166	447
1649	234	447
3458	236	447
18127	266	447
6629	267	447
18185	371	447
15761	376	447
16565	502	447
9910	511	447
16055	550	447
3171	178	448
12225	208	448
13435	8	449
16081	9	449
12613	28	449
6580	157	449
13691	288	449
11416	346	449
16093	434	449
13005	509	449
12044	529	449
16939	23	450
12555	67	450
9126	111	450
2204	262	450
7298	335	450
7924	342	450
3957	344	450
17448	403	450
10331	455	450
15551	526	450
13641	13	451
6498	99	451
7014	132	451
16211	188	451
7176	433	451
13004	588	451
1636	7	452
12948	8	452
16733	70	452
5747	108	452
1715	147	452
14897	228	452
7315	258	452
6372	454	452
16792	18	453
4317	28	453
8004	100	453
17132	190	453
10480	326	453
15782	456	453
8230	477	453
2474	537	453
7390	554	453
9914	7	454
7241	70	454
11769	108	454
11303	119	454
16071	291	454
17537	392	454
2109	452	454
17963	544	454
12180	585	454
14678	74	455
7430	213	455
5074	216	455
13872	324	455
1882	342	455
16553	344	455
9117	361	455
7057	380	455
8776	403	455
17636	450	455
4546	463	455
14292	100	456
10505	118	456
10945	200	456
3656	235	456
2232	346	456
13190	453	456
10987	494	456
1462	48	457
8610	102	457
13804	181	457
3270	195	457
14850	313	457
8226	561	457
11606	156	458
15129	174	458
797	324	458
2804	541	458
5947	573	458
17628	233	459
4500	434	459
12241	461	459
15624	536	459
779	15	460
15116	42	460
15273	72	460
14708	409	460
16330	5	461
4023	66	461
2049	151	461
8865	166	461
7434	167	461
2482	170	461
10846	210	461
16710	233	461
1787	286	461
3127	344	461
2067	376	461
7280	380	461
14675	386	461
3936	396	461
10216	421	461
18011	430	461
12521	436	461
14895	459	461
2485	484	461
1480	523	461
9139	578	461
16509	579	461
8220	2	462
11487	37	462
9795	76	462
17006	102	462
18018	247	462
6854	306	462
7275	385	462
14964	45	463
16862	65	463
13822	95	463
3218	161	463
8399	205	463
16366	220	463
7689	455	463
9026	535	463
5004	178	464
11994	208	464
8622	95	465
13839	134	465
6071	145	465
15126	205	465
10988	230	465
625	475	465
5299	574	465
14455	80	466
9725	92	466
2977	241	466
5824	491	466
10806	559	466
14039	9	467
3545	191	467
18403	346	467
6088	494	467
17427	35	468
12032	84	468
5264	214	468
7795	330	468
9792	358	468
11208	364	468
18172	415	468
16053	524	468
16583	526	468
9229	409	469
6236	511	469
9276	101	470
6091	570	470
12176	71	471
4452	406	471
16396	499	471
6275	65	472
16712	172	472
1788	216	472
8052	246	472
16314	259	472
13266	325	472
17485	574	472
17614	38	473
775	204	473
6410	282	473
4636	338	473
1711	411	473
13577	501	473
4890	15	474
4592	42	474
2807	30	475
4964	54	475
13704	65	475
1163	88	475
11501	91	475
6069	129	475
7926	134	475
11658	142	475
6516	145	475
1233	172	475
1766	215	475
15221	230	475
17621	298	475
16042	344	475
15349	383	475
4119	435	475
18035	465	475
18081	500	475
9102	526	475
9138	545	475
5026	34	476
15415	45	476
6986	184	476
6657	205	476
6168	294	476
973	362	476
14103	425	476
18441	39	477
5087	190	477
10490	198	477
4253	270	477
12408	442	477
9529	453	477
17530	40	478
17049	152	478
1897	212	478
14495	256	478
5271	502	478
2869	538	478
5049	72	479
5978	45	480
1140	205	480
7163	75	481
16787	131	481
17826	183	481
13038	239	481
15906	122	482
15560	156	482
4861	183	482
7824	209	482
6781	221	482
8463	384	482
15794	505	482
17985	80	483
13582	95	483
2405	180	483
12953	186	483
3064	238	483
12424	251	483
8414	299	483
12343	332	483
10008	354	483
5997	364	483
16962	561	483
1792	210	484
5662	233	484
15252	272	484
18292	430	484
17188	461	484
5879	523	484
15279	9	485
1416	18	485
10835	21	485
18088	39	485
5155	222	485
16360	346	485
8728	490	485
10062	511	486
7735	164	487
12268	210	487
17197	240	487
4705	248	487
12237	260	487
14640	332	487
5758	351	487
5473	362	487
3057	511	487
12334	587	487
900	155	488
5016	160	488
4824	167	488
12115	205	488
16631	501	488
6557	423	489
11641	44	490
12305	193	490
12858	312	490
7046	485	490
7582	513	490
6933	525	490
12155	185	491
9923	273	491
9996	340	491
6430	393	491
11383	401	491
9662	466	491
18019	518	491
15443	557	491
9057	577	491
8818	588	491
3559	229	492
7381	511	492
16008	180	493
13642	186	493
2153	198	493
12832	228	493
12262	270	493
8888	514	493
2541	552	493
16376	9	494
8010	44	494
14269	118	494
3620	179	494
5649	191	494
12497	222	494
10710	225	494
6704	243	494
4214	288	494
10452	323	494
17352	350	494
17875	382	494
15947	388	494
12153	395	494
4456	397	494
8296	422	494
7420	456	494
17952	467	494
7648	513	494
7274	525	494
18044	131	495
7997	183	495
17856	209	495
13670	306	495
7498	310	495
11190	313	495
6757	524	495
12138	15	496
15182	409	496
15735	42	497
10009	208	497
12278	9	498
13268	39	498
14240	157	498
7380	224	498
17899	243	498
17919	288	498
15768	295	498
16946	434	498
13688	103	499
14465	327	499
2571	375	499
1713	471	499
17399	508	499
4985	546	499
12116	587	499
3792	55	500
4986	132	500
9762	195	500
3694	475	500
13608	512	500
823	574	500
1254	155	501
13394	205	501
5644	207	501
10795	280	501
9417	319	501
5160	473	501
11406	488	501
3333	548	501
17498	56	502
3734	85	502
9279	90	502
9364	105	502
13510	118	502
3867	166	502
12798	196	502
2103	229	502
2920	237	502
7991	281	502
1160	284	502
11452	289	502
3795	294	502
3223	318	502
12437	321	502
10652	357	502
2513	360	502
13966	398	502
975	405	502
3278	434	502
3919	446	502
12753	447	502
12042	478	502
3137	503	502
3930	547	502
8320	554	502
6445	556	502
11300	567	502
5892	128	503
7443	200	503
15159	201	503
2896	502	503
6149	511	504
17680	85	505
16204	209	505
864	217	505
16856	256	505
7531	334	505
4164	482	505
13418	579	505
15757	57	506
14739	117	506
5372	275	506
2631	386	506
9605	400	506
16768	15	507
16727	42	507
3748	423	508
16844	499	508
9622	110	509
14737	212	509
16758	245	509
14061	291	509
13269	434	509
7473	449	509
17626	538	509
12375	140	510
5426	274	510
3543	293	510
14228	385	510
10838	36	511
10799	43	511
899	150	511
12480	158	511
14306	229	511
2980	232	511
10735	263	511
2797	281	511
10402	311	511
11933	329	511
4519	394	511
15881	432	511
3177	441	511
11257	445	511
638	447	511
14041	469	511
2969	486	511
8808	487	511
2465	492	511
1735	504	511
7823	542	511
14995	569	511
6940	572	511
11321	55	512
9984	81	512
9786	129	512
14412	148	512
8385	192	512
17375	211	512
3991	240	512
15030	243	512
16968	364	512
15639	500	512
17848	16	513
18161	19	513
6259	35	513
9485	48	513
4909	78	513
4544	127	513
17830	179	513
7216	200	513
8646	203	513
9688	225	513
5727	255	513
17385	312	513
15566	323	513
666	382	513
14885	390	513
9672	397	513
6397	407	513
14143	428	513
3099	490	513
3805	494	513
8170	518	513
15389	563	513
3314	4	514
12219	7	514
6624	14	514
4407	33	514
16382	332	514
2683	368	514
11830	392	514
2501	493	514
998	585	514
1025	57	515
9200	268	515
2037	271	515
13164	283	515
9538	291	515
1856	426	515
9990	42	516
9938	134	517
17274	215	517
5446	230	517
3378	244	517
7765	259	517
10798	530	517
12442	531	517
8955	581	517
8832	78	518
985	127	518
5490	173	518
7045	211	518
3782	304	518
4847	420	518
15096	428	518
17412	491	518
15263	513	518
5778	588	518
10166	546	519
5390	160	520
11944	167	520
12531	265	520
3697	328	520
9493	548	520
12652	10	521
5303	31	521
16221	88	521
4782	97	521
14426	103	521
10739	276	521
6391	299	521
5832	327	521
13064	540	521
8822	409	522
971	128	523
4638	201	523
649	233	523
1418	257	523
9658	343	523
3576	416	523
4138	434	523
17552	461	523
7530	484	523
13657	14	524
2645	33	524
6254	91	524
8196	107	524
12384	131	524
5868	136	524
11111	183	524
11344	231	524
9567	313	524
4832	367	524
3926	399	524
4035	468	524
8770	495	524
5552	179	525
5413	382	525
17951	422	525
11308	490	525
2729	494	525
16374	1	526
14874	49	526
9709	65	526
4536	111	526
16808	121	526
5533	194	526
6267	221	526
7675	273	526
11142	328	526
4820	342	526
3831	391	526
9407	403	526
8433	450	526
12348	468	526
4168	475	526
6386	562	526
5325	574	526
17522	15	527
16917	172	528
6126	175	528
16587	239	528
6830	285	528
2584	341	528
7791	545	528
1726	580	528
10790	9	529
5040	153	529
14735	334	529
13613	350	529
16668	449	529
3207	1	530
1959	65	530
4047	205	530
17127	213	530
11815	216	530
3210	259	530
14214	262	530
14261	325	530
14677	335	530
15147	363	530
10044	444	530
6618	517	530
6680	1	531
9334	84	531
12355	185	531
5420	244	531
5975	246	531
15183	249	531
13781	325	531
17804	401	531
16434	444	531
12244	517	531
7646	557	531
4206	12	532
16585	21	532
15939	48	532
10892	59	532
11104	69	532
3446	80	532
5273	179	532
3077	180	532
17174	186	532
1982	205	532
9607	241	532
6584	382	532
4458	397	532
9766	437	532
4302	549	532
6437	95	533
9612	193	533
4347	219	533
9834	252	533
17418	325	533
10215	370	533
16793	566	533
13237	15	534
10683	409	534
10655	30	535
7807	95	535
6666	98	535
12458	288	535
17044	323	535
5430	330	535
995	463	535
13940	176	536
7350	233	536
11356	434	536
9621	459	536
11743	313	537
7518	453	537
16737	14	538
17664	129	538
902	212	538
3790	256	538
17631	291	538
10206	348	538
2005	349	538
3730	478	538
14102	509	538
6816	579	538
8194	57	539
15677	140	539
14056	209	539
17986	247	539
16658	120	540
2898	234	540
8834	413	540
17221	521	540
8996	156	541
6508	261	541
10768	324	541
8605	458	541
4120	564	541
5382	55	542
14121	205	542
1836	218	542
10627	348	542
12453	511	542
7008	69	543
2333	110	543
10964	148	543
15503	182	543
9330	212	543
1460	270	543
7421	348	543
4589	434	543
8174	544	543
15480	549	543
4114	41	544
13282	199	544
1175	228	544
855	270	544
3093	299	544
11858	454	544
10201	543	544
17124	89	545
3660	142	545
3975	172	545
12188	475	545
15583	528	545
11298	548	545
7982	3	546
18364	15	546
4226	101	546
17195	293	546
15065	359	546
14390	423	546
5741	429	546
17465	499	546
15066	519	546
15684	105	547
16280	284	547
852	357	547
9311	502	547
6818	68	548
17293	86	548
3555	160	548
1456	172	548
3343	204	548
1419	336	548
9825	413	548
17403	501	548
3169	520	548
18154	545	548
10908	581	548
5939	12	549
17839	41	549
13468	69	549
11854	126	549
5080	321	549
7953	532	549
16116	543	549
14468	552	549
9290	447	550
16456	122	551
6517	125	551
16184	193	551
8509	271	551
14802	283	551
15672	324	551
6113	426	551
18464	40	552
1585	55	552
17910	70	552
7627	269	552
18124	330	552
9896	348	552
13445	437	552
2090	493	552
8703	549	552
2643	49	553
1468	120	553
10312	226	553
16580	380	553
4526	403	553
11660	27	554
12484	123	554
14183	196	554
18383	234	554
14163	237	554
18119	318	554
18176	348	554
11107	446	554
2705	453	554
12608	502	554
5481	556	554
2139	293	555
11464	27	556
6243	39	556
5135	187	556
1340	196	556
632	200	556
10068	502	556
14447	554	556
13883	67	557
5215	94	557
1222	403	557
14402	491	557
2373	531	557
6375	45	558
15520	274	558
15541	355	558
4089	32	559
18157	58	559
11063	92	559
10450	95	559
11412	98	559
3401	211	559
2098	212	559
2078	300	559
16426	427	559
7779	466	559
12209	47	560
10816	322	560
17744	408	560
15631	21	561
6137	48	561
8078	211	561
13348	251	561
15777	264	561
1782	457	561
17847	483	561
7091	33	562
10552	149	562
6310	183	562
17615	221	562
9114	227	562
5196	258	562
17291	269	562
5056	291	562
5812	358	562
7927	365	562
7018	526	562
2358	9	563
10608	39	563
2723	222	563
11254	346	563
11607	513	563
9858	67	564
9514	125	564
7337	156	564
9689	174	564
3360	192	564
12492	195	564
10558	541	564
14997	57	565
8953	60	565
16240	99	565
4632	115	565
18078	253	565
11643	317	565
13629	331	565
13073	568	565
3094	87	566
17563	143	566
9112	219	566
11720	241	566
7075	317	566
14783	370	566
16250	533	566
5028	586	566
7365	398	567
1248	502	567
12545	261	568
15148	317	568
5188	331	568
17120	370	568
1916	565	568
13369	229	569
11540	511	569
7995	42	570
9371	101	570
13864	202	570
17508	303	570
7391	322	570
6477	470	570
18309	587	570
10599	175	571
16652	230	571
2495	335	571
4992	409	572
2119	511	572
2814	33	573
12168	94	573
6494	125	573
10085	194	573
15666	458	573
3096	586	573
11433	23	574
13041	65	574
8871	214	574
17792	216	574
9771	262	574
4515	465	574
1341	472	574
5840	500	574
7260	526	574
17654	42	575
1797	45	576
11980	411	576
2362	19	577
17056	99	577
4465	169	577
2679	185	577
10190	219	577
12853	275	577
8961	300	577
15344	363	577
14846	407	577
3128	491	577
1910	187	578
10003	200	578
10023	210	578
8203	295	578
4404	389	578
5925	430	578
18191	461	578
15626	149	579
4011	183	579
2137	269	579
1973	291	579
15925	365	579
12198	461	579
18141	505	579
14527	538	579
8180	115	580
4105	121	580
7292	143	580
4449	347	580
8665	361	580
9441	381	580
8363	528	580
7258	86	581
17346	160	581
11634	172	581
10131	230	581
17909	275	581
15188	517	581
16662	548	581
15337	37	582
1223	41	582
3490	58	582
10311	181	582
4173	186	582
10741	224	582
13869	255	582
17674	264	582
816	295	582
13923	301	582
5886	585	582
15710	104	583
17606	109	583
6547	183	583
7272	221	583
9268	250	583
13939	15	584
10344	8	585
9979	37	585
11727	119	585
6707	186	585
17032	268	585
7097	332	585
10457	414	585
11012	437	585
15545	454	585
8569	514	585
12030	582	585
17123	94	586
17956	174	586
13562	203	586
680	209	586
2724	255	586
7960	315	586
6392	370	586
17411	566	586
15867	573	586
8705	154	587
9704	189	587
17697	487	587
14726	499	587
1044	570	587
1049	13	588
14137	193	588
4922	219	588
11376	433	588
12972	451	588
4303	491	588
17207	518	588
