15287	7	1
2682	214	1
15662	215	1
16118	401	1
15033	444	1
4564	530	1
14868	531	1
7981	9	2
10773	274	2
11809	388	2
6824	208	3
7169	293	3
7652	429	3
10498	57	4
9421	203	4
8917	261	4
4913	399	4
12761	453	4
14734	470	4
15305	112	5
8215	172	5
9203	386	5
10186	178	6
17031	1	7
1395	248	7
9230	444	7
14181	514	7
6367	23	8
11738	275	8
10770	351	8
17960	358	8
18254	402	8
18266	2	9
2748	90	9
12455	105	9
17795	118	9
17833	191	9
17002	222	9
11335	326	9
16772	456	9
3793	467	9
1319	494	9
2717	547	9
11154	97	10
14498	154	10
3031	314	10
6439	375	10
12697	379	10
14052	433	10
4382	471	10
11291	506	10
8402	587	10
5553	63	11
14223	256	11
15844	269	11
6858	400	11
16276	437	11
1294	78	12
8932	121	12
12732	297	12
7431	466	12
6129	505	12
12081	506	12
11263	588	12
17507	17	13
10562	45	13
14891	130	13
5681	151	13
10994	155	13
9789	170	13
12784	184	13
13925	243	13
3670	264	13
13126	318	13
12123	341	13
3556	343	13
12690	425	13
1320	451	13
6331	488	13
2561	253	14
16251	273	14
918	341	14
949	425	14
1934	491	14
10632	62	15
14979	229	15
9651	423	15
6905	496	15
1984	546	15
3952	193	16
3736	494	16
4516	13	17
14126	151	17
9849	155	17
5221	160	17
14531	182	17
11503	389	17
5627	434	17
17632	488	17
2018	543	17
10066	94	18
17379	116	18
5971	123	18
5954	196	18
4998	322	18
9578	453	18
12651	32	19
7502	85	19
2798	127	19
5293	189	19
8957	192	19
8666	194	19
3364	361	19
8815	458	19
14742	515	19
14092	563	19
13223	154	20
17039	209	20
17964	405	20
15770	426	20
1722	434	20
18130	138	21
9383	321	21
13170	410	21
15769	437	21
17330	485	21
11425	101	22
1350	404	22
6186	8	23
13814	91	23
6795	137	23
11988	172	23
13783	335	23
2192	350	23
5791	358	23
15763	449	23
3601	475	23
17580	557	23
17414	577	23
3078	42	24
1603	178	25
8240	296	25
9390	178	26
5348	190	27
11400	375	27
18323	405	27
12712	406	27
5406	471	27
938	556	27
9636	80	28
5958	130	28
18181	233	28
6550	476	28
11525	165	29
12128	319	29
8080	328	29
11330	336	29
5119	357	29
3168	421	29
17133	69	30
16799	71	30
10757	119	30
11367	146	30
15214	238	30
3578	291	30
1041	332	30
8032	335	30
18274	402	30
11537	406	30
12700	452	30
18048	512	30
8281	55	31
12588	133	31
13270	173	31
2436	403	31
9674	437	31
10547	493	31
11543	498	31
14198	552	31
7458	19	32
8801	127	32
18357	187	32
16555	270	32
3225	341	32
16562	343	32
17777	377	32
10193	418	32
14770	425	32
13065	463	32
8011	505	32
15805	186	33
3622	215	33
1592	395	33
1336	514	33
2978	588	33
1548	110	34
17573	376	34
8268	476	34
14511	588	34
9341	128	35
6453	185	35
13037	242	35
17143	336	35
10061	393	35
10404	413	35
3849	420	35
7015	466	35
7314	468	35
17971	477	35
6710	487	35
10831	518	35
12300	538	35
3865	267	36
10555	409	36
17386	504	36
7232	178	37
15637	301	37
4270	494	37
1220	551	37
5973	393	38
11048	411	38
13711	444	38
8662	501	38
16801	40	39
17490	84	39
8664	182	39
18179	210	39
6283	264	39
15962	279	39
13309	313	39
14912	332	39
3087	362	39
9182	368	39
13762	491	39
12117	495	39
660	548	39
10389	549	39
9305	577	39
4364	39	40
10376	84	40
2570	211	40
10866	350	40
12672	53	41
7976	58	41
1081	344	41
8908	24	42
9207	202	42
12976	287	42
14021	318	42
16885	320	42
11559	337	42
3012	486	42
11723	570	42
8633	172	43
2573	329	43
17368	476	43
14059	57	44
12298	101	44
10560	140	44
16763	241	44
6098	284	44
16644	310	44
15322	409	44
12345	422	44
17288	13	45
11770	73	45
8241	110	45
12833	112	45
6984	117	45
13472	130	45
13033	151	45
4184	170	45
11230	176	45
6743	204	45
13236	233	45
15012	245	45
8522	264	45
4448	272	45
2444	305	45
16539	356	45
11582	396	45
613	449	45
1498	459	45
6068	476	45
1204	480	45
4950	509	45
2998	536	45
18360	558	45
4330	559	45
9119	72	46
3423	47	47
4851	52	47
11530	93	47
1131	296	47
8452	408	47
10540	419	47
9504	560	47
1626	98	48
5371	198	48
9297	385	48
4409	454	48
12182	513	48
6260	564	48
16515	97	49
7549	180	49
14557	215	49
2486	367	49
13644	521	49
15351	553	49
12760	588	49
1183	141	50
10793	353	50
8302	423	50
16194	489	50
10690	546	50
16504	178	51
3761	511	51
17060	47	52
7686	52	52
14755	93	52
15685	419	52
4473	431	52
12995	41	53
1958	175	53
764	344	53
4779	111	54
4155	134	54
5695	152	54
1552	160	54
8618	200	54
15958	230	54
1849	31	55
4838	97	55
1805	256	55
17443	321	55
6107	330	55
6775	521	55
12841	552	55
14190	588	55
15341	267	56
5816	398	56
607	409	56
12725	4	57
8597	44	57
4331	122	57
2058	140	57
4324	247	57
14845	295	57
4865	331	57
3431	364	57
16337	369	57
5603	381	57
10784	565	57
6820	580	57
3646	41	58
2528	181	58
1207	208	58
5942	295	58
11414	237	59
8178	256	59
16262	295	59
9412	364	59
14379	400	59
8155	99	60
12901	100	60
17237	122	60
12643	144	60
8588	199	60
17838	310	60
4976	317	60
8380	331	60
3109	400	60
3963	485	60
16076	565	60
4169	83	61
4706	101	61
6435	339	61
7180	372	61
17958	409	61
11262	15	62
2715	144	62
16065	281	62
7083	496	62
13785	11	63
12819	285	63
14420	344	63
12405	348	63
9216	400	63
18450	528	63
1584	79	64
17896	409	64
630	417	64
17812	453	64
6789	474	64
1811	507	64
1698	174	65
5814	194	65
4766	259	65
8300	391	65
6841	472	65
12706	531	65
8807	574	65
814	156	66
3937	182	66
13432	288	66
3041	305	66
2409	328	66
1515	343	66
9395	374	66
2213	430	66
10660	461	66
5988	481	66
10143	335	67
9327	342	67
1946	450	67
7574	80	68
1624	170	68
2721	411	68
5014	421	68
11342	520	68
5184	531	68
8409	30	69
7873	145	69
14176	148	69
2160	240	69
1058	314	69
6759	512	69
15690	532	69
3851	549	69
9133	131	70
6298	132	70
4394	231	70
6451	343	70
5719	468	70
3406	483	70
7969	491	70
13241	30	71
18435	146	71
3655	300	71
10298	306	71
8682	402	71
6037	406	71
1411	46	72
3800	322	72
11752	424	72
8573	432	72
2911	497	72
10990	516	72
15674	575	72
13046	45	73
691	176	73
5720	204	73
9422	207	73
8338	264	73
886	548	73
12769	301	74
16339	325	74
4054	345	74
7865	365	74
11232	399	74
3326	102	75
4567	152	75
11913	160	75
5836	186	75
11746	218	75
9927	230	75
2337	382	75
10426	389	75
3912	514	75
15485	553	75
839	109	76
6152	190	76
5580	306	76
9060	375	76
14001	405	76
1901	471	76
10548	196	77
17378	197	77
16385	266	77
5680	292	77
17325	302	77
1966	469	77
11930	479	77
15284	582	77
2152	12	78
1769	128	78
2057	395	78
3693	588	78
10251	64	79
16874	101	79
16561	373	79
14327	417	79
10223	453	79
4968	474	79
2829	507	79
1069	28	80
7759	68	80
12045	107	80
17433	113	80
16914	159	80
2052	169	80
2749	184	80
2458	264	80
8355	343	80
7095	466	80
17431	503	80
5059	531	80
4590	173	81
4525	240	81
17219	348	81
12034	364	81
13207	409	81
5577	302	82
5501	61	83
18301	101	83
6237	339	83
14354	372	83
12439	409	83
7754	39	84
10293	40	84
2835	242	84
14257	279	84
2653	352	84
17417	473	84
3290	491	84
7071	548	84
1008	19	85
16613	178	85
8499	200	85
9429	296	85
9585	408	85
15897	447	85
8283	585	85
18417	226	86
8207	251	86
16544	277	86
14064	336	86
13973	413	86
4435	444	86
5274	477	86
4422	193	87
2942	301	87
3573	131	88
17579	132	88
5725	231	88
1948	299	88
7527	495	88
3311	172	89
12774	238	89
17695	286	89
2985	335	89
16451	435	89
10211	9	90
14568	447	90
8527	23	91
1405	168	91
16759	172	91
14249	358	91
12132	475	91
6686	98	92
1663	205	92
5017	217	92
10199	363	92
2125	462	92
14091	480	92
10822	559	92
16638	47	93
14591	52	93
5163	93	93
8061	419	93
18463	431	93
1576	560	93
678	18	94
7386	115	94
13230	324	94
13136	582	94
8346	586	94
10581	182	95
13995	354	95
6960	408	96
9983	10	97
15780	49	97
9217	55	97
14782	103	97
4201	157	97
6011	161	97
6568	180	97
4103	215	97
11202	272	97
15827	276	97
8959	314	97
11859	321	97
13501	367	97
14588	379	97
3394	433	97
16688	437	97
7347	449	97
2045	484	97
1094	506	97
2846	512	97
7157	521	97
15731	532	97
14797	549	97
11672	48	98
1774	92	98
5379	154	98
16632	187	98
17363	210	98
18148	212	98
16508	226	98
14818	457	98
5113	559	98
6582	60	99
9076	100	99
1470	122	99
14611	144	99
5574	199	99
652	310	99
10703	317	99
14173	331	99
17212	400	99
13273	485	99
4808	565	99
5612	60	100
3512	99	100
2297	199	100
6828	310	100
4917	331	100
16026	400	100
12655	554	100
10334	565	100
12890	22	101
17023	44	101
16328	61	101
2525	79	101
8073	83	101
15869	240	101
6376	267	101
17114	339	101
9003	372	101
17772	373	101
16422	404	101
13742	409	101
10336	417	101
1389	453	101
13374	470	101
5124	474	101
2061	75	102
14186	198	102
1327	201	102
7780	382	102
6727	97	103
1165	321	103
17357	327	103
2455	499	103
18279	149	104
2936	213	104
12891	443	104
15587	9	105
10777	447	105
11637	216	106
11629	253	106
4859	297	106
4255	426	106
15849	80	107
1717	115	107
1668	124	107
16067	126	107
17781	163	107
16367	315	107
12557	341	107
6714	366	107
15400	213	108
14540	291	108
15808	392	108
4787	454	108
13238	76	109
17912	142	109
5356	147	109
2903	213	109
10974	228	109
1475	443	109
16664	583	109
5566	34	110
13933	45	110
5898	157	110
14613	213	110
18398	314	110
12414	459	110
15634	476	110
11855	54	111
4085	219	111
10320	221	111
9359	397	111
6540	526	111
3103	563	111
11784	5	112
7980	45	112
12114	172	112
1575	396	112
8101	449	112
16174	80	113
9314	241	113
15530	246	113
10506	390	113
2644	451	113
7698	493	113
2551	184	114
15860	242	114
10898	270	114
14809	343	114
7825	425	114
13884	481	114
16355	587	114
13153	94	115
11129	107	115
4238	124	115
8327	175	115
7194	331	115
11698	366	115
16289	381	115
17860	565	115
16469	580	115
5744	18	116
5457	173	116
4399	226	116
12620	468	116
6786	45	117
9319	245	117
2261	264	117
9952	501	117
1684	548	117
685	9	118
14558	447	118
15804	30	119
16925	213	119
4522	375	119
18221	392	119
8340	471	119
11760	138	120
14884	165	120
10582	180	120
14366	244	120
3425	319	120
9583	540	120
2636	553	120
4994	12	121
4043	334	121
10271	335	121
2303	350	121
7483	377	121
8976	457	121
6078	57	122
1464	60	122
3369	99	122
13099	381	122
12709	18	123
8603	107	124
15072	115	124
8384	317	124
4454	344	124
8234	366	124
4899	533	125
16716	107	126
7826	389	126
7010	411	126
8607	416	126
15074	514	126
17213	520	126
4731	19	127
7104	32	127
6318	169	127
12729	192	127
2598	323	127
2431	458	127
16391	463	127
5796	35	128
14442	78	128
2156	201	128
10502	270	128
4149	437	128
17067	442	128
12985	514	128
9666	523	128
2084	552	128
9526	553	128
2555	588	128
14824	211	129
13358	476	129
7610	491	129
3208	495	129
11983	553	129
16205	559	129
14430	13	130
7617	28	130
9157	45	130
9219	233	130
2236	352	130
9671	356	130
14933	530	130
14758	70	131
9850	88	131
16602	226	131
8046	231	131
11299	241	131
11650	299	131
1106	304	131
15921	413	131
10181	420	131
12827	483	131
5488	518	131
14905	70	132
15960	88	132
4318	182	132
5480	211	132
11195	218	132
8680	231	132
17471	266	132
13342	451	132
2975	491	132
6848	518	132
9967	31	133
10330	182	133
12183	241	133
4241	295	133
6316	400	133
9198	437	133
16526	461	133
14773	498	133
3104	535	133
7055	552	133
15329	54	134
17663	136	134
7309	194	134
3682	227	134
6831	230	134
2325	312	134
10187	465	134
10350	481	134
3834	513	134
7592	517	134
12714	409	135
7842	417	135
7445	453	135
9447	460	135
6890	474	135
2787	134	136
15075	166	136
4107	257	136
7406	403	136
11372	411	136
6769	413	136
10020	493	136
4777	23	137
9993	205	137
6467	352	137
1153	402	137
16232	436	137
8403	21	138
18267	120	138
8706	304	138
15907	319	138
8786	553	138
4461	447	139
6054	44	140
15748	57	140
5312	247	140
3739	369	140
17096	50	141
15680	353	141
4395	423	141
13725	489	141
6232	109	142
12251	190	142
10112	213	142
3276	250	142
3990	298	142
6252	583	142
6146	325	143
15892	60	144
12058	62	144
6365	99	144
11066	179	144
16062	281	144
4568	346	144
14449	485	144
12296	496	144
9953	69	145
1123	272	145
9783	335	145
8106	571	145
3624	30	146
16119	71	146
7131	300	146
1628	306	146
13856	407	146
15411	452	146
3583	109	147
17942	217	147
14532	223	147
10546	297	147
9991	384	147
5316	69	148
4689	215	148
17939	314	148
14015	375	148
12875	471	148
8553	576	148
5452	104	149
11889	213	149
15201	455	149
5218	579	149
17196	178	150
12607	511	150
15005	13	151
12856	17	151
14795	45	151
17082	277	151
13110	318	151
14135	356	151
13071	357	151
11302	374	151
3117	463	151
4185	54	152
12420	75	152
15170	323	152
11179	347	153
12181	476	153
1640	10	154
16510	20	154
7718	98	154
8697	209	154
9888	13	155
11353	17	155
11270	160	155
3079	233	155
7333	411	155
3717	425	155
5737	465	155
14446	488	155
10776	66	156
2439	253	156
14267	361	156
14958	97	157
16872	110	157
5442	161	157
14948	461	157
819	588	157
14695	511	158
11549	80	159
983	181	159
13500	195	159
4018	348	159
10086	453	159
5445	17	160
12514	54	160
5207	75	160
1931	155	160
1301	186	160
5434	488	160
13748	97	161
14224	157	161
10615	180	161
7742	217	161
15801	241	161
4654	461	161
13016	484	161
2300	521	161
17533	243	162
13478	252	162
10833	391	162
1397	487	162
847	107	163
7522	318	163
4563	341	163
2064	434	163
4162	260	164
13217	487	164
7801	513	164
954	29	165
5647	120	165
10180	357	165
8935	410	165
14397	420	165
12483	136	166
2175	347	166
16523	476	166
16596	330	167
4494	461	167
3661	578	167
6603	91	168
7470	172	168
8027	545	168
16252	80	169
17022	127	169
13520	174	169
4529	323	169
3245	428	169
2183	472	169
4517	13	170
2208	45	170
17305	68	170
18020	328	170
13194	411	170
14709	434	170
9094	451	170
5995	463	170
1538	574	170
11758	409	171
14177	440	171
13426	5	172
13105	23	172
1567	43	172
10932	89	172
10819	91	172
6834	112	172
7205	168	172
9884	238	172
10267	286	172
1580	329	172
15436	360	172
7709	436	172
2654	475	172
17699	545	172
9168	548	172
876	581	172
7336	31	173
1714	81	173
7894	116	173
4948	195	173
8123	211	173
1873	241	173
7072	295	173
16043	378	173
634	420	173
5105	427	173
12637	493	173
18135	500	173
16257	518	173
6884	65	174
17657	169	174
1063	252	174
3988	420	174
10864	487	174
10534	53	175
6105	115	175
3898	310	175
13653	344	175
14752	528	175
1656	45	176
16700	73	176
762	245	176
14345	264	176
4797	501	176
9013	548	176
15840	178	177
12508	511	177
13395	6	178
11940	25	178
14619	26	178
15268	37	178
1375	51	178
2428	85	178
15692	150	178
1429	177	178
12625	218	178
16402	254	178
17609	296	178
4484	387	178
2864	408	178
12286	419	178
14893	448	178
15807	464	178
6238	572	178
9934	144	179
7685	183	179
13574	209	179
10639	253	179
2075	271	179
11675	327	179
12883	537	179
13859	49	180
3549	97	180
18199	120	180
12338	161	180
8274	209	180
8313	217	180
5083	321	180
8329	367	180
11101	521	180
14980	553	180
10918	559	180
6041	58	181
1682	159	181
11776	224	181
13045	285	181
10984	295	181
1011	528	181
17473	17	182
6641	39	182
18129	66	182
3167	95	182
15620	132	182
18257	133	182
4223	220	182
3841	288	182
6144	434	182
15497	478	182
13139	483	182
10274	543	182
1073	179	183
3153	224	183
15163	239	183
16997	253	183
5636	271	183
6351	297	183
1667	307	183
17451	309	183
12232	344	183
17479	461	183
8405	13	184
12471	80	184
7090	114	184
10999	293	184
14870	308	184
2341	411	184
13051	493	184
3830	555	184
14017	35	185
1745	248	185
10732	390	185
6897	393	185
16829	401	185
13446	444	185
1738	33	186
18337	75	186
12926	160	186
16648	351	186
9959	517	186
15973	585	186
10575	32	187
17171	98	187
9726	341	187
989	543	187
6842	209	188
8875	217	188
3348	219	188
6918	250	188
5583	297	188
12958	541	188
5243	568	188
13792	19	189
6661	487	189
884	513	189
1558	27	190
14562	76	190
6527	142	190
5643	462	190
11054	541	190
13692	556	190
10121	583	190
7548	9	191
5231	19	192
9897	127	192
17252	361	192
2357	515	192
8457	16	193
4246	87	193
5764	225	193
4535	490	193
11681	494	193
9781	533	193
11884	551	193
15095	19	194
5728	65	194
6875	134	194
5156	262	194
6358	323	194
15345	361	194
8504	562	194
2664	564	194
13659	574	194
14448	159	195
3642	173	195
9161	211	195
6018	377	195
1269	427	195
14506	18	196
2108	77	196
7370	77	197
12752	48	198
9377	102	198
1728	275	198
17472	351	198
16372	390	198
1525	418	198
6067	503	198
1092	60	199
12287	99	199
16986	100	199
5468	271	199
6788	310	199
14045	331	199
3688	565	199
17275	54	200
2572	85	200
10278	334	200
15985	397	200
3567	513	200
617	585	200
6906	102	201
17183	128	201
13508	304	201
7837	351	201
1499	382	201
13623	437	201
7002	487	201
9288	498	201
13589	553	201
17426	588	201
6459	42	202
3878	570	202
12078	4	203
17931	453	203
17548	45	204
1392	73	204
14722	352	204
7587	473	204
8496	548	204
7167	92	205
10891	137	205
3056	217	205
10459	233	205
11331	352	205
9676	415	205
3614	463	205
2401	532	205
6966	264	206
8900	325	206
11053	549	206
3090	73	207
10733	233	207
16877	272	207
5297	501	207
10198	532	207
9864	548	207
6414	3	208
10297	58	208
12861	234	208
16655	278	208
15663	293	208
2565	308	208
1743	364	208
3526	425	208
7642	429	208
10899	438	208
11358	441	208
15392	492	208
10335	522	208
15846	527	208
17259	534	208
2154	555	208
11352	584	208
9039	20	209
1629	154	209
14300	179	209
16143	180	209
18093	188	209
5470	271	209
11180	297	209
6509	367	209
12591	379	209
9004	506	209
3960	39	210
15083	98	210
13851	264	210
12698	276	210
4829	347	210
18453	350	210
10618	375	210
11961	457	210
17773	471	210
8238	553	210
4134	561	210
10726	577	210
8661	40	211
5432	129	211
3700	132	211
10674	173	211
18008	195	211
11926	218	211
723	225	211
17110	243	211
8556	295	211
11623	538	211
8331	582	211
14144	586	211
13638	98	212
15799	264	212
10944	449	212
9547	535	212
16566	559	212
3629	561	212
12661	577	212
16534	104	213
8874	108	213
18433	109	213
870	110	213
14599	119	213
17890	142	213
5265	149	213
2011	297	213
18032	298	213
1991	335	213
16774	376	213
13484	380	213
1193	392	213
8085	439	213
17661	443	213
6145	455	213
12810	541	213
2826	556	213
4566	579	213
13970	583	213
8828	1	214
15180	352	214
11513	416	214
12372	444	214
4806	520	214
13262	1	215
4915	33	215
7356	49	215
17076	97	215
15460	148	215
10594	249	215
13473	336	215
4891	106	216
1291	223	216
16606	297	216
13548	482	216
5620	92	217
11100	147	217
12577	161	217
2940	180	217
3774	188	217
8309	205	217
13285	250	217
12388	297	217
4276	305	217
7802	377	217
16019	459	217
10140	463	217
5968	505	217
10048	75	218
3285	132	218
10969	178	218
16345	211	218
4428	378	218
3540	431	218
16943	478	218
3527	542	218
7099	111	219
4475	188	219
18248	345	219
9362	361	219
16235	388	219
4046	182	220
15727	354	220
13013	370	220
8612	111	221
17495	345	221
15026	526	221
10205	585	221
10626	9	222
13008	147	223
969	216	223
4212	297	223
8202	181	224
11164	183	224
9437	239	224
9507	307	224
10951	578	224
2000	193	225
10079	211	225
13095	354	225
13612	86	226
6269	98	226
10285	116	226
7939	131	226
5469	290	226
17588	468	226
9091	483	226
17024	134	227
2425	323	227
16415	530	227
8885	562	227
15629	109	228
12223	238	228
17992	291	228
9560	335	228
15491	435	228
15457	15	229
6601	281	229
3950	423	229
3896	54	230
11975	75	230
3911	134	230
18334	243	230
13634	465	230
16161	517	230
17284	526	230
10028	70	231
18411	88	231
5702	131	231
8925	132	231
1703	343	231
12701	495	231
4648	524	231
4984	511	232
993	28	233
7321	45	233
6142	130	233
946	155	233
3905	205	233
5186	207	233
9424	272	233
4032	280	233
12780	318	233
11178	328	233
11148	356	233
5808	374	233
5693	386	233
14336	436	233
15957	459	233
13601	473	233
12184	480	233
13807	488	233
8451	512	233
6681	581	233
2410	583	233
7293	208	234
593	237	234
13932	293	234
15988	441	234
9064	492	234
2789	264	235
13427	347	235
1830	476	235
1191	447	236
8130	59	237
8352	234	237
17125	284	237
4299	441	237
13090	453	237
10496	30	238
16159	89	238
14859	172	238
936	228	238
15924	314	238
2476	183	239
6909	224	239
1553	309	239
4678	481	239
7808	528	239
9721	69	240
8110	81	240
11518	101	240
6384	343	240
15396	409	240
18379	44	241
10668	113	241
11749	131	241
15981	133	241
6709	161	241
8018	173	241
5964	430	241
6913	518	241
5943	35	242
16095	84	242
9065	114	242
10416	279	242
9890	415	242
1297	468	242
6295	477	242
13707	491	242
6651	13	243
15354	162	243
13001	211	243
14434	230	243
3415	265	243
1442	389	243
18476	411	243
3706	451	243
12292	485	243
16031	520	243
10886	587	243
13147	120	244
18208	246	244
5794	349	244
3500	420	244
12089	493	244
3842	514	244
6274	517	244
18046	45	245
8107	117	245
5366	176	245
3221	264	245
17823	501	245
5350	548	245
8250	113	246
17437	244	246
18065	390	246
10460	391	246
6369	403	246
4902	514	246
17189	520	246
3330	531	246
5183	57	247
17387	140	247
6032	369	247
14622	7	248
8141	185	248
7349	332	248
7357	368	248
1289	444	248
5709	477	248
9519	487	248
10296	503	248
2207	215	249
5344	251	249
8139	314	249
2389	325	249
17163	476	249
5655	142	250
17136	188	250
5479	217	250
14559	261	250
13298	297	250
1355	361	250
6717	399	250
14906	583	250
3321	86	251
16178	249	251
10200	334	251
4729	457	251
8372	559	251
7413	162	252
7931	174	252
1053	391	252
11645	428	252
8816	526	252
7107	14	253
11575	106	253
8628	156	253
8629	179	253
17762	183	253
9826	271	253
13102	297	253
13887	317	253
15900	331	253
8595	565	253
4381	178	254
11910	296	254
11533	301	255
17851	494	255
9586	511	255
9201	551	255
10929	11	256
13365	55	256
8645	59	256
7385	314	256
11446	327	256
16275	348	256
9140	427	256
2452	433	256
1432	578	256
2735	136	257
11166	334	257
11401	347	257
16075	476	257
4750	268	258
16903	291	258
11152	335	258
16964	452	258
4725	65	259
17281	265	259
15150	472	259
4742	530	259
2326	531	259
17539	574	259
10913	164	260
10600	487	260
7135	513	260
10230	4	261
15557	250	261
3235	317	261
3462	331	261
2932	410	261
9115	485	261
3918	500	261
7581	565	261
15814	568	261
17413	194	262
12987	458	262
13547	530	262
11757	562	262
5692	511	263
16245	13	264
15555	39	264
2379	45	264
15224	73	264
15842	80	264
14697	117	264
13823	176	264
2726	206	264
4305	210	264
11399	212	264
5732	235	264
2441	245	264
6227	282	264
3048	311	264
10022	338	264
13953	347	264
4882	349	264
1758	449	264
12407	549	264
14756	552	264
7353	558	264
9767	561	264
6692	243	265
9337	259	265
5931	323	265
5509	475	265
13726	501	265
4501	564	265
3835	77	266
9565	132	266
7567	280	266
16423	354	266
3612	36	267
10026	56	267
4604	101	267
13048	409	267
6124	258	268
1655	291	268
9668	335	268
4726	11	269
5581	348	269
11668	567	269
13734	32	270
17053	114	270
15260	128	270
17200	418	270
11558	473	270
18146	179	271
3298	183	271
18014	199	271
9873	209	271
13495	253	271
13825	327	271
11950	45	272
16779	97	272
8736	145	272
16573	207	272
7768	233	272
15873	291	272
7300	335	272
17898	386	272
14903	536	272
4316	14	273
4209	340	273
11494	491	273
18372	2	274
12205	8	275
3194	198	275
16315	418	275
13985	475	275
7679	577	275
17131	97	276
12040	210	276
8412	341	276
14517	347	276
9592	476	276
13319	529	276
12295	86	277
14935	151	277
10462	290	277
2340	357	277
12838	411	277
10959	421	277
9695	444	277
11220	473	277
9440	208	278
1887	441	278
16110	522	278
13875	534	278
14662	39	279
8345	84	279
10985	242	279
11153	352	279
13293	368	279
5398	383	279
15951	548	279
6835	233	280
1573	266	280
1723	311	280
2366	349	280
13199	415	280
5833	468	280
11182	473	280
17864	501	280
7295	62	281
7510	144	281
14322	229	281
13991	496	281
3752	567	281
7401	264	282
4886	473	282
8867	501	282
10900	551	283
11927	44	284
12691	237	284
1032	398	284
3263	409	284
16394	63	285
14552	181	285
12012	364	285
1410	381	285
13425	89	286
17335	172	286
5739	335	286
6982	386	286
13216	548	286
5957	42	287
5201	66	288
10491	182	288
17948	343	288
5140	463	288
7190	498	288
18304	398	289
15442	409	289
11893	226	290
4252	277	290
17061	355	290
17817	411	290
915	473	290
15133	477	290
8788	501	290
2576	30	291
10665	108	291
7264	228	291
4229	258	291
12152	268	291
5157	272	291
2352	300	291
9235	306	291
5389	335	291
3786	385	291
8749	392	291
10643	452	291
16326	564	291
5412	77	292
5393	3	293
6346	184	293
7076	208	293
7918	234	293
11807	308	293
3659	369	293
7941	425	293
4507	441	293
13214	510	293
16165	555	293
17991	341	294
6364	425	294
5851	476	294
1693	57	295
2958	58	295
7367	59	295
1449	133	295
16010	173	295
18178	181	295
18098	211	295
11574	578	295
3577	25	296
3452	47	296
5551	85	296
4813	178	296
10636	254	296
10073	303	296
16709	408	296
16172	448	296
14104	464	296
10059	12	297
1582	106	297
13196	147	297
6216	183	297
14215	188	297
2628	209	297
10398	213	297
14199	216	297
15119	217	297
10880	223	297
8763	250	297
12604	253	297
7736	384	297
5780	426	297
14281	482	297
9720	506	297
1761	142	298
13731	213	298
2739	399	298
4904	530	298
5903	541	298
9103	88	299
15391	131	299
7085	420	299
7355	468	299
4826	71	300
10549	146	300
2284	291	300
1929	306	300
1259	335	300
16870	385	300
11885	407	300
3657	457	300
18268	462	300
17936	559	300
8915	577	300
5429	37	301
12029	74	301
8531	87	301
5477	255	301
11925	414	301
16217	582	301
6521	77	302
17077	82	302
14372	316	302
8182	322	302
13098	333	302
17181	412	302
2394	445	302
12850	586	302
3257	296	303
2318	408	303
10154	131	304
2354	138	304
7952	201	304
9452	393	304
9247	420	304
732	518	304
11445	45	305
17512	66	305
14776	217	305
1678	321	305
11495	330	305
16980	430	305
2812	461	305
5859	498	305
13943	523	305
16347	71	306
10394	76	306
14155	146	306
10708	291	306
11057	300	306
5901	385	306
17555	407	306
12515	462	306
16522	183	307
3850	224	307
8778	309	307
15238	184	308
5229	208	308
17731	293	308
8075	369	308
16780	425	308
12867	429	308
4545	441	308
9736	510	308
18097	555	308
10865	183	309
2343	239	309
5345	307	309
5009	44	310
18431	60	310
15573	99	310
13971	100	310
2130	175	310
12776	199	310
12596	344	310
11762	346	310
15426	264	311
17809	280	311
820	511	311
8132	134	312
6399	428	312
1904	513	312
13302	39	313
10571	362	313
18241	491	313
4017	495	313
4796	10	314
13079	69	314
6394	97	314
16464	110	314
17624	148	314
10801	238	314
7341	249	314
8640	256	314
5363	375	314
2440	380	314
1494	386	314
16273	433	314
14554	439	314
1245	471	314
13893	512	314
13583	107	315
16670	317	315
1707	331	315
12315	565	315
1967	302	316
6206	60	317
14007	99	317
4262	124	317
3246	253	317
3798	261	317
16949	315	317
3575	331	317
10925	366	317
13610	535	317
5982	565	317
5687	568	317
4037	13	318
9776	42	318
1673	151	318
6308	163	318
15393	233	318
3133	341	318
16138	343	318
16577	377	318
5282	425	318
13240	476	318
3518	570	318
16047	29	319
4293	120	319
6851	138	319
1031	411	319
14178	553	319
15866	576	319
13297	42	320
10364	21	321
13959	55	321
7847	97	321
5403	103	321
10300	180	321
923	305	321
17086	327	321
11120	535	321
16378	18	322
2489	72	322
7201	302	322
7940	497	322
9620	516	322
15257	575	322
16748	127	323
12999	152	323
11463	169	323
15113	194	323
7459	227	323
3358	265	323
14441	94	324
1155	331	324
1819	454	324
10509	565	324
3003	74	325
17617	143	325
11077	206	325
5865	249	325
7804	347	325
14334	478	325
12921	9	326
9253	103	327
12564	179	327
2496	256	327
5002	271	327
6290	321	327
10724	499	327
6366	506	327
8390	508	327
1446	537	327
3465	29	328
13521	66	328
7954	170	328
15529	233	328
3824	374	328
13100	574	328
15447	43	329
16091	172	329
13895	476	329
14860	55	330
15184	167	330
11363	305	330
2694	552	330
2991	57	331
801	60	331
12434	99	331
13076	100	331
13503	115	331
8524	199	331
1534	253	331
13062	261	331
8643	315	331
10208	317	331
9867	324	331
12882	400	331
13842	565	331
3084	30	332
10519	39	332
6676	248	332
1702	383	332
10002	393	332
3993	402	332
12740	444	332
10513	503	332
9434	302	333
2755	121	334
14107	200	334
5917	251	334
17208	257	334
16796	336	334
8269	350	334
17587	367	334
10221	376	334
5750	395	334
10595	416	334
623	418	334
11205	442	334
9034	505	334
13569	553	334
4267	23	335
11622	30	335
8351	67	335
13987	89	335
7094	121	335
11349	145	335
2480	213	335
2851	228	335
6825	258	335
1275	268	335
15419	272	335
2193	286	335
15162	291	335
9892	300	335
1249	342	335
17729	386	335
17560	435	335
7373	450	335
14150	452	335
11385	571	335
6836	29	336
7051	35	336
5005	86	336
15516	215	336
1999	334	336
7146	355	336
3640	413	336
2015	421	336
5176	520	336
16937	42	337
13837	570	337
7276	264	338
772	473	338
12747	501	338
4343	61	339
15575	83	339
12603	101	339
1102	372	339
1756	409	339
17198	273	340
16016	491	340
3908	557	340
8211	13	341
2685	14	341
5114	32	341
14282	107	341
16256	163	341
13405	187	341
11714	276	341
4346	294	341
1077	318	341
6983	344	341
11627	425	341
11398	528	341
4669	67	342
7557	335	342
6312	450	342
15330	13	343
13651	32	343
4251	66	343
12811	70	343
4735	80	343
10337	114	343
9682	231	343
1890	240	343
748	288	343
2145	318	343
3170	362	343
18167	476	343
1422	483	343
13278	515	343
3525	543	343
7030	41	344
15938	53	344
4920	63	344
14684	124	344
8383	175	344
11919	183	344
12575	310	344
16236	341	344
12400	366	344
4124	528	344
13628	74	345
8519	219	345
14524	221	345
5565	361	345
3883	585	345
745	144	346
13649	310	346
17210	369	346
11568	485	346
12161	554	346
738	153	347
9508	166	347
10442	210	347
1669	235	347
3553	257	347
16945	264	347
6745	276	347
7313	325	347
5111	350	347
4373	63	348
1004	81	348
810	159	348
9090	256	348
8991	269	348
6263	364	348
11108	378	348
17768	400	348
13866	437	348
6529	554	348
9714	244	349
6165	264	349
3464	280	349
5916	538	349
8667	549	349
8428	23	350
16970	40	350
5624	121	350
7339	210	350
8392	334	350
15428	347	350
7560	8	351
13078	186	351
7761	198	351
10407	201	351
6084	84	352
10104	130	352
4420	137	352
11471	204	352
4876	205	352
2909	214	352
1141	279	352
15865	355	352
18388	363	352
805	383	352
16897	436	352
5573	444	352
10007	468	352
6370	538	352
12169	50	353
12731	141	353
13519	423	353
7066	489	353
4940	95	354
4828	220	354
1522	225	354
7782	266	354
6051	355	354
7917	543	354
6726	290	355
2690	336	355
14081	352	355
637	354	355
13032	413	355
15972	418	355
6907	473	355
10940	581	355
4328	45	356
1719	130	356
18250	151	356
5922	233	356
14863	410	356
1676	480	356
2732	29	357
16848	151	357
16070	165	357
10645	277	357
7059	453	357
15707	8	358
17008	23	358
17457	91	358
15556	402	358
4193	577	358
5172	519	359
11389	546	359
17317	172	360
5145	476	360
5912	19	361
15121	156	361
13924	192	361
16193	194	361
12462	219	361
2171	250	361
4783	345	361
7392	463	361
2605	515	361
9304	39	362
10701	313	362
1028	343	362
13396	425	362
15549	477	362
3934	491	362
2004	495	362
5137	549	362
7999	92	363
5162	352	363
16129	383	363
10507	462	363
5506	530	363
5927	577	363
5373	581	363
13545	57	364
3966	59	364
15717	81	364
3287	208	364
8328	285	364
3528	348	364
13101	74	365
904	107	366
6210	115	366
14172	124	366
15994	317	366
4668	344	366
16832	49	367
3570	97	367
10463	180	367
1591	209	367
11242	334	367
9010	376	367
15158	413	367
13536	505	367
7140	529	367
9339	553	367
3946	39	368
4467	248	368
8348	279	368
2129	57	369
17168	140	369
9023	247	369
6519	293	369
8218	308	369
17998	346	369
3976	510	369
4357	220	370
5381	533	370
13440	544	370
7637	566	370
1903	573	370
4594	447	371
1246	61	372
16959	83	372
11484	101	372
11764	339	372
2716	409	372
14040	79	373
3116	101	373
12239	417	373
4548	453	373
7340	474	373
3119	66	374
16641	151	374
9739	233	374
4497	328	374
14628	530	374
10257	10	375
10125	27	375
8526	76	375
1095	119	375
17046	148	375
1911	210	375
17914	314	375
5301	385	375
7984	392	375
4459	406	375
1519	471	375
7259	556	375
13877	34	376
842	213	376
2754	334	376
13753	367	376
5686	476	376
8279	505	376
8926	32	377
14400	121	377
14820	195	377
3498	217	377
6284	318	377
13315	418	377
9939	173	378
5257	218	378
13134	348	378
5682	568	378
11909	10	379
18346	97	379
13452	209	379
12099	506	379
17304	213	380
12308	314	380
16239	439	380
17104	461	380
14057	506	380
8259	57	381
15054	115	381
2956	122	381
17430	285	381
17483	580	381
5088	75	382
4391	102	382
15745	201	382
16324	391	382
15084	428	382
16406	487	382
13012	514	382
5576	279	383
15235	332	383
5455	352	383
1625	363	383
10395	444	383
8467	477	383
17178	147	384
15628	297	384
6869	482	384
7475	48	385
8347	291	385
18028	300	385
14042	306	385
17234	375	385
7000	406	385
9659	471	385
2568	5	386
9657	233	386
6780	272	386
12848	286	386
14280	314	386
15613	335	386
15236	178	387
3028	2	388
11440	219	388
12159	481	388
4868	17	389
6080	75	389
18000	126	389
822	243	389
9541	411	389
17525	434	389
2871	451	389
14572	520	389
10786	113	390
4623	185	390
5959	198	390
7965	246	390
1447	428	390
12236	513	390
6684	514	390
15136	65	391
8615	162	391
17732	246	391
8113	252	391
6581	382	391
10475	428	391
2177	517	391
8532	526	391
18475	108	392
14736	119	392
1228	213	392
15586	291	392
897	375	392
7060	405	392
11341	471	392
6324	35	393
10882	38	393
10740	185	393
12427	304	393
12031	332	393
11496	395	393
2344	444	393
9838	491	393
15550	503	393
8020	564	393
11032	511	394
1847	33	395
2783	78	395
8273	334	395
13938	393	395
2756	416	395
9546	442	395
15990	514	395
5654	588	395
1415	45	396
5726	112	396
7452	536	396
17561	559	396
757	111	397
2170	200	397
10295	513	397
13257	585	397
8954	56	398
13488	284	398
15438	289	398
944	409	398
6497	4	399
9613	74	399
3211	250	399
18128	298	399
2515	568	399
1971	582	399
8709	11	400
14655	59	400
5970	60	400
8987	63	400
10952	99	400
18163	100	400
1343	133	400
11491	331	400
13449	348	400
13544	506	400
6405	565	400
15918	1	401
5940	185	401
10400	444	401
7307	514	401
15009	8	402
3495	30	402
3085	71	402
3306	137	402
18311	332	402
10713	358	402
6685	577	402
4556	31	403
8033	136	403
10824	246	403
5223	442	403
13549	493	403
6212	514	403
18042	553	403
7415	22	404
1040	101	404
13969	20	405
8945	27	405
10766	76	405
10780	392	405
16028	556	405
10352	27	406
4682	30	406
8090	71	406
5447	375	406
14634	385	406
6794	471	406
16416	146	407
13812	300	407
17428	306	407
1939	457	407
12090	559	407
14899	47	408
15606	85	408
5267	96	408
4601	178	408
17837	296	408
5152	303	408
13398	560	408
17634	36	409
12377	44	409
16542	56	409
5926	61	409
12887	64	409
1329	81	409
10410	83	409
16979	101	409
8037	135	409
11679	171	409
10678	240	409
9759	267	409
12208	284	409
8247	289	409
14724	339	409
13587	372	409
3286	398	409
15403	417	409
16380	440	409
6403	453	409
18023	460	409
14510	474	409
4692	504	409
4217	507	409
5806	21	410
17029	165	410
17598	261	410
3707	356	410
11788	38	411
12992	68	411
2810	126	411
11847	136	411
2186	155	411
14867	170	411
8396	184	411
12617	243	411
2544	277	411
16684	290	411
8850	319	411
5072	389	411
9038	421	411
9747	466	411
1440	473	411
5703	488	411
6807	520	411
14152	576	411
9321	302	412
1020	35	413
17918	86	413
2770	131	413
2608	136	413
2223	336	413
3307	355	413
11969	367	413
9548	301	414
3473	551	414
4974	205	415
6309	242	415
5153	280	415
2247	468	415
8023	538	415
17759	126	416
6128	214	416
18286	334	416
11247	395	416
18473	588	416
1351	64	417
15076	79	417
15321	101	417
16679	135	417
14719	373	417
11519	409	417
17876	453	417
16686	460	417
11952	474	417
10150	507	417
6454	32	418
10542	198	418
18104	270	418
2074	275	418
1062	334	418
4786	355	418
17757	377	418
16715	442	418
9512	47	419
10986	52	419
11343	93	419
13253	178	419
4141	419	419
5200	431	419
13586	560	419
14138	35	420
18335	131	420
13843	165	420
8441	173	420
11823	174	420
4080	244	420
18258	299	420
2691	304	420
8601	518	420
3788	552	420
17499	29	421
7949	68	421
12312	277	421
16724	336	421
4205	411	421
6737	466	421
12857	576	421
13694	44	422
11488	453	422
8418	15	423
12648	50	423
14866	141	423
12350	229	423
17249	353	423
18036	446	423
16531	489	423
6637	546	423
10926	72	424
7898	13	425
16484	14	425
14265	32	425
1412	114	425
3701	155	425
1834	208	425
14066	293	425
4713	294	425
9941	308	425
14339	318	425
6638	341	425
10313	362	425
16003	488	425
13245	20	426
17153	106	426
18389	297	426
16845	506	426
1303	173	427
15067	195	427
10948	256	427
14350	538	427
7134	169	428
8058	252	428
13128	312	428
6669	382	428
12158	390	428
16879	391	428
2026	487	428
1646	513	428
9352	3	429
11504	208	429
14387	308	429
7230	441	429
17924	540	429
7165	555	429
6619	66	430
589	241	430
9467	305	430
11326	437	430
1989	461	430
6951	484	430
7747	523	430
9257	578	430
10673	52	431
5286	93	431
11539	218	431
4335	419	431
8841	431	431
4225	72	432
16586	10	433
1348	97	433
11279	256	433
6766	314	433
3143	461	433
12143	484	433
15582	578	433
7529	17	434
16009	20	434
3483	163	434
4202	170	434
14686	182	434
5870	389	434
1670	89	435
1090	228	435
1368	335	435
16499	571	435
10930	137	436
18412	172	436
16867	233	436
13056	352	436
7322	581	436
16111	11	437
15932	21	437
7039	31	437
5829	97	437
7330	128	437
17017	133	437
2689	201	437
13775	348	437
3162	430	437
18150	514	437
15982	552	437
17261	208	438
9127	441	438
9942	527	438
13870	584	438
11972	213	439
1883	314	439
3200	380	439
3216	461	439
1005	506	439
4376	171	440
12878	409	440
16599	208	441
11175	234	441
10584	237	441
8978	278	441
13010	293	441
8474	308	441
2632	429	441
13142	438	441
6535	492	441
16810	522	441
8854	527	441
9885	534	441
13965	555	441
2279	584	441
5076	128	442
15326	334	442
16480	395	442
6233	403	442
14263	418	442
5102	514	442
13650	104	443
17010	109	443
9295	213	443
14741	1	444
18225	7	444
8762	38	444
9851	86	444
13485	185	444
13135	214	444
3477	248	444
2984	277	444
13208	332	444
17542	352	444
11292	383	444
2505	393	444
4354	401	444
1687	530	444
1346	531	444
14072	302	445
17547	423	446
13185	502	446
16719	546	446
3811	567	446
11476	85	447
16770	90	447
5787	105	447
3712	118	447
13561	139	447
3458	236	447
18185	371	447
9910	511	447
10953	542	447
13602	547	447
16055	550	447
3171	178	448
2114	296	448
15771	23	449
7661	45	449
12195	97	449
5462	112	449
10088	212	449
7902	264	449
10117	476	449
12555	67	450
7298	335	450
7924	342	450
13641	13	451
10737	113	451
7014	132	451
16295	170	451
9957	243	451
13750	389	451
12803	30	452
15444	146	452
7315	258	452
1057	291	452
11695	335	452
15730	4	453
16792	18	453
6914	64	453
9770	79	453
16905	101	453
13695	135	453
9082	159	453
7363	203	453
1474	237	453
1039	357	453
6919	373	453
2397	409	453
1545	417	453
4814	422	453
1839	460	453
17058	470	453
5781	474	453
6992	507	453
14561	48	454
11769	108	454
2062	324	454
15458	564	454
15234	587	454
2560	149	455
7430	213	455
16350	9	456
10113	98	457
11572	121	457
10992	210	457
7348	251	457
1277	300	457
5494	407	457
2883	476	457
5746	556	457
8226	561	457
2519	19	458
12923	127	458
14991	262	458
12054	530	458
2804	541	458
10535	45	459
16216	110	459
4215	217	459
17628	233	459
7186	480	459
15308	135	460
14708	409	460
4559	417	460
11796	453	460
1117	474	460
4023	66	461
6950	133	461
14925	157	461
10169	161	461
7434	167	461
13334	183	461
2639	305	461
7280	380	461
18011	430	461
4836	433	461
18328	439	461
2485	484	461
1480	523	461
9139	578	461
9868	588	461
2111	92	462
13486	190	462
8755	300	462
6854	306	462
7366	363	462
16935	477	462
13176	513	462
6162	541	462
13874	562	462
3958	32	463
7043	127	463
13525	151	463
15171	170	463
8399	205	463
5117	217	463
6139	288	463
1777	361	463
5004	178	464
3571	296	464
13839	134	465
9691	155	465
10988	230	465
1635	488	465
13667	12	466
7212	35	466
14455	80	466
2529	411	466
14932	421	466
17173	538	466
14039	9	467
17427	35	468
12918	70	468
6463	116	468
4933	226	468
1574	242	468
8254	280	468
10760	299	468
1150	352	468
18172	415	468
13286	477	468
16053	524	468
7890	538	468
2255	77	469
4810	4	470
9276	101	470
659	453	470
2578	10	471
15127	27	471
9788	76	471
4038	119	471
9740	148	471
13163	210	471
16002	314	471
9728	375	471
15521	385	471
6871	392	471
4452	406	471
8846	556	471
6275	65	472
11655	169	472
16314	259	472
17485	574	472
16635	84	473
775	204	473
14051	233	473
15817	270	473
17323	277	473
13225	280	473
6410	282	473
9702	290	473
4636	338	473
17161	355	473
1711	411	473
13577	501	473
5904	64	474
2478	79	474
15055	101	474
715	135	474
2856	373	474
12418	409	474
10081	417	474
12446	453	474
5365	460	474
5554	507	474
13132	23	475
11501	91	475
1233	172	475
8831	265	475
12039	275	475
12501	28	476
5026	34	476
10375	43	476
15415	45	476
5562	110	476
10612	129	476
15493	153	476
7246	166	476
1185	235	476
2126	249	476
3504	257	476
13366	276	476
6168	294	476
7129	318	476
1827	329	476
5921	343	476
16173	360	476
1944	376	476
10585	449	476
11432	457	476
13043	529	476
6043	588	476
15318	35	477
16811	86	477
16069	242	477
18168	248	477
3794	290	477
13555	362	477
18196	383	477
15272	462	477
18033	468	477
18310	538	477
13044	182	478
2848	218	478
7126	325	478
1795	481	478
14134	582	478
4191	77	479
5978	45	480
8124	92	480
5626	233	480
6182	356	480
4140	459	480
10077	66	481
773	114	481
7294	134	481
13038	239	481
5185	388	481
17367	478	481
12886	582	481
12988	216	482
8999	297	482
8463	384	482
14781	70	483
2102	131	483
6770	182	483
14538	226	483
16961	343	483
8767	495	483
9272	548	483
5210	97	484
8164	161	484
18292	430	484
15032	433	484
17188	461	484
2765	506	484
10835	21	485
17633	60	485
13289	99	485
834	144	485
4359	243	485
2174	261	485
16360	346	485
15011	42	486
3324	570	486
14374	35	487
17650	162	487
7735	164	487
6784	174	487
4348	189	487
4004	201	487
4705	248	487
12237	260	487
15643	382	487
8334	428	487
1306	503	487
17419	513	487
13299	13	488
1824	17	488
900	155	488
5016	160	488
2350	233	488
6952	411	488
4482	425	488
14968	465	488
16050	50	489
3763	141	489
1796	353	489
6557	423	489
12305	193	490
8503	494	490
2477	14	491
10245	39	491
11088	70	491
14328	84	491
5560	129	491
17296	132	491
2743	242	491
9923	273	491
17567	313	491
9996	340	491
14467	362	491
6430	393	491
18426	495	491
15443	557	491
9057	577	491
1892	208	492
1799	234	492
5292	441	492
17355	31	493
12511	113	493
12647	136	493
2248	173	493
11405	184	493
3819	244	493
3625	403	493
12619	540	493
16376	9	494
13226	16	494
8675	37	494
3347	193	494
10440	255	494
4495	490	494
7274	525	494
14220	39	495
11709	88	495
16005	129	495
14768	231	495
11190	313	495
10328	362	495
16552	483	495
6249	491	495
6757	524	495
12138	15	496
7197	62	496
10116	144	496
9549	281	496
2747	72	497
9475	322	497
13246	31	498
763	133	498
14518	201	498
17919	288	498
9357	305	498
9239	552	498
13688	103	499
14465	327	499
17399	508	499
12996	537	499
18402	173	500
2879	261	500
3675	38	501
14312	117	501
10378	176	501
5644	207	501
11507	245	501
4639	265	501
10795	280	501
2030	282	501
11234	290	501
5125	338	501
5160	473	501
3333	548	501
14340	549	501
3919	446	502
8320	554	502
11300	567	502
4447	80	503
13235	198	503
2324	248	503
7003	332	503
11193	393	503
3295	487	503
2968	531	503
9639	36	504
8513	409	504
17671	12	505
14252	32	505
864	217	505
7531	334	505
16889	367	505
4098	376	505
10433	10	506
5052	12	506
3381	97	506
3334	209	506
12307	297	506
6176	327	506
6296	379	506
6645	380	506
9605	400	506
7318	426	506
15366	439	506
3965	484	506
6963	64	507
10174	79	507
9048	409	507
3123	417	507
14738	453	507
5535	474	507
9397	327	508
16844	499	508
15969	45	509
2254	536	509
13372	559	509
3543	293	510
10124	308	510
12150	369	510
14499	51	511
899	150	511
12480	158	511
16107	177	511
2980	232	511
3283	255	511
10735	263	511
10402	311	511
4519	394	511
638	447	511
7823	542	511
14995	569	511
6940	572	511
15929	30	512
5676	69	512
9358	97	512
12826	233	512
4369	314	512
9485	48	513
5989	134	513
1016	164	513
7436	189	513
7216	200	513
2378	260	513
17385	312	513
14885	390	513
9672	397	513
14143	428	513
11799	462	513
2820	487	513
15389	563	513
12219	7	514
4407	33	514
911	75	514
4069	126	514
13331	128	514
18370	244	514
1940	246	514
12422	382	514
1285	390	514
18321	395	514
5130	401	514
890	403	514
11552	437	514
17700	442	514
998	585	514
16302	19	515
10662	192	515
4792	343	515
14417	361	515
2408	72	516
2001	322	516
9938	134	517
11710	186	517
5446	230	517
3378	244	517
12084	391	517
16156	35	518
17320	131	518
10279	132	518
5490	173	518
17970	241	518
3782	304	518
4847	420	518
11811	359	519
10166	546	519
13250	68	520
5774	126	520
13832	214	520
1695	243	520
14583	246	520
12665	336	520
15494	389	520
13573	411	520
2844	576	520
9312	49	521
12561	55	521
4782	97	521
16168	161	521
3198	180	521
14114	208	522
15319	278	522
17780	441	522
12692	534	522
971	128	523
10572	305	523
6072	430	523
17552	461	523
1541	588	523
11344	231	524
4035	468	524
8770	495	524
2729	494	525
15172	568	525
4536	111	526
6267	221	526
9812	230	526
17453	252	526
3831	391	526
6118	208	527
12795	438	527
2817	441	527
15421	534	527
6031	584	527
18125	63	528
6126	175	528
5996	181	528
16587	239	528
2584	341	528
16472	344	528
16896	276	529
17685	367	529
4279	476	529
3207	1	530
12787	130	530
17388	227	530
3210	259	530
14214	262	530
9370	298	530
15147	363	530
11918	374	530
10044	444	530
11497	458	530
10573	562	530
18197	581	530
6680	1	531
14037	65	531
16351	68	531
11941	80	531
5975	246	531
12626	259	531
16434	444	531
10322	503	531
11104	69	532
15538	97	532
1982	205	532
8378	207	532
4302	549	532
3602	559	532
5639	125	533
9612	193	533
10215	370	533
16793	566	533
4059	573	533
9425	208	534
6066	278	534
15561	441	534
7284	522	534
4595	527	534
12829	133	535
13791	212	535
714	317	535
17085	321	535
14394	540	535
11688	552	535
8311	45	536
16488	272	536
9451	396	536
13790	509	536
7551	559	536
3376	179	537
5104	327	537
17706	499	537
17693	35	538
16718	211	538
2005	349	538
13436	352	538
13112	415	538
16675	427	538
6954	466	538
8649	468	538
7943	477	538
865	586	539
16658	120	540
15241	429	540
13684	493	540
2215	535	540
9298	552	540
6995	555	540
5788	559	540
2289	188	541
17907	190	541
9406	213	541
9164	298	541
8605	458	541
9564	462	541
17681	568	541
1836	218	542
3840	447	542
12453	511	542
2355	17	543
15503	182	543
2338	187	543
11829	343	543
7891	354	543
9745	370	544
2497	582	544
12720	168	545
3975	172	545
18364	15	546
8581	50	546
15065	359	546
14390	423	546
4679	446	546
15066	519	546
8781	9	547
10725	447	547
18415	39	548
15736	73	548
2552	84	548
10910	117	548
1456	172	548
13086	176	548
3343	204	548
4086	207	548
12567	245	548
672	279	548
3910	286	548
10487	483	548
17403	501	548
7118	558	548
10908	581	548
2165	39	549
13468	69	549
8864	97	549
7958	206	549
4219	264	549
14466	349	549
10722	362	549
1516	501	549
7953	532	549
9290	447	550
794	37	551
16184	193	551
3789	255	551
14802	283	551
12349	414	551
8927	31	552
1585	55	552
8651	128	552
2549	133	552
14880	264	552
18124	330	552
1605	420	552
13445	437	552
1993	498	552
16798	535	552
15249	540	552
2643	49	553
4714	75	553
1468	120	553
14247	128	553
16458	129	553
8853	138	553
5064	180	553
11820	201	553
3359	210	553
9777	319	553
7577	334	553
16272	367	553
4526	403	553
5846	561	553
2017	588	553
15514	100	554
3666	346	554
18176	348	554
12608	502	554
6349	567	554
12024	184	555
5357	208	555
2139	293	555
7398	308	555
17369	429	555
13967	441	555
4387	540	555
11464	27	556
16777	190	556
12469	213	556
4145	375	556
2079	405	556
15406	457	556
3638	471	556
5674	23	557
16133	340	557
14402	491	557
6375	45	558
10362	264	558
16500	548	558
6670	45	559
11063	92	559
11412	98	559
4655	129	559
11984	180	559
2098	212	559
16303	251	559
2078	300	559
2182	396	559
6507	407	559
4911	509	559
1287	532	559
18394	536	559
11903	540	559
16891	561	559
12209	47	560
8000	93	560
17744	408	560
15091	419	560
16704	210	561
7453	212	561
15777	264	561
1782	457	561
5817	553	561
9001	559	561
15092	577	561
10316	194	562
9114	227	562
16516	262	562
5329	462	562
1314	530	562
1112	19	563
18187	111	563
11607	513	563
10526	48	564
11419	194	564
12004	265	564
3810	291	564
13063	393	564
4170	454	564
13438	587	564
14997	57	565
8953	60	565
16240	99	565
7320	100	565
4632	115	565
3484	199	565
18078	253	565
4716	261	565
3658	315	565
11643	317	565
6001	324	565
13629	331	565
3503	400	565
14783	370	566
16250	533	566
1451	269	567
8050	281	567
14141	446	567
1248	502	567
18255	554	567
13990	188	568
12545	261	568
15148	317	568
7035	378	568
16951	399	568
14544	525	568
2780	541	568
7376	580	568
11540	511	569
7995	42	570
13864	202	570
13538	318	570
11059	337	570
3190	486	570
2922	145	571
2495	335	571
1936	435	571
4549	178	572
2119	511	572
15948	370	573
7564	533	573
13041	65	574
6471	170	574
3610	194	574
13603	259	574
10288	328	574
1341	472	574
16677	72	575
11680	322	575
3026	148	576
14790	319	576
11980	411	576
3648	421	576
8811	520	576
5120	23	577
13496	39	577
12425	210	577
10071	212	577
12853	275	577
8961	300	577
2398	358	577
15344	363	577
16139	402	577
3128	491	577
7752	561	577
1365	167	578
17662	224	578
12466	256	578
8203	295	578
5925	430	578
13535	433	578
18191	461	578
15626	149	579
10133	213	579
2982	57	580
8180	115	580
9441	381	580
9070	568	580
11634	172	581
12680	233	581
4892	355	581
13743	363	581
5058	436	581
5193	530	581
16662	548	581
2526	77	582
5131	94	582
7151	211	582
13923	301	582
12401	399	582
13166	478	582
15265	481	582
2143	544	582
17606	109	583
12051	142	583
15164	190	583
1806	213	583
12578	233	583
9268	250	583
15230	208	584
7399	438	584
17091	441	584
6301	527	584
13294	85	585
6707	186	585
8427	200	585
6473	221	585
9109	345	585
12220	397	585
8569	514	585
17123	94	586
11955	211	586
18022	302	586
905	539	586
15915	10	587
6214	114	587
9363	243	587
17081	454	587
6887	564	587
3780	12	588
14097	33	588
13576	34	588
16105	49	588
17532	55	588
10565	78	588
14344	128	588
14922	157	588
11902	201	588
14435	395	588
6511	416	588
11415	461	588
5875	476	588
16293	523	588
15473	553	588
