3762	1455
2242	1455
207	1455
3002	1455
2415	1455
770	1455
2078	1455
1991	1455
3755	1455
217	2737
241	2737
3322	2737
2945	2737
3639	2737
2046	2737
1438	2737
670	2737
2240	2737
402	1224
855	1224
417	1224
715	1224
1913	1224
2838	1224
948	2728
345	830
1174	815
1050	815
2686	815
2394	815
611	815
722	815
3880	1383
474	1383
1579	1383
1001	1383
1972	1383
2938	2808
991	2808
21	2808
3965	2808
4025	1833
1276	1833
1030	1833
3825	2878
2592	2878
2933	2878
3033	2878
3869	2878
1847	2878
2390	2878
3173	2878
2295	2878
1513	2878
3683	2878
3165	2878
2101	2878
2095	2878
1729	1390
1161	1390
2992	1390
1462	3757
2581	3757
2873	3757
3225	3757
1351	3757
1585	3757
2473	3757
3903	3757
2469	3757
1226	3757
419	3757
3437	410
265	410
3592	410
1103	410
2702	2613
165	2613
699	2613
1263	2613
2042	2613
4026	2613
3071	341
1931	341
1823	341
3837	210
2862	210
1544	210
2738	210
2106	210
978	210
2737	210
241	217
3562	217
2671	217
2945	217
1494	217
2307	217
3639	217
2120	217
2046	217
1438	217
670	217
280	217
2240	217
2601	217
3302	217
3147	2378
1848	2378
2878	2378
2592	3825
1375	3825
2933	3825
3033	3825
3941	3825
3383	3825
143	3825
1263	3825
3024	3825
3869	3825
1847	3825
2390	3825
3173	3825
1030	3825
1929	3825
2295	3825
2635	3825
1513	3825
3683	3825
3165	3825
2101	3825
2095	3825
2737	3825
217	241
3562	241
3322	241
2671	241
2945	241
3383	2592
143	2592
1263	2592
3024	2592
3173	2592
1030	2592
1929	2592
2295	2592
2635	2592
1513	2592
3683	2592
3165	2592
2101	2592
2095	2592
2015	344
3965	344
2069	344
1498	89
1645	89
1617	89
1913	89
1972	3681
670	3562
2240	3562
2595	3562
3825	3562
2592	1375
2933	1375
3033	1375
3869	1375
1847	1375
2390	1375
3173	1375
2295	1375
1513	1375
3683	1375
3165	1375
2101	1375
2095	1375
210	1375
2938	196
3965	946
2992	946
1494	3891
1262	3588
181	3588
1255	3588
941	3588
1825	3588
1467	3588
3283	1891
1244	1891
693	1891
2001	1891
565	1891
3440	1891
1276	1891
161	1891
3158	1891
2061	1891
3917	1891
3376	1891
2518	1891
3980	1891
1467	1891
3283	1244
1891	1244
693	1244
2001	1244
565	1244
3440	1244
1276	1244
3229	1244
3598	1244
3325	1244
161	1244
3158	1244
2061	1244
3917	1244
3376	1244
2518	1244
3980	1244
3865	189
2152	189
3826	189
2958	189
220	189
128	189
2878	189
3825	2933
2592	2933
1375	2933
3033	2933
3941	2933
3383	2933
143	2933
1263	2933
3024	2933
3869	2933
1847	2933
2390	2933
3173	2933
1030	2933
1929	2933
2295	2933
2635	2933
1513	2933
3683	2933
3165	2933
2101	2933
2095	2933
1089	989
2015	989
2217	989
3681	989
2219	2983
784	2983
1002	2983
2064	2983
3954	3877
1002	3877
22	1857
362	1857
2167	1857
1609	1300
1512	1300
345	1300
2737	1300
217	3322
241	3322
3562	3322
1494	3322
2307	3322
3639	3322
2120	3322
2046	3322
1438	3322
670	3322
280	3322
2240	3322
2601	3322
3302	3322
217	3322
241	2671
3322	2671
2945	2671
3689	2671
3639	2671
2046	2671
1438	2671
670	2671
3020	2671
1729	2916
2992	2916
2737	2916
217	2945
241	2945
3562	2945
3322	2945
2671	2945
1494	2945
2307	2945
3639	2945
2120	2945
2046	2945
1438	2945
670	2945
280	2945
2240	2945
2601	2945
3302	2945
2878	2945
3825	3033
2592	3033
1375	3033
2933	3033
3941	3033
3383	3033
143	3033
1263	3033
3024	3033
1401	3033
3869	3033
1847	3033
2390	3033
3173	3033
1030	3033
1929	3033
2295	3033
2635	3033
1513	3033
3683	3033
3165	3033
2101	3033
2095	3033
3681	3033
3798	2987
3159	2987
3973	2987
1972	2987
1363	2987
3973	1708
1600	1708
1506	1708
4022	1708
2332	3012
174	3012
2566	76
2051	76
3081	62
58	62
1929	62
531	62
2748	62
189	62
2152	3865
1690	3865
1868	3865
3888	3865
711	3865
128	3865
2020	339
3976	339
2312	339
715	339
4022	339
3757	339
2581	1462
2873	1462
3225	1462
2473	1462
3903	1462
1226	1462
419	1462
1270	2361
1432	2361
2967	2361
1868	2361
1282	2361
3693	2361
92	2361
711	2361
2350	3955
3742	3955
1617	3955
2206	3955
665	3955
2696	2924
1514	2924
3693	2924
2808	2924
196	2938
2057	2938
436	2938
2329	2938
89	2938
1617	1498
22	861
362	861
2167	861
244	861
764	1746
3201	1746
3938	1746
1224	1746
3012	402
174	2332
3527	2332
2454	442
174	442
476	442
53	442
436	984
803	984
3071	806
571	806
3115	806
10	806
1386	806
1985	3058
1031	2096
3490	2096
1539	2096
111	2694
1645	2694
1372	2694
189	2152
3865	2152
534	2152
220	2152
3888	2152
3947	2152
3355	2152
1388	3593
317	3593
3424	3593
3147	3593
18	3593
3480	3593
38	3593
1848	3593
2749	3593
436	3369
1812	3369
2987	3369
482	3159
3234	3159
3693	3159
1972	3159
722	3159
2613	3159
1872	165
1263	165
2906	2455
393	2455
3926	2455
546	2455
3071	2455
571	810
3954	810
1031	403
3490	403
720	3436
2958	3436
1645	3436
2354	3436
1396	3436
3749	3436
2480	3436
2340	3436
1022	1665
1506	1665
674	1665
2983	2219
55	2219
3776	2219
1806	2219
2406	2219
2394	2219
1716	2219
1011	2219
3976	3400
1739	3400
4022	3400
2903	3400
377	3400
722	3400
10	3115
3693	3115
989	3115
499	1089
2217	1089
3253	1089
776	1089
3757	1089
1462	2581
2873	2581
3225	2581
1351	2581
1585	2581
2473	2581
3903	2581
2469	2581
1226	2581
419	2581
3409	46
1248	46
2238	46
3436	46
2354	720
2038	720
1670	837
2219	837
1657	55
2900	55
482	55
1514	55
1474	55
3355	55
2961	1388
3593	1388
317	1388
3424	1388
3147	1388
18	1388
3480	1388
38	1388
1848	1388
2749	1388
149	1388
76	1388
2945	2566
282	1494
3639	1494
1438	1494
670	1494
280	1494
2240	1494
1390	1494
946	1729
2916	1729
2937	1729
1983	1729
1161	1729
2370	1729
3937	1729
2992	1729
3297	1729
2454	2493
174	2493
2627	2493
108	2493
906	906
3757	906
1462	2873
2581	2873
3225	2873
1585	2873
2473	2873
3592	2873
3903	2873
352	2873
2469	2873
2833	2873
1226	2873
419	2873
830	2873
1772	3175
1868	3175
345	3175
1468	3175
3424	317
38	317
2749	317
3157	317
842	3801
3071	3801
3877	3954
810	3954
3919	3954
717	3103
3816	3103
1537	3103
2521	3103
367	3103
1757	3103
1949	2656
722	2656
76	2656
2581	2051
2873	3225
3903	3225
3856	2906
108	2906
2382	2382
1199	2382
165	1872
764	1872
3021	1872
3938	1872
1810	2584
1103	2584
2613	699
4026	699
2820	699
3834	3231
302	3231
2135	3231
1467	3231
1833	693
1891	693
1244	693
4025	693
565	693
4000	693
3598	693
3325	693
161	693
3158	693
2061	693
3917	693
3838	693
3376	693
2518	693
2361	693
1257	1270
2394	1270
3234	1270
611	1270
1372	1270
189	3826
1806	3826
168	3826
1954	3826
2858	2858
2484	2858
837	2858
111	1670
3021	1670
108	1670
3019	3019
2924	3019
2952	2696
875	2696
3693	2696
2808	2696
2981	991
21	991
3028	991
3757	991
2581	1351
4025	3188
2256	3077
3934	3077
1803	3077
3153	3077
1289	3077
842	3077
127	3077
49	3077
1854	3077
1467	3077
1891	2001
1244	2001
565	2001
3440	2001
1276	2001
1332	2001
3229	2001
3598	2001
3325	2001
161	2001
3158	2001
2061	2001
3917	2001
3376	2001
2518	2001
2938	2001
984	436
3369	436
2	436
2297	436
1812	436
2055	436
318	436
189	436
3436	2958
585	2958
1396	2958
2848	2958
1374	2958
2312	2958
737	2958
1153	2958
1425	2958
2393	2958
2340	2958
860	2958
3544	2958
1812	2459
339	2459
1090	2020
3355	2020
2961	3424
3593	3424
1388	3424
317	3424
3147	3424
18	3424
3480	3424
38	3424
1848	3424
2749	3424
149	3424
3825	3424
2592	3941
2933	3941
3033	3941
3869	3941
1847	3941
2390	3941
3173	3941
2295	3941
1513	3941
3683	3941
3165	3941
2101	3941
2095	3941
875	300
484	300
3349	300
3103	300
2903	1410
1746	1410
1872	764
395	764
2165	764
3562	764
2350	1224
2206	1224
1494	241
2307	241
3639	241
2120	241
2046	241
1438	241
670	241
280	241
2240	241
2601	241
3302	241
2878	241
3825	2592
1375	2592
2933	2592
3033	2592
3941	2592
2888	344
2064	3681
1746	244
111	244
3938	244
3404	244
2165	244
283	3246
916	3246
10	3246
1002	3246
612	1522
2448	1522
58	1522
3302	1522
1103	1522
2613	2702
3834	1363
2232	1363
1708	1363
565	3283
1021	559
1332	1891
3229	1891
3598	1891
3325	1891
1332	1244
2240	2671
2525	339
3157	339
1265	2096
3402	2096
3436	2152
3302	165
2469	3225
1226	3225
419	3225
2440	693
3229	693
2973	3826
2406	3826
220	3826
1011	3826
2480	3826
1806	300
220	300
3938	764
4002	2728
693	1833
3938	2613
3606	2613
3404	2613
3973	3681
784	3681
3929	3681
136	3681
1244	3283
3229	3283
3598	3283
3325	3283
2503	3283
3158	3283
2061	3283
3917	3283
3718	3283
3376	3283
2518	3283
1872	1199
1846	1199
2928	1199
3414	1199
2645	1757
2656	1757
2379	1757
3349	1757
136	1757
3071	803
571	803
806	803
283	803
3050	3837
1851	3837
2312	3837
1739	3837
3234	3837
4022	3837
1508	3837
1318	3837
3695	196
2781	196
3762	510
2242	510
207	510
3002	510
2415	510
2078	510
3755	510
3077	1179
1718	1179
144	1179
264	1179
33	1179
60	1179
2256	1179
3934	1179
1803	1179
3153	1179
1289	1179
842	1179
127	1179
210	1179
1243	2862
1544	2862
2738	2862
2106	2862
2038	2862
737	2862
1083	2862
1991	507
3834	2820
3231	2820
341	2820
803	3071
3231	3834
174	674
2659	674
1468	674
2916	3020
3935	3020
3297	3020
1757	3020
1729	946
1161	946
1401	2933
3593	3355
1388	3355
3424	3355
3147	3355
18	3355
1848	3355
2749	3355
149	3355
1363	3355
3880	2232
1600	2232
1506	2232
803	2232
806	571
810	571
3919	571
10	571
3071	571
3880	1708
855	402
417	402
2645	402
136	2656
505	3765
168	3765
4028	3765
1050	1410
2358	1410
778	1410
4022	1410
3749	1410
2637	1410
567	3742
3626	3742
3825	3742
2592	143
2933	143
3033	143
612	143
3024	143
3869	143
1847	143
2390	143
3173	143
1513	143
3683	143
3165	143
2748	143
2101	143
2095	143
217	143
241	2307
3322	2307
2945	2307
3639	2307
2046	2307
1438	2307
670	2307
2240	2307
89	2307
2694	1645
3436	1645
882	1645
3050	1645
1268	1645
3891	1645
1175	134
3925	134
777	134
693	134
4025	4000
1265	1577
1755	1577
505	2728
10	3887
3745	3887
1130	3887
3283	1467
1891	1467
1244	1467
693	1467
161	1467
3158	1467
2061	1467
3917	1467
3376	1467
2518	1467
3980	1467
1579	3009
1600	3009
3976	3009
4022	3009
2525	3009
2613	1103
2702	1103
699	1103
2924	665
1657	665
2952	665
3693	665
3175	830
1868	830
1854	1179
2983	2645
3776	2645
2686	2645
3929	2645
136	2645
3058	2861
134	3891
2645	3891
1388	2961
3424	2961
38	2961
2749	2961
3798	2788
474	2788
2962	2788
2127	2788
1949	2788
1972	2788
2064	2788
3935	1534
3096	1534
3157	1534
35	3648
1311	3648
3267	2264
813	2264
861	1857
3409	1857
1449	1857
351	1857
2238	1857
2498	1857
2926	1857
1957	1857
1134	1857
2671	3322
2945	3322
860	3865
345	3865
217	3865
241	1494
3891	1494
3322	1494
2046	1494
1388	1494
2256	3801
3178	3801
1603	2051
3561	2051
2295	143
531	143
89	143
3837	3050
1645	3050
2106	3050
737	3050
578	3050
2480	3050
2378	3050
3355	3147
2415	207
770	207
2078	207
3755	207
2788	207
393	2962
3927	2962
3926	2962
1882	2962
3467	2962
2127	2962
3850	2962
463	2962
546	2962
1949	2962
1467	2962
3283	3598
1891	3598
1244	3598
693	3598
565	3598
3440	3598
3148	1846
2928	1846
3414	1846
1179	1846
3077	264
1835	264
1718	264
144	264
33	264
60	264
3153	264
3210	264
352	264
1289	264
127	264
2748	1721
1857	1721
861	1449
3409	1449
351	1449
22	1449
362	1449
2238	1449
2498	1449
2167	1449
2926	1449
1957	1449
1134	1449
3175	1449
1512	1772
345	1772
1270	1772
2686	1257
2804	1257
344	1257
5	2888
3147	2888
1848	1251
2728	1251
1868	948
2714	948
505	948
210	948
2862	1544
1243	1544
2738	1544
2106	1544
2038	1544
737	1544
1083	1544
3009	1544
339	3976
3400	3976
2350	3976
3973	3976
1579	3976
4022	3976
2525	3976
2206	3976
377	3976
2613	3976
1872	3938
764	3938
3201	3938
395	3938
4022	3938
2165	3938
3414	3938
108	3938
11	11
2455	11
2962	3926
546	3926
3989	3926
174	2454
476	2454
312	2454
2958	2454
2312	1374
2038	1374
1153	1374
860	1374
77	1374
2050	534
3888	534
3947	534
128	534
196	534
1455	3695
510	3002
3762	3002
2242	3002
3840	3002
207	3002
2415	3002
2078	3002
2803	35
2613	35
2042	3606
2858	3606
2473	1585
2469	1585
882	1585
1645	1268
978	1268
3414	1268
1522	1268
612	2448
58	2448
221	2448
3302	2448
1467	2448
3283	3325
1891	3325
1244	3325
693	3325
161	3325
3158	3325
2061	3325
3917	3325
3376	3325
2518	3325
2061	161
3917	161
3376	161
2518	161
3980	161
2878	161
3825	1847
2592	1847
1375	1847
2933	1847
3033	1847
3383	1847
143	1847
1263	1847
3024	1847
3869	1847
2390	1847
3173	1847
1030	1847
1929	1847
2295	1847
2635	1847
1513	1847
3683	1847
3165	1847
2101	1847
2095	1847
62	1847
2141	3081
58	3081
1929	3081
3837	3081
2038	2312
395	2312
1153	2312
1425	2312
1318	2312
2393	2312
2340	2312
860	2312
3544	2312
341	2312
3071	1823
273	1823
3745	1823
2064	1823
3776	1823
2686	804
2394	804
560	804
3058	804
2264	1985
3267	813
3402	813
1539	813
3103	813
3816	1537
2781	1537
3588	1537
3973	1262
2015	5
3253	5
3965	5
882	5
1846	3148
3414	3148
210	3148
2862	2738
1243	2738
1544	2738
2106	2738
2038	2738
737	2738
1083	2738
3689	2738
2539	2120
3639	2120
2046	2120
1438	2120
670	2120
280	2120
2240	2120
3096	2120
108	2120
3466	3466
189	3466
2924	1514
55	1514
2467	1514
1851	1514
3749	1514
2538	1514
3283	1514
3980	2503
3757	2503
1462	2473
2581	2473
3225	2473
1585	2473
2469	2473
419	2473
674	2473
1576	174
3012	174
2332	174
442	174
2493	174
2973	174
324	174
2454	174
3527	174
2659	174
476	174
312	174
53	174
3681	174
3929	784
1716	784
1388	784
3424	3480
38	3480
2749	3480
1851	3480
2538	2884
410	2884
725	3592
2873	3592
3225	3592
3903	3592
352	3592
1226	3592
1224	3592
402	417
571	417
3954	3919
3822	3919
1851	3919
210	3919
2862	2106
3050	2106
1544	2106
2738	2106
2393	2106
1083	2106
3887	2106
3246	10
571	10
806	10
3115	10
273	10
283	10
3745	10
1130	10
1386	10
3825	10
2592	2390
1375	2390
2933	2390
3033	2390
3941	2390
3383	2390
143	2390
1263	2390
3024	2390
1513	2390
3683	2390
3165	2390
2101	2390
2095	2390
1857	2390
861	362
2095	1030
2361	1030
1810	2967
875	2967
1282	2967
1467	2967
3283	3158
1891	3158
1244	3158
693	3158
3229	3158
3598	3158
3325	3158
161	3158
2061	3158
3917	3158
3376	3158
2518	3158
3980	3158
282	3158
3009	1556
3837	4022
143	4022
1263	2295
3024	2295
1847	2295
2390	2295
3173	2295
1030	2295
1929	2295
2635	2295
1513	2295
3683	2295
3165	2295
2101	2295
2095	2295
830	2295
3865	1868
2361	1868
3175	1868
1609	1868
948	1868
3738	1868
875	1868
505	1868
345	1868
1179	1868
3077	3153
1718	3153
144	3153
264	3153
33	3153
60	3153
2256	3153
3934	3153
1803	3153
1289	3153
842	3153
127	3153
3980	891
1022	891
3593	4016
1388	2749
317	2749
3424	2749
38	2749
1848	2749
217	2749
241	280
3322	280
3231	280
1090	2135
1224	2135
1657	2838
2350	118
2206	118
567	118
3626	118
3588	118
62	941
143	531
3400	531
1579	377
3976	377
899	377
510	377
3762	2078
2242	2078
3840	2078
207	2078
3002	2078
2415	2078
403	2078
1031	3490
1265	3490
3402	3490
777	3490
531	2748
1857	2748
861	2926
3409	2926
1449	2926
351	2926
2498	2926
1957	2926
1467	2926
3283	2518
1891	2518
1244	2518
693	2518
1332	2518
3229	2518
3598	2518
3325	2518
161	2518
3158	2518
2061	2518
3917	2518
3376	2518
344	2518
946	3965
5	3965
2217	3965
3210	3965
3826	3965
3765	168
1851	168
2050	168
2788	168
2656	1949
2962	1949
3856	1949
3267	1949
1031	1539
813	1539
2242	1539
3681	2069
1757	136
2645	136
2656	136
2379	136
3349	136
899	136
775	136
2256	136
3178	49
842	49
1857	49
861	1957
3409	1957
1449	1957
351	1957
22	1957
362	1957
2238	1957
2498	1957
2167	1957
2926	1957
1134	1957
442	1957
2788	53
2987	1972
3798	1972
3159	1972
946	1972
2916	2992
1729	2992
2937	2992
1983	2992
1161	2992
2370	2992
3937	2992
3297	2992
210	2992
1983	978
2992	3297
1025	3297
975	306
3865	306
585	860
1396	860
1374	860
2312	860
1153	860
1425	860
2340	860
3414	860
3544	860
1174	860
2686	899
611	899
377	899
3349	899
136	899
3865	899
2361	711
1810	711
1690	711
128	711
1467	711
1891	3980
565	3980
3420	3980
1332	3980
3229	3980
3598	3980
161	3980
2503	3980
3158	3980
2061	3980
3642	3980
3917	3980
891	3980
975	3980
1803	797
882	797
1846	3414
3938	3414
1268	3414
3148	3414
860	3414
1455	3414
507	1991
3762	1991
2242	1991
2201	1991
2078	1991
3755	1991
2051	1991
1603	3561
2613	3561
699	4026
1290	4026
2779	1937
460	1937
2632	1937
1396	1937
2312	3544
2038	3544
484	3544
1425	3544
860	3544
388	3544
35	2803
4023	2803
3626	567
830	567
1300	345
3865	345
3175	345
1772	345
2050	345
1468	345
2581	345
3225	1226
3592	1226
3903	1226
419	1226
815	1226
3159	722
3400	722
2656	722
2804	722
3234	722
2903	722
3147	722
1848	2579
2878	2579
3825	2101
2592	2101
1375	2101
2933	2101
3033	2101
3941	2101
3383	2101
143	2101
1263	2101
3024	2101
3869	2101
1847	2101
2390	2101
3173	2101
1030	2101
1929	2101
2295	2101
2635	2101
1513	2101
3683	2101
3165	2101
2095	2101
3757	2101
1462	419
2581	419
3225	419
1585	419
2473	419
3903	419
2379	419
136	775
3765	775
505	4028
3711	4028
3071	4028
806	1386
10	1386
1130	1386
1372	1386
674	1468
3175	1468
2756	1468
345	1468
1857	1468
861	1134
3409	1134
1449	1134
351	1134
22	1134
362	1134
2498	1134
2167	1134
60	1134
3153	1854
1289	1854
127	1854
2461	1854
1121	2060
3445	2060
2878	2060
3825	2095
2592	2095
1375	2095
2933	2095
3033	2095
3941	2095
3383	2095
143	2095
1263	2095
3024	2095
3869	2095
1847	2095
2390	2095
3173	2095
1030	2095
1929	2095
2295	2095
2635	2095
1513	2095
3683	2095
3165	2095
2101	2095
341	2095
3681	2064
2983	2064
2788	2064
3798	2064
273	2064
2127	2064
1011	2064
189	2064
3865	128
534	128
3888	128
711	128
2350	128
3742	3626
2206	3626
118	3626
567	3626
2938	3626
3159	1383
728	1383
578	1833
1913	244
3424	3834
38	3834
2749	3834
108	108
906	108
2382	108
2858	108
3019	108
334	108
621	108
2691	108
1812	108
11	108
1717	108
3466	108
63	108
854	108
2219	674
55	674
784	2645
3058	1290
1937	1290
3955	339
1383	339
2696	3159
3834	3159
89	1388
3159	2696
1179	2696
1718	3077
144	3077
264	3077
33	3077
60	3077
3834	3077
2671	3424
2539	3689
743	3689
3096	3689
1383	3689
1363	3880
2232	3880
1708	3880
3798	3880
474	3880
3973	3880
1001	3880
3325	3598
161	3598
3158	3598
2061	3598
3917	3598
3376	3598
2518	3598
1199	3598
3789	1257
1282	1257
1746	1257
2106	534
1051	534
2276	2484
2781	2484
1432	2484
4022	2358
3749	2358
1857	2358
861	351
2938	351
436	2055
377	4022
3825	4022
2592	1929
2933	1929
3033	1929
62	1929
3383	1929
1356	1929
2158	1929
3024	1929
3869	1929
1847	1929
3081	1929
2390	1929
3173	1929
2295	1929
2226	1929
1513	1929
3683	1929
3165	1929
2969	1929
2101	1929
2095	1929
134	1929
58	777
2748	777
1467	777
3283	2061
1891	2061
1244	2061
693	2061
3917	2061
3376	2061
2518	2061
2862	2061
2152	737
2958	737
3050	737
1544	737
2738	737
2958	737
1374	1153
2312	1153
2038	1153
860	1153
300	1153
875	484
1690	484
578	484
2928	484
3544	484
2808	484
991	21
2981	21
3028	21
196	21
717	2781
2457	2781
1051	2781
2484	2781
1537	2781
3246	2781
3071	1002
3877	1002
3834	1002
3355	38
2961	38
3593	38
1388	38
317	38
3424	38
22	38
362	2238
2498	2238
2167	2238
1957	2238
665	2238
1410	3749
2358	3749
1514	3749
1739	3749
3848	3749
3693	3749
1179	3749
3077	1803
797	1803
2613	1803
3606	2042
3834	2042
3355	2749
2961	2749
2069	2078
1991	2078
3755	2078
3733	2078
1022	574
3822	574
393	574
322	3856
665	3856
300	3848
77	3848
1806	3848
220	3848
3749	3848
1467	3848
3283	3376
1891	3376
1244	3376
693	3376
3325	3376
161	3376
3158	3376
2061	3376
3917	3376
2518	3376
2737	3376
217	2240
241	2240
3562	2240
3322	2240
2671	2240
2945	2240
1494	2240
2307	2240
3639	2240
2046	2240
1438	2240
670	2240
280	2240
2601	2240
3302	2240
244	2240
764	2165
3201	2165
3938	2165
1857	2165
861	2498
3409	2498
1449	2498
351	2498
22	2498
362	2498
2238	2498
2167	2498
2926	2498
1957	2498
1134	2498
1179	2498
3801	842
3077	842
144	842
33	842
60	842
1289	842
127	842
49	842
217	842
3322	2601
2945	2601
2266	2601
682	3490
1708	3490
165	3302
612	3302
2539	3302
3639	3302
2448	3302
2046	3302
1030	3302
1438	3302
670	3302
2240	3302
1383	3302
3798	1001
3880	1001
3888	1001
3562	1083
1657	2595
1175	2595
2878	2595
3825	3683
2592	3683
1375	3683
2933	3683
3033	3683
3383	3683
143	3683
1263	3683
3024	3683
3869	3683
1847	3683
2390	3683
3173	3683
1030	3683
1929	3683
2295	3683
2635	3683
1513	3683
3165	3683
2101	3683
2095	3683
2930	3683
2120	3096
2200	3096
1300	3096
1772	1512
345	1512
1857	1512
861	2167
1449	2167
22	2167
362	2167
2238	2167
2498	2167
3157	2167
1957	2167
1134	2167
2873	2167
1351	2469
1585	2469
352	2469
3436	2469
2958	2340
1396	2340
2312	2340
2038	2340
860	2340
3077	2340
1718	127
144	127
264	127
33	127
60	127
2256	127
3934	127
1803	127
3153	127
1289	127
842	127
1263	127
3024	3165
1847	3165
2390	3165
3173	3165
1030	3165
1929	3165
2295	3165
2635	3165
1513	3165
3683	3165
2101	3165
2095	3165
221	3165
665	2835
2361	3693
2924	3693
3159	3693
3115	3693
2696	3693
1432	3693
2952	3693
2804	3693
3749	3693
2415	3693
2078	2069
1746	2069
882	978
1268	978
1577	978
1265	1755
461	1755
3020	1755
1729	3297
2937	3297
3888	3297
2393	860
2069	860
1991	3755
2350	3755
3742	567
2206	567
118	567
1931	567
1823	2064
2595	2737
2361	1224
565	1467
3598	1467
3325	1467
2973	341
2064	341
3322	217
1847	2592
2390	2592
2696	89
3050	89
2983	3681
2983	3681
984	2938
3369	2938
2	2938
2297	2938
2055	2938
3397	2938
318	2938
1857	2938
351	861
2238	861
2498	861
2926	861
1957	861
1134	861
978	1746
2938	1746
1130	806
2728	806
505	4002
3711	4002
2861	4002
1290	3058
3436	2694
720	2694
3021	2694
2938	2694
2601	1494
3848	300
2200	3689
2601	2307
482	134
1251	3147
1848	3147
2579	3147
1833	3147
2001	1276
4025	1276
3440	1276
2440	1276
3838	1276
1383	1276
2788	474
3798	474
3880	474
1931	474
1506	474
1929	1356
1383	1356
1363	728
1600	728
665	728
2696	2952
1432	2952
3693	2952
1372	2952
3929	2756
1716	2756
875	2756
1468	2756
3445	2461
2060	2461
2862	2461
1544	1243
2738	1243
2038	1243
1810	1243
2848	585
2312	585
2038	585
1425	585
2393	585
860	585
2900	585
3224	3989
2406	3989
2454	3989
2627	3989
421	3989
312	3989
3681	3989
3880	3973
1579	3973
1600	3973
3976	3973
1262	3973
136	1174
899	1174
3009	1174
665	1579
189	220
3919	1851
2538	1851
168	1851
3246	1851
3071	916
1031	916
1537	1265
461	1265
3490	1265
1755	1265
1224	1265
402	855
1179	855
3077	60
1718	60
144	60
264	60
33	60
2256	60
3934	60
1803	60
3153	60
1289	60
842	60
127	60
1854	60
3648	60
1449	35
2498	351
2926	351
1957	351
1134	351
410	351
108	265
1812	1717
1717	1717
3757	1717
565	1585
3229	3325
3598	3325
2484	3325
2521	2276
565	2276
18	2061
3480	38
2749	38
1857	38
3461	2238
861	2238
46	2238
1600	2238
1449	2238
1248	2238
1854	3153
1021	3153
1257	3789
1534	3789
1960	3935
1833	3935
948	578
2050	505
3738	505
1868	505
2714	505
3888	505
3711	505
4028	505
2962	505
3850	463
4002	463
505	3711
4028	3711
3400	3711
2804	2903
3283	2903
1891	3917
1244	3917
693	3917
565	3917
989	3917
1089	2217
499	2217
3965	2217
2737	2217
217	670
241	670
3562	670
3322	670
2671	670
2945	670
1494	670
2307	670
3639	670
2046	670
1438	670
280	670
2240	670
3302	670
2378	670
3355	1848
1251	1848
3588	1848
264	1255
3253	3210
3965	3210
2873	3210
264	352
3592	352
2469	352
1179	352
3077	1289
1718	1289
144	1289
264	1289
33	1289
60	1289
2256	1289
3934	1289
1803	1289
3153	1289
842	1289
127	1289
1854	1289
1224	1289
3955	2206
2847	2206
3976	2206
2525	2206
118	2206
567	2206
3626	2206
108	2206
854	854
693	854
1276	3838
3825	3838
2592	2635
2933	2635
3033	2635
2295	2635
1513	2635
3683	2635
3165	2635
2101	2635
2095	2635
1199	2635
2694	2928
1263	2928
1846	2928
875	2928
484	2928
1455	2928
207	770
574	4016
18	4016
3480	2749
2945	2749
1438	280
670	280
2240	280
2601	280
3837	280
2467	1318
2152	1318
565	3848
1854	127
2152	127
534	3947
3887	3947
806	1130
136	2379
775	2379
2873	2379
2878	2833
3825	3165
2592	3165
1375	3165
2933	3165
3033	3165
3383	3165
143	3165
3461	3165
565	2926
2808	2518
344	3965
3762	2069
306	2069
3755	2069
1534	2069
339	3157
1757	3157
300	3349
1579	3349
136	3349
899	3349
1174	3349
3776	136
2219	136
1199	1972
3400	3414
3157	3414
1957	1134
1179	1134
3077	1854
1025	1854
144	1854
3562	2737
2635	2878
1806	3681
165	244
3201	2702
1263	2702
2847	2702
3302	1708
1556	282
3409	3461
1248	3461
2238	3461
2926	3461
1363	3461
2788	3798
2987	3798
3880	3798
474	3798
2127	3798
1001	3798
1972	3798
2064	3798
174	1576
2659	1576
3915	861
3409	861
1449	861
174	806
2354	2694
2358	2694
3749	2694
2928	2694
1954	2057
244	2057
482	46
417	46
674	46
410	55
3592	3225
92	3225
2804	1270
2967	1270
3798	1270
1514	3826
1972	3880
1645	882
1268	882
3148	882
978	882
3414	882
1514	2467
1690	2467
578	2467
1318	2467
108	2467
334	334
410	334
1851	2900
1739	2900
1937	460
1833	460
693	4025
3188	4025
4000	4025
1276	4025
3718	4025
1937	2632
3400	2632
2584	1810
271	1810
560	1810
2967	1810
92	1810
711	1810
1467	1810
3283	565
1891	565
1244	565
693	565
3229	565
3598	565
3325	565
3917	565
3376	565
2518	565
1857	565
861	3915
3409	3915
1449	3915
2498	3915
1957	3915
1522	3915
2635	143
2232	143
2158	1356
2226	1356
2969	1356
3973	1356
3976	1579
377	1579
3349	1579
2645	1579
2694	2354
3436	2354
720	2354
2848	2354
875	2354
484	2354
2312	1396
2038	1396
2340	1396
860	1396
3544	1396
1665	1396
4016	1022
3755	3762
1757	3762
2645	3776
2219	3776
1806	3776
2406	3776
804	3776
2394	3776
560	3776
875	3776
136	3776
815	3776
2804	1050
377	1050
3919	3822
574	3822
1823	273
134	273
2595	1175
1300	1175
3738	1609
1868	1609
505	1609
134	1609
2406	3224
2627	3224
1011	3224
1263	1103
220	665
1474	665
3749	665
3848	665
3738	830
1508	815
1375	2878
3941	2878
3955	2613
2219	3681
743	2671
2038	3865
737	2152
3848	2152
2938	2152
3606	165
2694	165
2152	3436
1468	3436
1474	2219
1972	2219
1810	3400
3776	2656
1617	2051
1983	2937
3297	2937
244	2937
2694	111
1670	111
1617	111
2455	111
322	2906
2394	2584
2967	2584
711	2584
92	1270
2064	3826
128	3826
108	3826
2838	2696
2878	2696
1375	3941
2635	3941
442	3941
55	2900
2493	2900
3989	2900
53	2900
3834	2900
3798	728
1363	728
2987	3973
1318	3973
815	3973
2686	1174
546	1022
574	1022
2242	3762
2656	3762
2938	3776
436	2
975	1025
2165	3201
693	3201
2390	1263
3173	1263
2295	1263
2928	1263
1513	1263
3683	1263
3165	1263
2101	1263
2095	1263
108	1263
621	621
3246	621
803	283
916	283
10	283
534	77
1851	77
2312	77
2958	77
585	2848
2354	2848
484	2848
62	2848
2158	2141
3081	2141
58	2141
531	2141
2969	2141
2938	2141
436	2297
2737	2297
217	3639
241	3639
2945	3639
1494	3639
2307	3639
2046	3639
1438	3639
670	3639
280	3639
2240	3639
3302	3639
1179	3639
3077	1718
1835	1718
144	1718
264	1718
33	1718
60	1718
3153	1718
1289	1718
127	1718
3681	1718
300	1806
3776	1806
220	1806
784	1806
1716	1806
3848	1806
3891	1806
134	3925
2264	3925
813	3267
3402	3267
1539	3267
1755	3267
2415	2242
2078	2242
2069	2242
1991	2242
3755	2242
3231	2242
3825	302
2592	3024
2933	3024
3033	3024
2390	3024
3173	3024
1030	3024
1929	3024
2295	3024
2635	3024
1513	3024
3683	3024
3165	3024
1729	3024
2992	2370
1372	2370
2983	2406
3826	2406
3776	2406
3224	2406
2238	1600
1318	1600
1857	1600
3461	3409
861	3409
46	3409
3915	3409
1449	3409
2498	3409
2926	3409
1957	3409
1134	3409
108	3409
2938	1812
3369	1812
436	1812
2459	1812
1812	1812
11	1812
1717	1812
3355	1812
3789	1021
3440	1021
161	1332
3980	1332
2702	1332
2637	2847
2350	2847
2525	2847
2206	2847
2096	2847
403	1031
1265	1031
3490	1031
1539	1031
815	1031
2645	2686
1270	2686
1174	2686
560	2686
2804	2686
3283	2686
1891	3229
1244	3229
693	3229
3598	3229
3325	3229
3158	3229
2061	3229
3917	3229
3376	3229
2518	3229
1954	3229
2484	1051
2781	1051
2232	1051
1708	1506
1665	1506
22	1224
362	1224
2167	1224
174	3887
2001	1467
2266	1390
2873	410
244	210
3050	210
210	210
3973	1363
720	1199
3776	1757
778	803
2737	803
3891	3562
482	2987
2141	62
2928	3159
737	3436
1882	1665
3681	1665
3973	46
1199	46
2694	720
725	720
2952	300
2748	3880
3188	3880
891	4000
3718	4000
210	4000
2219	3050
1356	1806
2141	2158
1401	2158
341	2158
2659	2973
1011	2973
2694	2973
1872	3021
1670	3021
2101	3024
2095	3024
1716	2406
737	2406
2503	3420
3642	3420
3718	3420
111	3420
2350	1617
2206	1617
1318	1617
3561	1617
3103	1617
717	3816
1265	3816
1537	3816
474	3816
1011	1931
2064	1931
3009	1931
2020	1600
474	1506
1455	1506
510	207
3980	3598
860	1846
777	1721
531	1721
3915	1721
2952	1449
3157	1449
2884	1772
1812	1772
674	11
3826	220
300	220
2480	220
3848	220
2900	220
77	1851
2884	1851
283	1851
3461	916
46	1248
417	1248
2238	1248
1179	1248
3077	33
1718	33
144	33
264	33
60	33
2256	33
3934	33
1803	33
3153	33
1289	33
842	33
127	33
1854	33
2906	33
4023	35
1103	35
165	3606
1401	3606
1265	3081
875	1262
1265	1262
1755	461
2888	461
2200	2120
220	2120
3887	1514
3400	174
2358	4022
395	4022
1508	4022
3869	4022
2686	2295
2804	3789
3234	3789
3718	3642
3980	3642
2020	3642
2135	1090
2467	1090
3050	578
560	578
484	578
1657	578
3639	280
2120	280
2046	280
3973	280
1617	1318
1600	1318
1690	1318
1991	2201
2455	2201
1022	546
2962	546
3926	546
1882	546
3283	546
4025	3718
4000	3718
3420	3718
3642	3718
891	3718
2696	3718
2141	2838
1721	531
2748	531
1050	531
189	377
2001	3848
3229	3376
3598	3376
3915	3376
2952	2498
3157	2498
1803	2498
3153	842
1494	842
2307	2601
1556	2601
280	2601
1031	2601
2096	682
1089	3490
499	3253
5	3253
3210	3253
3501	3253
217	3253
241	3302
1522	3302
3322	3302
2945	3302
2878	3302
3825	1513
2592	1513
1375	1513
2933	1513
3033	1513
3941	1513
3941	3683
3869	3165
1857	3165
861	3157
317	3157
1449	3157
22	3157
362	3157
2498	3157
2167	3157
1957	3157
1134	3157
1161	3157
3935	1960
2967	1960
1690	92
3903	92
1282	92
1226	92
3157	92
2900	1957
3880	53
1390	1972
2903	2992
3267	978
1282	1755
2069	306
1846	306
2584	860
1617	711
3404	3561
2042	4026
2938	4026
436	318
2958	318
3588	3544
2078	1825
1868	3755
2714	345
1512	345
92	345
2469	1226
33	419
1757	1854
3826	2064
3467	2064
3850	2064
3745	2064
463	2064
3826	2064
1251	2378
2579	2378
3869	2592
2804	244
1332	1363
2064	1757
3689	3562
1175	3562
2878	3562
3941	1375
1263	1375
2635	1375
2804	3837
474	2820
220	674
2354	2645
317	946
1257	559
2671	3891
3925	3891
743	3891
3733	3588
2924	189
1806	189
2987	2983
1716	2983
2961	3355
474	2232
3355	2232
149	2961
1931	2788
3915	1857
2952	1857
3157	1857
1001	1708
1494	282
3826	3798
728	3798
3745	1576
402	2361
3115	2361
2613	2361
189	3955
1812	2938
2952	861
3157	861
1508	1746
2361	1746
715	402
1913	402
946	402
92	2584
3976	3880
1810	882
3021	3147
3322	3147
2671	3639
189	3639
4023	1617
2803	1617
559	1617
2378	1257
2579	1251
3880	1251
2393	534
1011	1514
3420	1514
402	2503
1600	715
2525	715
1179	715
3077	3934
144	3934
33	3934
60	3934
3153	3934
1289	3934
2584	3934
3440	2967
2001	2967
565	3158
1494	3158
2539	1556
2601	1556
3096	1556
3938	1556
2001	4022
3229	2061
3598	2061
3325	2061
3436	2061
2406	737
2354	737
1318	484
3919	484
2694	1002
3436	3749
2958	3749
1432	3749
144	3749
33	1803
60	1803
3178	1803
3153	1803
1289	1803
842	1803
127	1803
377	2042
4026	2042
3865	2042
2467	1690
244	1690
402	1913
1030	1913
3157	1913
711	1913
1729	1913
2992	3937
2737	3937
217	1438
241	1438
3322	1438
2671	1438
2945	1438
1494	1438
2307	1438
3639	1438
2046	1438
670	1438
280	1438
2240	1438
3302	1438
948	1438
505	2714
3693	578
3865	578
534	3888
505	3888
1083	3888
1257	3888
2967	1282
92	1282
306	1282
2728	1282
4002	505
1609	505
2001	505
3229	3917
3598	3917
3325	3917
3158	3917
2061	3917
3376	3917
2518	3917
3009	3917
2637	2525
2350	2525
2847	2525
715	2525
2206	2525
2350	2525
1617	2206
3188	2206
2001	3838
1375	3838
3024	2635
1401	2635
3869	2635
1847	2635
2390	2635
3173	2635
3159	2635
3436	2928
3826	2480
3050	2480
220	2480
2393	2480
4000	2480
484	891
2393	1318
2461	1318
2060	3445
2042	3445
128	3848
111	3848
578	3693
1356	3693
2141	2969
2158	2969
3880	2969
612	2748
143	2748
1721	2748
1913	2748
1617	3157
1882	3887
3229	1467
3606	1103
2538	830
1263	2878
3404	189
737	189
1011	189
3848	189
18	2961
3480	2961
1011	2788
1600	1857
1708	2987
2987	2987
1050	339
339	339
1600	861
2838	402
2820	402
3934	3801
2242	3231
2127	3231
2415	3231
2078	3231
3755	3231
3789	1270
3224	3826
3283	3826
3838	2001
3980	2001
3749	2958
128	2958
1263	3941
3201	882
2106	882
559	882
728	2467
3838	2440
2702	2440
3562	1263
1375	1263
2933	1263
3033	1263
3941	1263
3869	1263
1847	1263
777	1263
3837	1263
220	77
1847	3024
2595	3420
3980	3420
89	3420
1498	1617
2051	1617
1755	3816
174	324
2659	324
3995	388
2803	388
341	388
2788	1931
2232	1931
1857	1600
1708	1600
861	1600
728	1600
3973	1600
1449	1600
715	1600
2498	1600
1957	1600
1363	1600
2001	1332
3009	1332
2266	1031
682	1031
1257	2686
804	2686
778	2686
3789	2686
1600	2686
806	1449
4016	3926
3755	3002
77	3002
1514	220
3765	220
3246	1851
717	322
1577	1265
3822	1265
3816	1265
1812	1265
2694	2484
1410	2358
2158	2358
2969	3081
1396	3081
77	2312
1011	1823
1739	2738
3826	2738
3801	1514
2256	3934
3178	3934
842	3934
127	3934
49	3934
797	3934
1833	3934
3825	1030
2592	1030
2933	1030
3033	1030
3024	1030
3869	1030
1847	1030
2390	1030
3173	1030
221	1030
2295	1030
1913	1030
3302	1030
1513	1030
3683	1030
3165	1030
2101	1030
3158	1030
189	2061
3865	737
1121	21
22	21
362	1690
778	1690
484	1690
1318	1690
2167	1690
711	1690
442	1690
2493	476
2242	476
3002	2415
2078	2415
2069	2415
1991	2415
3755	2415
585	2415
2312	1425
2038	1425
860	1425
3544	1425
1432	1425
1174	611
1739	611
3234	611
899	611
3887	611
1576	3745
273	3745
3927	3745
1823	3745
1090	3745
2064	3745
388	3745
1311	3995
2788	3995
2219	1011
3826	1011
1514	1011
2659	1011
3825	1011
2592	2295
1375	2295
2933	2295
3033	2295
3941	2295
3253	2295
1089	3501
3989	776
2454	312
174	312
421	312
2521	312
2737	367
3420	2595
855	2595
3081	3693
1929	2969
2226	2969
3689	2969
2539	2200
2930	2200
2120	2200
3096	2200
62	2200
2001	2748
3934	2518
2415	797
3231	1991
3762	3755
2242	3755
1657	2737
1263	2737
778	2737
2847	3009
2406	2983
38	3355
3096	2987
559	2987
2165	699
3837	699
559	1270
1021	1270
2686	1270
559	1270
1462	1351
3225	1351
1585	1351
2473	1351
3903	1351
2469	1351
1226	1351
419	1351
3742	2637
2847	2637
417	2637
2525	2637
4000	3188
728	3188
2440	3188
3838	3188
2937	3188
3297	1983
1665	1983
1506	2020
1882	2020
1265	717
2781	717
946	717
1729	1161
1960	1161
2992	1161
1991	1161
534	3765
1851	3765
2050	3765
3606	764
1243	882
1248	134
2820	134
3178	474
3188	474
3880	728
300	728
1449	2952
220	2952
2498	2952
1957	2952
1512	3989
46	3989
1432	3973
3231	2354
3002	3762
2415	3762
2078	3762
2069	3762
1991	3762
339	3762
1410	1050
395	1050
1265	3822
3745	273
1011	273
2064	273
3562	273
3925	1175
3642	1175
1972	1175
11	2
3178	1025
1954	1025
2781	2457
2737	2457
3825	1263
2592	1263
484	2141
1175	2141
1833	3925
3081	2158
1929	2158
2226	2158
2969	2158
108	2158
2691	2691
476	324
4023	388
2484	1812
2961	1812
1179	18
3077	144
1718	144
264	144
33	144
60	144
2256	144
3934	144
1803	144
3153	144
1289	144
842	144
127	144
1854	144
1025	144
3178	975
306	975
797	975
1248	2847
417	2847
3404	2686
764	2686
1351	3606
419	1585
1089	1585
2702	499
3201	1268
1130	174
1690	22
2498	22
2167	22
3157	22
1957	22
2694	22
2961	784
3593	3480
1772	3480
2847	2884
1248	417
3400	417
2900	1739
77	1739
534	2050
174	2050
505	2050
168	2050
1002	3919
882	3919
3850	3467
2064	3467
2878	3467
3869	2390
1847	2390
3173	2390
1030	2390
1929	2390
2295	2390
2635	2390
1224	2390
1449	362
22	362
2238	362
1690	362
2498	362
2167	362
3157	362
1957	362
1134	362
1179	362
3801	2256
3077	2256
144	2256
33	2256
60	2256
3934	2256
3153	2256
1289	2256
127	2256
49	2256
108	2256
63	63
815	63
2584	2394
3776	2394
2645	2394
2756	3929
784	3929
2862	3929
3865	2038
720	2038
1243	2038
585	2038
1396	2038
1544	2038
1374	2038
2312	2038
2738	2038
1739	2038
1153	2038
1425	2038
1083	2038
2340	2038
3544	2038
2493	2038
3989	2627
3224	2627
421	2627
674	2627
1576	2659
2973	2659
324	2659
174	2659
1011	2659
3801	2659
474	3178
1025	3178
975	3178
3934	3178
1803	3178
49	3178
855	3178
1372	715
2141	737
3021	484
324	484
2454	476
174	476
53	476
3588	476
3762	181
273	2415
2973	1011
1931	1011
1823	1011
2127	1011
1534	1011
2987	3096
3689	3096
2539	3096
1556	3096
3989	3096
1224	1512
1690	2167
2820	2167
77	2469
1854	797
1161	797
720	1991
2656	1468
2958	128
3848	128
2350	3009
2206	3009
3848	2983
2981	1290
1383	1290
2493	571
2714	1300
3689	2987
1276	3798
168	1576
128	339
725	339
2838	2152
2903	3159
2906	810
2838	3436
2020	1665
1846	3400
3414	3400
1937	2779
2737	2779
665	1657
1474	46
1468	720
2158	55
220	55
1401	55
2969	55
2057	55
2858	1954
2457	1954
1051	1954
2861	1954
3965	317
2903	2584
244	2584
2987	764
2120	3689
2714	2900
1290	2900
21	2981
2861	2981
978	1645
3798	1645
3776	3973
510	3973
3973	3762
1174	3776
3404	1050
1248	1806
3283	1806
510	3420
207	3840
1508	2686
899	2686
1882	3927
3850	3927
3745	3927
1467	3927
2001	3229
565	3229
3400	3229
1383	1846
3887	1721
1665	1882
2020	1882
3927	1882
546	1882
3461	1882
46	417
2637	417
1243	417
2738	1739
2038	1739
3765	1739
89	2050
2696	875
2756	875
2354	875
1262	875
2967	875
484	875
2928	875
2938	875
1224	3397
2165	4022
482	4022
1263	777
3925	777
1721	777
806	777
510	476
3231	2415
3850	2415
2064	1011
2878	1011
317	2295
2069	3965
3887	3965
1576	168
3965	168
3225	2069
2584	92
1270	92
1810	92
3934	92
806	49
174	53
476	53
2378	53
3355	149
2961	149
1383	149
3681	1972
1645	1972
1508	978
3816	978
1854	306
560	306
1432	899
855	711
1913	711
2001	711
3178	3980
2835	797
3903	559
1226	559
3021	989
3834	989
3562	2961
1474	2987
165	1708
1356	62
1374	3865
2756	2152
1025	720
1556	1494
2924	1494
737	3826
1248	3973
784	3973
3776	1174
804	1174
611	1174
612	1174
1318	77
168	77
722	77
3934	1718
989	1718
510	3021
3231	2242
3762	2242
3002	2242
1972	1600
3718	1721
1690	1449
421	1772
1514	1251
2	1251
2332	11
4028	2454
3865	2454
3765	1374
55	534
3915	220
134	1248
3973	1248
1806	1248
2847	1248
711	855
567	3606
2050	1268
2393	1268
722	1268
3096	2930
2200	2930
1375	2930
2933	3869
3033	3869
3941	3869
143	3869
1263	3869
3173	3869
1030	3869
1929	3869
2295	3869
2635	3869
1513	3869
3683	3869
3165	3869
2101	3869
2095	3869
1363	3869
2001	161
3440	161
1332	161
3941	161
2226	3081
2702	3081
1174	804
3822	804
312	1537
3837	53
2584	722
77	722
1268	722
2378	722
1226	2579
1050	419
3461	2737
2307	2737
775	1224
168	3887
2627	830
3501	989
482	2983
510	2983
417	3009
3159	815
89	1383
2232	1383
1721	1383
317	2808
4026	2702
3798	1363
3159	1363
728	1363
161	1363
3592	725
3420	3283
3925	3562
3749	2983
1175	2232
312	1300
3934	2961
3926	2264
1835	2656
128	2656
2820	2656
559	3225
1351	3225
2219	3225
3733	111
861	2906
978	2584
722	2584
2702	2584
510	699
3762	3231
728	693
55	693
3050	3826
728	3826
2781	1670
417	2696
3009	2696
3201	2637
3349	2637
3937	1983
2967	2001
1030	3941
2928	3941
665	3941
2900	717
3822	717
2457	717
174	3765
1617	1410
1318	1410
3848	1410
1050	764
1846	764
3302	3689
2064	3880
1462	3880
720	2467
221	2467
265	3437
717	3437
1537	2900
1251	4025
1913	1432
3693	1432
711	1432
1224	1432
3976	2350
2525	2350
2206	2350
567	2350
3626	2350
2656	2350
1050	1835
1718	1835
264	1835
3934	1835
2001	1835
1276	3440
1332	3440
161	3440
2967	3440
1356	3383
2158	3383
1929	3383
2635	3383
2969	3383
3955	3383
118	3742
2737	3742
1030	1645
728	4000
55	4000
3826	3050
220	3050
1803	474
3826	474
4000	728
2440	728
2152	728
3224	2756
882	2756
585	1243
1739	1243
2165	1243
1243	1243
1130	1022
3840	3762
2838	3762
417	1175
1522	1175
2983	482
3159	482
46	482
612	482
777	482
2645	482
2756	3224
737	3224
2838	3224
720	3224
2637	1025
882	3201
611	3201
2393	3201
1657	3201
2503	1263
2595	1263
1576	1263
3562	77
1248	3925
777	3925
55	3925
3383	2158
2838	2242
2201	302
2069	302
1991	302
3937	2370
1960	2370
3980	2737
3937	2937
1957	1872
1937	2584
367	2858
2379	1670
3693	1670
1001	2696
2820	2696
1121	2020
1708	2020
722	1645
2983	1645
4016	1577
3865	830
777	1383
891	1383
2064	1383
2069	2808
339	1833
3267	1833
722	46
1262	720
2480	837
3626	837
3826	55
3050	55
803	55
4002	2493
1455	2493
3246	2873
3840	3231
1506	3077
3028	2020
3115	2020
4016	53
3562	53
1175	1972
2861	1972
1251	2992
410	797
302	1991
3592	1991
2820	1991
559	1226
46	1226
1645	722
1508	722
978	722
3021	722
1746	815
574	3103
2394	2656
3409	3689
2930	3689
531	3880
3711	2900
3210	2900
2779	2900
2440	4025
3838	4025
1001	4025
3028	2981
2779	2981
882	2632
1265	1810
804	1810
3765	1810
2232	53
2370	1972
3937	3297
410	3297
344	306
2232	306
2924	306
3681	306
2702	899
1810	899
578	899
989	1455
2873	1455
1257	1455
1600	2737
2106	2737
2525	2737
2961	1891
777	189
1455	189
770	989
134	2983
1985	1290
1011	3355
777	2232
2595	2232
1972	2232
306	2232
3816	571
3888	571
3711	571
574	571
2858	3877
3738	3877
1467	3877
1891	2961
1244	2961
565	2961
1011	2924
3642	2924
306	2924
3588	2924
196	2938
3461	1498
1690	861
815	861
210	1746
165	1746
2903	1746
2454	2332
3115	442
3765	442
322	984
777	3159
1708	3159
1746	165
612	165
1030	165
1001	165
803	165
442	2455
460	2779
2632	2779
1985	2779
3562	2779
1175	1657
1263	1657
196	1657
3588	3733
2906	3733
1512	3733
442	3733
3201	3115
174	3115
53	3115
1931	2873
3934	3225
2833	2467
1282	3437
1243	2900
2276	2900
2781	2900
776	460
62	460
410	4025
1757	3915
3562	3915
699	3915
4026	3915
1854	3915
165	3915
482	612
1263	612
1716	612
1030	612
3749	612
2069	1432
3938	3742
2930	3742
711	3742
3973	134
62	134
674	4000
3801	3050
975	474
49	474
62	474
3383	1356
3081	1356
1467	1356
1891	728
1244	728
693	728
565	728
3229	728
3598	728
3325	728
3158	728
2061	728
3917	728
2518	728
3461	728
2848	2756
1665	2756
3028	2461
2900	2461
1609	585
948	585
510	585
2078	2354
322	2
797	1025
1556	2539
3302	2539
3096	2539
2200	2539
2702	2539
3115	3201
1268	3201
804	3201
3798	3201
4025	2440
1276	2440
2069	1263
3175	1263
3927	77
2756	77
2737	2848
3461	1600
1248	1600
2961	1600
2001	3325
728	3325
2906	3325
2900	2276
3816	2276
1534	2276
3689	2930
3742	2930
2393	174
168	174
4028	174
1386	174
1851	174
174	3527
1386	3527
1224	3527
2238	22
1506	22
3028	1882
168	1882
2983	1882
1991	3592
3009	3592
1103	417
2696	417
3776	417
2595	417
136	417
2493	417
2627	3919
2737	3919
1746	2106
2525	2106
1772	2106
322	10
273	10
3937	3467
842	3178
2833	3178
797	3178
665	3178
2671	743
3689	743
1050	743
3224	737
1806	737
2358	737
181	1002
941	1002
2983	1002
612	3749
1716	3749
474	3749
3934	1803
3742	1803
3938	2042
3148	2042
395	2042
861	2042
3765	1690
3840	476
1854	1011
1708	1011
2861	1913
3467	3937
2659	3937
3234	3937
3850	3937
3935	3937
463	3937
3028	3937
3501	3937
2694	3937
3937	3935
221	3935
377	578
136	578
2584	1972
2804	978
3234	978
722	978
804	978
3742	899
3954	2728
3919	2728
1665	3887
3028	3887
1103	3009
3009	3009
3148	1103
417	1103
4022	1103
2219	665
300	665
743	665
3718	665
1002	830
181	830
2340	830
2903	815
3915	410
2858	3954
1050	2656
165	2656
2861	2696
149	2001
1716	2958
210	2958
2916	1161
302	1161
2903	1161
476	3765
2393	3765
2613	3765
62	3689
775	3689
612	3880
1721	3880
2961	3880
220	1645
1332	728
161	728
3409	2952
2906	2952
3148	1243
3888	585
2057	585
134	3989
3925	3973
3848	3973
1248	1174
345	1396
2702	1396
2332	3527
46	3527
2952	784
3409	743
770	2015
3501	2015
2051	2015
3028	1603
2737	1603
2686	778
3404	778
1690	778
3648	778
403	1311
2592	1311
3941	3173
244	3173
189	3404
3937	3850
665	3850
2987	1474
46	1474
2838	737
830	737
3865	1002
3157	3937
3297	3937
1300	3937
2906	2714
2900	2714
1243	2714
2627	2714
3711	2714
3020	2714
463	3935
797	578
571	578
4002	3888
585	3888
948	3888
3711	3888
410	3888
3437	1282
1050	1282
265	1282
891	1282
1854	1282
3937	1282
3935	463
442	463
53	4016
1410	4016
77	1318
1248	1318
168	1318
1665	1318
3028	3445
3012	3445
3028	546
665	546
410	3718
1757	3718
1721	3718
2748	3718
1854	3718
2064	3718
3253	2135
3501	2135
3880	2135
220	531
743	531
2135	531
339	3253
3689	3302
2120	3302
1913	3302
1708	3302
165	1001
2696	1001
1506	1001
1030	1001
174	1001
611	2393
2217	2393
2135	3501
776	3501
341	3501
3021	776
3501	776
1300	776
2232	312
1263	2595
1248	2595
2503	2595
417	2595
282	2595
3733	3096
830	1512
2001	2340
1949	149
3028	1991
3915	3561
1243	4026
2584	4026
322	1937
1772	318
3028	3544
682	2803
322	2803
510	1825
3840	3755
3002	3755
2415	3755
3976	3755
3606	567
1396	567
2820	345
1351	419
3409	419
377	775
2926	775
2455	775
882	4028
174	4028
1508	2584
3718	699
2060	1410
58	3689
306	3437
2906	3437
341	2900
1665	460
1579	3915
128	1835
3400	1835
2038	3742
2042	3742
1514	4000
2969	3050
1300	3050
1268	1174
2637	1174
3915	1579
136	1579
3077	1579
264	1506
1882	1506
3153	1506
1001	1506
728	1506
10	1772
3544	1772
1455	1772
770	1257
210	1257
302	2888
4025	2888
797	1251
2057	1251
803	11
2264	3926
806	3926
2454	534
1174	534
3925	1248
1318	1248
3588	1248
984	322
3369	322
436	322
2	322
1812	322
1772	322
2055	322
1262	322
10	322
318	322
1825	322
89	322
118	855
403	855
3028	35
682	35
2820	35
1174	1585
1851	1268
2903	1268
322	1268
2987	2055
3159	2448
302	2448
362	22
1474	743
531	743
2379	743
2748	743
989	743
1462	2015
2973	2015
5	2015
2961	2015
743	3404
3012	1474
388	4023
3028	4023
682	4023
2803	4023
76	4023
2096	3402
403	3402
2983	3402
2694	1716
2958	1716
2756	1716
784	1716
1390	1716
1031	2266
2961	2266
3225	3934
1351	3934
1835	3934
1718	3934
1803	3934
3903	3934
1226	3934
1708	3934
165	1030
612	1030
1432	1030
1645	1030
1001	1030
3947	1030
2961	1030
2001	2967
3409	2967
2200	1556
1134	1556
1103	1556
2525	4022
189	4022
2232	777
3159	777
3642	777
3856	2781
1522	2781
3711	3749
3718	53
1243	4026
1351	3544
3461	1226
393	775
2454	4028
2702	4028
1931	1455
1746	2737
3159	2737
3888	3009
1931	410
1854	410
3689	2613
377	2613
210	341
344	341
460	341
1514	341
776	341
344	210
1746	210
1161	210
302	210
2888	210
2804	210
2903	210
341	210
210	344
1432	344
306	344
1265	89
891	89
3461	3681
1175	3681
417	3681
560	3681
611	3681
3349	3681
899	3681
1508	244
3965	244
3175	3246
181	3246
1363	1522
165	1522
2756	1522
3527	2702
1130	2702
722	2702
1386	2702
1522	2702
2001	1363
1835	1363
2503	1363
3480	1363
2804	725
2833	725
797	725
2152	1372
2756	1372
2406	1372
737	1372
2838	1372
1226	510
419	510
221	507
2201	507
3757	507
2581	2820
2873	2820
3225	2820
1351	2820
1585	2820
2473	2820
3903	2820
770	2820
2833	2820
49	2820
1226	2820
419	2820
1002	3071
2961	3834
2394	2861
3937	946
2069	946
725	946
1462	559
1351	559
797	559
2748	3891
2938	3588
322	3588
776	989
3935	1290
3283	1290
3440	2961
1332	2961
3229	2961
3598	2961
3325	2961
161	2961
3404	2961
2967	2961
3158	2961
2061	2961
3917	2961
3376	2961
2518	2961
302	2788
674	2788
2779	1534
2696	1534
2930	1534
737	1534
2838	1534
403	3648
3028	3648
2808	3648
1913	1708
280	282
3096	282
2737	282
3681	3461
1498	3461
2952	3461
271	3461
2001	3798
2440	3798
3927	1576
1985	1576
3742	339
1351	1462
2467	1462
1931	1462
2015	1462
92	1462
797	1462
855	2361
2232	2361
324	806
2962	806
3926	806
534	806
3738	4002
3888	4002
1090	3058
3175	3369
322	3369
2737	3369
815	3159
1363	3159
2448	3159
2503	3159
2973	2779
77	46
784	46
3749	720
797	720
1276	55
3693	2906
510	2906
3840	1270
1718	612
1949	612
136	612
611	1432
3480	3440
2635	3440
775	3742
3801	3742
3376	728
743	2952
2926	2952
775	2952
1522	2952
1806	2756
2358	2756
2981	2756
3157	1050
2906	1050
3467	273
3681	273
585	1175
1255	1609
2057	1609
181	2
1931	1025
2525	1263
322	283
3745	77
1432	77
2120	2141
2926	2141
322	2297
3283	2297
612	1718
2219	1718
3973	3925
3848	3925
3024	2158
2779	2158
324	2973
1931	2973
776	3021
2579	3021
3840	2242
210	2242
2788	302
1161	302
2888	302
2448	302
1854	302
143	302
2158	3024
1401	3024
3297	2370
1083	1600
49	1600
1657	149
2455	1972
2120	1755
559	711
3402	797
510	3561
2702	1226
510	722
2833	1455
2503	2737
2060	3887
728	1467
1757	665
507	341
1991	341
815	341
341	210
1991	210
682	89
134	3562
1263	3562
1248	3562
1972	3562
2928	1375
3789	3837
3501	3837
1498	196
3733	196
2581	510
3225	510
3231	510
1270	510
2354	510
3840	510
2473	510
2127	510
3903	510
770	510
2838	510
3501	510
3776	2983
207	2788
1985	1534
2050	3012
4023	3012
3947	3012
1174	76
3402	76
3028	76
3188	62
3689	62
4025	62
4000	62
715	2361
1175	2924
3420	2924
2737	2924
813	806
3989	2057
2	2057
3148	2057
2358	2779
1823	2779
2015	2779
3935	2779
463	2779
1960	2779
3989	3733
804	3115
682	3115
2916	3115
2	837
1401	1494
3919	2493
49	2873
3369	2873
1812	3175
571	3175
395	1872
2601	1872
2779	1872
2656	2584
693	2584
3954	3826
3738	2858
300	1670
3840	1351
3681	1351
1174	2637
534	2637
62	2637
3689	3188
3798	3188
1401	2001
3188	2001
4025	3689
1854	3880
1363	3880
3562	1835
461	1577
3436	1577
1985	2461
1537	1243
2714	1243
3711	1243
4026	1243
3461	1243
3400	271
3937	273
2232	273
3461	1175
2924	1175
2219	1175
1657	1175
899	1175
2848	1609
837	1609
1854	1718
128	1718
111	1718
2924	1806
1248	3420
417	3420
2064	3420
1806	3420
571	1617
2276	3816
3980	1600
3188	1600
3689	3409
2952	3409
743	3409
1556	3409
3175	3409
1585	3840
2127	3840
2415	3840
770	3840
2838	3840
2078	3840
3501	3840
3755	3840
3253	1021
3501	1021
2635	1332
2595	2847
4016	1031
3887	1031
1576	3927
2981	3927
77	3927
21	3927
3028	3927
2961	3927
728	3229
2714	1051
3934	1506
18	1506
339	149
341	711
210	1991
352	1991
665	3561
1757	4026
300	4026
1739	4026
2042	3544
1556	3544
302	1134
1721	1854
339	1854
1835	128
1718	128
737	128
837	128
2645	1455
2521	2728
3927	3887
948	1103
699	665
1161	815
2987	1833
2962	1833
1539	1833
2307	2878
510	3757
1383	3757
725	410
1854	559
1806	3891
2454	3891
728	1891
2961	1244
728	1244
2050	3648
2521	810
3738	810
3648	810
1022	403
35	403
682	403
2645	403
2756	3436
1716	46
1425	720
855	837
2967	837
1985	2566
3402	2566
3028	2566
3801	2873
1257	2873
1739	3175
2503	317
3404	317
221	317
2873	317
3147	3801
1848	3801
1985	2051
3402	2051
510	2051
1031	3225
3349	53
324	1972
571	978
2659	1755
2219	3297
3437	306
3642	306
2219	306
882	899
393	899
1175	899
1645	899
2737	711
3440	3980
1600	3980
3480	3980
62	3980
1462	797
720	797
1025	797
1514	797
2702	1991
1985	3561
3973	3887
410	1383
2748	1383
946	2808
2987	2808
2232	1833
2903	507
3840	2820
3937	2861
2808	2861
1410	189
134	189
1739	3369
210	3369
2696	165
1810	2455
1265	2455
461	2455
3711	2455
1755	2455
948	810
2276	810
882	403
174	403
1311	403
3402	403
1030	403
3995	403
1645	1665
2461	1665
2847	1665
665	1665
111	2219
1175	2219
306	2219
899	2219
1199	2219
3742	3400
271	3400
2503	1657
2459	3175
283	3175
3888	3103
2232	3103
2961	1467
1537	665
2165	665
4026	665
2038	830
3891	815
2928	2878
1718	1390
1011	410
1282	410
3718	410
1949	410
1991	410
2804	341
507	210
3159	210
474	2378
3021	2378
3178	2378
149	2378
1282	89
3711	89
815	89
3420	189
1002	906
770	3801
49	3801
2728	3801
339	3954
46	2656
3224	2656
1985	2656
2702	2656
3840	3225
3501	3225
1243	2906
3822	2906
1537	2906
2714	2906
3234	2584
665	2584
2714	699
3501	3231
3826	693
344	693
3681	2696
1030	2696
352	2696
1882	991
3937	991
510	991
2256	1351
3934	1351
220	3188
58	3188
3024	2001
1556	2001
2635	2001
3175	2001
21	2020
168	2020
1670	2020
1474	300
2379	300
4026	300
585	717
1537	717
815	717
2888	1161
1130	1410
1199	1410
2671	764
403	3880
3749	2467
1522	2467
1498	1835
143	3383
2601	3383
339	3383
3383	3742
2878	143
1665	2307
3926	1645
1851	1645
3302	1645
2069	1645
128	1645
3681	1645
1721	4000
2038	728
2973	2756
3021	2756
2015	2756
2702	2756
76	1174
2637	1174
3816	1579
3840	2354
3501	2354
2702	2354
76	1022
403	1022
2566	1022
1410	1022
3402	1022
3501	3762
2983	3762
2152	3776
2020	3776
168	3776
3937	1050
1282	1050
3028	1050
1537	3822
3711	3822
1576	3822
1410	482
1985	482
784	482
2656	482
1255	2
725	2
1251	1025
3081	1025
1670	1025
837	2457
715	855
2601	855
1846	855
1002	1717
3837	1717
1983	499
2566	499
2656	1985
2051	1985
2461	1985
482	1985
77	1985
1823	1985
2394	1985
2659	1985
1603	1985
2714	1537
1537	1537
725	3210
2696	352
2833	352
3561	352
3826	352
4025	3838
2440	3838
1262	3838
1199	3838
2001	2635
1332	2635
280	2635
2601	2635
476	2635
3947	546
1514	546
1011	3718
531	3718
1372	3718
510	2838
2152	2838
3224	2838
3840	2838
3501	2838
3742	2838
855	118
2601	118
1002	118
725	941
2671	531
4025	531
89	531
442	682
2096	682
3115	682
3947	682
53	682
2803	682
3115	682
1645	3490
3188	3302
4025	1001
2838	1001
2078	3501
92	3501
3755	3501
1226	3501
725	3501
460	776
3592	776
1263	776
302	2069
2888	2069
2015	2069
1508	1960
1937	1960
