18213	408	3
10277	446	3
15006	487	3
16667	159	6
17989	571	10
16486	227	11
10268	234	11
10934	285	11
12092	376	11
17528	410	14
17788	24	15
8717	26	15
18361	337	15
14819	339	15
13946	372	15
2832	387	15
8488	438	15
16921	507	15
12679	516	15
8555	527	15
1817	575	15
8368	584	15
6553	139	16
17519	190	18
14130	326	18
15209	364	18
8255	8	19
10349	33	19
17556	428	19
14092	563	19
18344	549	29
18478	138	79
4286	208	79
14393	254	79
15338	404	79
7691	448	79
17003	464	79
8389	480	79
17316	497	79
17468	448	80
9790	464	80
7654	54	81
13515	139	81
16334	550	81
1923	2	82
15259	22	82
6050	25	82
8031	80	82
16083	138	82
16548	208	82
8171	254	82
11067	404	82
10419	448	82
12586	464	82
5306	480	82
9933	497	82
17944	26	83
10411	42	83
10630	64	83
7439	178	83
10247	247	83
1186	265	83
17775	410	83
10551	415	83
10220	438	83
11793	473	83
10256	507	83
11699	516	83
11228	527	83
9614	575	83
6250	584	83
16467	116	84
16473	226	84
14916	549	84
17639	104	90
13388	357	90
13428	136	91
16363	340	92
3713	393	92
15917	415	92
14842	490	92
12635	532	92
5782	63	93
9385	112	93
17246	452	93
18432	68	114
17299	135	114
18434	126	134
7388	191	134
16319	239	134
12777	72	135
7312	114	135
17927	144	135
2142	177	135
15959	91	136
3727	113	137
2979	162	137
8611	243	137
647	288	137
16791	22	138
3604	25	138
5121	59	138
16538	79	138
18414	82	138
8493	86	138
5983	254	138
18422	448	138
13422	464	138
18037	497	138
8753	16	139
11231	57	139
2543	81	139
8146	151	139
17776	266	139
4461	447	139
3769	550	139
13381	553	139
18472	52	141
13784	141	141
15832	95	142
17769	119	146
15756	368	146
15739	180	147
11890	270	147
8590	346	147
17778	392	147
17328	130	150
18396	494	153
2445	52	154
6556	154	154
5392	38	155
7189	117	155
15749	184	155
15462	262	155
1071	304	155
16269	196	156
18057	292	159
8448	333	159
18345	527	178
6650	575	178
2784	584	178
18145	234	183
17250	426	183
18359	168	206
14681	570	206
8919	587	206
7172	24	207
12148	26	207
5601	64	207
11125	83	207
10189	199	207
13433	265	207
10867	337	207
3838	339	207
8545	372	207
13029	387	207
8401	438	207
17425	507	207
6961	516	207
10804	527	207
10198	532	207
13404	575	207
11030	584	207
7766	22	208
18353	25	208
11009	79	208
1962	82	208
1216	254	208
4167	404	208
13528	448	208
3161	464	208
8565	497	208
9615	330	209
1775	59	210
8209	237	210
18270	318	212
15110	552	212
4403	470	3
15625	412	6
15716	417	6
7946	460	6
3120	496	6
9729	534	6
16045	303	7
13850	414	7
5089	462	7
15833	19	8
9809	33	8
2830	157	8
17160	98	9
15307	126	9
7663	219	9
16274	529	9
12456	143	10
14763	439	10
4858	550	16
2943	95	17
4570	130	17
18275	585	29
18152	152	30
17071	498	30
10876	249	31
6294	314	31
16706	8	33
8291	19	33
962	497	80
14162	18	142
14411	324	183
13844	385	183
14920	172	6
4161	197	6
4538	337	83
6237	339	83
14354	372	83
15455	387	83
18282	555	93
4551	557	93
7921	586	93
13685	468	142
12230	520	142
16767	526	142
5315	10	143
4895	297	143
3586	439	143
12817	571	143
6587	580	143
12940	135	144
14579	177	144
8485	424	144
2882	479	144
6407	540	144
4800	374	145
16722	500	145
16119	71	146
18448	28	213
1779	43	213
9283	209	213
3585	418	213
6742	451	213
16024	476	213
17672	23	214
2593	68	214
11479	290	1
17264	404	2
1070	448	2
7117	464	2
8360	497	2
13312	328	17
2658	356	17
14184	177	114
8051	362	114
13890	424	114
10367	479	114
13733	173	115
3259	276	115
2028	12	116
5464	84	116
8941	239	116
17206	484	118
17782	329	129
10980	463	129
16004	504	129
11953	512	129
9799	17	130
8744	150	130
11027	328	130
9671	356	130
7154	445	130
12695	381	145
14587	102	184
6616	155	184
18269	382	185
3163	517	185
17715	12	186
15859	66	84
14942	88	84
6432	99	115
16097	445	150
18291	313	250
17185	229	251
17549	420	251
15911	82	254
2750	138	254
11038	208	254
8077	404	254
6307	448	254
14160	464	254
4289	480	254
1402	497	254
14310	171	255
4720	278	255
14476	294	255
5550	316	255
15402	320	255
14122	469	255
10499	522	255
16846	233	256
16229	403	256
11185	495	256
6500	59	257
11686	210	257
17232	336	259
7863	20	261
17859	432	263
17877	550	266
3612	36	267
16448	233	267
9169	240	267
18156	425	274
18289	137	288
11914	323	288
9543	422	288
16876	85	289
3663	122	289
13096	475	1
10761	561	1
11618	25	2
11682	41	2
15161	82	2
15699	254	2
12037	274	7
8097	228	7
16519	97	19
14976	157	19
10676	304	19
4923	322	19
18219	261	20
11774	273	20
17955	383	27
15395	535	27
17370	539	27
12331	333	6
17954	376	156
17052	551	156
9136	557	156
14598	573	156
15047	8	157
17953	263	158
18123	218	159
8089	246	159
17603	558	2
5103	103	3
15971	536	5
