55	1
65	1
216	1
246	1
298	1
383	1
475	1
526	1
87	2
102	2
126	2
247	2
274	2
355	2
369	2
385	2
462	2
103	3
408	3
546	3
140	4
146	4
271	4
392	4
176	5
226	5
386	5
461	5
481	5
536	5
583	5
72	6
178	6
8	7
70	7
228	7
365	7
452	7
454	7
462	7
7	8
9	8
119	8
137	8
186	8
301	8
350	8
414	8
8	9
39	9
123	9
157	9
191	9
295	9
346	9
382	9
397	9
485	9
498	9
529	9
563	9
378	10
379	10
431	10
521	10
34	11
59	11
116	11
181	11
195	11
256	11
573	11
18	12
235	12
416	12
477	12
532	12
549	12
57	13
84	13
99	13
451	13
518	13
84	14
107	14
258	14
291	14
332	14
538	14
586	14
42	15
61	15
62	15
64	15
83	15
208	15
339	15
372	15
417	15
438	15
460	15
474	15
496	15
507	15
527	15
534	15
584	15
78	16
139	16
405	16
550	16
45	17
167	17
356	17
576	17
12	18
21	18
35	18
48	18
190	18
198	18
235	18
326	18
453	18
485	18
537	18
60	19
99	19
188	19
219	19
400	19
407	19
428	19
491	19
577	19
588	19
21	20
35	20
48	20
192	20
261	20
312	20
354	20
390	20
512	20
18	21
20	21
27	21
48	21
102	21
116	21
181	21
264	21
299	21
437	21
483	21
485	21
561	21
208	22
216	23
262	23
381	23
548	23
574	23
42	24
178	25
208	25
178	26
21	27
190	27
201	27
203	27
299	27
554	27
235	28
318	28
434	28
453	28
456	28
477	28
120	29
168	29
210	29
226	29
233	29
237	29
245	29
389	29
430	29
87	30
199	30
273	30
446	30
475	30
535	30
55	31
143	31
173	31
206	31
314	31
378	31
521	31
100	32
220	32
299	32
377	32
418	32
426	32
535	32
75	33
91	33
136	33
149	33
221	33
227	33
231	33
256	33
283	33
291	33
315	33
358	33
365	33
384	33
524	33
562	33
573	33
579	33
11	34
116	34
346	34
362	34
476	34
537	34
18	35
20	35
48	35
58	35
132	35
188	35
211	35
242	35
273	35
364	35
390	35
395	35
468	35
490	35
512	35
234	36
418	36
487	36
511	36
355	37
585	37
230	38
473	38
501	38
9	39
157	39
179	39
198	39
346	39
485	39
529	39
563	39
140	40
152	40
212	40
306	40
348	40
355	40
462	40
183	41
228	41
247	41
268	41
307	41
315	41
365	41
462	41
544	41
549	41
15	42
24	42
64	42
83	42
178	42
287	42
333	42
337	42
339	42
372	42
412	42
474	42
497	42
507	42
516	42
575	42
45	43
329	43
511	43
100	44
127	44
225	44
310	44
494	44
17	45
43	45
68	45
73	45
112	45
130	45
133	45
151	45
158	45
160	45
167	45
170	45
204	45
229	45
232	45
263	45
277	45
280	45
305	45
311	45
328	45
329	45
356	45
374	45
394	45
396	45
411	45
432	45
463	45
480	45
487	45
492	45
569	45
576	45
409	46
302	47
419	47
18	48
20	48
21	48
35	48
382	48
390	48
395	48
457	48
483	48
561	48
88	49
150	49
160	49
445	49
475	49
500	49
526	49
545	49
553	49
572	49
423	50
72	51
52	52
154	52
164	52
189	52
260	52
423	52
431	52
54	53
74	53
344	53
53	54
81	54
298	54
344	54
450	54
475	54
1	55
31	55
121	55
195	55
229	55
240	55
377	55
403	55
427	55
475	55
526	55
166	56
195	56
376	56
447	56
502	56
13	57
84	57
144	57
268	57
397	57
515	57
539	57
35	58
95	58
266	58
349	58
483	58
559	58
582	58
11	59
186	59
225	59
256	59
257	59
269	59
307	59
405	59
532	59
19	60
99	60
219	60
400	60
466	60
15	61
72	61
15	62
72	62
362	62
75	63
98	63
183	63
210	63
268	63
416	63
15	64
42	64
1	65
262	65
383	65
391	65
403	65
450	65
463	65
475	65
526	65
151	66
233	66
324	66
461	66
125	67
156	67
194	67
344	67
450	67
564	67
45	68
411	68
548	68
98	69
148	69
237	69
365	69
416	69
532	69
549	69
554	69
7	70
299	70
348	70
452	70
454	70
552	70
140	71
146	71
164	71
189	71
248	71
260	71
375	71
402	71
406	71
423	71
471	71
6	72
51	72
61	72
62	72
135	72
177	72
197	72
282	72
287	72
292	72
333	72
338	72
362	72
409	72
412	72
417	72
424	72
460	72
479	72
496	72
534	72
45	73
290	73
53	74
125	74
324	74
335	74
344	74
403	74
455	74
33	75
63	75
120	75
168	75
233	75
286	75
321	75
367	75
386	75
399	75
461	75
481	75
247	76
291	76
306	76
313	76
355	76
390	76
462	76
101	77
296	77
16	78
153	78
163	78
238	78
350	78
490	78
513	78
518	78
208	79
186	80
238	80
295	80
382	80
466	80
483	80
490	80
532	80
54	81
129	81
195	81
364	81
447	81
463	81
178	82
208	82
15	83
42	83
13	84
14	84
57	84
252	84
271	84
291	84
332	84
393	84
397	84
117	85
165	85
201	85
208	85
289	85
410	85
446	85
502	85
505	85
413	86
517	86
548	86
581	86
2	87
30	87
100	87
219	87
223	87
237	87
257	87
367	87
405	87
577	87
49	88
215	88
244	88
246	88
475	88
239	89
286	89
344	89
435	89
257	90
357	90
398	90
502	90
33	91
104	91
183	91
227	91
399	91
524	91
185	92
193	92
217	92
312	92
559	92
419	93
183	94
194	94
206	94
344	94
557	94
573	94
586	94
58	95
161	95
167	95
188	95
218	95
220	95
261	95
273	95
349	95
427	95
463	95
465	95
526	95
542	95
559	95
408	96
206	97
521	97
63	98
69	98
120	98
442	98
535	98
554	98
13	99
19	99
60	99
113	99
199	99
407	99
451	99
588	99
32	100
44	100
87	100
203	100
310	100
405	100
456	100
77	101
208	101
373	101
429	101
546	101
570	101
2	102
21	102
181	102
457	102
3	103
408	103
413	103
499	103
546	103
91	104
183	104
227	104
309	104
399	104
583	104
284	105
357	105
502	105
547	105
253	106
297	106
317	106
14	107
258	107
271	107
309	107
345	107
365	107
399	107
538	107
552	107
140	108
392	108
452	108
454	108
344	109
443	109
128	110
182	110
201	110
343	110
430	110
434	110
502	110
509	110
324	111
361	111
403	111
450	111
45	112
220	112
233	112
99	113
241	113
248	113
305	113
350	113
400	113
362	114
143	115
249	115
331	115
347	115
366	115
565	115
11	116
21	116
34	116
180	116
355	116
467	116
495	116
85	117
165	117
201	117
272	117
434	117
506	117
196	118
200	118
318	118
456	118
502	118
8	119
146	119
301	119
332	119
334	119
392	119
402	119
29	120
75	120
98	120
165	120
168	120
187	120
231	120
321	120
357	120
386	120
399	120
410	120
436	120
502	120
540	120
553	120
55	121
220	121
377	121
580	121
192	122
209	122
221	122
283	122
482	122
551	122
573	122
9	123
196	123
237	123
549	123
554	123
556	123
206	124
223	124
325	124
366	124
67	125
74	125
156	125
192	125
195	125
261	125
324	125
344	125
383	125
541	125
564	125
2	126
330	126
355	126
535	126
549	126
44	127
405	127
428	127
513	127
518	127
110	128
318	128
343	128
357	128
434	128
442	128
502	128
503	128
81	129
344	129
463	129
475	129
511	129
512	129
45	130
167	130
328	130
356	130
148	131
168	131
226	131
231	131
239	131
250	131
286	131
403	131
481	131
573	131
35	132
188	132
242	132
300	132
420	132
433	132
451	132
559	132
45	133
241	133
411	133
473	133
476	133
172	134
213	134
215	134
259	134
475	134
517	134
72	135
33	136
183	136
399	136
524	136
8	137
243	137
288	137
348	137
413	138
16	139
447	139
550	139
4	140
40	140
71	140
108	140
306	140
414	140
510	140
423	141
145	142
215	142
216	142
298	142
475	142
526	142
545	142
31	143
115	143
175	143
206	143
230	143
249	143
276	143
305	143
347	143
366	143
566	143
571	143
580	143
57	144
355	144
395	144
397	144
494	144
535	144
142	145
167	145
214	145
381	145
465	145
475	145
4	146
71	146
119	146
162	146
414	146
198	147
301	147
392	147
399	147
452	147
493	147
69	148
131	148
234	148
240	148
344	148
33	149
183	149
358	149
384	149
399	149
468	149
562	149
579	149
49	150
167	150
280	150
409	150
511	150
45	151
66	151
170	151
396	151
447	151
461	151
40	152
200	152
212	152
323	152
478	152
78	153
157	153
163	153
191	153
235	153
346	153
449	153
529	153
52	154
154	154
423	154
587	154
205	155
230	155
400	155
501	155
67	156
125	156
192	156
383	156
391	156
458	156
551	156
557	156
564	156
573	156
9	157
39	157
153	157
346	157
449	157
498	157
45	158
232	158
263	158
280	158
394	158
511	158
569	158
205	159
218	159
45	160
49	160
280	160
285	160
298	160
380	160
475	160
520	160
548	160
95	161
205	161
217	161
463	161
146	162
402	162
78	163
153	163
179	163
243	163
422	163
525	163
52	164
71	164
164	164
351	164
406	164
85	165
117	165
120	165
210	165
410	165
457	165
468	165
506	165
56	166
360	166
376	166
447	166
461	166
502	166
17	167
45	167
95	167
130	167
145	167
150	167
265	167
266	167
285	167
328	167
356	167
362	167
374	167
461	167
520	167
572	167
576	167
29	168
75	168
120	168
131	168
224	168
227	168
228	168
245	168
309	168
365	168
399	168
481	168
543	168
185	169
193	169
252	169
275	169
300	169
312	169
393	169
506	169
577	169
45	170
151	170
447	170
461	170
409	171
134	172
204	172
215	172
265	172
336	172
341	172
472	172
517	172
545	172
548	172
581	172
31	173
297	173
317	173
420	173
451	173
518	173
566	173
324	174
403	174
418	174
426	174
586	174
143	175
230	175
276	175
366	175
571	175
5	176
233	176
357	176
360	176
421	176
434	176
459	176
461	176
536	176
72	177
6	178
25	178
26	178
42	178
82	178
197	178
254	178
292	178
333	178
387	178
412	178
448	178
464	178
39	179
163	179
382	179
397	179
494	179
525	179
563	179
116	180
187	180
191	180
224	180
301	180
346	180
493	180
11	181
21	181
102	181
264	181
299	181
457	181
582	181
110	182
399	182
430	182
434	182
538	182
543	182
41	183
63	183
91	183
94	183
104	183
136	183
149	183
221	183
227	183
231	183
239	183
344	183
358	183
384	183
399	183
481	183
482	183
495	183
524	183
562	183
579	183
583	183
293	184
322	184
473	184
501	184
92	185
169	185
219	185
312	185
352	185
393	185
531	185
577	185
8	186
59	186
80	186
295	186
483	186
532	186
582	186
585	186
120	187
180	187
196	187
556	187
578	187
19	188
35	188
95	188
132	188
273	188
300	188
395	188
426	188
451	188
526	188
580	188
52	189
71	189
189	189
351	189
406	189
423	189
587	189
18	190
27	190
326	190
453	190
477	190
9	191
153	191
180	191
222	191
334	191
346	191
422	191
467	191
20	192
122	192
125	192
156	192
512	192
551	192
564	192
92	193
169	193
219	193
300	193
312	193
347	193
354	193
472	193
490	193
506	193
67	194
94	194
221	194
250	194
344	194
573	194
11	195
55	195
56	195
81	195
125	195
256	195
321	195
383	195
427	195
457	195
564	195
118	196
123	196
187	196
200	196
502	196
556	196
72	197
178	197
18	198
39	198
147	198
270	198
275	198
334	198
493	198
30	199
99	199
255	199
324	199
426	199
544	199
118	200
152	200
196	200
203	200
318	200
348	200
456	200
502	200
509	200
556	200
578	200
27	201
85	201
110	201
117	201
410	201
434	201
523	201
570	202
27	203
100	203
200	203
255	203
294	203
586	203
45	204
172	204
411	204
473	204
548	204
155	205
159	205
161	205
207	205
217	205
241	205
265	205
352	205
415	205
473	205
476	205
480	205
488	205
501	205
530	205
31	206
94	206
97	206
124	206
143	206
304	206
319	206
325	206
335	206
205	207
312	207
437	207
473	207
501	207
15	208
22	208
25	208
79	208
82	208
85	208
101	208
254	208
404	208
448	208
464	208
497	208
122	209
306	209
312	209
495	209
505	209
539	209
557	209
586	209
29	210
63	210
165	210
226	210
257	210
416	210
436	210
484	210
35	211
218	211
295	211
312	211
354	211
427	211
512	211
559	211
40	212
152	212
348	212
478	212
538	212
543	212
134	213
216	213
217	213
335	213
530	213
145	214
352	214
415	214
574	214
88	215
134	215
142	215
172	215
246	215
475	215
1	216
23	216
142	216
213	216
217	216
246	216
259	216
279	216
381	216
455	216
472	216
530	216
545	216
574	216
92	217
161	217
205	217
213	217
216	217
381	217
505	217
530	217
95	218
159	218
211	218
352	218
378	218
427	218
542	218
19	219
60	219
87	219
185	219
193	219
275	219
312	219
533	219
577	219
588	219
32	220
95	220
112	220
121	220
261	220
324	220
377	220
383	220
463	220
33	221
122	221
183	221
194	221
482	221
573	221
583	221
191	222
346	222
563	222
87	223
124	223
405	223
168	224
180	224
238	224
295	224
301	224
498	224
44	225
59	225
350	225
400	225
494	225
513	225
5	226
29	226
131	226
210	226
233	226
553	226
33	227
91	227
104	227
168	227
183	227
399	227
7	228
41	228
168	228
270	228
299	228
452	228
493	228
543	228
544	228
45	229
55	229
280	229
406	229
511	229
38	230
143	230
155	230
175	230
259	230
276	230
304	230
366	230
439	230
475	230
517	230
521	230
571	230
33	231
120	231
131	231
183	231
330	231
399	231
524	231
45	232
158	232
263	232
280	232
311	232
394	232
511	232
569	232
29	233
66	233
75	233
112	233
176	233
226	233
257	233
272	233
360	233
376	233
386	233
434	233
459	233
461	233
484	233
536	233
36	234
148	234
267	234
446	234
447	234
540	234
554	234
12	235
18	235
28	235
153	235
318	235
346	235
456	235
493	235
371	236
447	236
29	237
69	237
87	237
123	237
257	237
267	237
343	237
442	237
502	237
549	237
556	237
78	238
80	238
224	238
243	238
251	238
402	238
466	238
89	239
131	239
183	239
344	239
481	239
528	239
55	240
148	240
418	240
487	240
113	241
133	241
205	241
305	241
317	241
431	241
466	241
566	241
35	242
132	242
252	242
273	242
279	242
300	242
340	242
381	242
137	243
163	243
238	243
389	243
422	243
433	243
494	243
498	243
88	244
475	244
517	244
531	244
29	245
168	245
343	245
430	245
434	245
509	245
1	246
88	246
215	246
216	246
279	246
444	246
472	246
2	247
41	247
76	247
355	247
462	247
539	247
71	248
113	248
351	248
368	248
115	249
143	249
370	249
131	250
194	250
286	250
344	250
573	250
583	250
238	251
483	251
513	251
561	251
84	252
169	252
242	252
259	252
279	252
340	252
352	252
420	252
533	252
106	253
317	253
331	253
565	253
178	254
208	254
199	255
203	255
367	255
405	255
409	255
582	255
586	255
11	256
33	256
59	256
195	256
269	256
321	256
330	256
418	256
538	256
59	257
87	257
90	257
210	257
233	257
237	257
416	257
523	257
14	258
107	258
268	258
291	258
306	258
309	258
345	258
399	258
509	258
552	258
562	258
134	259
216	259
230	259
252	259
325	259
340	259
517	259
530	259
52	260
71	260
260	260
351	260
406	260
20	261
95	261
125	261
220	261
324	261
381	261
383	261
23	262
65	262
324	262
403	262
574	262
45	263
158	263
232	263
280	263
311	263
394	263
511	263
569	263
21	264
181	264
299	264
332	264
437	264
483	264
561	264
582	264
167	265
172	265
205	265
548	265
58	266
167	266
280	266
349	266
447	266
540	266
541	266
553	266
234	267
237	267
418	267
447	267
41	268
57	268
63	268
258	268
315	268
365	268
515	268
585	268
59	269
256	269
330	269
348	269
567	269
579	269
198	270
228	270
318	270
334	270
348	270
399	270
456	270
493	270
543	270
4	271
84	271
107	271
291	271
306	271
515	271
551	271
117	272
233	272
386	272
434	272
436	272
461	272
484	272
30	273
35	273
95	273
188	273
242	273
279	273
340	273
383	273
526	273
2	274
425	274
510	274
558	274
169	275
198	275
219	275
400	275
577	275
143	276
175	276
230	276
304	276
341	276
521	276
45	277
411	277
461	277
548	277
409	278
216	279
242	279
246	279
252	279
273	279
300	279
381	279
526	279
45	280
150	280
158	280
160	280
229	280
232	280
263	280
266	280
290	280
311	280
328	280
394	280
409	280
432	280
445	280
492	280
520	280
569	280
572	280
576	280
441	281
511	281
72	282
411	282
473	282
33	283
122	283
315	283
506	283
515	283
551	283
105	284
502	284
547	284
160	285
167	285
298	285
439	285
528	285
75	286
89	286
131	286
250	286
461	286
42	287
72	287
137	288
323	288
449	288
494	288
498	288
85	289
360	289
502	289
73	290
280	290
14	291
33	291
76	291
84	291
258	291
271	291
306	291
454	291
538	291
72	292
178	292
184	293
308	293
322	293
510	293
555	293
560	293
203	294
362	294
434	294
468	294
502	294
9	295
80	295
186	295
211	295
224	295
485	295
498	295
582	295
77	296
408	296
106	297
173	297
317	297
363	297
401	297
566	297
1	298
54	298
142	298
160	298
285	298
475	298
21	299
27	299
32	299
70	299
181	299
228	299
264	299
349	299
483	299
544	299
132	300
169	300
188	300
193	300
242	300
279	300
551	300
559	300
8	301
119	301
147	301
180	301
224	301
47	302
351	302
408	303
570	303
587	303
206	304
230	304
276	304
45	305
113	305
143	305
241	305
473	305
476	305
40	306
76	306
140	306
209	306
258	306
271	306
291	306
495	306
41	307
59	307
309	307
399	307
578	307
293	308
419	308
423	308
508	308
104	309
107	309
168	309
258	309
307	309
399	309
44	310
100	310
513	310
45	311
232	311
263	311
280	311
511	311
569	311
20	312
92	312
169	312
185	312
193	312
207	312
209	312
211	312
219	312
354	312
428	312
490	312
76	313
330	313
368	313
369	313
457	313
495	313
524	313
537	313
31	314
433	314
33	315
41	315
268	315
283	315
365	315
384	315
481	315
515	315
573	315
586	315
409	316
106	317
173	317
241	317
253	317
297	317
331	317
370	317
565	317
566	317
568	317
28	318
118	318
128	318
200	318
235	318
270	318
434	318
502	318
543	318
206	319
413	319
488	319
501	319
409	320
75	321
120	321
195	321
256	321
367	321
416	321
502	321
552	321
567	321
184	322
293	322
560	322
570	322
152	323
288	323
334	323
422	323
494	323
66	324
74	324
111	324
125	324
174	324
199	324
220	324
261	324
262	324
342	324
361	324
383	324
403	324
418	324
426	324
450	324
455	324
458	324
541	324
551	324
124	325
206	325
259	325
335	325
530	325
531	325
533	325
18	326
190	326
453	326
423	327
521	327
45	328
130	328
167	328
280	328
374	328
520	328
43	329
45	329
511	329
126	330
231	330
256	330
269	330
313	330
367	330
468	330
115	331
253	331
317	331
565	331
14	332
84	332
119	332
264	332
514	332
42	333
72	333
178	333
119	334
191	334
198	334
270	334
323	334
346	334
437	334
529	334
538	334
74	335
206	335
213	335
325	335
517	335
530	335
531	335
581	335
172	336
413	336
444	336
548	336
42	337
72	338
411	338
473	338
15	339
42	339
242	340
252	340
259	340
273	340
393	340
420	340
444	340
530	340
172	341
276	341
366	341
324	342
344	342
391	342
403	342
450	342
455	342
526	342
110	343
128	343
237	343
245	343
434	343
543	343
53	344
54	344
67	344
74	344
89	344
94	344
109	344
125	344
129	344
148	344
183	344
194	344
239	344
250	344
342	344
376	344
380	344
399	344
435	344
443	344
450	344
455	344
461	344
475	344
482	344
540	344
583	344
107	345
258	345
365	345
399	345
9	346
34	346
39	346
153	346
157	346
180	346
191	346
222	346
235	346
334	346
388	346
449	346
456	346
467	346
494	346
498	346
563	346
115	347
143	347
193	347
472	347
580	347
40	348
70	348
137	348
200	348
212	348
269	348
270	348
538	348
543	348
552	348
58	349
95	349
266	349
299	349
383	349
511	349
8	350
78	350
113	350
225	350
402	350
490	350
164	351
189	351
248	351
260	351
302	351
362	351
375	351
471	351
487	351
185	352
205	352
214	352
218	352
252	352
423	353
20	354
193	354
211	354
312	354
559	354
2	355
37	355
40	355
76	355
116	355
126	355
144	355
247	355
388	355
418	355
442	355
558	355
17	356
45	356
130	356
167	356
90	357
105	357
120	357
128	357
176	357
421	357
430	357
434	357
456	357
502	357
547	357
33	358
149	358
183	358
399	358
468	358
562	358
546	359
166	360
176	360
233	360
289	360
461	360
502	360
536	360
111	361
324	361
377	361
403	361
458	361
580	361
34	362
62	362
72	362
114	362
167	362
294	362
351	362
406	362
476	362
496	362
297	363
401	363
35	364
81	364
468	364
483	364
512	364
7	365
33	365
41	365
69	365
107	365
168	365
268	365
315	365
345	365
399	365
515	365
579	365
115	366
124	366
143	366
175	366
230	366
341	366
378	366
75	367
87	367
255	367
321	367
330	367
405	367
248	368
313	368
379	368
462	368
514	368
2	369
313	369
462	369
249	370
317	370
566	370
568	370
236	371
447	371
15	372
42	372
101	373
45	374
167	374
328	374
381	374
548	374
71	375
351	375
406	375
423	375
56	376
166	376
233	376
344	376
447	376
32	377
55	377
121	377
220	377
361	377
10	378
31	378
218	378
366	378
433	378
10	379
368	379
160	380
344	380
396	380
461	380
553	380
23	381
145	381
216	381
217	381
242	381
261	381
279	381
374	381
427	381
500	381
526	381
545	381
580	381
9	382
48	382
80	382
179	382
397	382
490	382
525	382
532	382
1	383
65	383
125	383
156	383
195	383
220	383
261	383
273	383
324	383
349	383
475	383
526	383
541	383
33	384
149	384
183	384
315	384
399	384
2	385
388	385
510	385
5	386
75	386
120	386
233	386
272	386
436	386
461	386
506	386
178	387
346	388
355	388
385	388
29	389
243	389
434	389
543	389
578	389
20	390
35	390
48	390
76	390
393	390
561	390
65	391
156	391
342	391
403	391
450	391
526	391
4	392
108	392
119	392
147	392
454	392
514	392
84	393
169	393
185	393
340	393
390	393
45	394
158	394
232	394
263	394
280	394
511	394
569	394
35	395
48	395
144	395
188	395
422	395
494	395
45	396
151	396
380	396
447	396
461	396
9	397
57	397
84	397
144	397
179	397
382	397
494	397
532	397
90	398
502	398
567	398
75	399
91	399
104	399
107	399
120	399
136	399
147	399
149	399
168	399
182	399
183	399
227	399
231	399
258	399
270	399
307	399
309	399
344	399
345	399
358	399
365	399
384	399
524	399
562	399
579	399
19	400
60	400
113	400
155	400
225	400
275	400
439	400
488	400
506	400
577	400
297	401
363	401
491	401
566	401
71	402
119	402
162	402
238	402
350	402
55	403
65	403
74	403
111	403
131	403
174	403
262	403
324	403
342	403
361	403
391	403
450	403
455	403
458	403
208	404
16	405
59	405
87	405
100	405
127	405
223	405
255	405
367	405
502	405
71	406
164	406
189	406
229	406
260	406
362	406
375	406
411	406
471	406
474	406
19	407
99	407
3	408
96	408
103	408
296	408
303	408
570	408
46	409
72	409
150	409
171	409
255	409
278	409
280	409
316	409
320	409
440	409
445	409
469	409
511	409
522	409
572	409
85	410
120	410
165	410
201	410
436	410
446	410
45	411
68	411
133	411
204	411
277	411
282	411
338	411
406	411
473	411
534	411
548	411
558	411
42	412
72	412
178	412
86	413
103	413
138	413
319	413
336	413
501	413
531	413
540	413
548	413
581	413
8	414
140	414
146	414
585	414
205	415
214	415
444	415
12	416
63	416
69	416
210	416
257	416
321	416
15	417
72	417
32	418
36	418
174	418
240	418
256	418
267	418
324	418
355	418
47	419
93	419
308	419
132	420
173	420
252	420
340	420
176	421
357	421
461	421
163	422
191	422
243	422
323	422
395	422
494	422
525	422
50	423
52	423
71	423
141	423
154	423
189	423
308	423
327	423
353	423
375	423
423	423
471	423
489	423
508	423
72	424
274	425
476	425
32	426
174	426
188	426
199	426
324	426
495	426
515	426
551	426
55	427
95	427
195	427
211	427
218	427
381	427
500	427
526	427
559	427
19	428
127	428
312	428
491	428
513	428
518	428
577	428
101	429
546	429
29	430
110	430
182	430
245	430
357	430
434	430
484	430
509	430
578	430
10	431
52	431
241	431
431	431
45	432
280	432
492	432
511	432
132	433
243	433
314	433
378	433
491	433
518	433
28	434
110	434
117	434
128	434
176	434
182	434
201	434
233	434
245	434
272	434
294	434
318	434
343	434
357	434
389	434
430	434
436	434
459	434
484	434
498	434
502	434
509	434
523	434
536	434
543	434
578	434
89	435
344	435
443	435
120	436
210	436
272	436
386	436
410	436
434	436
461	436
21	437
207	437
264	437
334	437
485	437
532	437
585	437
15	438
230	439
285	439
400	439
409	440
281	441
511	441
98	442
128	442
237	442
355	442
477	442
109	443
344	443
435	443
246	444
336	444
340	444
415	444
530	444
531	444
49	445
280	445
409	445
511	445
30	446
85	446
234	446
410	446
502	446
554	446
56	447
81	447
139	447
151	447
166	447
170	447
234	447
236	447
266	447
267	447
371	447
376	447
396	447
511	447
540	447
550	447
553	447
178	448
208	448
153	449
157	449
288	449
346	449
529	449
54	450
65	450
67	450
111	450
324	450
342	450
344	450
391	450
403	450
526	450
541	450
13	451
99	451
132	451
173	451
188	451
491	451
7	452
70	452
108	452
147	452
228	452
454	452
18	453
28	453
190	453
326	453
456	453
477	453
537	453
554	453
7	454
70	454
108	454
291	454
392	454
452	454
514	454
544	454
74	455
216	455
324	455
342	455
344	455
403	455
526	455
541	455
28	456
100	456
118	456
200	456
235	456
270	456
346	456
357	456
453	456
48	457
102	457
165	457
181	457
195	457
313	457
551	457
561	457
156	458
324	458
361	458
403	458
541	458
551	458
573	458
176	459
233	459
434	459
461	459
536	459
15	460
72	460
5	461
66	461
75	461
151	461
166	461
167	461
170	461
176	461
233	461
272	461
277	461
286	461
344	461
360	461
380	461
386	461
396	461
421	461
436	461
459	461
484	461
523	461
536	461
578	461
579	461
2	462
7	462
40	462
41	462
76	462
247	462
368	462
369	462
45	463
65	463
81	463
95	463
129	463
161	463
220	463
535	463
178	464
208	464
95	465
145	465
475	465
574	465
60	466
80	466
238	466
241	466
491	466
559	466
116	467
191	467
346	467
35	468
149	468
165	468
294	468
330	468
358	468
364	468
524	468
526	468
562	468
409	469
570	470
71	471
351	471
406	471
423	471
172	472
193	472
216	472
246	472
347	472
574	472
38	473
133	473
184	473
204	473
205	473
207	473
282	473
305	473
338	473
411	473
476	473
480	473
501	473
15	474
42	474
406	474
1	475
30	475
49	475
54	475
55	475
65	475
88	475
129	475
134	475
142	475
145	475
160	475
215	475
230	475
244	475
298	475
344	475
383	475
465	475
500	475
517	475
526	475
545	475
34	476
133	476
205	476
305	476
362	476
425	476
473	476
12	477
28	477
190	477
442	477
453	477
485	477
152	478
212	478
502	478
538	478
72	479
45	480
205	480
473	480
501	480
5	481
75	481
131	481
168	481
183	481
239	481
315	481
583	481
122	482
183	482
221	482
344	482
505	482
583	482
21	483
48	483
58	483
80	483
186	483
251	483
264	483
299	483
364	483
512	483
561	483
210	484
233	484
272	484
430	484
434	484
461	484
523	484
9	485
18	485
21	485
39	485
295	485
437	485
477	485
490	485
532	485
504	486
511	486
36	487
45	487
240	487
351	487
511	487
205	488
319	488
400	488
501	488
423	489
35	490
78	490
80	490
193	490
312	490
350	490
382	490
485	490
513	490
525	490
19	491
401	491
428	491
433	491
451	491
466	491
577	491
588	491
45	492
280	492
432	492
511	492
147	493
180	493
198	493
228	493
235	493
270	493
514	493
552	493
44	494
144	494
179	494
225	494
243	494
288	494
323	494
346	494
395	494
397	494
422	494
513	494
116	495
183	495
209	495
306	495
313	495
426	495
15	496
72	496
362	496
42	497
208	497
9	498
157	498
224	498
243	498
288	498
295	498
346	498
434	498
103	499
546	499
587	499
49	500
381	500
427	500
475	500
512	500
38	501
155	501
184	501
205	501
207	501
319	501
413	501
473	501
480	501
488	501
56	502
85	502
90	502
105	502
110	502
118	502
120	502
128	502
166	502
196	502
200	502
237	502
284	502
289	502
294	502
318	502
321	502
357	502
360	502
398	502
405	502
434	502
446	502
478	502
503	502
523	502
547	502
556	502
567	502
128	503
502	503
486	504
511	504
85	505
209	505
217	505
482	505
117	506
165	506
169	506
193	506
283	506
386	506
400	506
15	507
42	507
308	508
423	508
110	509
200	509
245	509
258	509
430	509
434	509
538	509
140	510
274	510
293	510
385	510
36	511
43	511
129	511
150	511
158	511
229	511
232	511
263	511
281	511
311	511
329	511
349	511
394	511
409	511
432	511
441	511
445	511
447	511
486	511
487	511
492	511
504	511
512	511
542	511
569	511
572	511
20	512
35	512
129	512
192	512
211	512
364	512
483	512
500	512
511	512
78	513
127	513
225	513
251	513
310	513
428	513
490	513
494	513
518	513
332	514
368	514
392	514
454	514
493	514
57	515
268	515
271	515
283	515
315	515
365	515
426	515
42	516
86	517
134	517
172	517
230	517
244	517
259	517
335	517
475	517
531	517
13	518
78	518
127	518
173	518
428	518
433	518
513	518
588	518
546	519
160	520
167	520
280	520
328	520
526	520
10	521
31	521
97	521
230	521
276	521
327	521
409	522
201	523
257	523
434	523
461	523
484	523
502	523
33	524
91	524
136	524
183	524
231	524
313	524
399	524
468	524
163	525
179	525
382	525
422	525
490	525
1	526
49	526
55	526
65	526
95	526
142	526
188	526
273	526
279	526
342	526
381	526
383	526
391	526
427	526
450	526
455	526
468	526
475	526
520	526
542	526
574	526
15	527
239	528
285	528
545	528
580	528
9	529
39	529
153	529
334	529
449	529
205	530
213	530
216	530
217	530
259	530
325	530
335	530
340	530
444	530
185	531
244	531
325	531
335	531
413	531
444	531
517	531
557	531
12	532
59	532
69	532
80	532
186	532
382	532
397	532
437	532
485	532
549	532
219	533
252	533
325	533
566	533
15	534
72	534
411	534
30	535
32	535
98	535
126	535
144	535
463	535
5	536
176	536
233	536
360	536
434	536
459	536
461	536
18	537
34	537
313	537
453	537
14	538
107	538
182	538
212	538
256	538
291	538
334	538
348	538
478	538
509	538
579	538
57	539
209	539
247	539
120	540
234	540
266	540
344	540
413	540
447	540
125	541
266	541
324	541
383	541
450	541
455	541
458	541
564	541
95	542
218	542
511	542
526	542
168	543
182	543
212	543
228	543
270	543
318	543
343	543
348	543
389	543
434	543
549	543
41	544
199	544
228	544
299	544
454	544
49	545
142	545
172	545
216	545
381	545
475	545
528	545
548	545
3	546
101	546
103	546
359	546
429	546
499	546
519	546
105	547
284	547
357	547
502	547
23	548
68	548
86	548
160	548
172	548
204	548
265	548
277	548
336	548
374	548
411	548
413	548
545	548
581	548
12	549
41	549
69	549
123	549
126	549
237	549
532	549
543	549
552	549
16	550
139	550
447	550
122	551
156	551
192	551
271	551
283	551
300	551
324	551
426	551
457	551
458	551
70	552
107	552
258	552
321	552
348	552
493	552
549	552
49	553
120	553
226	553
266	553
380	553
447	553
27	554
69	554
98	554
123	554
234	554
446	554
453	554
556	554
293	555
123	556
187	556
196	556
200	556
237	556
502	556
554	556
94	557
156	557
209	557
531	557
274	558
355	558
411	558
58	559
92	559
95	559
132	559
211	559
300	559
354	559
427	559
466	559
293	560
322	560
21	561
48	561
251	561
264	561
390	561
457	561
483	561
33	562
149	562
183	562
258	562
358	562
399	562
468	562
9	563
39	563
179	563
222	563
346	563
67	564
125	564
156	564
192	564
195	564
541	564
115	565
253	565
317	565
331	565
568	565
143	566
173	566
241	566
297	566
317	566
370	566
401	566
533	566
586	566
269	567
321	567
398	567
502	567
317	568
370	568
565	568
45	569
158	569
232	569
263	569
280	569
311	569
394	569
511	569
101	570
202	570
303	570
322	570
408	570
470	570
587	570
143	571
175	571
230	571
49	572
167	572
280	572
409	572
511	572
11	573
33	573
94	573
122	573
131	573
156	573
194	573
221	573
250	573
315	573
458	573
586	573
23	574
214	574
216	574
262	574
465	574
472	574
526	574
42	575
17	576
45	576
167	576
280	576
19	577
87	577
169	577
185	577
219	577
275	577
400	577
428	577
491	577
187	578
200	578
307	578
389	578
430	578
434	578
461	578
33	579
149	579
183	579
269	579
365	579
399	579
461	579
538	579
121	580
143	580
188	580
347	580
361	580
381	580
528	580
86	581
172	581
335	581
413	581
548	581
58	582
181	582
186	582
255	582
264	582
295	582
585	582
5	583
104	583
183	583
221	583
250	583
344	583
481	583
482	583
15	584
37	585
186	585
268	585
414	585
437	585
582	585
14	586
94	586
174	586
203	586
209	586
255	586
315	586
566	586
573	586
154	587
189	587
303	587
499	587
570	587
19	588
99	588
219	588
491	588
518	588
