7	1
214	1
215	1
401	1
444	1
530	1
531	1
9	2
274	2
208	3
293	3
308	3
321	3
429	3
470	3
555	3
38	4
203	4
399	4
453	4
470	4
485	4
172	5
386	5
178	6
1	7
444	7
23	8
275	8
358	8
402	8
2	9
90	9
105	9
118	9
191	9
222	9
326	9
456	9
467	9
494	9
547	9
97	10
154	10
209	10
379	10
433	10
506	10
587	10
63	11
256	11
269	11
400	11
437	11
78	12
297	12
505	12
506	12
588	12
17	13
130	13
151	13
152	13
155	13
170	13
184	13
318	13
323	13
341	13
343	13
411	13
425	13
451	13
488	13
183	14
253	14
341	14
425	14
491	14
543	14
62	15
199	15
229	15
359	15
496	15
546	15
193	16
494	16
13	17
151	17
155	17
160	17
182	17
341	17
389	17
434	17
488	17
543	17
72	18
94	18
116	18
123	18
322	18
127	19
189	19
192	19
194	19
361	19
458	19
463	19
515	19
563	19
154	20
209	20
426	20
434	20
138	21
321	21
437	21
485	21
83	22
101	22
339	22
372	22
404	22
8	23
91	23
137	23
172	23
335	23
350	23
358	23
449	23
475	23
577	23
42	24
202	24
337	24
178	25
296	25
178	26
375	27
405	27
471	27
556	27
80	28
130	28
233	28
165	29
284	29
319	29
328	29
336	29
413	29
421	29
518	29
69	30
71	30
146	30
238	30
291	30
385	30
402	30
406	30
452	30
512	30
55	31
133	31
173	31
437	31
493	31
535	31
552	31
127	32
341	32
343	32
418	32
425	32
463	32
543	32
186	33
215	33
395	33
416	33
514	33
588	33
110	34
314	34
376	34
476	34
588	34
336	35
413	35
420	35
466	35
468	35
487	35
518	35
538	35
101	36
267	36
409	36
504	36
178	37
301	37
494	37
551	37
4	38
393	38
411	38
444	38
501	38
40	39
84	39
182	39
264	39
313	39
332	39
362	39
368	39
491	39
548	39
549	39
577	39
39	40
84	40
211	40
53	41
58	41
344	41
24	42
287	42
318	42
320	42
337	42
427	42
486	42
570	42
172	43
476	43
57	44
241	44
284	44
409	44
73	45
112	45
117	45
151	45
176	45
204	45
228	45
233	45
245	45
264	45
272	45
305	45
356	45
396	45
449	45
476	45
480	45
509	45
536	45
559	45
72	46
322	46
47	47
52	47
93	47
96	47
296	47
303	47
408	47
419	47
431	47
542	47
560	47
98	48
198	48
243	48
294	48
351	48
454	48
500	48
513	48
564	48
97	49
180	49
367	49
553	49
588	49
141	50
327	50
353	50
359	50
423	50
489	50
519	50
546	50
553	50
178	51
511	51
47	52
52	52
93	52
96	52
296	52
303	52
408	52
419	52
431	52
542	52
560	52
41	53
175	53
344	53
111	54
134	54
152	54
200	54
563	54
31	55
97	55
327	55
330	55
521	55
552	55
588	55
267	56
398	56
409	56
44	57
122	57
140	57
181	57
285	57
295	57
364	57
381	57
580	57
41	58
181	58
208	58
381	58
237	59
295	59
364	59
400	59
99	60
100	60
144	60
199	60
310	60
317	60
331	60
400	60
565	60
83	61
101	61
339	61
372	61
409	61
15	62
144	62
281	62
327	62
496	62
553	62
11	63
133	63
269	63
285	63
344	63
348	63
400	63
528	63
79	64
135	64
373	64
453	64
474	64
507	64
174	65
194	65
259	65
472	65
531	65
574	65
156	66
288	66
305	66
328	66
343	66
430	66
481	66
335	67
342	67
450	67
80	68
170	68
215	68
411	68
421	68
520	68
531	68
30	69
145	69
240	69
300	69
314	69
512	69
532	69
132	70
343	70
491	70
30	71
146	71
300	71
306	71
402	71
406	71
18	72
46	72
302	72
322	72
424	72
432	72
497	72
516	72
575	72
45	73
176	73
204	73
264	73
548	73
301	74
325	74
345	74
365	74
399	74
102	75
152	75
160	75
186	75
230	75
382	75
389	75
514	75
553	75
109	76
190	76
375	76
471	76
196	77
197	77
225	77
266	77
292	77
302	77
469	77
479	77
582	77
12	78
128	78
395	78
523	78
588	78
64	79
135	79
373	79
417	79
453	79
460	79
507	79
28	80
68	80
101	80
107	80
113	80
170	80
184	80
343	80
466	80
531	80
173	81
240	81
267	81
364	81
409	81
302	82
22	83
61	83
101	83
339	83
372	83
404	83
409	83
39	84
40	84
114	84
242	84
279	84
352	84
368	84
473	84
178	85
200	85
296	85
408	85
447	85
585	85
226	86
277	86
336	86
413	86
444	86
477	86
193	87
301	87
132	88
495	88
238	89
286	89
335	89
9	90
447	90
23	91
168	91
172	91
358	91
475	91
205	92
217	92
368	92
462	92
480	92
559	92
47	93
52	93
93	93
96	93
296	93
303	93
408	93
419	93
431	93
542	93
560	93
18	94
324	94
582	94
586	94
182	95
47	96
52	96
93	96
178	96
408	96
10	97
49	97
55	97
157	97
161	97
180	97
207	97
215	97
272	97
276	97
314	97
321	97
367	97
379	97
433	97
437	97
484	97
506	97
512	97
521	97
532	97
48	98
154	98
212	98
226	98
275	98
457	98
559	98
60	99
100	99
144	99
199	99
310	99
317	99
331	99
400	99
565	99
60	100
99	100
199	100
310	100
554	100
22	101
36	101
61	101
80	101
83	101
240	101
267	101
339	101
372	101
404	101
409	101
453	101
525	101
75	102
198	102
201	102
243	102
382	102
503	102
321	103
327	103
499	103
213	104
443	104
9	105
447	105
216	106
297	106
426	106
80	107
115	107
124	107
126	107
163	107
341	107
366	107
213	108
375	108
392	108
454	108
471	108
76	109
147	109
213	109
228	109
34	110
157	110
213	110
314	110
459	110
476	110
54	111
152	111
219	111
221	111
526	111
563	111
45	112
172	112
396	112
559	112
80	113
244	113
246	113
295	113
390	113
451	113
493	113
514	113
84	114
184	114
208	114
242	114
243	114
270	114
343	114
354	114
587	114
107	115
124	115
175	115
331	115
366	115
381	115
565	115
18	116
226	116
299	116
468	116
45	117
245	117
264	117
548	117
9	118
447	118
213	119
375	119
392	119
471	119
138	120
165	120
244	120
319	120
540	120
553	120
334	121
335	121
457	121
476	121
57	122
247	122
381	122
18	123
107	124
115	124
317	124
344	124
366	124
370	125
533	125
107	126
334	126
389	126
411	126
416	126
514	126
520	126
19	127
32	127
169	127
323	127
458	127
463	127
78	128
201	128
270	128
437	128
442	128
514	128
552	128
553	128
588	128
476	129
491	129
495	129
559	129
13	130
28	130
233	130
352	130
356	130
530	130
226	131
231	131
299	131
355	131
413	131
420	131
483	131
518	131
70	132
88	132
182	132
218	132
231	132
491	132
31	133
63	133
295	133
437	133
498	133
535	133
552	133
54	134
136	134
194	134
230	134
312	134
465	134
513	134
517	134
64	135
79	135
357	135
373	135
417	135
422	135
453	135
460	135
474	135
507	135
134	136
166	136
257	136
403	136
411	136
413	136
493	136
23	137
205	137
352	137
436	137
21	138
120	138
243	138
304	138
319	138
553	138
447	139
57	140
247	140
50	141
327	141
353	141
359	141
423	141
489	141
519	141
546	141
553	141
190	142
250	142
583	142
325	143
60	144
62	144
99	144
281	144
310	144
346	144
485	144
496	144
69	145
272	145
335	145
571	145
30	146
71	146
300	146
407	146
109	147
217	147
223	147
297	147
314	148
375	148
411	148
471	148
576	148
213	149
455	149
579	149
178	150
511	150
13	151
17	151
45	151
277	151
318	151
356	151
357	151
374	151
463	151
530	151
13	152
54	152
75	152
111	152
221	152
323	152
172	153
347	153
476	153
10	154
20	154
98	154
209	154
215	154
587	154
13	155
17	155
411	155
425	155
465	155
488	155
520	155
66	156
361	156
97	157
110	157
161	157
180	157
588	157
511	158
195	159
417	159
427	159
453	159
460	159
17	160
75	160
186	160
585	160
97	161
157	161
217	161
297	161
484	161
521	161
252	162
391	162
428	162
487	162
107	163
318	163
341	163
378	163
189	164
260	164
312	164
513	164
29	165
120	165
357	165
410	165
420	165
136	166
172	166
347	166
476	166
327	167
330	167
461	167
506	167
578	167
91	168
172	168
545	168
127	169
174	169
323	169
472	169
487	169
13	170
68	170
80	170
328	170
411	170
434	170
451	170
463	170
574	170
409	171
440	171
5	172
23	172
43	172
91	172
112	172
153	172
166	172
168	172
329	172
360	172
436	172
475	172
545	172
548	172
581	172
31	173
81	173
195	173
241	173
295	173
378	173
410	173
420	173
427	173
493	173
500	173
518	173
65	174
169	174
420	174
487	174
53	175
115	175
310	175
344	175
528	175
45	176
73	176
245	176
264	176
548	176
178	177
511	177
6	178
25	178
26	178
37	178
51	178
85	178
96	178
150	178
177	178
218	178
254	178
296	178
303	178
387	178
408	178
448	178
464	178
542	178
560	178
572	178
183	179
271	179
327	179
537	179
49	180
97	180
157	180
209	180
521	180
553	180
57	181
58	181
285	181
295	181
381	181
528	181
17	182
39	182
95	182
132	182
220	182
288	182
478	182
483	182
14	183
179	183
224	183
239	183
253	183
271	183
297	183
307	183
309	183
327	183
334	183
344	183
461	183
537	183
13	184
80	184
114	184
208	184
234	184
278	184
293	184
308	184
411	184
429	184
438	184
441	184
492	184
493	184
522	184
527	184
534	184
555	184
576	184
584	184
248	185
390	185
401	185
444	185
33	186
75	186
160	186
334	186
517	186
585	186
341	187
543	187
209	188
217	188
250	188
361	188
541	188
568	188
19	189
164	189
260	189
513	189
76	190
142	190
298	190
352	190
363	190
462	190
541	190
556	190
583	190
9	191
19	192
361	192
515	192
16	193
87	193
490	193
494	193
551	193
19	194
65	194
134	194
262	194
323	194
361	194
472	194
562	194
564	194
574	194
159	195
173	195
211	195
377	195
427	195
453	195
77	196
77	197
48	198
102	198
261	198
275	198
351	198
418	198
15	199
60	199
99	199
100	199
315	199
331	199
546	199
565	199
54	200
85	200
334	200
397	200
585	200
102	201
128	201
304	201
351	201
382	201
437	201
498	201
552	201
553	201
24	202
287	202
337	202
570	202
4	203
45	204
73	204
352	204
473	204
92	205
137	205
217	205
233	205
352	205
415	205
462	205
480	205
532	205
264	206
549	206
97	207
233	207
272	207
501	207
532	207
548	207
3	208
58	208
114	208
184	208
278	208
293	208
308	208
364	208
369	208
429	208
438	208
441	208
492	208
522	208
527	208
534	208
584	208
10	209
20	209
154	209
180	209
188	209
297	209
367	209
379	209
426	209
434	209
506	209
350	210
457	210
476	210
553	210
561	210
577	210
40	211
195	211
218	211
225	211
243	211
302	211
538	211
582	211
586	211
98	212
449	212
559	212
577	212
104	213
108	213
109	213
110	213
119	213
149	213
297	213
335	213
376	213
380	213
392	213
439	213
443	213
455	213
556	213
579	213
1	214
277	214
352	214
444	214
1	215
33	215
68	215
97	215
154	215
249	215
336	215
531	215
106	216
223	216
297	216
482	216
92	217
147	217
161	217
188	217
205	217
250	217
297	217
305	217
377	217
459	217
505	217
132	218
178	218
211	218
301	218
378	218
431	218
478	218
542	218
111	219
345	219
361	219
388	219
543	219
182	220
354	220
370	220
111	221
152	221
526	221
563	221
585	221
9	222
147	223
216	223
297	223
183	224
239	224
256	224
307	224
578	224
77	225
211	225
354	225
86	226
98	226
116	226
131	226
290	226
468	226
477	226
483	226
323	227
530	227
562	227
45	228
109	228
291	228
335	228
15	229
281	229
423	229
75	230
134	230
243	230
465	230
517	230
526	230
131	231
132	231
343	231
491	231
495	231
511	232
28	233
45	233
130	233
205	233
207	233
272	233
280	233
318	233
356	233
374	233
436	233
459	233
473	233
480	233
581	233
184	234
237	234
293	234
308	234
441	234
492	234
264	235
347	235
476	235
447	236
59	237
234	237
441	237
30	238
89	238
183	239
224	239
309	239
481	239
69	240
81	240
101	240
343	240
44	241
173	241
420	241
430	241
84	242
114	242
279	242
415	242
468	242
477	242
48	243
102	243
114	243
138	243
211	243
230	243
265	243
411	243
485	243
520	243
587	243
113	244
120	244
246	244
390	244
420	244
493	244
514	244
517	244
45	245
117	245
176	245
264	245
548	245
113	246
244	246
390	246
391	246
520	246
531	246
122	247
140	247
369	247
185	248
368	248
393	248
444	248
477	248
487	248
503	248
215	249
251	249
325	249
476	249
142	250
188	250
217	250
261	250
361	250
583	250
249	251
334	251
559	251
162	252
391	252
428	252
526	252
14	253
183	253
271	253
297	253
178	254
296	254
301	255
494	255
511	255
551	255
11	256
224	256
327	256
348	256
578	256
136	257
347	257
476	257
268	258
291	258
335	258
452	258
65	259
265	259
323	259
472	259
530	259
531	259
574	259
164	260
189	260
312	260
513	260
198	261
250	261
317	261
410	261
485	261
500	261
568	261
194	262
458	262
530	262
562	262
511	263
39	264
45	264
73	264
117	264
176	264
206	264
235	264
245	264
282	264
311	264
338	264
347	264
349	264
449	264
476	264
549	264
552	264
558	264
243	265
259	265
475	265
503	265
564	265
77	266
280	266
354	266
582	266
36	267
56	267
81	267
101	267
409	267
258	268
291	268
335	268
11	269
63	269
348	269
567	269
114	270
128	270
418	270
473	270
179	271
183	271
253	271
327	271
45	272
97	272
145	272
207	272
233	272
335	272
386	272
532	272
536	272
340	273
491	273
2	274
8	275
98	275
198	275
351	275
418	275
475	275
577	275
97	276
347	276
476	276
577	276
86	277
151	277
214	277
290	277
357	277
411	277
421	277
444	277
473	277
538	277
184	278
208	278
522	278
534	278
84	279
242	279
352	279
368	279
383	279
233	280
266	280
311	280
349	280
468	280
473	280
501	280
62	281
144	281
229	281
496	281
553	281
264	282
501	282
551	283
29	284
44	284
398	284
409	284
57	285
63	285
181	285
295	285
364	285
381	285
89	286
335	286
386	286
548	286
42	287
202	287
320	287
337	287
66	288
182	288
343	288
463	288
498	288
398	289
409	289
226	290
277	290
355	290
477	290
538	290
30	291
228	291
258	291
268	291
300	291
306	291
335	291
452	291
564	291
77	292
3	293
184	293
208	293
234	293
308	293
369	293
429	293
510	293
555	293
48	294
341	294
425	294
476	294
57	295
59	295
113	295
133	295
173	295
181	295
285	295
578	295
580	295
25	296
47	296
52	296
85	296
93	296
178	296
254	296
387	296
408	296
419	296
448	296
464	296
542	296
12	297
106	297
147	297
161	297
183	297
209	297
213	297
216	297
217	297
223	297
253	297
384	297
426	297
482	297
506	297
190	298
530	298
541	298
116	299
131	299
420	299
468	299
69	300
71	300
146	300
291	300
306	300
335	300
385	300
406	300
407	300
457	300
462	300
532	300
559	300
577	300
37	301
74	301
87	301
218	301
255	301
414	301
72	302
77	302
82	302
211	302
316	302
322	302
333	302
412	302
445	302
586	302
47	303
52	303
93	303
178	303
303	303
408	303
138	304
201	304
393	304
503	304
518	304
45	305
66	305
217	305
321	305
461	305
498	305
71	306
291	306
300	306
385	306
407	306
183	307
224	307
309	307
3	308
184	308
208	308
234	308
293	308
369	308
429	308
510	308
555	308
183	309
239	309
307	309
60	310
99	310
100	310
144	310
175	310
344	310
264	311
280	311
501	311
511	311
134	312
164	312
260	312
428	312
465	312
513	312
39	313
362	313
491	313
495	313
34	314
69	314
97	314
110	314
148	314
375	314
380	314
386	314
433	314
439	314
471	314
512	314
199	315
317	315
331	315
565	315
302	316
60	317
99	317
124	317
261	317
315	317
331	317
366	317
535	317
565	317
13	318
42	318
151	318
163	318
233	318
341	318
377	318
425	318
29	319
120	319
138	319
411	319
429	319
553	319
555	319
576	319
42	320
287	320
486	320
3	321
21	321
97	321
103	321
305	321
327	321
18	322
46	322
72	322
302	322
497	322
516	322
575	322
13	323
127	323
152	323
169	323
194	323
227	323
259	323
472	323
574	323
94	324
331	324
454	324
565	324
74	325
143	325
249	325
347	325
478	325
9	326
50	327
55	327
62	327
103	327
141	327
167	327
179	327
183	327
256	327
271	327
321	327
353	327
359	327
489	327
496	327
499	327
506	327
508	327
519	327
537	327
29	328
66	328
170	328
574	328
172	329
476	329
55	330
167	330
430	330
552	330
60	331
99	331
115	331
199	331
315	331
317	331
324	331
400	331
565	331
39	332
393	332
444	332
462	332
477	332
503	332
302	333
121	334
126	334
183	334
186	334
200	334
251	334
336	334
350	334
367	334
376	334
395	334
416	334
442	334
505	334
553	334
576	334
588	334
23	335
67	335
89	335
121	335
145	335
213	335
228	335
258	335
268	335
272	335
286	335
291	335
300	335
342	335
386	335
435	335
450	335
452	335
571	335
29	336
35	336
86	336
215	336
334	336
355	336
413	336
421	336
531	336
24	337
42	337
202	337
287	337
264	338
501	338
22	339
61	339
83	339
101	339
372	339
404	339
409	339
273	340
491	340
557	340
13	341
14	341
17	341
32	341
107	341
163	341
187	341
294	341
318	341
344	341
425	341
528	341
67	342
335	342
450	342
13	343
32	343
66	343
70	343
80	343
114	343
231	343
240	343
288	343
361	343
463	343
483	343
515	343
41	344
53	344
63	344
124	344
175	344
183	344
310	344
341	344
366	344
528	344
74	345
219	345
354	345
361	345
585	345
144	346
554	346
153	347
166	347
235	347
257	347
264	347
276	347
325	347
63	348
256	348
269	348
364	348
400	348
437	348
554	348
264	349
280	349
538	349
549	349
23	350
210	350
334	350
476	350
48	351
198	351
201	351
275	351
84	352
130	352
137	352
190	352
204	352
205	352
214	352
279	352
355	352
363	352
383	352
436	352
444	352
468	352
581	352
50	353
141	353
327	353
359	353
423	353
489	353
519	353
546	353
553	353
114	354
220	354
225	354
266	354
345	354
543	354
131	355
290	355
336	355
352	355
418	355
473	355
525	355
581	355
45	356
130	356
151	356
233	356
480	356
135	357
151	357
165	357
277	357
453	357
8	358
23	358
91	358
402	358
15	359
50	359
141	359
327	359
353	359
489	359
519	359
546	359
553	359
172	360
476	360
19	361
156	361
188	361
192	361
194	361
219	361
250	361
343	361
345	361
515	361
39	362
313	362
477	362
491	362
495	362
549	362
190	363
352	363
383	363
462	363
530	363
577	363
581	363
57	364
59	364
81	364
208	364
285	364
348	364
74	365
107	366
115	366
124	366
317	366
344	366
49	367
97	367
209	367
334	367
376	367
505	367
553	367
39	368
84	368
92	368
248	368
279	368
477	368
208	369
247	369
293	369
308	369
510	369
125	370
220	370
533	370
544	370
566	370
573	370
447	371
22	372
61	372
83	372
101	372
339	372
404	372
409	372
64	373
79	373
135	373
417	373
453	373
460	373
474	373
507	373
151	374
233	374
530	374
27	375
76	375
108	375
119	375
148	375
314	375
385	375
392	375
406	375
471	375
556	375
34	376
213	376
334	376
367	376
476	376
588	376
195	377
217	377
318	377
418	377
427	377
163	378
173	378
218	378
568	378
10	379
97	379
209	379
506	379
213	380
314	380
439	380
57	381
58	381
115	381
122	381
181	381
285	381
580	381
75	382
102	382
201	382
389	382
391	382
428	382
514	382
279	383
352	383
363	383
477	383
297	384
482	384
30	385
300	385
306	385
375	385
406	385
471	385
5	386
272	386
286	386
314	386
335	386
178	387
296	387
219	388
481	388
17	389
75	389
126	389
382	389
411	389
434	389
451	389
520	389
113	390
185	390
244	390
246	390
391	390
428	390
513	390
514	390
520	390
162	391
246	391
252	391
382	391
390	391
428	391
517	391
526	391
108	392
119	392
213	392
375	392
405	392
471	392
38	393
248	393
304	393
332	393
444	393
491	393
503	393
564	393
511	394
33	395
78	395
334	395
442	395
514	395
588	395
45	396
112	396
536	396
559	396
200	397
585	397
56	398
284	398
289	398
409	398
4	399
74	399
568	399
582	399
11	400
59	400
60	400
63	400
99	400
331	400
348	400
506	400
565	400
1	401
185	401
444	401
514	401
8	402
30	402
71	402
358	402
577	402
136	403
442	403
493	403
514	403
552	403
553	403
22	404
83	404
101	404
339	404
372	404
27	405
392	405
556	405
30	406
71	406
300	406
375	406
385	406
471	406
146	407
300	407
306	407
559	407
47	408
52	408
85	408
93	408
96	408
178	408
296	408
303	408
408	408
419	408
448	408
464	408
542	408
560	408
36	409
44	409
56	409
61	409
81	409
83	409
101	409
171	409
267	409
284	409
289	409
339	409
372	409
398	409
440	409
504	409
525	409
165	410
173	410
261	410
13	411
38	411
68	411
126	411
136	411
148	411
155	411
170	411
184	411
243	411
277	411
319	411
389	411
421	411
466	411
473	411
488	411
520	411
576	411
302	412
29	413
35	413
86	413
131	413
136	413
336	413
421	413
301	414
551	414
205	415
242	415
468	415
473	415
33	416
126	416
334	416
588	416
79	417
135	417
159	417
373	417
453	417
460	417
474	417
507	417
32	418
198	418
270	418
275	418
355	418
377	418
442	418
495	418
568	418
47	419
52	419
93	419
296	419
408	419
419	419
431	419
542	419
560	419
35	420
131	420
165	420
173	420
174	420
241	420
244	420
299	420
518	420
552	420
29	421
68	421
277	421
336	421
411	421
413	421
466	421
576	421
135	422
453	422
50	423
141	423
229	423
353	423
446	423
489	423
546	423
72	424
13	425
14	425
32	425
155	425
294	425
318	425
341	425
488	425
510	425
20	426
106	426
209	426
297	426
506	426
42	427
159	427
173	427
195	427
377	427
538	427
162	428
252	428
312	428
382	428
390	428
391	428
3	429
184	429
208	429
293	429
308	429
319	429
438	429
527	429
540	429
555	429
584	429
66	430
241	430
330	430
437	430
461	430
484	430
523	430
578	430
47	431
52	431
93	431
218	431
419	431
431	431
72	432
10	433
97	433
314	433
461	433
484	433
17	434
20	434
170	434
209	434
389	434
335	435
571	435
137	436
172	436
233	436
352	436
581	436
11	437
21	437
31	437
97	437
128	437
133	437
201	437
348	437
430	437
552	437
184	438
208	438
429	438
527	438
534	438
584	438
213	439
314	439
380	439
506	439
171	440
409	440
184	441
208	441
234	441
237	441
492	441
128	442
334	442
395	442
403	442
418	442
493	442
514	442
104	443
213	443
1	444
7	444
38	444
86	444
185	444
214	444
248	444
277	444
332	444
352	444
393	444
401	444
530	444
531	444
302	445
423	446
502	446
546	446
567	446
85	447
90	447
105	447
118	447
139	447
236	447
371	447
511	447
542	447
547	447
550	447
178	448
296	448
408	448
23	449
45	449
212	449
264	449
476	449
559	449
67	450
335	450
342	450
13	451
113	451
170	451
389	451
576	451
30	452
258	452
291	452
335	452
4	453
64	453
79	453
101	453
135	453
159	453
195	453
357	453
373	453
417	453
422	453
460	453
470	453
474	453
507	453
48	454
108	454
324	454
564	454
587	454
149	455
213	455
9	456
98	457
121	457
210	457
300	457
476	457
556	457
19	458
127	458
262	458
530	458
541	458
110	459
217	459
233	459
480	459
79	460
135	460
159	460
373	460
417	460
453	460
474	460
507	460
167	461
183	461
305	461
430	461
433	461
484	461
578	461
588	461
92	462
190	462
205	462
300	462
332	462
363	462
477	462
541	462
562	462
19	463
32	463
127	463
151	463
170	463
288	463
343	463
178	464
296	464
408	464
134	465
155	465
230	465
312	465
488	465
35	466
80	466
411	466
421	466
9	467
35	468
116	468
226	468
242	468
280	468
299	468
352	468
415	468
477	468
524	468
77	469
3	470
4	470
453	470
27	471
76	471
108	471
119	471
148	471
314	471
375	471
385	471
392	471
406	471
556	471
65	472
169	472
194	472
259	472
323	472
574	472
84	473
204	473
233	473
270	473
277	473
280	473
355	473
411	473
415	473
64	474
135	474
373	474
417	474
453	474
460	474
507	474
23	475
91	475
172	475
265	475
275	475
525	475
34	476
43	476
45	476
110	476
121	476
129	476
153	476
166	476
210	476
235	476
249	476
257	476
264	476
276	476
294	476
329	476
350	476
360	476
376	476
449	476
457	476
529	476
559	476
561	476
588	476
86	477
226	477
242	477
248	477
290	477
332	477
362	477
368	477
383	477
462	477
468	477
538	477
182	478
218	478
325	478
77	479
45	480
92	480
205	480
233	480
356	480
459	480
66	481
239	481
388	481
582	481
587	481
216	482
297	482
384	482
131	483
182	483
226	483
343	483
495	483
548	483
97	484
161	484
430	484
433	484
461	484
506	484
4	485
21	485
144	485
243	485
261	485
42	486
320	486
35	487
162	487
169	487
174	487
248	487
503	487
513	487
13	488
17	488
155	488
411	488
425	488
465	488
520	488
50	489
141	489
327	489
353	489
359	489
423	489
519	489
546	489
553	489
193	490
494	490
14	491
39	491
70	491
129	491
132	491
231	491
273	491
313	491
340	491
362	491
393	491
495	491
524	491
549	491
557	491
184	492
208	492
234	492
441	492
31	493
113	493
136	493
173	493
184	493
244	493
403	493
442	493
540	493
9	494
16	494
37	494
193	494
255	494
490	494
525	494
88	495
129	495
231	495
313	495
362	495
418	495
483	495
491	495
524	495
15	496
62	496
144	496
281	496
327	496
553	496
72	497
322	497
133	498
201	498
288	498
305	498
552	498
103	499
327	499
508	499
537	499
48	500
173	500
261	500
38	501
207	501
280	501
282	501
311	501
338	501
548	501
549	501
446	502
554	502
567	502
102	503
248	503
265	503
304	503
332	503
393	503
487	503
531	503
36	504
409	504
12	505
217	505
334	505
367	505
10	506
12	506
97	506
167	506
209	506
297	506
327	506
379	506
400	506
426	506
439	506
484	506
64	507
79	507
135	507
373	507
417	507
453	507
460	507
474	507
327	508
499	508
45	509
536	509
559	509
293	510
308	510
369	510
425	510
51	511
150	511
158	511
177	511
232	511
255	511
263	511
311	511
394	511
447	511
542	511
569	511
572	511
30	512
69	512
97	512
314	512
48	513
134	513
164	513
189	513
260	513
312	513
390	513
487	513
563	513
33	514
75	514
113	514
126	514
128	514
244	514
382	514
390	514
395	514
401	514
403	514
442	514
552	514
19	515
192	515
343	515
361	515
72	516
322	516
134	517
186	517
230	517
244	517
391	517
29	518
35	518
131	518
173	518
304	518
420	518
50	519
141	519
327	519
353	519
359	519
489	519
546	519
553	519
68	520
126	520
155	520
243	520
246	520
389	520
390	520
411	520
488	520
576	520
55	521
97	521
161	521
180	521
184	522
208	522
278	522
534	522
78	523
430	523
588	523
468	524
491	524
495	524
101	525
355	525
409	525
475	525
494	525
568	525
111	526
221	526
230	526
252	526
391	526
184	527
208	527
429	527
438	527
534	527
584	527
63	528
175	528
181	528
341	528
344	528
476	529
1	530
130	530
151	530
227	530
259	530
262	530
298	530
363	530
374	530
444	530
458	530
562	530
581	530
1	531
65	531
68	531
80	531
215	531
246	531
259	531
336	531
444	531
503	531
69	532
97	532
205	532
207	532
272	532
300	532
559	532
125	533
370	533
544	533
573	533
184	534
208	534
278	534
438	534
522	534
527	534
584	534
31	535
133	535
317	535
540	535
552	535
45	536
272	536
396	536
509	536
559	536
179	537
183	537
327	537
499	537
35	538
211	538
277	538
290	538
349	538
427	538
477	538
586	539
120	540
429	540
493	540
535	540
552	540
188	541
190	541
298	541
458	541
462	541
47	542
52	542
93	542
178	542
218	542
296	542
408	542
419	542
447	542
511	542
542	542
14	543
17	543
32	543
187	543
219	543
354	543
563	543
370	544
533	544
582	544
168	545
172	545
15	546
50	546
141	546
199	546
353	546
359	546
423	546
446	546
489	546
519	546
9	547
447	547
39	548
73	548
117	548
172	548
176	548
207	548
245	548
286	548
483	548
501	548
558	548
39	549
206	549
264	549
349	549
362	549
491	549
501	549
447	550
37	551
193	551
255	551
283	551
414	551
31	552
55	552
128	552
133	552
201	552
264	552
330	552
403	552
420	552
437	552
498	552
514	552
535	552
540	552
553	552
49	553
50	553
62	553
75	553
120	553
128	553
138	553
141	553
180	553
201	553
210	553
281	553
319	553
334	553
353	553
359	553
367	553
403	553
489	553
496	553
519	553
552	553
561	553
588	553
100	554
346	554
348	554
502	554
567	554
3	555
184	555
293	555
308	555
319	555
429	555
27	556
190	556
213	556
375	556
405	556
457	556
471	556
340	557
491	557
264	558
548	558
45	559
92	559
98	559
112	559
129	559
212	559
251	559
300	559
396	559
407	559
449	559
476	559
509	559
532	559
536	559
561	559
47	560
52	560
93	560
178	560
408	560
419	560
560	560
210	561
476	561
553	561
559	561
577	561
194	562
227	562
262	562
462	562
530	562
19	563
54	563
111	563
221	563
513	563
543	563
48	564
194	564
265	564
291	564
393	564
454	564
587	564
60	565
99	565
115	565
199	565
315	565
317	565
324	565
331	565
400	565
370	566
269	567
446	567
502	567
554	567
188	568
261	568
378	568
399	568
418	568
525	568
580	568
511	569
42	570
202	570
145	571
335	571
435	571
178	572
511	572
370	573
533	573
65	574
170	574
194	574
259	574
323	574
328	574
472	574
72	575
322	575
148	576
184	576
319	576
334	576
411	576
421	576
451	576
520	576
23	577
39	577
210	577
212	577
275	577
276	577
300	577
363	577
402	577
561	577
167	578
224	578
256	578
295	578
430	578
461	578
149	579
213	579
57	580
295	580
381	580
568	580
172	581
233	581
352	581
355	581
363	581
436	581
530	581
77	582
94	582
211	582
266	582
399	582
481	582
544	582
586	582
142	583
190	583
250	583
184	584
208	584
429	584
438	584
527	584
534	584
85	585
160	585
186	585
200	585
221	585
345	585
397	585
94	586
211	586
302	586
539	586
582	586
10	587
114	587
154	587
243	587
454	587
481	587
564	587
12	588
33	588
34	588
49	588
55	588
78	588
128	588
157	588
334	588
376	588
395	588
416	588
461	588
476	588
523	588
553	588
