1991	1455
217	2737
241	2737
3322	2737
2945	2737
3325	1467
2061	1467
3917	1467
3376	1467
2518	1467
1579	3009
1600	3009
3976	3009
4022	3009
2525	3009
2613	1103
2702	1103
699	1103
2952	665
1474	665
3749	665
3848	665
3693	665
3175	830
345	830
1174	815
1050	815
2686	815
2394	815
611	815
1972	1383
3437	410
265	410
3592	410
1103	2613
2702	2613
1823	341
2064	341
241	217
2046	217
1438	217
670	217
280	217
2240	217
3302	217
3147	2378
1848	2378
2878	3825
2592	3825
1375	3825
2933	3825
3033	3825
3941	3825
3869	3825
1847	3825
2390	3825
3173	3825
1030	3825
1929	3825
2295	3825
2635	3825
1513	3825
3683	3825
3165	3825
2101	3825
2095	3825
2737	241
217	241
3639	241
2046	241
1438	241
670	241
280	241
2240	241
3302	241
2878	2592
3825	2592
1375	2592
2933	2592
3033	2592
3941	2592
143	2592
1263	2592
3024	2592
3869	2592
1847	2592
2390	2592
3173	2592
1030	2592
1929	2592
2295	2592
2635	2592
1513	2592
3683	2592
3165	2592
2101	2592
2095	2592
2069	344
1498	89
1645	89
3929	3681
136	3681
1972	3681
2064	3681
1746	244
111	244
3404	244
1002	3246
612	1522
2448	1522
58	1522
3302	1522
1103	2702
2613	2702
2152	1372
3826	1372
2756	1372
2406	1372
1716	1372
1468	1372
1467	3283
1891	3283
1244	3283
565	3283
2503	3283
3158	3283
2061	3283
3917	3283
3718	3283
3376	3283
2518	3283
1846	1199
2928	1199
3414	1199
2645	1757
2656	1757
2379	1757
1513	1375
3683	1375
3165	1375
2101	1375
2095	1375
210	3837
1739	3837
1508	3837
1318	3837
144	1179
264	1179
33	1179
60	1179
2256	1179
3934	1179
1803	1179
3153	1179
1289	1179
842	1179
127	1179
1544	2862
2738	2862
2106	2862
2038	2862
2820	3834
2858	108
3019	108
334	108
621	108
2691	108
1812	108
11	108
1717	108
3466	108
63	108
854	108
2219	674
3297	3020
1757	2645
2992	946
1021	559
3158	1467
2888	344
2015	344
3965	344
1913	244
2165	244
283	3246
916	3246
10	3246
3229	3283
3598	3283
3325	3283
2938	2808
991	2808
2933	2878
3033	2878
1847	2878
2390	2878
3173	2878
2295	2878
1494	217
2307	217
3639	217
3322	241
2671	241
2945	241
1494	241
2307	241
3050	89
1617	89
1913	89
2847	2702
3880	1363
3050	3837
2938	196
1854	1179
2983	2645
2354	2645
2686	2645
136	2645
1657	1474
55	1474
764	395
3938	395
1806	1716
2737	2046
217	2046
241	2046
2945	2046
1494	2046
2307	2046
3639	2046
1438	2046
670	2046
280	2046
2240	2046
3302	2046
2696	875
144	3934
33	3934
60	3934
3153	3934
1289	3934
1833	1030
3825	1030
2592	1030
2933	1030
3033	1030
3024	1030
3869	1030
1847	1030
2390	1030
3173	1030
221	1030
2295	1030
282	1556
3938	4022
2358	4022
395	4022
3033	1929
62	1929
3383	1929
1356	1929
2158	1929
2390	1929
3173	1929
2295	1929
2226	1929
1513	1929
3683	1929
3165	1929
2969	1929
2101	1929
2095	1929
134	777
1244	2061
693	2061
565	2061
3325	2061
3376	2061
2518	2061
2958	737
3050	737
2848	484
2933	1513
3033	1513
3941	1513
3024	1513
3869	1513
1847	1513
2390	1513
3173	1513
1030	1513
1929	1513
2295	1513
2635	1513
3683	1513
3165	1513
2101	1513
2095	1513
2884	2538
585	2393
1544	1083
2106	1083
2038	1083
2878	3683
3825	3683
2592	3683
1375	3683
2933	3683
3033	3683
860	2340
144	127
264	127
33	127
60	127
2256	127
3934	127
1803	127
3153	127
1289	127
1854	127
534	3947
3887	1130
806	1130
2873	2833
2878	3165
3825	3165
2592	3165
1375	3165
2933	3165
3033	3165
143	3165
1263	3165
3024	3165
3869	3165
1847	3165
2390	3165
3173	3165
1030	3165
1929	3165
2295	3165
2635	3165
1513	3165
3683	3165
2101	3165
2095	3165
221	2835
665	3693
2361	3693
3115	3693
1432	3693
2952	3693
3749	3693
861	2926
3409	2926
1449	2926
351	2926
2498	2926
1957	2926
1467	2518
3283	2518
1891	2518
1244	2518
693	2518
565	2518
3598	2518
3325	2518
3917	2518
3376	2518
344	3965
946	3965
5	3965
2217	3965
3210	3965
3765	168
1851	168
2050	168
2788	1949
2656	1949
3267	1539
1031	1539
2242	2069
2415	2069
2078	2069
22	3157
362	3157
770	1455
2696	89
1263	2702
3592	725
1388	3834
3231	3834
3424	3834
38	3834
2749	3834
108	108
906	108
2382	108
784	2645
3929	2645
3058	2861
842	127
861	1957
3681	1972
2987	1972
1265	1755
2937	3297
1983	3297
2992	3297
1396	860
2312	860
1153	860
1425	860
3544	860
377	899
3349	899
136	899
3865	711
2361	711
699	4026
2779	1937
460	1937
2632	1937
3762	3755
2242	3755
1263	2101
3024	2101
2635	2101
1513	2101
3683	2101
3165	2101
2095	2101
3757	419
3225	419
1121	2060
3445	2060
2878	2095
3825	2095
2592	2095
1375	2095
2933	2095
3033	2095
3941	2095
1929	2095
2295	2095
2635	2095
1513	2095
3683	2095
3165	2095
2101	2095
341	2064
3798	2064
2127	2064
1011	2064
189	128
3562	2737
220	665
2804	3837
3234	3837
3738	830
1868	830
3955	2613
1083	2862
1257	559
134	3891
3925	3891
743	3891
3733	3588
1262	3588
181	3588
1255	3588
941	3588
1825	3588
1467	1891
3229	1891
2061	1891
3917	1891
2518	1891
3147	3355
18	3355
38	3355
1848	3355
2749	3355
149	3355
3822	1537
410	3592
725	3592
3225	3592
3903	3592
352	3592
1991	3592
1226	3592
136	417
3400	1739
3501	2015
2051	1603
62	58
2835	1468
1857	1134
3409	1134
1449	1134
351	1134
1179	1854
60	1854
1282	1854
1289	1854
3718	1854
2461	2060
2696	417
2637	417
341	776
1089	776
1300	312
3718	2064
339	128
2656	128
1913	1708
3302	1708
1001	1708
1556	282
2440	3798
3927	1576
1985	1576
2659	1576
3745	1576
1833	339
