975	1931
271	3400
1690	578
1746	3938
1931	1833
3927	77
89	3816
4022	1600
2127	3501
2613	775
2266	3926
3738	776
3826	3838
3376	1021
2748	1383
2833	2141
3224	2916
699	2702
1739	11
1825	3588
621	891
715	339
1506	682
3592	2307
108	1467
4025	2938
3028	2329
1891	861
11	35
1462	3480
3941	2361
3173	2635
3757	1351
3527	1410
3887	1882
1243	2862
1929	3383
574	1396
3937	1729
2962	3527
1585	143
1300	1025
2878	2167
1617	1539
2	436
3934	1289
1851	3919
1847	3383
3798	3826
312	725
3718	306
1449	265
244	3738
693	2632
35	2050
1825	3544
1030	3173
725	221
1716	711
410	3822
861	1031
2057	2
777	1263
2219	2961
1972	2748
3742	3175
2820	717
991	3028
2361	1449
3865	1718
3501	2415
1913	1432
2656	474
2945	2671
3765	804
1251	875
875	854
108	92
3837	510
3856	10
1690	92
367	574
3762	2415
3302	1645
2756	3436
3955	1812
2903	978
2120	241
682	35
3917	3322
1957	1872
1913	89
1847	2480
2219	674
3937	4022
3935	1251
2930	3745
3937	3225
2788	143
189	4000
3776	2635
946	3404
1021	941
1577	1755
1318	55
482	3798
2820	2833
3926	4016
1585	1351
1161	2937
2078	2838
53	1449
302	3742
891	3973
737	3915
578	436
1657	1585
3283	108
3283	1721
1199	3148
2312	1265
2737	2503
2307	2737
55	1401
144	2295
265	3937
612	1263
1462	916
1248	2595
3838	2969
775	134
1025	377
2493	53
300	4026
2714	2457
3501	4022
2206	118
474	2820
3693	2906
35	1603
1467	715
2050	1522
3606	3626
717	699
442	806
3749	2694
2069	3002
3927	149
3349	1522
3147	1455
1803	144
2873	49
3077	3934
722	3400
2390	3383
322	3588
3480	3115
1833	711
3934	3322
764	804
2295	3941
1746	2525
3383	1356
1270	560
2020	1090
2924	3965
560	2469
2962	778
1645	460
2635	3033
1134	22
3801	3934
2064	3826
612	3588
280	3322
2702	2566
210	2748
324	978
3188	4025
264	127
2861	1729
3409	3915
2686	899
2393	3826
770	3024
3159	1263
3466	2878
3376	3598
2001	1363
1985	3561
2566	1022
1718	108
2835	221
3840	5
3593	3424
2928	1263
2350	567
2382	875
3955	2096
2566	3028
1396	1276
1265	1537
111	1670
1579	136
244	210
3826	1011
2779	2584
3234	770
2480	3837
18	2635
728	3834
2862	3941
2	1255
842	2820
1755	571
476	806
1983	2808
2219	393
2924	665
2406	3937
1803	693
3376	22
815	1050
1022	1665
728	161
3297	134
3409	3461
1937	2981
89	3050
4002	948
1363	1522
2158	2295
421	2958
2141	2858
3749	2358
1030	1847
1282	362
58	220
3325	1891
611	3947
2095	3173
3153	144
2637	3742
2015	770
1282	2928
2201	1609
2378	474
2480	3693
2930	1823
778	244
3838	3826
1089	3253
217	2390
352	1130
2645	3929
1276	1848
393	4016
403	3490
334	334
3588	1255
10	2779
842	3938
717	210
1262	3369
143	3383
403	2370
149	3201
3642	574
2467	3749
728	1363
1161	1960
1467	1332
3989	4025
1425	776
728	3376
1985	2835
2878	1847
3642	3420
410	3437
3825	3229
2584	2983
3801	1848
2350	2847
3976	2862
1716	3246
3840	2370
3869	2878
3834	3941
3887	3776
2232	916
2833	3436
2521	3050
2656	63
2973	722
144	559
1657	1268
2307	144
403	3297
510	2242
3490	3480
3173	2158
2903	2848
1290	1716
3561	3402
797	1089
3050	2106
2498	1134
3071	22
3302	3816
417	1224
3234	1739
571	2480
1449	3639
1248	946
3926	3954
134	803
1872	2238
2756	1534
2467	1825
2050	1645
1708	3880
1467	3376
1174	3561
2038	1153
318	196
2440	1276
2135	2354
1603	3028
1931	3081
2060	3887
2738	507
3642	3980
1270	1257
484	2888
2046	1494
3020	3745
2714	1243
118	2238
1031	3402
776	244
2001	55
3028	1311
1513	1929
1224	1957
546	3926
264	1835
2459	1985
1276	1467
717	367
830	3175
2645	720
22	2878
1729	2992
3588	4025
1512	1300
2962	1311
3297	1983
728	1462
2415	3762
2473	1226
3175	3544
463	1716
362	2933
2961	3934
946	2613
2064	3718
1174	815
2120	3302
784	2613
3283	2503
2069	2242
3436	2903
1396	2158
345	3801
3903	3840
1438	2737
2069	128
2737	3404
1021	682
2455	4028
1153	3414
1708	3776
3440	2061
3349	1577
1803	3178
1432	3490
3995	388
3592	2671
2295	3033
3825	2878
621	3877
899	560
3593	3718
1806	737
737	1372
3856	3210
108	3424
3159	2448
241	280
3938	395
2961	161
3440	3420
2521	2962
1462	559
3848	3925
217	2046
3837	2001
743	1432
35	1311
3028	2981
4023	2861
1739	806
1262	3822
3349	461
1257	2969
1985	463
2525	2448
621	2448
2696	1030
1318	2637
1718	1498
2276	3693
1243	3856
3402	2538
621	3919
300	1717
174	1576
339	505
2046	280
1514	2952
1332	728
1263	3683
1544	33
484	2329
722	3234
3058	77
2038	830
2952	2694
1103	699
2473	1030
1937	507
3926	341
3021	3383
3757	1270
1854	559
3762	715
3188	4000
2379	3856
63	1002
2962	1949
3019	3019
1332	2518
1175	743
899	393
1401	2390
377	1255
35	1268
207	1270
797	2924
2457	2165
3989	421
743	3234
2933	1401
842	2340
2566	1410
1153	3762
3024	2967
1848	3383
2833	842
2969	1401
273	1823
1332	3283
2264	3267
899	2702
3297	1755
3937	265
3178	1356
1265	1755
975	62
2200	2987
2358	1534
2981	3021
3024	2469
3562	1438
127	842
1991	2848
2748	3891
1432	476
1929	2158
2862	2038
2838	2696
1410	3028
2945	1375
837	189
3028	1130
2240	1438
244	165
22	1690
560	2967
3081	2969
4023	174
2101	2095
770	2060
3822	1383
665	3711
2967	3325
1276	3355
1432	2354
1374	764
196	10
3383	3024
574	1716
264	2038
715	1449
1372	3077
3941	2592
5	2888
2393	393
60	49
1022	3848
1432	1494
1665	2779
810	283
3325	3420
916	810
3891	3689
1609	3880
764	1374
3024	2969
4000	797
3157	362
1617	3891
3159	2888
3561	3267
770	2015
2878	612
3376	3917
345	2001
2788	3231
2930	1609
1244	2061
674	174
1263	1665
2656	283
1243	2906
699	3915
3165	2078
2120	2226
393	1432
1847	143
2020	21
1386	3383
1949	1410
2888	2696
2307	217
2307	1891
196	531
3153	1372
62	1929
143	2933
1021	2878
3976	3973
3002	108
2390	3825
2415	3840
2480	2390
3738	3527
3926	3397
3934	2135
377	1050
2232	306
2756	875
2659	1311
559	1846
3225	3592
1025	3115
611	3648
1199	3147
174	1708
134	2903
3024	2933
1263	484
1537	2106
770	1174
1983	2671
585	1721
3562	1263
2992	1983
1854	60
1891	3934
89	3776
3955	2627
1739	474
2518	2095
510	3225
1851	3765
1708	2120
1468	2467
2232	2595
3234	3096
134	2924
306	2803
946	1001
1983	1585
1721	1161
1600	1718
2847	2206
2057	764
3157	2539
2469	2440
1823	3745
2498	2382
1670	2038
2095	559
1262	3588
417	46
3648	1311
3147	1848
1282	1835
3927	1576
2613	1251
3765	377
1508	722
419	2820
1030	2101
1396	3436
2201	2671
136	2645
3834	2862
2393	3267
3400	2903
3718	4025
776	1089
3681	2987
2632	1290
3877	63
3648	2050
3302	3436
3012	1708
3965	2503
2888	3159
149	1134
2987	2200
341	611
559	2459
3188	2440
2714	1954
189	3592
2406	1175
2861	3253
344	2232
1300	1670
1848	2217
1268	2057
2096	611
3437	77
2958	1937
136	560
1690	1318
860	585
1030	3033
144	797
2637	3681
92	3501
3826	2340
1175	3012
3757	2473
891	58
1755	1577
1356	3178
3297	2276
3349	560
1854	144
882	1810
3989	3224
2001	1576
3159	482
2064	3467
161	1891
778	2238
2738	1739
891	3915
2756	5
1083	2862
92	1690
770	2539
322	1812
2158	1983
531	220
2613	2926
578	2808
612	165
3148	2276
1050	2135
770	2379
168	1318
1022	2566
2838	2354
2240	3302
1021	3466
351	1356
3561	2969
891	3437
2924	189
3402	1603
1390	1718
3147	38
244	1251
53	3865
3562	417
3825	3165
665	3002
2702	1103
3888	3103
1263	2933
2627	2714
2518	559
419	3757
531	196
784	474
906	2167
1130	1025
2906	2714
3028	3024
612	4002
484	3021
189	1806
3159	717
3887	3745
3383	2295
1806	1716
2390	2095
181	3865
3838	1262
1001	165
2057	578
2804	210
743	3648
3689	621
1645	220
3937	3711
144	3077
916	2394
948	3283
410	3915
567	3976
1670	1051
565	3917
737	2038
2945	2737
3639	2737
2240	2737
402	1224
3173	2878
2295	2878
1729	1390
1161	1390
2992	1390
1103	2613
2702	2613
165	2613
1263	2613
3606	2613
3404	2613
2042	2613
3071	341
2240	217
2601	217
3147	2378
1848	2378
2878	3825
2592	3825
3234	1270
1954	2858
2297	436
318	436
189	2958
1396	2958
2848	2958
737	2958
1153	2958
1425	2958
2340	2958
474	3880
1645	882
1268	882
2952	2467
1514	2467
1318	2467
108	334
2394	1810
693	565
1276	565
3229	565
3598	565
3325	565
161	565
2061	565
3917	565
3376	565
143	612
482	612
2448	612
3856	393
2361	1432
3115	1432
2952	1432
3955	2350
1617	2350
2847	2350
1891	3440
1244	3440
2001	3440
565	3440
161	3440
3158	3440
2061	3440
3376	3440
2592	3383
2295	3383
1513	3383
3165	3383
3955	3742
567	3742
2933	143
612	143
3024	143
3869	143
2390	143
3173	143
1729	2370
2992	2370
1372	2406
2219	2406
3826	2406
3776	2406
3224	2406
2627	2406
3355	18
1179	144
1718	144
33	144
2848	2201
1468	784
776	2393
395	775
1872	764
1130	546
693	1803
2983	3404
2457	1670
476	3028
280	2635
461	189
2967	118
4025	196
1603	4023
1244	3229
2659	1011
764	2078
196	4025
2046	1438
1248	3915
2873	3058
3501	2862
395	461
505	2962
1462	2473
2358	3749
2601	3201
143	3440
10	283
2804	2903
3019	220
1449	3941
1812	3466
2390	1929
1255	1972
510	18
1050	377
2696	134
778	507
4023	2696
2350	339
3695	2938
2358	2584
1257	611
3598	3229
2358	2055
168	3776
3903	2469
1514	975
1248	1806
1401	2295
2645	2379
2158	2226
2167	1224
1050	2804
2945	3941
1011	3355
1449	2592
1718	1390
3927	1311
344	854
334	108
3903	510
174	3887
2455	461
1255	1022
2051	76
2659	174
3865	2361
3436	3749
2055	2938
35	1717
2493	3527
670	282
699	510
1494	280
35	403
3693	3148
1199	1449
1179	33
2232	1972
3562	1972
161	3598
395	2938
220	3689
2601	670
165	302
3626	875
1025	264
419	144
3148	1846
804	2394
2635	2503
1244	3466
312	3695
11	2738
2264	63
3012	2803
2928	2878
2835	482
3058	1290
3801	33
3376	3466
975	775
300	1670
797	2152
419	1462
2312	395
2378	1103
2141	2158
2390	1375
2498	2238
2051	1386
2307	3593
1872	2967
174	1386
2393	3765
1396	1199
196	946
531	2671
322	2906
1806	1089
273	3937
302	948
1854	127
2457	2858
3157	2926
3028	815
1847	3077
3937	2861
3733	196
621	2057
1311	2001
2340	2312
1050	3253
2878	1263
3887	2152
3639	3562
1268	3947
35	777
111	55
3402	2232
621	3480
1847	3825
3765	1539
2	2748
210	2862
2595	2503
2158	1396
3115	2329
1243	2900
1854	948
1396	1174
3009	3915
3834	2820
3598	1244
3941	1467
322	2
797	165
2232	1833
3935	2378
1718	60
1772	10
567	715
3626	334
1226	3934
510	3840
1268	1351
482	1522
1857	1134
1318	1851
1985	770
682	2354
1539	2120
770	2820
3891	2539
2020	339
1374	2307
1991	341
2820	3757
3626	2637
2440	3096
3201	2637
3856	442
2064	1757
63	2498
1351	2973
1757	3689
3826	11
3919	2448
1332	2061
3880	1954
3934	3033
3148	3436
3937	3028
436	1425
3755	770
3021	770
505	2521
3231	302
92	3225
461	395
3355	1276
345	1579
510	3028
2295	2635
149	2961
1514	3989
803	2455
3033	3941
2584	1960
324	2938
2518	1846
3561	2702
3409	3157
2714	611
3188	3718
715	3424
300	1474
3749	1514
3173	2101
1508	2358
2240	1375
2217	3501
3148	803
3445	2461
1351	2370
1708	715
861	3409
854	2521
1891	693
1263	2493
560	899
803	778
3201	2020
978	2728
1290	2861
1300	3711
711	775
38	3480
674	3937
1300	312
1455	2415
3955	776
3834	1388
803	283
3175	11
1174	3402
3757	560
4000	4025
2042	531
1002	3376
499	1983
3738	3148
1670	89
2848	2354
134	3973
1600	715
1432	3071
3711	393
2141	2958
1512	2
2938	3397
3021	3501
3887	2659
2728	946
4025	2847
1025	797
168	2050
2448	810
1462	3903
2627	3891
377	775
3757	611
728	3598
1244	906
1248	3925
1375	2928
3980	1244
63	2521
1030	1708
715	2862
3848	460
421	377
899	854
442	3937
1262	3973
1449	2361
1882	3028
322	2973
3755	3762
442	3461
3837	3234
1716	221
3642	2276
2961	3404
3765	4016
2095	3869
611	388
3267	3926
2967	2804
461	3246
1603	3402
2382	1276
4000	2632
2694	720
2312	1556
2579	2378
2937	2217
3501	2838
3745	1174
725	507
2354	2878
1690	2518
3012	174
1455	770
2579	1848
1388	3322
3480	3490
2120	1708
3420	3376
273	2659
3461	442
312	334
442	312
1609	693
3606	1544
728	1089
3825	612
2581	419
3297	22
3840	1929
778	2656
3801	345
1537	3816
815	461
60	1718
1383	1579
717	1537
4028	3711
2503	1263
621	3490
3383	3021
1949	410
108	3283
2473	2873
362	1388
2406	1716
1268	3414
1913	1957
1708	1522
776	341
2738	737
1757	2165
3980	3642
3302	2240
875	3738
2457	1954
1854	2256
60	3153
1812	1556
2493	1263
2804	507
2748	143
3402	76
367	717
2878	3383
63	3626
3050	2394
574	2539
3980	565
4002	3711
1383	1161
2928	875
49	2835
2635	2878
860	855
62	2141
2804	2015
2958	421
161	1363
2926	2756
3115	53
417	2696
2057	2938
2354	3840
3798	3848
720	2354
899	2903
1130	1985
1401	1929
2469	1226
3400	1985
946	3178
2878	941
143	3869
3081	1025
2788	3440
1522	1514
403	571
1410	300
417	1386
168	1882
3480	2738
693	1282
2165	1161
3355	3147
11	3826
1757	3915
534	1268
1375	3941
2394	1508
1539	352
4022	3941
3856	2484
3749	720
46	571
1835	344
1522	612
2057	2370
2906	89
2038	436
1514	4025
1718	3856
3588	2952
743	2379
2584	2358
855	2838
312	1718
1255	3733
2101	3033
2518	1083
324	1823
1657	2503
725	4000
2020	1506
2635	149
280	1494
3246	1812
189	3028
3297	717
2393	1268
3789	764
855	2967
3989	3695
2696	1401
612	2938
2961	1244
3877	1251
3947	682
3440	1363
2873	3437
3639	3891
559	1721
1401	2095
2042	2884
1812	3175
2694	784
1332	1467
3856	2737
775	1224
3158	3325
4000	2457
1372	3033
174	546
3402	1534
2393	860
3424	2961
3733	1825
1011	3224
10	806
1383	1721
578	2057
2	621
2264	4002
565	3941
1025	720
1810	560
33	842
842	1179
1134	855
3954	2858
5	1972
3834	3834
436	574
899	136
510	2393
946	2781
2038	3865
3711	3937
2448	1522
1757	300
3561	1174
1083	1374
196	2493
2862	1226
1262	474
3376	1332
3776	3681
842	127
264	2256
2406	2354
2	46
2862	3762
1585	3225
2469	3225
2808	317
3606	410
1282	3711
578	3693
728	1600
2525	3919
3050	2521
2694	1716
3302	339
2480	1991
3297	3681
3869	2592
2858	367
1134	1857
1882	2020
1051	2484
2469	3024
2415	510
975	1803
1576	2637
149	2256
1708	682
1854	3880
210	1356
1854	1803
1226	3757
149	1270
3461	1175
2933	3941
1494	2046
11	3175
1030	1375
2518	2061
1257	1985
1539	725
1772	3050
3445	2060
1050	128
127	1374
948	302
1318	1248
3297	946
2297	300
341	3071
3941	3414
2503	1657
3927	2962
1746	244
1468	1262
1851	221
3755	207
62	2969
1025	3816
665	1474
1851	2884
3593	804
510	837
264	1175
302	3002
2350	3229
3976	339
3480	2983
854	854
2737	3002
161	1276
2714	2728
3021	989
743	507
2152	2838
2748	717
395	1872
1506	264
578	611
3229	728
3096	578
149	2686
875	2967
58	3081
351	1957
1847	2696
1468	221
3404	2958
3409	1248
2120	282
474	2930
244	271
3157	2370
220	1848
2440	975
2878	3376
1617	1806
210	403
3527	3738
2938	324
2613	2467
2256	60
2969	2884
1806	2645
217	2945
2329	2906
3915	1579
2312	2848
244	3888
2595	324
2671	21
3002	302
815	3028
3941	2862
60	3077
665	699
1025	1854
2020	1882
58	221
3480	3848
728	3917
53	3765
941	2167
3681	21
1544	3903
2332	2050
2312	882
1410	1318
174	3711
2469	1585
38	3606
181	3383
2848	283
2749	3480
2924	3681
2394	2656
3527	3561
220	58
35	2051
149	18
3267	1755
2858	3738
1534	1262
1522	3733
2579	3147
737	3436
2961	3355
2808	1051
2167	3466
3903	92
585	2637
1001	1868
2503	2595
3938	2613
1522	2888
3973	2406
2539	574
484	46
3157	1449
3757	2873
1739	2038
1401	2226
3926	546
2930	3436
693	3246
612	3033
1265	1670
699	484
2382	3322
3071	916
89	1670
58	4025
3466	3071
1506	1289
728	1806
3562	217
804	560
4022	2358
1388	3593
2370	1857
1022	76
3937	991
2455	174
3891	3925
2329	1512
2808	2329
1257	244
3840	1226
3480	891
3856	3225
2078	2354
2295	1375
3253	2354
3402	1318
2671	3689
3834	38
2584	2779
2903	134
1721	837
1812	1812
2379	3934
1498	612
3028	1425
2694	3749
3980	3376
2873	55
2938	317
1268	2050
3941	2933
1847	1401
565	3229
1263	3562
282	3322
3173	1030
2645	136
134	546
2930	3935
2937	2256
3865	1226
1645	2050
417	3175
3826	220
2632	2584
3919	975
3437	3929
2924	2808
1739	351
3762	3762
2933	3322
1174	1257
2226	1356
578	1425
2480	3383
837	111
1721	585
302	1262
1031	53
3598	1891
682	3947
1332	161
2987	1954
1494	3689
417	2051
1011	2406
2064	393
1585	2833
2200	2930
1506	1665
2297	318
3973	134
2101	2219
3009	3976
3544	2958
306	1265
1609	3738
2120	2539
737	3848
3096	3891
1498	3588
711	339
3733	220
3955	1425
3376	3420
2217	1356
2454	585
217	1372
362	22
58	891
1375	2945
507	1937
737	128
3420	161
1857	1375
3103	417
1432	2358
244	1609
2141	2952
1130	1833
2480	699
403	3995
5	3965
1265	2808
1468	3369
2206	3976
1263	3021
2276	3297
1401	1513
507	1030
3153	1803
2756	2015
264	682
403	855
2632	4000
3834	3593
128	2358
784	3021
2226	975
612	3695
2937	1983
546	1882
2656	1757
1011	2127
1512	312
2962	1937
861	2498
3234	3020
510	2069
344	2382
49	3153
1199	3400
3033	3077
2480	3980
1351	1001
2120	1539
3757	3903
58	3490
2878	1891
2656	1835
3915	3103
2051	3402
3445	1985
722	339
3989	196
715	1708
803	3148
2987	3440
3934	1179
2981	2808
975	2987
2838	2448
2714	2900
3891	1175
402	417
2961	3606
1474	2694
2945	2240
1806	1248
2354	1372
991	2861
1609	111
2206	2350
3891	395
3420	777
1396	1868
3527	711
3409	1449
842	1721
3765	505
3856	265
2848	1991
474	3826
1011	367
3224	2820
2938	2329
2106	2525
2848	2903
574	3157
837	3246
978	244
1390	1983
1721	559
1857	2749
3891	2748
2046	670
2737	670
682	1506
3402	1022
1506	4023
2973	2584
3648	743
174	3115
728	3826
2835	2459
1721	1383
1438	3501
62	3941
46	3973
1462	737
2738	393
334	875
3762	108
916	1717
2728	978
77	722
916	1462
3234	2584
4000	1514
2595	2613
3973	1318
221	1300
3480	264
534	417
2873	2820
2448	221
300	1806
2848	717
1134	2930
1513	2878
1772	2297
715	3002
273	3745
3178	2378
362	2238
3402	3267
725	352
2873	770
1716	2833
92	3937
2938	775
92	2645
3695	317
11	1812
3480	3440
722	1645
1262	302
3955	1276
1718	3941
3229	2350
3225	665
3440	3980
743	3096
1199	861
2804	244
3283	1153
1690	559
1972	3955
2493	2106
3869	1375
3693	3115
10	3115
505	810
611	4028
699	3718
484	2928
3490	1031
2788	1949
33	797
3917	3934
1868	1351
1579	770
1244	3158
2862	1467
3980	3158
2748	3383
1083	2038
3369	3178
189	1011
2340	2888
1474	665
1372	2152
2332	1174
1506	1708
565	2061
3869	1513
1891	161
560	578
2158	2592
2469	2120
842	2645
77	3402
2696	1708
334	3626
2095	55
2781	1300
2637	567
861	1506
2930	3021
1537	2165
510	2937
3801	1351
3840	855
2728	3283
1854	3718
2370	2992
1985	3020
2945	3302
3012	2332
1577	1991
2961	410
1833	1248
978	1835
2884	1514
3840	2788
2200	421
3297	2820
2906	2329
1882	1265
217	3639
4022	2903
118	1396
2096	3201
2307	2518
2276	2484
1522	804
2702	3404
2862	670
1276	3955
1812	1051
725	1255
300	1051
271	1772
2788	302
1134	3648
3693	1670
3648	1318
76	1617
674	3020
3050	1257
362	351
4026	743
3402	77
3077	1718
2167	362
3028	3826
2938	4025
3400	1199
3917	3325
3071	3877
1514	189
3947	777
2952	1449
3028	3937
2378	3178
1755	3157
1772	3175
168	797
3020	3937
168	916
1514	1522
345	2930
1383	777
776	2201
4002	810
2101	2480
3480	875
3848	1248
3414	1268
134	2696
778	3071
3402	674
728	2440
3848	737
2240	280
334	2613
3436	2152
3865	3414
1514	55
1282	2933
2903	1251
127	797
2484	300
1539	891
55	1318
3501	92
1718	1449
743	531
189	2686
2833	92
1449	351
1718	3283
3562	2454
134	3925
35	717
2358	784
1991	775
3765	134
2050	1718
1425	559
3461	2050
778	1690
1514	2884
1224	2167
3776	3801
3148	3693
2095	3383
1356	474
860	1846
1255	1539
1383	89
682	2861
306	891
2312	1153
2440	3980
3165	1513
906	2878
2354	2645
2055	1498
784	2983
3865	3762
715	1857
2584	1290
3980	612
2613	3397
3077	2390
1847	2592
2804	2440
3745	1576
474	2788
1665	1645
2861	2916
196	2858
2714	2808
18	2967
2448	3302
2020	174
136	2379
2808	2457
2020	611
1050	1846
1243	665
2440	3798
3402	3103
2525	1265
402	3955
3437	899
108	4022
1449	1199
1462	2926
3028	339
2358	318
345	1512
2406	1363
419	3225
3593	1846
717	2457
2645	35
1432	743
2686	1257
442	3115
3592	2916
725	484
2962	806
1983	510
2888	136
2903	2584
1585	419
220	2480
2378	49
559	1351
2987	352
3229	3440
410	265
3028	2051
1276	2001
463	1534
1600	861
1390	2266
1960	324
482	1410
4002	505
1175	264
3877	621
317	2924
3834	3424
2686	2645
3383	3165
3253	499
546	3947
3891	134
1746	743
1257	3437
2702	367
1603	417
1390	312
10	273
2393	3383
1645	2264
1577	3349
1265	717
3267	2264
1534	339
3938	1022
463	474
2350	3955
621	2226
367	2276
737	1051
777	2329
984	436
3096	743
941	22
2967	764
815	2394
2503	2264
3683	2295
670	2671
1835	3934
2448	149
393	2962
1708	442
2518	693
3173	3383
989	1276
585	2393
899	3349
2656	3856
3865	2038
2001	1244
62	3024
58	2987
2473	3776
1848	1514
2848	2928
1001	395
1175	134
3445	1603
2635	3383
2152	3947
210	1161
1690	1857
3776	2601
2779	2015
1846	144
461	571
111	4016
3480	2878
764	3606
578	3588
1823	3397
3562	882
803	393
737	3929
2120	3383
1835	3856
2595	2847
2847	3009
2637	560
2480	2329
1226	715
3919	2525
1960	1257
2415	2354
1937	3938
2637	49
436	318
3081	3050
1030	3081
339	2350
210	1383
484	3938
3639	670
2152	3850
1721	946
1410	778
3995	1954
1537	3404
1356	3437
2518	3598
217	2671
46	1512
728	3501
1282	92
2981	2461
55	2295
2358	1670
318	395
419	2078
1270	2967
611	991
1846	2295
217	3322
2987	3159
3397	2938
946	196
312	507
3562	189
3178	2686
2820	49
3742	3938
1600	1957
2916	693
2967	2656
2933	693
1539	1255
559	2295
2354	1957
11	2983
2096	699
352	1226
882	899
2120	670
1670	806
2390	1847
2152	3888
2728	3919
2808	3965
10	1390
1179	1854
2659	1001
1282	89
1263	1847
3765	720
2078	3002
1929	1539
3402	3648
2503	776
3593	1318
265	3711
1803	1806
891	3919
306	1949
1872	1848
3501	1467
2354	941
1812	1396
49	3934
3077	3801
2847	417
2219	38
168	2020
2952	3409
559	1270
2	1812
2141	2926
1130	3115
1721	436
2158	3683
265	306
3695	3733
2518	3157
1913	1030
35	2748
1390	10
3934	1854
3420	2064
1846	860
128	737
2694	3935
2635	62
2015	2756
3838	728
1410	1090
2096	3349
1803	436
46	2888
571	1022
1174	2847
2861	3153
1577	1265
1851	168
728	3188
2461	722
2967	3158
1282	265
1363	699
2394	916
2406	1011
1175	3642
3825	1263
1248	1603
3103	1755
3927	1270
3383	2635
3683	38
3840	3776
3762	207
62	1848
2958	1425
4025	10
1175	1657
2001	1174
711	377
1002	3919
2240	2415
1854	410
2686	1161
3096	1534
975	1025
3028	3445
3976	1739
1913	711
1806	35
3927	1134
3325	3229
3749	784
715	3283
2141	2120
3283	3501
3789	1257
3077	1803
2015	989
2096	403
567	2350
2702	3880
18	1388
2264	3058
2165	3246
2983	2987
2958	3544
2538	3738
2394	2276
725	720
210	1011
899	344
1985	2873
1244	3980
165	612
367	3115
1891	565
3745	283
1449	3834
3058	1579
2627	3919
3400	3178
2158	1585
1872	1449
682	2803
3420	1332
1050	815
693	2928
813	2595
3880	3834
1708	2232
2390	2046
978	1645
3414	2862
3210	665
351	1857
1690	1957
611	546
612	3165
1199	1872
2394	3915
2046	2696
559	1226
3383	2256
1363	3159
2728	1868
2095	2635
1318	3404
4000	728
1848	1396
21	419
1449	3409
2069	3965
899	682
3028	2394
2637	3626
3409	3224
3822	2480
778	2686
991	3776
1708	2307
1690	362
60	2961
2141	505
1931	1011
3865	3941
916	1806
3173	612
2459	3695
181	728
2106	2393
2060	3058
60	144
3934	1847
2042	743
2833	2694
2382	3917
306	3437
1401	2001
2480	3148
3850	916
737	1534
2781	3695
2378	2884
2307	861
1318	2312
2106	946
3880	2276
674	220
860	127
2455	1755
3058	2779
1263	165
3865	830
2916	484
1512	2329
3648	3402
1498	3461
728	1803
2928	1375
2539	1396
3283	3325
1670	111
3965	1954
1022	1268
2001	565
899	3050
2232	35
280	2046
1372	1716
2820	2469
3173	1847
3173	3024
58	2804
3253	1372
2201	804
461	4016
474	2158
975	3383
4002	2493
1121	168
2101	143
1438	1657
344	210
2370	3937
560	4028
1455	2440
312	2804
2312	860
1708	2696
3349	611
2738	3738
2714	3711
3711	1282
3173	2592
264	2238
2295	1847
2858	108
3681	403
2448	891
4026	312
1882	546
2358	612
3400	722
854	2266
975	2833
1823	3935
3397	1251
3798	3938
2987	58
89	2329
3745	1290
2581	3776
1282	861
196	3733
1846	1199
1374	1050
3466	941
377	2015
3028	837
3903	2873
3028	2803
777	3420
2983	3148
3887	3973
1022	1130
560	1810
134	854
699	2480
55	3165
2415	2838
62	531
220	3733
476	3947
3976	1410
1755	2645
1985	3695
3877	334
2200	2926
2276	3816
108	1002
2060	77
1051	3765
1332	3376
803	134
476	53
2601	1585
2803	35
1985	1089
3024	2635
1175	882
352	3973
3501	2135
2938	1498
2297	1717
2455	3856
1847	3024
1534	1716
3012	665
18	2937
2358	2983
463	770
534	3947
3941	3941
891	282
1255	1825
1383	210
2095	1030
2848	312
2051	2702
207	510
111	1617
3934	693
339	1410
3915	1757
118	2808
3234	1823
4025	220
2838	3019
2728	324
984	2938
1255	2
4028	1806
2938	1537
1467	1363
2781	946
2691	108
1011	3718
3865	2862
221	725
3229	2001
861	3917
3253	3501
2635	2480
2354	484
2884	2525
1670	2538
3937	3173
10	1462
2135	1803
1121	611
1388	2061
4002	2962
2217	1983
2613	2042
776	2656
3440	1891
3173	1449
810	2962
1991	1161
3822	2906
728	1001
2069	196
3825	3383
3840	2127
3689	3891
2748	1011
89	2480
3834	1363
3891	280
165	2601
837	3765
611	560
2937	2969
725	1556
3157	3297
2069	1390
3024	1030
2632	842
2484	3856
3941	2928
3838	2440
1803	3934
1425	2038
1396	860
1011	3115
181	181
2046	2240
2001	1467
3877	3071
2390	3941
2992	2861
3325	728
1030	3869
2945	3562
978	3283
2361	3115
806	3926
2295	1846
764	2808
3915	4026
3765	442
2804	3915
3816	136
1467	3598
2480	991
2266	1498
2858	3188
3229	3917
2981	784
2862	53
2394	2406
1539	1803
2106	1544
1857	861
174	18
1772	300
2240	241
3466	1002
393	53
2967	2808
3562	3915
2779	2358
1332	565
2933	2878
3009	1579
720	3436
682	611
3490	682
2967	2518
1002	22
2635	1332
2808	699
2354	3789
3989	3856
2064	3880
2788	2820
2015	2358
3801	3028
3891	1806
341	1991
2981	1410
2158	1929
1244	2001
244	875
711	2361
3891	1617
1991	134
1603	2051
3103	3822
975	1514
1514	776
3376	2967
1179	3934
3147	2226
3561	1410
1579	3562
1708	1449
352	1022
317	2167
578	2467
1396	2457
2167	941
265	108
3934	1718
1265	1498
2219	1179
1270	207
3033	3934
3848	665
474	1739
210	344
460	784
1432	2694
776	3738
1011	476
585	1161
1708	1708
3776	991
419	2095
2728	3938
1600	1248
210	3938
1585	3757
1363	2987
1512	1425
1846	2518
1514	1851
1438	2046
2983	2219
1757	3693
2219	2415
3402	3562
1954	3738
3642	3915
3776	2473
720	377
1494	1401
2525	3929
1812	3742
1882	2455
3837	1270
1954	461
3159	1383
2702	76
388	682
3081	1929
2378	711
410	1949
1300	345
1857	1810
4016	111
3349	300
3467	3927
461	2276
1537	1083
3834	3865
3880	2454
1474	743
2938	1665
3838	474
3175	3742
3009	417
560	743
2354	1432
2141	3096
2448	1103
1506	3934
3934	2581
3880	3648
2095	419
2595	2737
2361	1224
2350	1224
855	1224
22	1224
715	1224
948	2728
505	2728
1130	3887
3283	1467
2266	1390
1462	3757
2973	341
2064	341
3837	210
978	210
2737	217
241	217
2671	217
1494	217
3639	217
2046	217
1438	217
670	217
280	217
1375	3825
2933	3825
3033	3825
3165	3825
2737	241
217	241
3322	241
2671	241
1494	241
2307	241
3639	241
2046	241
1438	241
670	241
1375	2592
3033	2592
1263	2592
1030	2592
1929	2592
2295	2592
1513	2592
3683	2592
2069	344
1498	89
2696	89
3050	89
1617	89
784	3681
3929	3681
136	3681
210	244
111	244
3404	244
1913	244
2165	244
283	3246
916	3246
1002	3246
612	1522
3302	1522
1103	2702
2613	2702
3973	1363
89	2696
3693	2696
2808	991
2518	2001
3980	2001
2938	436
3369	436
3749	2958
1812	2459
2961	3424
2749	3424
2878	3941
2592	3941
3869	3941
2101	3941
1383	728
3834	728
3798	728
1375	1263
2933	1263
3033	1263
3941	1263
436	2297
2737	3639
2671	3639
1494	3639
2307	3639
2046	3639
670	3639
280	3639
2240	3639
1755	3267
1356	2158
2969	2158
2659	2973
2694	3021
1872	3021
1670	3021
1835	264
1718	264
33	264
60	264
3153	264
352	264
1289	264
531	1721
2748	1721
861	1449
2238	1449
2498	1449
2926	1449
1512	1772
345	1772
2804	1257
1282	1257
344	2888
1848	1251
2728	948
2714	948
505	948
2738	1544
2038	1544
1083	1544
1579	3976
143	3683
3024	3683
3869	3683
2390	3683
3173	3683
1030	3683
1929	3683
2635	3683
1513	3683
3165	3683
2101	3683
2095	3683
1534	3096
3689	3096
2415	2069
1534	3157
1857	3157
339	3157
317	3157
1449	3157
362	3157
1810	92
2967	92
1757	136
2656	136
1130	1386
1372	1468
3436	1468
3175	1468
144	1854
60	1854
1289	1854
127	1854
1121	2060
2878	2095
3825	2095
1375	2095
2933	2095
3941	2095
3024	2095
3869	2095
1847	2095
1030	2095
3683	2095
341	2064
1757	2064
2788	2064
3826	2064
1931	2064
1823	2064
3467	2064
2127	2064
1011	2064
189	128
3461	1498
1265	3490
3826	3224
2232	1600
2635	207
2361	3865
1537	3856
210	507
3934	1351
1579	1410
3606	2219
3033	1929
2987	3995
3440	3917
63	2738
3561	352
1396	1270
2691	3019
737	3826
2833	2579
2702	1248
280	1872
2448	302
4025	3689
722	2804
1282	1854
207	3840
2969	2579
574	3103
1806	3826
3825	143
1846	2493
1375	60
578	3096
2595	128
1351	1872
3544	1243
1522	2613
534	3888
2276	2900
3081	2226
3588	2938
3158	3229
2861	1891
3865	1374
4026	2952
2632	1282
1388	2928
3414	715
2354	720
3742	855
1374	3865
1474	55
2820	474
875	3019
3642	3081
2962	810
1657	2219
2448	2525
482	2983
111	3648
1410	3445
1954	3995
2900	3989
2503	1954
3544	2340
38	3593
2981	989
2888	484
1657	1175
1474	393
2480	1847
395	2
2659	674
3178	1262
1425	2165
2933	2592
2888	302
3925	1248
306	1282
764	2601
2930	2952
3733	1255
1390	1161
3798	474
682	3937
1810	393
3880	1270
2737	1657
1506	2020
1716	2358
1224	417
1226	2581
784	813
3165	62
3947	1268
484	720
1718	3077
2958	2480
3934	3225
3325	1244
2297	322
975	421
507	2738
3297	1432
1847	861
978	722
2702	221
875	1262
891	3490
1913	317
2671	3934
417	136
3588	395
1716	2219
11	764
3297	3466
1739	3976
2256	49
3440	3355
1134	351
3639	2307
1868	1372
2808	720
2378	1954
1755	3816
2691	875
1803	1854
1514	35
1972	2232
1585	1270
161	3325
2820	2127
3745	1090
4022	395
2078	3501
2967	565
1585	2873
1383	585
1351	2983
1806	1803
3050	1603
5	3816
53	3115
2808	1848
804	3681
53	1708
2095	3825
505	3711
3733	1522
3480	3593
3648	367
3077	127
2632	3021
312	1300
855	1556
3917	1388
2354	2406
108	181
3188	2958
3856	3822
18	2120
367	2521
682	991
2266	2264
3980	2808
3973	352
2779	1985
861	2046
1891	2967
2581	2820
2903	1508
11	1396
2962	2637
2714	1577
717	2888
1011	189
578	3798
136	417
2106	1746
3071	778
2539	2057
3903	419
2518	565
4025	1833
2983	1318
2415	2961
3937	1050
2295	2101
3934	797
2820	2788
2240	3322
2480	2906
393	571
442	1175
482	2987
2226	149
2106	2862
3869	3165
1665	2461
3246	3175
3954	810
3733	2484
1690	2467
2820	419
1375	1539
3349	2656
2158	55
3229	2518
916	1363
1175	682
2928	2694
143	3776
3648	560
1401	3033
1372	2046
2635	3440
2781	2061
3437	891
1425	2312
2539	367
612	1716
770	2833
3989	2900
1645	89
2539	3157
2266	3695
161	2961
2781	3917
352	3159
1449	1690
2219	306
1757	507
3234	2141
476	2
1030	221
474	2969
1810	682
4028	882
463	784
2926	1248
531	3081
2888	2201
1972	1383
1021	2354
842	3246
302	3822
1708	1001
144	49
3989	3891
3755	510
2393	776
3461	2926
3148	2906
1854	302
3816	3593
775	395
1882	3937
3762	3002
1755	367
3934	1388
1467	3440
2848	797
1467	2518
2158	1356
3711	3856
62	1356
3850	1011
2635	3840
3865	265
3742	567
1929	3024
4002	2728
1251	2378
1332	1363
2055	436
128	2958
2167	1449
559	1257
2378	1251
3147	1251
377	3976
2613	3938
1872	3938
764	3938
2165	3938
3414	3938
108	11
11	11
2962	3926
1913	3157
2167	3157
1134	3157
3935	1960
3225	92
2584	92
1270	92
720	1468
2961	3903
1257	770
946	317
3050	1356
3050	3058
3834	3231
693	3598
317	22
1410	324
2256	3153
280	118
1103	2064
670	2737
3937	53
3077	144
1983	2937
92	1462
3626	505
3848	1757
3826	2
804	3593
3798	2440
2961	3593
2967	1891
322	1772
2906	2001
1848	770
282	670
674	1090
3397	1425
1717	2297
3965	2484
778	854
1534	463
127	1846
1449	3002
207	3762
1425	699
804	1174
2295	143
3762	2838
1318	1396
3755	2069
1556	2539
2467	3880
1913	1224
55	3024
1508	3021
3019	2691
3157	1134
21	611
830	611
388	2748
3955	35
4016	728
891	3689
2635	2987
1174	804
1318	3402
2057	2539
1363	4022
3648	3995
118	3383
3297	2803
3955	1972
3071	1717
3383	3941
3937	3234
1031	196
2748	2232
2120	2448
2240	2945
2873	3757
388	1603
3229	60
770	244
1833	813
882	1268
3376	906
3009	367
3850	3776
1090	2135
3175	3369
3297	2992
393	2393
1522	2632
3050	810
2038	2312
916	1868
1089	1806
3856	2457
62	3383
1960	2969
699	1757
2046	1372
1522	2238
505	3626
345	2459
743	2748
1134	149
1823	3071
975	2884
1386	806
2461	2060
3733	3695
1665	3588
1665	978
3995	1030
2781	1537
322	2459
1462	725
11	476
436	2055
2601	837
2361	1153
2969	1356
837	2686
136	1972
3201	165
55	2101
1585	1983
611	2967
2937	2370
1199	2635
3856	3711
2312	77
3606	2961
1300	3738
2862	1544
2632	35
3033	2046
2206	2525
2962	244
2525	3383
165	244
21	2967
344	334
875	1868
1462	2467
393	2738
1494	2120
813	1031
388	168
300	312
1022	571
280	3891
2930	3369
1806	1175
1854	128
3877	2493
3490	621
3689	2930
482	1318
2779	3058
1512	4000
2858	2858
2406	2394
134	4028
770	345
1375	1030
1248	2167
3028	482
3355	510
778	2106
3989	1857
1739	1243
3995	3648
2969	3024
3437	265
2201	2448
3420	693
1657	665
436	3369
210	2106
2847	4025
241	3865
2961	3683
1498	1718
2873	345
2238	1374
221	317
1690	2167
1600	1363
1739	3369
531	3148
1262	3175
1255	725
989	2217
1248	1833
2820	3297
217	3153
3976	1153
2340	1396
559	2671
352	2051
35	3028
3165	2390
344	3437
3490	1757
2206	567
2983	2645
861	1847
2394	815
1103	948
842	3153
3598	3283
4028	1721
3461	53
682	1175
2686	3789
127	33
18	174
3402	2332
842	3178
2671	559
38	3355
3938	2728
725	559
280	241
1161	2903
1603	76
1449	1226
174	442
2781	221
351	3400
2838	1224
665	3012
2926	775
3201	797
764	2967
2167	3071
3173	1513
711	1130
2967	2061
362	1224
1174	2702
3826	1372
2503	3283
3158	3283
2061	3283
3917	3283
3414	1199
3776	1757
2379	1757
136	1757
571	803
2737	3562
3683	1375
3165	1375
2101	1375
2095	1375
210	3837
1270	3837
77	3837
2938	196
3231	2820
63	108
854	108
220	674
1468	674
2916	3020
3935	3020
3297	3020
941	3588
1244	1891
693	1891
565	1891
3229	1891
3917	1891
3376	1891
2518	1891
1467	1244
1513	2933
3683	2933
3593	3355
1388	3355
3424	3355
3147	3355
18	3355
1848	3355
2749	3355
3880	2232
3355	2961
1388	2961
18	2961
3480	2961
2127	2788
1949	2788
3935	1534
3157	1534
35	3648
1311	3648
861	1857
3742	3955
2206	3955
1514	2924
196	2938
3369	2938
436	2938
2	2938
2297	2938
1812	2938
318	2938
89	1498
2952	861
3409	861
1449	861
362	861
2238	861
1134	861
764	1746
1508	1746
978	1746
1224	402
2361	402
855	402
1913	402
174	2332
2900	442
53	442
2938	984
436	984
571	806
3115	806
1130	806
2728	4002
505	4002
3711	4002
2861	3058
1290	3058
1031	2096
3402	2096
720	2694
111	2694
3021	2694
2358	2694
784	2694
3865	2152
1514	3826
1011	3826
2480	3826
1388	3424
317	3424
3480	3424
38	3424
3825	3941
3173	3941
3188	728
3973	1579
3976	1579
3349	1579
2645	2354
2694	2354
1665	1022
4016	1022
546	1022
574	1022
3231	3762
3002	3762
2078	3762
2069	3762
1991	3762
1757	3776
2219	3776
2656	3776
3231	2242
3825	3024
2592	3024
2933	3024
3033	3024
3165	3024
2101	3024
2095	3024
2983	2406
1716	2406
2788	1931
715	1600
2238	1600
1857	3409
3461	3409
3915	3409
2938	1812
3369	1812
436	1812
2484	1812
1717	1812
2256	144
1289	144
144	264
560	136
3165	2095
1425	860
1153	670
2702	1268
2057	2440
362	3917
217	282
804	3349
3840	1585
3689	725
1432	264
3501	1226
2952	300
3840	2601
2601	241
510	3002
4000	1721
612	2878
1556	725
612	2390
149	143
341	3695
3369	806
775	3742
3071	1432
1332	1276
1972	3880
1857	1449
585	2165
46	3224
1179	3683
1262	2987
1972	2127
1539	3765
144	2095
265	1449
403	2696
717	2050
2645	1755
421	2493
2061	1891
324	3749
1991	4000
388	3776
1375	3158
2480	3115
3028	1121
2686	244
3355	1848
1270	1556
2579	1251
3376	3158
3229	3158
2838	1534
2015	1931
2595	804
2635	165
2057	1268
3302	670
2987	324
3246	1716
2454	2493
2312	2238
2728	3954
1175	3681
1462	3965
3414	882
2042	2858
4025	2926
2152	220
3115	804
3606	165
2493	4002
3891	2266
2632	1011
2101	3173
1514	4000
46	77
3825	1513
1617	3955
3159	436
1134	1396
3937	3297
165	3606
1243	3544
207	1455
302	2808
3980	3325
3757	118
2141	2226
312	55
1449	241
1514	2756
1514	717
4026	3349
1716	989
777	58
3369	283
2906	3148
2613	3733
377	3848
2219	665
2232	2656
1739	3544
2579	3021
1134	2498
2200	2120
2916	2217
3424	108
1268	534
2601	2503
241	2862
1600	3009
1708	3865
244	810
302	1089
2064	1708
1030	3302
1803	916
1001	3955
2803	3028
803	461
3825	2350
1603	1985
3369	3400
1248	322
2808	1265
1513	62
300	1645
2219	3925
3436	2756
136	612
3501	510
946	2808
395	1868
1931	2378
2120	2884
3745	273
221	312
1757	2379
776	2645
3934	144
3501	3903
3050	2873
2926	2930
3157	2295
3225	2961
510	803
3283	715
3461	2938
715	3865
1882	3887
1351	3757
699	2613
108	2858
3880	728
1372	2756
55	2158
3762	2242
2987	3096
1556	3096
3989	1512
1772	1512
861	2167
1351	2469
1585	2469
1396	2340
2361	3693
3115	3693
111	3693
3765	168
77	168
2050	168
3267	1539
1031	1539
344	2069
1226	92
300	3349
1579	3349
1263	2095
283	3369
3877	244
3544	1772
1657	280
806	442
815	991
3798	1022
720	2038
3096	3562
2756	2217
410	1854
144	2354
3926	2264
2967	711
2264	1645
3865	1438
1931	377
3165	1401
3020	3402
2987	803
1708	1276
1021	1717
1617	1498
815	1746
3028	1050
2480	1265
1891	3158
1134	49
1011	3467
2756	1468
3436	770
1244	3297
797	510
2378	571
861	2952
3355	317
1179	1718
55	1174
1985	2060
2738	3409
1374	1224
1718	3934
682	264
3915	410
2158	1401
3856	3148
1854	797
1823	674
1011	3028
2498	1957
2737	1438
3178	1665
2459	1396
1438	2862
3009	3888
1425	1001
571	717
3148	395
49	2484
3173	3937
1410	3927
2455	1882
77	3745
393	442
3888	3009
189	461
4016	546
1282	2061
1001	1383
2167	317
221	743
3965	5
2584	2656
1576	3745
1609	2637
2078	1455
220	3050
3937	3467
3302	3322
1251	775
3856	2781
2967	1270
3789	1270
55	3826
2847	2637
417	2637
2525	2637
3349	2637
4025	3188
4000	3188
2962	1248
2165	1755
108	3976
2015	2632
3246	1011
1001	830
3400	3414
1851	3480
4016	1854
1468	946
367	2702
784	482
806	3369
1276	3980
1670	2808
1022	1410
1051	1851
891	3480
3019	2738
3175	3246
2878	2635
1708	3012
1498	2266
2206	1617
2152	510
882	806
3420	2924
1175	3201
797	2714
770	2078
1708	1600
1522	165
2393	2106
1396	1425
33	127
1854	803
2728	2521
1812	2340
362	2167
1534	2930
1270	2361
3639	108
367	3919
1179	264
2838	402
76	770
3020	393
460	3848
837	3626
2332	534
560	3681
217	1494
2952	3544
3965	1268
1670	3693
3562	3689
1972	3681
3757	2312
1363	728
3103	1103
144	419
1410	3402
2820	46
3626	854
442	665
2933	1030
2101	1263
1600	3461
531	1300
2415	2240
1031	1265
1356	1494
3789	1175
63	3877
3267	1833
2961	18
2835	49
2101	2592
1226	2820
484	2354
62	4000
482	777
2461	4026
3980	3598
1425	815
2015	344
2467	1262
559	2078
2307	3322
3527	352
1396	3648
875	3626
3024	1937
2738	3877
3115	3816
3718	210
2455	306
1383	2329
1803	2833
2961	2101
217	1657
1356	2467
2297	324
22	2354
2242	510
3776	546
2127	2242
3642	2503
1985	2861
134	2838
76	2060
220	2952
3002	2635
417	402
3789	3157
77	1576
2933	2390
1375	3869
189	1410
1665	1603
1030	1913
3973	46
476	3681
574	3642
1401	3941
717	2521
3050	220
4025	3283
1425	1512
2983	2738
1089	1985
2378	1290
1657	2945
3887	149
3816	1537
2969	2937
842	2579
2238	3461
3954	1251
2001	161
3856	1537
3927	46
3267	417
611	3757
2671	2312
3711	505
402	1913
3297	1716
2933	3173
2738	3880
3157	3409
196	3856
2525	2737
2120	2987
2503	3420
2924	3642
143	388
21	3681
1383	474
2613	312
1847	3941
728	2038
1244	2967
58	2448
1386	417
1438	280
1270	804
2627	3955
1957	2498
377	1757
2484	2858
2503	1514
393	882
3283	1332
322	10
2862	108
2379	775
344	1089
118	1657
728	92
1812	775
2930	3383
3606	1103
804	2217
3626	2952
1432	1030
2756	1372
1810	410
3989	2
3955	388
1425	3955
1268	1022
4025	395
906	3466
1410	1022
189	1311
46	417
2493	3891
2240	670
334	1812
737	1522
1410	3562
2728	4022
1806	1617
2354	3755
417	3402
2061	3325
2232	474
3888	2962
2916	436
2518	2295
3801	49
3848	1022
1153	2361
1717	300
2835	1161
2459	559
108	53
715	108
728	3325
3383	2480
2696	3934
317	946
3598	1332
4028	815
2473	2469
1265	3816
2987	3081
1960	2525
1544	1153
3776	3201
1386	3302
2394	2632
322	1248
2539	2200
393	1270
1438	2307
1226	1351
743	367
2930	1311
2933	3869
1949	306
916	2232
324	2659
3980	1891
1891	2061
1449	3424
127	264
2835	2001
3158	693
2714	2627
2873	842
118	3626
35	2232
797	60
1991	1577
2484	1585
2656	46
2962	2127
5	499
1318	136
3490	1265
1263	2069
1375	3322
2539	1534
3848	1806
1577	1539
461	1954
3683	55
282	1494
1161	2686
2945	1544
3175	1534
2862	2361
271	3050
1972	2503
978	3749
2226	2015
2120	775
1251	3397
837	2635
3915	574
4022	339
722	815
2448	2015
280	3562
1556	3681
2595	1972
1030	3941
1248	3681
3024	3081
2200	725
10	803
989	2200
3081	1356
1363	2232
1665	1386
1255	62
764	2095
3115	682
1263	612
3028	1351
989	3021
4000	1425
1513	3024
770	737
728	948
3349	2952
2973	322
3490	1432
3838	351
1199	2226
1514	1251
3369	1262
2637	534
2967	2457
3302	3445
1356	2969
128	1363
1179	127
1025	1803
560	1657
3409	2167
3148	2165
1514	2503
722	2702
265	1282
3816	3349
3822	2455
2055	3369
830	1425
3980	2635
2448	1833
3915	2973
2933	1375
1153	3976
2276	3302
975	377
118	1270
3976	4022
2484	2256
803	4000
2659	3776
984	2297
35	1755
2378	3527
341	1823
3490	2266
3816	891
2120	711
891	3980
3077	861
1585	3838
2484	2579
728	3158
3693	111
3009	1455
393	682
207	891
2525	3009
693	1388
3253	3210
3561	2461
978	1534
1508	3733
2078	3755
1375	62
1716	2645
1846	2307
2340	3955
2539	2987
1050	1372
1050	559
3322	861
717	2201
144	860
2906	322
3325	3941
221	507
3544	3461
463	1960
484	2696
2379	3681
3103	1772
2645	3436
2848	585
1030	2933
2804	2525
1937	3024
2803	1498
4002	854
1103	717
2312	1425
2930	282
1603	1121
2961	3158
2961	2240
3501	2242
3995	611
1985	3402
3021	1670
2295	2158
3639	1494
1508	3837
1833	2238
1544	4000
1318	2060
728	3838
1603	1617
410	1537
1537	717
3153	49
3593	1514
837	3965
916	803
2297	2055
2937	174
565	3376
3021	2756
1265	611
1449	2862
189	3420
2694	1474
2158	474
2135	567
3355	1983
612	244
860	2095
2862	3414
11	837
1810	306
778	1851
1985	1410
3935	3397
2808	21
1506	2696
2952	220
2158	3096
3165	144
144	33
2952	743
3648	111
2467	1318
220	531
3903	2581
804	899
2106	1083
241	2737
1585	3840
3466	317
3246	1002
1351	510
460	3749
717	797
3165	1224
2001	1401
2232	1717
3400	474
1513	3941
837	510
149	2659
300	2297
46	1248
2808	3980
165	1746
3825	2295
531	143
3926	2525
2981	3927
3838	2158
1534	1985
1585	2256
2928	1513
1268	1657
3234	1257
1244	2518
3919	621
108	241
2728	1390
2728	1718
2200	3490
2200	1455
4016	3926
1931	1455
3711	1498
2702	2332
2455	442
4016	442
2756	2152
2838	2152
3989	2057
2	2057
11	2057
3355	3593
3402	403
3995	403
1468	3436
306	2219
510	2581
482	46
77	46
4026	699
510	3231
3755	3231
317	1021
3937	3762
1721	2064
3689	2329
861	22
128	2847
2120	1199
806	1670
33	3501
1244	1276
1617	111
3404	2503
2329	2276
2884	1134
2525	3926
1556	1270
2847	1248
111	2219
711	1432
58	531
1857	2167
341	916
2938	2808
2038	1670
1514	813
2467	3588
1174	899
571	393
2906	1812
2406	3973
1356	2756
1957	1690
1396	2833
1891	3980
2983	482
3925	777
58	1199
220	77
317	3355
3880	1103
2926	2613
776	842
507	300
1985	1130
1462	728
743	111
2696	1891
510	1585
2601	764
3973	1262
2141	728
1913	855
463	1823
2788	2962
3925	3776
2539	484
1251	1937
882	571
1513	2061
161	3229
2659	1868
143	3165
3856	53
2539	1556
3028	168
3776	875
737	2503
60	3229
984	2884
882	978
1262	720
2933	3033
2201	3880
946	1983
3173	1375
585	1579
3848	46
4025	3588
318	612
1746	1161
2579	842
2714	797
1556	2307
2078	1224
436	3246
3302	3096
3856	665
280	3383
2393	611
3937	3157
241	3937
4026	3718
2847	1174
1868	395
3980	2061
3325	693
3402	2454
565	1244
2645	92
2962	3561
1991	2457
3157	1857
2055	2973
2135	3501
2645	1717
402	476
2498	2538
220	1806
1506	127
3937	3012
1449	3915
1425	2848
1351	3024
1251	244
2820	2050
49	2256
1949	1363
3642	891
1556	46
2525	3437
3816	1854
2141	2833
1356	77
3934	861
318	2055
3880	2748
1718	4025
1513	2382
1617	1603
419	2581
461	3891
1757	778
351	1468
2393	585
770	510
2361	1282
3033	3869
3253	3077
3598	3440
2961	2581
1929	1030
196	3695
559	1374
2962	2930
324	1645
3383	2095
1729	3297
1960	1937
1089	2656
1467	1153
2264	35
2967	3917
89	1383
510	3837
1090	770
1089	764
693	1332
312	2484
611	3642
3776	3973
436	2038
860	2312
339	1833
3096	282
2454	3989
3544	2038
2696	1001
3383	2390
1960	2584
2057	621
1851	3837
189	737
837	2165
108	1717
3929	1356
3941	53
189	3404
1332	149
1425	1243
77	1851
1506	1179
784	2645
55	220
3689	4025
1226	3840
2232	777
1718	2728
1537	2714
2459	1739
2962	2595
2480	797
3302	165
3490	2838
1011	2788
2696	3776
717	1265
1556	2820
339	1854
339	813
2601	161
776	3224
1537	682
3925	134
317	3965
2051	1410
3402	1410
3848	1410
58	3689
2200	3689
1103	3880
2924	797
612	1847
2961	1718
49	770
3096	3838
2838	3919
18	38
1835	1050
3024	2484
578	2714
3234	2440
1030	2696
461	1539
899	882
3501	3934
127	3934
403	1030
2200	1556
3157	1556
149	1556
2493	4022
3383	1929
2226	1929
1432	611
388	611
264	611
804	611
174	611
560	611
507	2201
2671	2201
3880	2201
665	3718
410	3718
3776	168
1851	1949
1833	1539
149	49
2167	1957
174	53
3355	149
1270	149
2001	149
3440	149
49	149
1913	306
1282	306
1810	899
393	899
62	797
1251	797
1514	797
1803	797
1846	3414
3606	3414
210	1991
302	1991
2903	1991
2702	3561
2051	3561
1410	3561
2165	1537
574	2566
1833	367
484	1512
1534	3402
775	3527
1755	1617
2096	804
1868	2686
578	560
2873	725
118	280
2120	1929
403	717
2354	1050
3711	1300
118	2967
2152	797
2165	510
784	46
916	2656
2803	1603
2415	2242
3445	463
1657	1972
875	484
777	1383
2961	2518
3246	283
3941	265
3028	3115
3919	3383
3058	510
3880	1708
318	946
3501	5
128	189
2219	899
3562	3322
3749	2983
3689	220
737	2358
2480	2101
2838	3224
2906	1243
1600	1708
3402	2637
2924	507
2329	1383
2329	1410
3544	2926
3077	2046
571	403
776	1609
1002	2354
165	611
3776	611
861	1957
899	306
682	899
720	797
1255	797
1383	3718
1425	2808
3642	306
1161	2001
797	3850
2969	474
3158	2518
1991	717
1265	1882
410	210
770	1276
1717	3466
3267	2393
1375	1265
3749	341
367	2064
2671	693
1812	2820
189	815
815	2903
2848	2503
1579	3888
3165	2307
1851	3527
2945	1857
1265	804
860	3888
161	302
1311	388
3762	2069
2457	776
2967	1363
3409	3689
3157	1030
1248	3461
991	21
2862	1243
743	3891
63	2656
3689	3188
806	3267
1755	882
743	3689
1251	2467
111	393
1265	393
461	393
975	474
1846	1957
797	33
842	2973
1356	3081
2933	3165
2455	3822
1498	306
813	417
2448	1011
2579	2833
3409	1103
1833	2702
1425	842
778	3404
2671	3592
3626	2206
143	302
2967	1585
699	1425
2958	3188
1872	3757
2120	3437
2307	280
77	2873
3201	882
2390	1372
1985	674
1372	2390
1757	2645
3592	1226
3404	3856
282	2120
3058	770
3033	2390
1351	3225
77	1985
339	1708
63	2382
1090	3050
2848	2050
3934	3224
136	10
1300	3947
1868	1001
3201	174
3733	460
3742	2038
1954	2120
3826	1772
367	2440
3159	210
3404	410
2457	1396
1282	1050
3880	1854
764	1872
3376	161
2096	1539
3888	3865
55	1396
2370	1729
3229	1375
1386	3050
693	3420
2861	1031
3440	510
2264	2525
3400	339
2295	3825
4025	2329
948	1534
1300	531
2686	804
1579	2930
2406	3253
830	1609
1388	2781
1372	1806
1665	3445
3935	3234
1506	1001
611	1257
3028	1410
1051	2781
1991	410
612	2493
280	3024
941	108
403	3159
2276	3989
3229	3283
2	395
3927	3850
2042	3188
3028	2165
128	1645
1356	1462
49	1134
3693	1812
3383	1585
2206	3009
743	2042
21	991
2498	3915
4022	715
2945	280
3050	1645
1835	312
2106	2738
3527	775
1351	1226
2737	2945
3825	3683
1600	2498
2361	715
3077	797
3028	1868
1121	3437
1857	1872
2584	1508
2057	1721
1718	1854
1270	3234
318	3588
3927	2001
1383	891
3937	3020
207	18
168	2393
2201	377
1001	546
1363	3229
3801	3776
2020	682
344	989
1729	1983
948	585
2637	2525
2200	283
2926	861
3798	484
1363	2967
3934	60
3028	1432
2240	2307
3755	2354
2595	1248
3153	127
3955	143
4028	174
1882	2480
46	2981
2095	1929
2945	1657
3789	559
2340	842
1985	3562
2467	1931
4000	720
778	803
1514	3593
3925	3973
3467	1011
3115	725
3024	1585
1494	3938
2981	1985
62	280
3302	2050
611	2393
3024	2457
2448	244
33	3934
2493	3926
665	4026
1579	2888
2820	1556
3147	777
991	611
1983	611
352	2226
2962	505
3081	711
510	3980
2903	4022
111	2484
436	484
2469	2457
3837	2884
3302	2394
3404	4026
2	3989
2702	899
3178	842
3210	717
10	341
2888	1522
2873	419
165	1708
2888	1579
3414	3400
1401	46
1833	1410
3490	3915
3148	1103
217	2307
143	2601
3880	1383
3210	3253
1401	3681
2671	3322
1556	3409
2671	1438
2	3544
1854	1318
2992	3937
3225	1462
1579	2962
2928	3021
1577	2924
3888	1103
3409	22
1665	1506
3925	611
5	302
585	1806
2055	1248
2779	1960
3424	3501
1467	1276
393	3115
3021	2378
3856	1243
1757	3349
1383	2050
2167	22
2952	2938
3234	611
302	2788
3020	674
989	1089
1030	2878
3297	3642
571	3103
351	1134
882	3349
611	2581
3856	1474
1972	3159
63	899
3955	2525
55	674
442	3856
280	2120
402	1556
2061	2967
3755	1991
2737	778
3593	2238
317	3695
1872	1270
665	220
60	3869
2847	2702
1318	2884
1021	317
899	2266
1494	2820
1103	3954
906	1021
1508	2613
1363	1949
1657	2737
2737	665
1985	2332
21	1401
3322	2061
419	21
2064	813
1263	2101
2448	3919
149	1311
2781	2900
1011	2924
3733	1512
711	3527
717	302
2226	58
3562	2945
196	3989
1513	3934
770	3020
3322	2928
3077	1854
2820	2340
3941	3173
2728	2714
1432	3642
1011	3955
1270	3020
282	2240
3593	1025
2566	1130
2078	1050
3738	244
3283	2961
1243	2038
1467	693
2201	2903
161	1332
3917	693
3816	1522
60	1289
136	1318
3283	1449
1410	1603
2521	4002
3302	2539
53	2862
1985	2312
546	1425
2878	22
2055	196
2361	2862
1224	715
4022	1363
1270	2659
1600	3002
1812	2312
1332	302
3383	2158
2961	1179
2632	815
3283	3420
1739	2312
302	2888
1050	2861
127	2295
1455	2873
33	1506
948	1103
948	1718
128	2779
3973	3976
1670	2379
3424	3834
1388	149
62	58
118	2469
1161	1854
2046	3322
2601	2240
2498	1410
3297	1985
2937	2473
2101	1401
3501	3937
1717	1244
3695	2266
3825	2158
1670	3816
2242	2078
463	3749
2691	220
1268	2903
55	2930
797	1025
1718	33
2358	2756
3869	612
3917	3440
2518	1363
1410	1717
1983	499
3234	3935
2390	2878
3917	2518
2069	306
3598	3980
3938	3400
3159	3234
302	797
1972	2788
505	2358
3096	2987
665	1103
1868	2728
3297	1729
181	715
1388	1375
108	854
1949	3856
1375	3173
1265	1577
764	1089
2096	3050
2924	134
2858	3689
3229	2967
3400	1739
312	2838
2480	674
743	2671
1718	1289
854	2738
2981	2613
134	2480
3955	717
1972	3798
1270	3297
2295	2095
3934	2696
2232	1806
3028	2659
574	436
2493	612
2635	55
1390	1729
2332	3050
2390	62
3798	578
1438	108
2232	244
3606	38
108	3225
2903	2480
2051	2264
2242	3231
1514	62
144	1506
2415	2219
682	1810
4016	1318
1579	3915
2635	2601
4025	62
2200	2158
2332	2702
3718	3593
531	2748
89	891
2332	1985
3592	352
3369	2459
62	1513
2595	1603
2158	3081
2055	395
1868	149
3420	2962
699	2165
2637	417
2861	2992
3501	3762
2924	2903
1514	1462
3626	2838
351	2930
1224	144
720	2201
3941	1226
388	35
1718	612
1263	3869
1363	3917
1467	3158
1134	282
283	806
4000	4016
2020	302
1690	1050
244	3938
1375	3934
2467	221
531	725
670	1153
830	1645
244	1823
1929	3173
2962	463
367	3642
2916	1729
2983	11
3147	3593
436	322
1410	482
3995	2803
2858	196
2737	3225
393	3012
1090	674
1161	2165
300	665
2749	317
2358	1960
3965	1577
62	3397
855	118
1812	3938
1438	3562
388	3801
461	1755
2525	2264
2686	189
1603	2595
165	388
3929	3436
362	2928
312	3283
1396	3544
711	2120
1432	3938
2480	3925
3742	3246
2945	2046
189	1514
318	322
2038	2738
906	1244
2961	1891
2457	3880
3816	3402
2266	2521
174	2937
2312	3837
3947	1882
510	118
1579	2847
3648	2702
559	3903
777	1657
300	1757
2415	770
3938	1494
3798	482
1556	2050
611	3349
2862	1718
2952	2461
728	2120
62	3188
2455	3937
1537	3711
1882	2394
302	2020
1121	510
559	1854
1609	345
2266	3891
1396	2459
725	1512
2671	1522
1103	3103
55	1514
1270	1872
2158	2484
2015	2584
1576	46
351	4016
546	134
578	3742
1449	362
2973	1931
1002	334
1603	3445
3201	2635
2637	3009
2406	2983
1011	1931
2518	2307
737	1806
2518	161
3965	2217
571	2378
2350	60
2671	861
283	916
3903	3934
4028	403
1931	2788
2264	3926
3158	2061
3437	1134
674	3562
559	3562
189	3562
806	3562
534	3562
1318	1690
1498	1617
2930	3689
3869	62
3816	1755
322	3400
3976	715
720	1025
3598	2518
2579	3024
3437	1257
699	3028
1960	3020
1263	3941
2838	621
2702	1022
89	1265
4002	2264
3175	351
1383	3159
1011	2448
2064	1721
77	220
1657	1494
1401	484
149	2001
11	2686
861	1372
2613	946
2061	3917
2926	2779
3798	2340
1001	2847
377	3480
1579	1609
3081	2448
3480	3980
2926	722
1449	2926
484	1263
3302	612
2969	2226
1972	891
560	403
3490	891
3888	571
3683	3165
60	2256
2096	1031
559	1462
585	860
2987	2141
1025	2378
2276	2394
1248	3409
1882	3947
1462	419
244	1257
1806	1268
3157	2498
3002	3840
1544	2961
2370	3297
3776	3349
3081	4025
62	1462
507	778
3718	2938
2307	670
1772	1468
3903	2473
2952	1514
2354	3436
283	810
559	2095
2329	1300
2467	1645
3850	3467
220	3188
1645	2382
2238	1833
1410	2276
2659	3050
3224	2354
1690	22
2900	665
38	3683
806	1755
484	3798
312	3733
3437	2525
2312	1985
1522	737
3297	3148
3225	3840
717	2748
1508	784
1823	463
2671	4000
3325	3440
3891	2454
2635	18
693	728
975	306
1931	975
1270	1311
1282	1949
861	1522
2538	1717
3822	1262
352	2833
946	1721
351	2200
1708	3349
682	1913
2858	3954
2861	1847
283	351
693	3980
1161	946
2382	1645
2967	1657
2226	3383
797	1854
2579	2981
1960	2358
3050	2060
2967	1050
2064	2788
2206	339
2266	1718
3837	1739
2240	282
3561	2981
3103	1383
1300	2906
108	1438
3798	2656
2645	1806
2656	128
4025	3420
578	2329
3888	4002
3267	2051
2042	395
2804	2469
2064	1931
482	784
855	419
352	1268
181	3941
717	2820
1224	860
3355	1585
571	804
1851	2264
482	534
1134	2167
2632	1937
2051	2962
3606	2240
916	388
567	2135
1467	1891
2295	1030
2803	682
830	3626
2696	3693
18	3028
367	283
2878	1957
3020	2916
2518	3229
2884	1772
2627	1645
2217	62
1746	3409
1153	860
2749	3147
46	2
3527	2378
1449	2498
244	612
3947	2329
2329	2096
2480	55
2632	1522
3103	271
2937	3757
882	4028
417	2232
1455	2226
1363	2394
3934	2961
174	2455
1851	1833
2838	2858
3742	2350
510	611
388	3955
2096	3765
3159	777
3404	189
3501	3231
991	815
797	1462
2938	946
3880	574
221	2276
3592	410
3765	2096
1375	1401
2728	1282
3544	1396
3229	3973
2702	3648
322	3369
946	3965
803	2493
410	1991
1716	2694
283	3745
174	2962
797	2393
3210	2906
855	2601
2461	1716
3437	2060
2238	2312
975	2226
861	2406
1243	1300
283	367
1985	2461
2737	1600
3229	3420
2862	3002
1739	3749
1949	1851
1991	3002
1161	2992
2069	1991
35	11
764	2635
1449	3173
108	715
273	174
2354	2838
3880	2457
3012	682
58	3188
1263	3159
1474	46
1083	1690
1179	1289
92	1153
2933	2928
1810	1265
2637	3648
4000	559
2566	1716
882	560
574	3733
2256	1179
2266	271
2015	2141
764	1083
33	49
1708	1030
1617	1755
3941	3158
510	2152
2469	2804
1857	3989
941	906
3404	1050
1534	2358
1708	174
3973	60
1513	3033
2480	804
2613	3955
2120	3689
3745	3058
510	35
402	2340
3253	2217
737	1825
2498	1857
2833	2440
341	300
89	1363
55	3683
2297	1833
2219	3683
2592	1263
3409	3648
776	978
3826	2973
339	2312
2217	2916
1251	3749
3642	1175
3593	38
3695	1498
393	55
855	3165
4000	1803
1289	2961
1576	2001
3798	2378
3718	1011
1300	1512
2521	810
1872	280
403	2096
2480	1363
1050	1282
1537	3588
507	341
1835	978
2961	60
1960	1251
3738	3877
2521	367
770	842
2702	1276
830	63
804	1022
149	3980
2884	2900
670	1494
2848	531
1462	1356
1833	1130
377	2042
1289	842
3147	18
134	1030
351	1534
2961	1375
3033	62
2781	1812
484	1755
743	2484
317	3071
3283	1891
3019	334
2969	3561
10	778
2924	1011
991	3937
1991	1455
2101	2878
63	2264
341	3926
2671	1991
2042	4026
3642	221
2382	2498
417	3420
2903	722
1755	3246
306	1810
144	1803
265	2862
1050	1835
3225	2820
312	53
2332	3028
3225	3937
3466	2354
991	3480
1282	1175
1474	3856
3869	2350
2042	2141
3865	345
1276	3420
1030	134
1268	2645
3302	2120
3934	2518
991	2981
1603	35
1846	2078
1375	3973
1755	3115
3934	3801
1083	764
860	3157
2820	3938
3776	2096
3028	3927
3765	2050
1050	3937
1716	1806
3917	3229
2938	2467
436	2888
3103	3402
1438	3322
946	324
670	2046
3383	1513
1351	2686
3201	2601
978	2903
3980	3229
1332	2001
1645	830
3544	2042
875	2928
2165	2457
3050	1363
3826	699
1972	377
507	725
2958	2312
3544	3175
2480	220
393	2219
1282	1537
2737	1263
2833	1803
2469	3147
1882	2962
3349	2096
3865	711
3822	2781
2165	837
1311	3776
2020	2788
3002	3937
3103	1537
1462	2833
3322	2601
948	3103
92	3383
3322	2307
55	312
1388	174
2635	143
3765	3480
3173	2095
3755	1455
534	128
3711	174
670	108
1002	108
1289	33
715	3173
3947	1030
1462	1585
2862	92
3420	3598
1717	35
1983	1161
1401	2101
149	282
2295	3789
108	1153
1508	4022
2354	2135
2525	2106
1179	2256
776	989
55	1657
1579	3103
1757	2656
585	2958
803	10
1708	344
2788	2127
3935	1823
1356	3383
3297	2659
2390	1891
161	2518
1665	2051
3941	1030
2394	784
3158	3420
3024	3490
3501	33
1383	2064
3954	244
2702	699
3689	2120
3954	2064
2135	3229
419	510
2057	2671
1690	1083
3869	1929
3954	2448
3325	3376
2967	1255
2737	3461
312	1390
3965	2924
403	1311
3776	2060
1957	2167
1772	2884
10	4025
3024	3869
1268	476
362	1282
682	3012
3648	35
1011	2632
2961	3229
3683	2480
344	1949
189	777
1600	3973
1494	1438
1374	3789
1513	2635
10	196
1175	2595
3436	720
2050	1276
3954	3877
1401	282
2480	1089
3400	2459
2696	1534
1833	1851
3178	1025
3941	181
2848	2276
22	2498
2038	2340
3234	2958
1363	161
2781	3856
1913	3302
861	351
3402	2728
3749	2312
1332	693
3178	3369
53	2900
2916	461
18	2749
770	3801
1051	804
77	2738
1455	1257
2862	2862
312	174
3302	1913
1772	474
2276	2521
2937	18
1806	482
1468	345
210	2888
1311	2659
1851	3848
1265	2937
2469	3903
3420	2518
1857	2238
2686	1508
3938	1746
1657	241
1983	578
2945	3322
3887	1130
3369	1468
1401	2967
2961	1332
1812	3019
2358	322
18	149
737	189
2467	460
2158	3024
1931	1251
463	1985
1356	210
2659	1351
3302	2945
3588	3461
1351	3934
134	3891
2686	2804
1263	317
2613	1708
4002	3050
2266	854
2240	2120
3562	1410
3002	2838
813	1534
2060	1174
3757	2937
1806	220
2962	2521
3253	861
2480	3947
1854	4016
2206	3934
2201	776
312	1474
1432	1755
3349	899
2354	3231
2756	2358
2120	3096
2015	2120
2448	3081
1351	3840
2635	3024
62	1514
2217	510
1002	3466
3801	2232
1665	460
2127	1949
3801	60
417	3681
1179	3153
5	559
2051	3267
174	1175
1002	854
174	1130
2888	1161
3887	1318
3903	1226
3926	324
2219	1657
417	948
571	882
317	1913
989	2015
1121	1603
1577	803
1290	3267
2696	165
1929	2295
2694	2833
830	2382
3995	35
1972	2671
505	2064
3225	1449
62	2952
1806	1717
461	803
1806	2232
3173	2480
1290	1823
461	2038
3224	2756
2808	510
165	149
3888	244
3028	3801
3798	2539
499	3837
1857	3598
810	948
2803	3012
3002	2601
134	244
3776	1121
2961	1544
1577	2393
2379	2503
1891	3229
2808	2987
3355	2256
777	3947
1937	3058
559	144
2847	1579
3693	2952
244	2232
837	2
717	585
128	1690
1462	1514
2933	612
1721	743
2448	2226
3935	2833
1806	1011
241	3322
2601	2945
174	324
1891	3598
1991	302
2838	2242
810	1103
3789	2078
2888	3798
393	3490
1508	3050
975	2120
1372	737
1746	2903
2613	3188
3840	2242
717	882
1401	207
3369	1739
1609	2503
3020	3297
2804	1746
460	1290
4016	1806
1134	3409
1746	3915
3937	2242
1318	2457
344	2808
804	1051
3776	1872
1539	461
682	3115
2579	3188
2696	861
3527	3012
3834	715
2503	3980
806	813
1609	2848
2696	1031
1134	3927
2601	2788
725	58
2379	300
1854	1161
1803	4000
2659	463
2861	1175
1175	899
2969	3050
2738	2106
1410	2981
1539	567
1011	2219
3915	2276
207	1401
2020	149
1929	3147
797	975
1130	377
3947	393
2467	559
1374	2518
49	1289
2962	2987
1812	3246
1022	3798
3825	1847
3404	317
474	1356
611	1265
2152	3865
906	1002
612	482
62	2095
2350	3869
3947	3115
2900	3856
161	3420
2884	2930
3157	403
161	728
127	1179
2167	1690
1645	2627
2686	837
1390	4025
324	806
3738	2448
2480	2592
3965	1522
2926	1857
1513	2307
3302	1438
2820	2473
806	476
1311	1603
1263	1657
3989	2406
1929	2635
2788	1011
417	3776
1262	3178
2906	717
3891	1494
1522	3929
318	1498
837	3742
2930	2962
2095	1083
2370	1983
1657	2469
3349	1708
1425	720
776	1514
3501	2354
1050	1410
244	1050
3028	2937
1983	1390
3927	916
2748	612
3544	1825
2756	3021
3880	3798
474	975
60	2350
1872	1857
3934	1375
2042	775
2448	1161
3757	2820
3033	861
1289	60
715	92
1425	1374
2276	2050
149	2448
1199	1396
3322	2382
62	2295
3789	419
1757	3681
3648	3297
3402	3020
989	1716
2835	2312
3490	1539
3283	2001
2967	778
460	3733
1534	813
3021	3147
2354	3466
1311	1270
3173	1929
3028	3887
3887	168
221	2467
3115	611
2900	1537
1494	2601
2613	2595
367	221
1363	3376
1739	2459
3103	3915
803	4028
3480	1972
2873	352
3081	1030
1462	3349
2903	1268
3501	3424
3980	2967
3825	1803
1396	1848
2987	377
2958	1746
1657	3562
2592	3165
725	1401
1577	302
711	402
3891	3592
1175	1806
2961	3834
196	2952
1311	3028
3917	1363
574	210
875	778
476	611
3158	1276
2926	3461
22	3297
282	2930
571	720
777	482
1847	3869
127	2354
2714	2152
2394	1985
1001	1717
210	302
3424	1388
377	578
1248	46
1332	3598
567	3869
3588	318
2632	2015
3383	3801
1263	3606
3681	899
2378	3798
1386	2051
474	2440
1374	3165
2358	1248
725	2467
3816	1265
3941	3762
2350	2206
3467	273
3934	2354
3033	3683
3973	2924
2637	1609
2358	505
3002	3231
2601	2307
3436	2448
1494	3322
3915	699
2518	1244
339	3302
3402	2566
3077	1179
1513	2390
3383	2217
1244	941
1985	3400
1717	1913
2101	1030
53	1175
1537	2276
3501	53
1425	1806
2050	3765
3501	776
1846	3592
1868	1468
1410	2332
1374	3593
778	1083
1290	2833
2645	916
3400	1810
92	393
3201	2165
948	417
46	1474
2473	510
693	3325
2694	3050
2930	1579
612	2354
2455	393
421	2200
3825	1375
1265	1375
567	1375
2001	3837
2788	510
3776	510
3201	510
388	510
2714	510
280	510
2393	510
168	510
505	507
3955	2820
2050	2820
2329	2820
906	3071
393	3020
1396	3020
3955	2645
2329	2645
2406	2861
3934	2861
2493	946
1263	946
3592	3891
395	3891
2938	3588
4025	3461
948	3461
2930	1576
3527	76
770	76
3383	62
797	62
2862	3865
108	3865
776	3955
2748	3955
2671	806
3400	806
1657	806
1537	317
3718	317
3376	317
2232	3801
3397	3954
271	3103
118	1872
1356	3826
546	3826
2340	3826
3234	2858
2312	1670
76	2637
2484	3188
2378	2001
76	2001
2152	2001
2637	2001
3246	436
2632	436
842	436
1512	436
989	2958
484	2958
3695	2459
510	2020
737	3816
3776	388
1103	3409
134	1812
2518	144
2987	975
2015	975
2370	3840
5	3840
1244	1021
1174	2484
318	2358
3349	804
3562	1985
674	1985
1657	560
1199	58
3934	4023
815	395
189	395
3689	421
2226	421
367	421
775	3738
419	2967
1544	3158
1025	1929
352	1929
3322	1282
861	1282
1388	1282
174	1282
3826	3028
62	2525
1251	2525
1983	2217
1025	352
2888	352
2120	352
1929	352
891	352
1130	352
989	3838
3188	3838
2158	3838
2579	3838
3440	2635
2503	2635
2015	891
2525	891
3606	2101
4000	1854
136	1854
2060	1121
810	3954
1757	3718
3397	946
3153	1854
476	2454
1757	3490
665	442
1848	2808
2050	1130
421	3989
2958	2393
1001	728
3588	317
941	941
1153	3639
3937	2916
2454	174
1374	144
2390	2635
693	4000
861	2379
2924	317
1265	2906
1985	3028
46	482
3103	1579
3033	3173
2312	264
2467	1772
2924	3420
2967	3757
2862	715
345	1868
764	3789
244	3965
1513	1401
699	3776
2158	62
149	1757
2332	2454
4022	2232
2962	3467
1577	2714
273	3467
3937	92
3626	2382
1717	916
3822	3210
2838	2042
77	3848
2958	860
2595	417
351	2167
2738	1243
3225	3225
207	1539
421	1455
2042	2958
2484	2158
2694	111
442	476
3103	3888
1386	3402
2060	3437
2440	3188
2001	76
2152	1983
2926	10
3598	2967
1513	3869
2329	3028
2924	306
1931	2467
3178	3400
1270	2256
351	3402
3096	2158
2064	1103
2945	2601
89	1913
3934	49
1474	2219
2295	2390
108	2691
1021	22
1089	2217
2120	18
546	476
1823	1011
134	797
92	419
2295	3869
2645	2804
143	3024
2390	3934
720	3798
1506	33
1670	2457
916	1311
436	3934
3683	1030
35	682
1929	62
2613	2958
2862	210
855	3693
891	89
2933	174
318	3965
2200	3096
854	830
2694	1534
3349	2808
3058	1090
3165	3173
77	1772
2469	92
776	725
474	1803
2983	476
1022	4016
2046	2307
2015	2973
3159	352
2329	1363
1174	2969
2981	991
174	403
3642	3297
168	388
1179	2240
574	1579
1929	1513
2295	855
2095	2933
860	764
1051	3965
2232	1175
1579	2001
3718	410
2276	1011
312	1835
196	2069
3917	1332
715	3941
2862	1846
2788	3840
127	1690
2141	1025
3995	4023
2928	174
770	3002
118	3776
861	3934
2379	2781
2521	63
4022	2525
1872	2808
1718	2266
510	3776
2332	1410
2061	3376
2903	1161
1153	1708
559	2518
3757	2808
3639	1657
3742	118
55	2480
2060	3776
2358	1410
1262	351
3077	1372
1226	1226
1494	3297
1425	3028
241	2046
3917	174
2020	2601
2838	510
2406	3826
3021	776
1050	3891
3588	578
611	1739
2945	670
436	861
4026	2042
474	3050
1721	1468
1311	2803
3021	1716
612	3980
3588	324
3297	2329
1318	1270
1985	1534
784	1716
3302	2046
2266	3283
1089	797
1508	2394
2928	1388
3626	3976
3648	3887
1806	189
377	3765
1937	2484
1289	49
2217	3826
1244	2961
2601	143
3937	1983
3980	2503
3157	1913
62	3919
1153	3865
693	3838
1199	18
442	682
403	210
55	2900
1746	1508
2714	3980
474	3798
2206	1282
510	2788
3349	1462
2406	2627
3224	2645
1351	559
1513	1847
2312	585
699	665
196	318
3865	189
2135	1375
2645	784
743	2958
2046	282
612	1498
2967	611
377	1931
3024	55
1174	2637
3325	2518
352	891
220	2613
3562	134
1513	2095
715	1718
2096	1121
2390	1030
1030	2973
1556	2312
1282	2219
474	1022
2973	2659
108	265
1851	1931
2480	571
2702	722
351	474
317	3466
2987	282
2961	2967
1514	1425
665	2455
1179	49
1425	546
62	2217
3683	1929
722	1248
725	2873
665	410
53	3937
2714	665
1374	2038
38	149
1270	1318
2579	2200
484	3544
4002	3888
1537	318
1544	2038
2106	778
3880	1363
3789	1690
3028	2370
2158	1513
1757	3765
484	3246
2973	77
463	1090
674	2459
1882	1121
1383	2748
3283	3941
2050	3297
510	1270
11	108
1937	505
1276	1812
3302	1383
324	2987
3115	2480
3165	2635
2307	1513
1089	989
351	3742
3246	322
324	2728
2737	2046
3081	55
210	410
282	207
776	2232
2141	1931
3919	803
220	55
3225	1585
2457	560
1985	3935
3355	1388
1812	2484
143	149
264	1289
63	854
265	3437
3071	1823
395	1351
3995	3776
2983	3776
2848	1425
665	3693
621	3009
2467	1462
975	2015
3369	2055
941	1002
3745	174
2276	2329
38	1179
2632	1803
1199	3414
1121	2096
1199	2928
1401	2158
334	1002
1913	1050
3297	1270
2645	3246
665	265
5	2539
3283	2728
3695	3588
1957	362
1846	2862
3349	1174
3436	3148
417	1174
2962	3267
2264	2503
3173	3165
3639	2120
3383	975
3989	4000
3856	1390
2584	784
3234	989
2833	2461
2538	1374
2001	1276
149	1401
1806	916
1103	1954
567	3825
770	989
2064	3681
3840	3002
2095	612
693	1513
2945	3639
345	830
2686	1721
1803	2632
2467	1960
2833	352
241	1857
2120	3440
3683	2101
3445	1121
62	2101
3877	2382
3501	499
1363	1506
861	2206
149	1868
2635	3002
476	2900
854	916
2973	3718
534	2332
3153	2861
717	3826
1576	2861
1300	2848
2448	2987
312	4026
108	670
345	2050
3834	1011
2632	3929
1991	2201
1363	1332
1462	1803
395	118
2808	344
3840	3225
300	484
3349	3816
1474	2748
1851	377
108	3466
463	3850
1716	1372
4022	3400
3840	3903
271	1810
2566	2967
1721	842
1708	1363
2808	3019
764	2518
2015	2987
3562	534
3369	271
273	10
3840	2069
410	89
1410	1772
2958	2141
775	2378
1670	611
461	693
861	3077
2101	38
306	1537
1130	916
3081	531
1134	2120
916	3742
3028	991
3925	58
1716	574
1455	2969
1449	1872
2738	621
3954	3926
1318	2538
2973	842
2748	2671
3420	2595
318	2
2469	2967
2050	2332
1244	2878
1031	403
1386	1617
797	2848
2748	3718
2884	2042
3776	1806
1522	3302
1318	1363
725	531
946	2106
3880	220
1282	1363
1276	1455
2461	2952
815	2165
875	2382
3355	3424
3050	3369
1772	345
2467	1356
854	810
3224	3989
264	3934
611	578
2503	2120
1577	111
22	3466
2340	3157
2969	2930
2201	3592
3231	3834
804	1810
463	3050
2382	63
2686	560
2415	1991
