3762	1455
2242	1455
207	1455
3002	1455
2415	1455
770	1455
2078	1455
1991	1455
3755	1455
217	2737
241	2737
3322	2737
2945	2737
3639	2737
2046	2737
1438	2737
670	2737
2240	2737
402	1224
417	1224
715	1224
1913	1224
948	2728
3325	1467
161	1467
3158	1467
2061	1467
3917	1467
3376	1467
2518	1467
3980	1467
1579	3009
1600	3009
3976	3009
4022	3009
699	1103
4026	1103
2924	665
1657	665
2952	665
1474	665
3749	665
3693	665
3175	830
1868	830
345	830
1174	815
1050	815
2686	815
2394	815
611	815
722	815
3880	1383
474	1383
1579	1383
1001	1383
1972	1383
3437	410
265	410
3592	410
1103	2613
2702	2613
165	2613
699	2613
1263	2613
3404	2613
2042	2613
4026	2613
3071	341
1823	341
2862	210
1544	210
2738	210
2106	210
978	210
2737	217
241	217
3562	217
2046	217
1438	217
670	217
280	217
2240	217
2601	217
3302	217
3147	2378
1848	2378
2878	3825
2592	3825
1375	3825
2933	3825
3033	3825
3941	3825
3383	3825
143	3825
1263	3825
3024	3825
3869	3825
1847	3825
2390	3825
3173	3825
1030	3825
1929	3825
2295	3825
2635	3825
1513	3825
3683	3825
3165	3825
2101	3825
2095	3825
2737	241
217	241
3562	241
3639	241
2120	241
2046	241
1438	241
670	241
280	241
2240	241
2601	241
3302	241
2878	2592
3825	2592
1375	2592
2933	2592
3033	2592
3941	2592
3383	2592
143	2592
1263	2592
3024	2592
3869	2592
1847	2592
2390	2592
3173	2592
1030	2592
1929	2592
2295	2592
2635	2592
1513	2592
3683	2592
3165	2592
2101	2592
2095	2592
2069	344
1498	89
1645	89
1617	89
1913	89
2987	3681
3973	3681
784	3681
3929	3681
136	3681
1972	3681
1746	244
111	244
3938	244
3404	244
1002	3246
612	1522
2448	1522
58	1522
3302	1522
1103	2702
2613	2702
3834	1363
2232	1363
1708	1363
3880	1363
728	1363
1600	1363
1506	1363
3592	725
2152	1372
3826	1372
2756	1372
1806	1372
2406	1372
1716	1372
1868	1372
1468	1372
1467	3283
1891	3283
1244	3283
565	3283
2503	3283
3158	3283
2061	3283
3917	3283
3718	3283
3376	3283
2518	3283
1872	1199
1846	1199
2106	2862
2038	2862
737	2862
1083	2862
1991	507
3834	2820
3231	2820
341	3071
803	3071
571	3071
3877	3071
806	3071
810	3071
3954	3071
916	3071
1823	3071
778	3071
1002	3071
1386	3071
1363	3834
2820	3834
3231	3834
715	3834
906	108
2382	108
2858	108
3019	108
334	108
621	108
2691	108
1812	108
11	108
1717	108
3466	108
63	108
854	108
2219	674
174	674
2659	674
1468	674
2916	3020
3297	3020
1757	2645
2686	2645
3929	2645
136	2645
2992	946
1021	559
134	3891
3229	1891
3598	1891
3325	1891
161	1891
3158	1891
2061	1891
3917	1891
3376	1891
2518	1891
3980	1891
1467	1244
3283	1244
1891	1244
693	1244
2001	1244
565	1244
3440	1244
1276	1244
1332	1244
3229	1244
3598	1244
3325	1244
161	1244
3158	1244
2061	1244
3917	1244
3376	1244
2518	1244
3980	1244
3865	189
2152	189
3826	189
2958	189
220	189
128	189
2878	2933
3825	2933
2592	2933
1375	2933
3033	2933
3941	2933
3383	2933
143	2933
1263	2933
3024	2933
3869	2933
1847	2933
2390	2933
3173	2933
1030	2933
1929	2933
2295	2933
2635	2933
1513	2933
3683	2933
3165	2933
2101	2933
2095	2933
813	2264
22	1857
362	1857
2167	1857
1609	1300
1512	1300
345	1300
2737	3322
217	3322
241	3322
3562	3322
2046	3322
1438	3322
670	3322
280	3322
2240	3322
2601	3322
3302	3322
217	2671
241	2671
3322	2671
2945	2671
3689	2671
3639	2671
2046	2671
1438	2671
670	2671
2240	2671
3020	2916
1729	2916
2992	2916
2737	2945
217	2945
241	2945
3562	2945
1494	2945
2307	2945
3639	2945
2120	2945
2046	2945
1438	2945
670	2945
280	2945
2240	2945
2601	2945
3302	2945
2878	3033
3825	3033
2592	3033
1375	3033
2933	3033
3941	3033
3383	3033
143	3033
1263	3033
3024	3033
1401	3033
3869	3033
1847	3033
2390	3033
3173	3033
1030	3033
1929	3033
2295	3033
2635	3033
1513	3033
3683	3033
3165	3033
2101	3033
2095	3033
3681	2987
3798	2987
3159	2987
3973	2987
1972	2987
1363	1708
189	3865
2152	3865
1690	3865
1868	3865
3888	3865
711	3865
128	3865
2020	339
3976	339
2312	339
715	339
4022	339
3157	339
3757	1462
2581	1462
2873	1462
3225	1462
3201	1746
3938	1746
1224	402
3012	2332
174	2332
3527	2332
2454	442
174	442
476	442
53	442
436	984
803	806
3071	806
571	806
3115	806
3147	1388
18	1388
3480	1388
38	1388
1848	1388
2749	1388
149	1388
76	2566
241	1494
3891	1494
3322	1494
2945	1494
282	1494
1556	1494
1438	1494
670	1494
280	1494
2240	1494
1390	1729
946	1729
2916	1729
2937	1729
1983	1729
1161	1729
2370	1729
3937	1729
2992	1729
3297	1729
2454	2493
174	2493
2627	2493
2833	2873
1226	2873
419	2873
830	3175
1772	3175
1868	3175
345	3175
1468	3175
3593	317
1388	317
3424	317
3561	2051
3757	3225
1462	3225
2581	3225
2873	3225
1833	693
1891	693
1244	693
4025	693
565	693
4000	693
127	3077
49	3077
1854	3077
1467	2001
1891	2001
1244	2001
565	2001
3440	2001
1276	2001
1332	2001
3229	2001
3598	2001
3325	2001
161	2001
3158	2001
2061	2001
3917	2001
3376	2001
2518	2001
984	436
3369	436
2	436
2297	436
1812	436
2055	436
318	436
189	2958
3436	2958
585	2958
1396	2958
2848	2958
1374	2958
2312	2958
737	2958
1153	2958
1425	2958
2340	2958
860	2958
3544	2958
1812	2459
339	2020
1090	2020
3355	3424
2961	3424
3593	3424
1388	3424
317	3424
3147	3424
18	3424
3480	3424
38	3424
1848	3424
2749	3424
149	3424
3825	3941
2592	3941
2933	3941
3033	3941
3869	3941
1847	3941
2390	3941
3173	3941
2295	3941
1513	3941
3683	3941
3165	3941
2101	3941
2095	3941
875	300
484	300
3349	300
3103	717
1390	1161
946	1161
1729	1161
1300	1609
3738	1609
1868	1609
3159	482
55	482
612	482
3989	3224
2406	3224
2627	3224
1011	3224
975	1025
3689	2539
2930	2539
2120	2539
3302	2539
3096	2539
2200	2539
1746	3201
3938	3201
2165	3201
693	2440
1276	2440
2613	1263
3825	1263
2592	1263
2933	1263
3033	1263
165	1263
3173	1263
484	1263
2295	1263
2928	1263
1513	1263
3683	1263
3165	1263
2101	1263
2095	1263
108	621
621	621
3081	2141
217	3639
241	3639
3562	3639
3322	3639
2671	3639
2945	3639
2120	3639
2046	3639
1438	3639
670	3639
280	3639
2240	3639
2601	3639
3302	3639
1179	1718
3077	1718
144	1718
264	1718
33	1718
60	1718
3153	1718
1289	1718
127	1718
1372	1806
2219	1806
3826	1806
1716	1806
1929	2158
108	2691
2691	2691
1011	2973
1872	3021
1670	3021
2928	3021
1455	2242
510	2242
3762	2242
3840	2242
207	2242
3002	2242
2415	2242
770	2242
2078	2242
2069	2242
1991	2242
3755	2242
3231	302
3825	3024
2592	3024
2933	3024
3033	3024
143	3024
1401	3024
3869	3024
1847	3024
2390	3024
3173	3024
1030	3024
1929	3024
2295	3024
1513	3024
3683	3024
3165	3024
2101	3024
2095	3024
1729	2370
2937	2370
1011	2406
2064	2406
463	2962
546	2962
1949	2962
1467	3598
3283	3598
1891	3598
1244	3598
693	3598
2001	3598
565	3598
3440	3598
1276	3598
3229	3598
3325	3598
161	3598
3158	3598
2061	3598
3917	3598
3376	3598
2518	3598
3980	3598
1199	1846
3148	1846
2928	1846
3414	1846
1179	264
3077	264
1835	264
1718	264
144	264
33	264
60	264
3153	264
3210	264
352	264
1289	264
127	264
2748	1721
22	1449
362	1449
2167	1449
3175	1772
1512	1772
345	1772
1270	1257
611	1257
3789	1257
1282	1257
344	2888
5	2888
3147	1251
1848	1251
2728	948
1868	948
2714	948
505	948
210	1544
2862	1544
1243	1544
2738	1544
2106	1544
2038	1544
737	1544
1083	1544
3009	3976
339	3976
3400	3976
1579	3976
1739	3976
715	3976
4022	3976
2903	3976
2525	3976
377	3976
244	3938
1746	3938
1872	3938
764	3938
3201	3938
4022	3938
2165	3938
3414	3938
108	11
2078	3002
2152	220
3826	220
300	220
2480	220
3848	220
3837	1851
2256	33
3934	33
1803	33
3153	33
1289	33
842	33
127	33
49	33
1854	33
2906	322
3856	322
1577	1265
3816	1265
461	1265
1224	855
1179	60
3077	60
1718	60
144	60
264	60
33	60
2256	60
3934	60
1803	60
3153	60
1289	60
842	60
127	60
49	60
1854	60
3648	35
4022	2358
3749	2358
2926	351
1717	1717
3757	1585
2873	1585
2469	1585
3501	499
882	1268
1645	1268
978	1268
3414	1268
3283	3325
1891	3325
1244	3325
693	3325
2001	3325
565	3325
3440	3325
1276	3325
2390	3869
3173	3869
1030	3869
1929	3869
2295	3869
2635	3869
1513	3869
3683	3869
3165	3869
2101	3869
2095	3869
1467	161
1891	161
1244	161
693	161
2001	161
565	161
3440	161
1276	161
1332	161
3229	161
3598	161
3325	161
3158	161
2061	161
3917	161
3376	161
2518	161
3980	161
2878	1847
3825	1847
2592	1847
1375	1847
2933	1847
3033	1847
3941	1847
3383	1847
143	1847
1263	1847
3024	1847
1401	1847
3869	1847
2390	1847
3173	1847
1030	1847
1929	1847
2295	1847
2635	1847
1513	1847
3683	1847
3165	1847
2101	1847
2095	1847
62	3081
2141	3081
1401	3081
58	3081
1929	3081
3837	2312
339	2312
2958	2312
585	2312
1396	2312
77	2312
1374	2312
2038	2312
395	2312
1153	2312
1425	2312
1318	2312
2393	2312
2340	2312
860	2312
3544	2312
341	1823
3071	1823
273	1823
3745	1823
2064	1823
3776	804
2686	804
2394	804
560	804
3058	1985
2264	813
3267	813
2781	1537
3588	1262
3973	1262
1825	1262
1265	461
1755	461
882	3148
1846	3148
3414	3148
210	2738
2862	2738
1243	2738
1544	2738
2106	2738
2038	2738
737	2738
1083	2738
217	2120
241	2120
3322	2120
2945	2120
2539	2120
3639	2120
2046	2120
1438	2120
670	2120
280	2120
2240	2120
3096	2120
108	3466
3466	3466
2924	1514
55	1514
2467	1514
1851	1514
3749	1514
2538	1514
3283	2503
3980	2503
3757	2473
1462	2473
2581	2473
2873	2473
3225	2473
1585	2473
3903	2473
2469	2473
1226	2473
419	2473
674	174
1576	174
3012	174
2332	174
442	174
2493	174
2973	174
324	174
2454	174
3527	174
2659	174
476	174
312	174
53	174
362	22
2238	22
2498	22
2167	22
3157	22
1957	22
1134	22
3927	1882
2962	1882
546	1882
3681	784
2983	784
3929	784
1716	784
3593	3480
1388	3480
3424	3480
38	3480
2749	3480
410	3592
725	3592
2873	3592
3225	3592
3903	3592
352	3592
1226	3592
1224	417
3837	1739
3400	1739
2393	2106
1083	2106
3887	10
3246	10
571	10
806	10
3115	10
273	10
283	10
3745	10
1130	10
1386	10
1179	2256
3801	2256
3077	2256
33	2256
60	2256
3153	2256
1289	2256
127	2256
49	2256
108	63
63	63
815	2394
2219	2394
1270	2394
1810	2394
3776	2394
3681	3929
2645	3929
2756	3929
784	3929
2862	2038
720	2038
1243	2038
585	2038
1396	2038
1544	2038
1374	2038
2312	2038
2738	2038
1739	2038
737	2038
1153	2038
1425	2038
1083	2038
2340	2038
3544	2038
2493	2627
3989	2627
3224	2627
2406	2627
421	2627
674	2659
1576	2659
2973	2659
324	2659
174	2659
3801	3178
1803	3178
49	3178
3689	743
344	2015
989	2015
5	2015
2051	1603
3561	1603
3071	778
1410	778
1432	778
1174	778
2592	3173
1375	3173
2933	3173
3033	3173
3941	3173
3383	3173
143	3173
1263	3173
3024	3173
1401	3173
3869	3173
1847	3173
2390	3173
1030	3173
1929	3173
2295	3173
2635	3173
1513	3173
3683	3173
3165	3173
2101	3173
2095	3173
2613	3404
244	3404
1810	560
3776	560
2686	560
804	560
3234	2804
2903	2804
722	2804
3159	3234
1270	3234
2804	3234
611	3234
3789	3234
3693	3234
722	3234
3103	2521
2276	2521
367	2521
1522	58
62	58
2448	58
3081	58
777	58
2788	2127
3798	2127
474	2127
2962	2127
1949	2127
1972	2127
2962	3850
3467	3850
463	3850
665	1474
55	1474
388	4023
35	4023
3267	3402
1031	3402
813	3402
3490	3402
764	395
2312	395
4022	395
2525	395
2627	421
312	421
1609	3738
1868	3738
2696	875
300	875
2756	875
2354	875
3776	875
2967	875
339	715
3976	715
4022	715
2525	715
1179	3934
3077	3934
144	3934
33	3934
60	3934
3153	3934
1289	3934
127	3934
1833	1030
3825	1030
2592	1030
2933	1030
3033	1030
612	1030
3024	1030
1401	1030
3869	1030
1847	1030
2101	1030
2095	1030
2361	2967
1810	2967
282	1556
1494	1556
3009	4022
3837	4022
3938	4022
2358	4022
395	4022
715	4022
2903	4022
1508	4022
2525	4022
3825	1929
2592	1929
2933	1929
3033	1929
62	1929
3383	1929
1356	1929
2158	1929
3024	1929
3869	1929
1847	1929
3081	1929
2390	1929
3173	1929
58	777
2748	777
1467	2061
3283	2061
1891	2061
1244	2061
693	2061
2001	2061
565	2061
3440	2061
1276	2061
1332	2061
3229	2061
3598	2061
3325	2061
161	2061
3158	2061
3917	2061
3376	2061
2518	2061
3980	2061
2862	737
2958	737
3050	737
1544	737
2738	737
2038	737
2958	1153
1374	1153
2312	1153
2038	1153
149	38
3461	2238
46	2238
1248	2238
22	2238
362	2238
2167	2238
665	3749
3436	3749
1410	3749
2358	3749
1514	3749
1739	3749
3848	3749
3693	3749
1179	1803
3077	1803
144	1803
33	1803
60	1803
3178	1803
3153	1803
1289	1803
842	1803
127	1803
797	1803
2613	2042
3606	2042
3865	1690
2467	1690
778	1690
484	1690
1868	1690
578	1690
1318	1690
711	1690
442	476
2454	476
174	476
53	476
3588	181
941	181
1825	181
1455	2415
510	2415
3762	2415
2242	2415
3840	2415
207	2415
3002	2415
770	2415
2078	2415
2069	2415
1991	2415
3755	2415
2958	1425
585	1425
2848	1425
2312	1425
2038	1425
860	1425
3544	1425
815	611
1270	611
1432	611
1257	611
1739	611
3234	611
3789	611
3887	3745
273	3745
3648	3995
388	3995
1311	3995
2803	3995
2219	1011
3224	1011
2973	1011
2406	1011
2064	1011
2878	2295
3825	2295
2592	2295
1375	2295
2933	2295
3033	2295
3941	2295
3383	2295
143	2295
1263	2295
3024	2295
1401	2295
3869	2295
1847	2295
2390	2295
3173	2295
1030	2295
1929	2295
2635	2295
1513	2295
3683	2295
3165	2295
2101	2295
2095	2295
830	1868
1372	1868
3865	1868
2361	1868
3175	1868
1609	1868
948	1868
3738	1868
875	1868
1690	1868
505	1868
345	1868
1179	3153
1718	3153
144	3153
264	3153
33	3153
60	3153
2256	3153
3934	3153
1803	3153
1289	3153
842	3153
127	3153
49	3153
1854	3153
1257	3789
3234	3789
611	3789
3718	3642
3980	3642
2135	1090
3757	3903
1462	3903
2581	3903
2873	3903
3225	3903
1585	3903
2473	3903
3592	3903
2469	3903
1226	3903
419	3903
1224	1913
89	1913
1690	578
3865	3888
2152	3888
534	3888
505	3888
128	3888
2361	1282
1257	1282
4002	505
3765	505
948	505
2050	505
1868	505
2714	505
3888	505
3711	505
4002	3711
505	3711
4028	3711
3400	2903
1410	2903
3976	2903
2804	2903
4022	2903
1508	2903
722	2903
3837	1508
4022	1508
2903	1508
2933	1513
3033	1513
3941	1513
3383	1513
143	1513
1263	1513
3024	1513
3869	1513
1847	1513
2390	1513
3173	1513
1030	1513
1929	1513
2295	1513
2635	1513
3683	1513
3165	1513
2101	1513
2095	1513
1851	2538
1514	2538
2884	2538
2958	2393
585	2393
2312	2393
2106	2393
2480	2393
860	2393
2862	1083
1544	1083
2738	1083
2106	1083
2038	1083
499	3501
3253	3501
1089	776
3989	312
2454	312
174	312
421	312
3103	367
2276	367
2521	367
3562	2595
1175	2595
2878	3683
3825	3683
2592	3683
1375	3683
2933	3683
3033	3683
3941	3683
3383	3683
143	3683
1263	3683
3024	3683
1401	3683
3869	3683
1847	3683
2390	3683
3173	3683
1030	3683
1929	3683
2295	3683
2635	3683
1513	3683
3165	3683
2101	3683
2095	3683
3302	3096
2200	3096
1300	1512
1772	1512
345	1512
1857	2167
861	2167
1449	2167
860	2340
144	127
264	127
33	127
60	127
2256	127
3934	127
1803	127
3153	127
1289	127
842	127
49	127
1854	127
2152	3947
534	3947
1001	3947
3887	1130
3683	3165
2101	3165
2095	3165
221	2835
665	3693
2361	3693
2924	3693
3159	3693
3115	3693
2696	3693
1432	3693
2952	3693
3234	3693
3749	3693
1401	2969
1929	2969
2539	2200
3096	2200
62	2748
612	2748
143	2748
1721	2748
777	2748
531	2748
3409	2926
351	2926
1891	2518
1244	2518
693	2518
2001	2518
565	2518
3440	2518
1276	2518
3229	2518
3598	2518
3325	2518
161	2518
3158	2518
2061	2518
3917	2518
3376	2518
3980	2518
2808	3965
344	3965
946	3965
5	3965
2217	3965
3210	3965
3826	168
3765	168
1851	168
2050	168
2788	1949
2656	1949
2962	1949
2127	1949
3856	1949
2096	1539
3267	1539
1031	1539
813	1539
3490	1539
344	2069
3762	2069
2242	2069
2078	2069
1991	2069
3755	2069
1534	3157
339	3157
317	3157
1134	3157
2454	53
174	53
476	53
3355	149
3424	149
38	149
2749	149
1383	1972
3681	1972
2788	1972
2987	1972
3798	1972
3159	1972
2127	1972
1390	2992
946	2992
2916	2992
1729	2992
2937	2992
1161	2992
2370	2992
3937	2992
3297	2992
210	978
882	978
1268	978
1577	1755
1265	1755
461	1755
3020	3297
2992	3297
1025	306
975	306
2958	860
585	860
1396	860
1374	860
2312	860
1153	860
1425	860
2393	860
2340	860
3414	860
3544	860
1174	899
2686	899
699	4026
1290	1937
2779	1937
460	1937
2632	1937
3995	2803
3588	1825
181	1825
1255	1825
3762	3755
2242	3755
3840	3755
207	3755
3002	3755
2415	3755
770	3755
2078	3755
2069	3755
1991	3755
2350	567
3742	567
2206	567
118	567
3626	567
830	345
1300	345
3175	345
1772	345
2050	345
1868	345
2714	345
1468	345
3757	1226
1462	1226
2581	1226
2873	1226
3225	1226
1263	2101
3024	2101
1401	2101
3869	2101
1847	2101
2390	2101
3173	2101
1030	2101
1929	2101
2295	2101
2635	2101
1513	2101
3683	2101
3165	2101
2095	2101
3757	419
1462	419
2581	419
2873	419
3225	419
1351	419
1585	419
2473	419
3903	419
1226	419
2379	775
136	775
3765	4028
505	4028
3711	4028
3071	1386
806	1386
10	1386
1130	1386
1372	1468
674	1468
3175	1468
2756	1468
3409	1134
1179	1854
3077	1854
1025	1854
144	1854
33	1854
60	1854
1121	2060
3445	2060
2878	2095
3825	2095
2592	2095
1375	2095
2933	2095
3033	2095
3941	2095
3383	2095
143	2095
1263	2095
3024	2095
1401	2095
3869	2095
1847	2095
2390	2095
3173	2095
1030	2095
1929	2095
2295	2095
2635	2095
1513	2095
3683	2095
3165	2095
2101	2095
341	2064
2983	2064
3798	2064
273	2064
2406	2064
1931	2064
1823	2064
1011	2064
189	128
3865	128
534	128
3888	128
711	128
2350	3626
3742	3626
2206	3626
118	3626
567	3626
2938	2329
2350	1224
855	1224
2206	1224
2838	1224
693	1467
2001	1467
565	1467
3440	1467
1276	1467
1332	1467
3229	1467
3598	1467
2525	3009
2613	1103
2702	1103
3848	665
2064	3681
2928	1199
3414	1199
2645	1757
2656	1757
2379	1757
3349	1757
136	1757
3071	803
571	803
806	803
217	3562
241	3562
3322	3562
2945	3562
3689	3562
1175	3562
3639	3562
2046	3562
1438	3562
670	3562
2240	3562
2595	3562
3825	1375
2592	1375
2933	1375
3033	1375
3869	1375
1847	1375
2390	1375
3173	1375
2295	1375
1513	1375
3683	1375
3165	1375
2101	1375
2095	1375
210	3837
1739	3837
1508	3837
1318	3837
144	1179
264	1179
33	1179
60	1179
2256	1179
3934	1179
1803	1179
3153	1179
1289	1179
842	1179
127	1179
1544	2862
2738	2862
1089	989
2015	989
2217	989
3681	2983
2219	2983
784	2983
1002	2983
2064	2983
1494	282
1556	282
2064	3798
174	1576
2659	1576
2332	3012
174	3012
38	317
2749	317
3157	317
2440	693
3229	693
3598	693
3325	693
161	693
3158	693
2061	693
3917	693
3838	693
3376	693
2518	693
2361	1270
1257	1270
2394	1270
3234	1270
611	1270
1372	3826
189	3826
1806	3826
2973	3826
2406	3826
220	3826
1011	3826
2480	3826
168	3826
3153	3077
1289	3077
842	3077
1806	300
220	300
2928	2848
436	2297
2737	3639
1494	3639
2307	3639
300	1806
3826	2973
174	2973
2659	2973
3383	3024
3718	3420
3980	3420
89	1617
3955	1617
1498	1617
111	1617
2350	1617
2206	1617
3103	3816
1265	3816
174	324
2659	324
3009	1600
1363	1600
2232	1600
1708	1600
728	1600
3973	1600
4022	1600
1318	1600
1717	1812
3355	18
3593	18
1388	18
1467	1332
2001	1332
565	1332
3440	1332
3229	1332
3598	1332
3325	1332
161	1332
3158	1332
2061	1332
3917	1332
2518	1332
3980	1332
2637	2847
2350	2847
2525	2847
2206	2847
2096	1031
403	1031
1265	1031
3402	1031
2266	1031
682	1031
3490	1031
1539	1031
815	2686
2645	2686
1174	2686
778	2686
560	2686
899	2686
2962	3927
1882	3927
3850	3927
1467	3229
3283	3229
1891	3229
1244	3229
693	3229
2001	3229
565	3229
3440	3229
1276	3229
1332	3229
3598	3229
3325	3229
161	3229
3158	3229
2061	3229
3917	3229
3376	3229
2518	3229
3980	3229
1954	1051
1363	1506
2232	1506
1708	1506
1665	1506
474	1506
1455	207
510	207
3762	207
2242	207
3840	207
3002	207
2415	207
770	207
2078	207
3755	207
2788	2962
393	2962
3927	2962
3926	2962
1882	2962
3467	2962
2127	2962
3850	2962
1332	3598
1332	3325
3229	3325
3598	3325
161	3325
3158	3325
2061	3325
3917	3325
3376	3325
2518	3325
3980	3325
2484	2276
2521	2276
367	2276
2539	2930
3096	2930
3402	813
1539	813
3103	1537
2888	5
499	5
2015	5
3253	5
3965	5
2332	3527
174	3527
1857	22
861	22
1449	22
1851	2884
2538	2884
144	2256
2406	2394
804	2394
2448	221
1030	221
2835	221
3927	3850
4002	2728
2938	2808
991	2808
21	2808
3965	2808
693	1833
4025	1833
1276	1833
1030	1833
2933	2878
3033	2878
3869	2878
1847	2878
2390	2878
3173	2878
2295	2878
1513	2878
3683	2878
3165	2878
2101	2878
2095	2878
1729	1390
1161	1390
2992	1390
1462	3757
2581	3757
3938	2613
3606	2613
2888	344
2015	344
3965	344
1913	244
2165	244
283	3246
916	3246
10	3246
3229	3283
3598	3283
3325	3283
283	803
3050	3837
1851	3837
2312	3837
3234	3837
4022	3837
2938	196
2656	2645
1401	2933
3880	1708
3973	1708
1600	1708
1506	1708
4022	1708
855	402
417	402
3639	1494
2256	3801
3178	3801
842	3801
3071	3954
3877	3954
810	3954
3919	3954
717	3103
3816	3103
1537	3103
2521	3103
367	3103
1757	2656
2645	2656
1949	2656
136	2656
722	2656
1603	2051
3021	1872
3938	1872
1810	2584
1103	699
2613	699
4026	699
2820	3231
3834	3231
302	3231
2135	3231
1467	693
108	2858
1954	2858
2858	2858
2484	2858
837	1670
111	1670
3021	1670
108	3019
3019	3019
2938	436
2393	2958
2781	717
1960	1161
2992	1161
1851	3765
2050	3765
505	3765
168	3765
4028	3765
1050	1410
2358	1410
778	1410
4022	1410
3749	1410
395	764
2165	764
3562	3689
2671	3689
2539	3689
2120	3689
743	3689
3096	3689
1383	3880
1363	3880
2232	3880
1708	3880
3798	3880
474	3880
3973	3880
1001	3880
1645	882
1268	882
3148	882
978	882
3414	882
3588	2467
2952	2467
1514	2467
1690	2467
1318	2467
108	334
334	334
410	3437
55	2900
3989	2900
1851	2900
1739	2900
3718	4025
991	2981
21	2981
1937	2632
2584	1810
271	1810
2394	1810
560	1810
2967	1810
92	1810
711	1810
1467	565
3283	565
1891	565
1244	565
693	565
2001	565
3440	565
1276	565
1332	565
3229	565
3598	565
3325	565
161	565
3158	565
2061	565
3917	565
3376	565
2518	565
3980	565
3409	3915
1522	612
143	612
482	612
2448	612
2455	393
2962	393
3856	393
2361	1432
3115	1432
2952	1432
2358	1432
778	1432
611	1432
3693	1432
1224	2350
3955	2350
2637	2350
2847	2350
118	2350
567	2350
3626	2350
264	1835
1467	3440
1891	3440
1244	3440
2001	3440
565	3440
1276	3440
1332	3440
3229	3440
3598	3440
3325	3440
161	3440
3158	3440
2061	3440
3917	3440
3376	3440
2518	3440
3825	3383
2592	3383
2933	3383
3033	3383
3869	143
1847	143
2390	143
3173	143
2295	143
531	143
1513	143
3683	143
3165	143
2748	143
2101	143
2095	143
217	2307
241	2307
3322	2307
2945	2307
3639	2307
2046	2307
1438	2307
670	2307
1383	474
2788	474
3880	474
1579	3973
1600	3973
3976	3973
1262	3973
3973	1579
3976	1579
377	1579
3436	2354
720	2354
2848	2354
875	2354
2958	1396
560	3776
875	3776
136	3776
815	1050
1410	1050
2804	1050
574	3822
2312	77
3848	77
2958	2848
585	2848
2354	2848
484	2848
1425	2848
3848	1806
134	3925
2264	3267
813	3267
3402	3267
1539	3267
38	18
1179	144
3077	144
1718	144
264	144
33	144
60	144
2256	144
3934	144
1803	144
3153	144
1289	144
842	144
127	144
559	1021
1891	1332
1244	1332
3376	1332
1257	2686
804	2686
402	417
2900	1739
3976	1739
2038	1739
3234	1739
3749	1739
611	1739
3765	2050
534	2050
505	2050
168	2050
345	2050
571	3919
3954	3919
3822	3919
1851	3919
210	2106
2862	2106
3050	2106
1544	2106
2738	2106
2686	778
1690	778
3648	1311
578	560
1050	2804
1257	2804
3837	3234
1739	3234
505	2728
10	3887
3745	3887
1130	3887
3283	1467
1891	1467
1244	1467
728	1383
1931	341
2064	341
3837	210
3322	217
2671	217
2945	217
1494	217
2307	217
3639	217
3322	241
2671	241
2945	241
1494	241
2307	241
3050	89
2983	3681
2847	2702
3798	1363
55	674
2983	2645
2354	2645
3776	2645
1729	946
1161	946
3965	946
1494	3891
2467	3588
1262	3588
181	3588
1255	3588
941	3588
1825	3588
1467	1891
3283	1891
1244	1891
693	1891
565	1891
3440	1891
1514	189
861	1857
3409	1857
1449	1857
351	1857
2238	1857
2498	1857
2926	1857
1957	1857
1134	1857
2671	3322
2945	3322
1494	3322
2307	3322
3639	3322
2120	3322
3409	3461
2238	3461
2987	3798
3880	3798
482	3798
2127	3798
1001	3798
1972	3798
860	3865
345	3865
3693	2924
2808	2938
196	2938
984	2938
2057	2938
3397	2938
2329	2938
89	1498
1617	1498
1857	861
3409	861
1449	861
351	861
22	861
362	861
2238	861
2498	861
2167	861
2926	861
1957	861
1134	861
244	1746
764	1746
2938	984
436	3369
1812	3369
2987	3159
2696	3159
482	3159
3302	165
2906	2455
393	2455
3926	2455
546	2455
3071	810
571	810
3954	810
1031	403
3490	403
2694	3436
2152	3436
720	3436
2958	3436
1645	3436
2354	3436
1585	2581
2473	2581
3903	2581
419	2581
3409	46
1248	46
2238	46
2694	720
3436	720
2354	720
2038	720
1670	837
674	55
2219	55
1657	55
2900	55
482	55
1514	55
1474	55
3355	1388
2961	1388
3593	1388
317	1388
3424	1388
1585	3225
2473	3225
3592	3225
3903	3225
2694	111
1670	111
1617	111
2455	2906
322	2906
3856	2906
108	2382
2382	2382
1199	1872
165	1872
764	1872
2952	2696
875	2696
3693	2696
2808	991
2981	991
21	991
3028	991
3302	612
2748	612
3976	2350
3689	2120
189	1514
3995	1311
2878	3173
3825	3173
3693	2804
2219	1474
1657	1474
2096	3402
3938	395
3989	421
1372	1716
1806	1716
784	1716
2737	2046
217	2046
241	2046
3562	2046
3322	2046
2671	2046
2945	2046
1494	2046
2307	2046
3639	2046
2120	2046
1438	2046
670	2046
280	2046
2240	2046
2601	2046
3302	2046
1031	2266
2390	1030
3173	1030
221	1030
2295	1030
3302	1030
1513	1030
3683	1030
3165	1030
339	4022
3400	4022
1410	4022
1600	4022
3976	4022
2295	1929
2226	1929
1513	1929
3683	1929
3165	1929
2969	1929
2101	1929
2095	1929
134	777
300	484
2848	484
578	484
2928	484
3544	484
2808	21
991	21
2981	21
3028	21
196	2781
717	2781
2457	2781
1051	2781
2484	2781
1537	2781
3246	1002
3071	1002
1534	3096
2539	3096
2930	3096
2120	3096
22	2167
362	2167
2238	2167
2498	2167
3157	2167
1957	2167
1134	2167
3757	2469
2873	2469
1351	2469
1585	2469
2473	2469
2312	2340
2038	2340
806	1130
10	1130
1386	1130
1757	2379
136	2379
775	2379
2873	2833
2878	3165
3825	3165
2592	3165
1375	3165
2933	3165
3033	3165
143	3165
1263	3165
3024	3165
2804	3693
1857	2926
861	2926
1449	2926
2498	2926
1957	2926
1467	2518
3283	2518
2415	2069
22	3157
362	3157
1913	3157
2167	3157
861	1957
3409	1957
1449	1957
351	1957
22	1957
362	1957
2238	1957
2498	1957
2167	1957
2926	1957
1134	1957
3159	1383
2696	89
1263	2702
778	803
3077	1179
1718	1179
1388	3834
3424	3834
38	3834
2749	3834
108	108
784	2645
3058	2861
3147	3355
18	3355
38	3355
1848	3355
2749	3355
149	3355
1363	2232
3880	2232
3071	3877
3954	3877
1002	3877
1388	2961
3424	2961
38	2961
2749	2961
3798	2788
474	2788
2127	2788
1949	2788
2064	2788
2038	3865
3955	339
2525	339
2473	1462
419	1462
1224	2361
978	1746
1383	3159
3693	3159
1972	3159
722	3159
2613	165
3834	3424
1746	764
1872	764
3938	764
46	417
2637	417
534	2106
3865	2038
2900	2627
1011	2659
1270	2967
875	2967
1282	2967
1467	3158
3283	3158
1891	3158
1244	3158
693	3158
3598	3158
3325	3158
161	3158
2061	3158
3917	3158
3376	3158
2518	3158
2152	737
860	1153
3877	1002
3834	38
3355	38
2961	38
3593	38
1388	38
317	38
3424	38
3888	1083
3689	3096
3562	2737
2595	2737
2361	1224
220	665
3776	1757
2064	1757
2737	3562
2804	3837
1854	1179
1243	2862
3925	3891
743	3891
3733	3588
3404	189
743	2671
3322	2945
2671	2945
2983	2987
2200	3689
482	134
3925	134
777	134
693	4000
4025	4000
1265	1577
1755	1577
89	3050
3837	3050
1645	3050
737	3050
578	3050
2480	3050
2378	3147
3355	3147
1251	3147
1848	3147
2579	3147
1833	1276
2001	1276
4025	1276
3440	1276
2440	1276
3798	474
1931	474
1506	474
3929	2756
1716	2756
875	2756
1468	2756
2862	1243
1544	1243
2738	1243
2038	1243
1810	271
2848	585
2312	585
2038	585
1425	585
2393	585
860	585
2900	3989
3224	3989
2406	3989
2454	3989
2627	3989
421	3989
312	3989
3681	3973
2987	3973
3880	3973
3349	1579
2645	2354
484	2354
2340	1396
860	1396
3544	1396
1665	1022
4016	1022
574	1022
510	3762
2242	3762
3840	3762
207	3762
3002	3762
2415	3762
2078	3762
2069	3762
1991	3762
3755	3762
1757	3776
2645	3776
2219	3776
505	1609
3115	3201
3246	283
803	283
3776	1806
220	1806
3891	3925
1401	2158
484	3021
3424	18
2749	18
1854	144
1025	975
306	975
797	975
3762	3840
2242	3840
207	3840
3002	3840
2415	3840
3789	1021
2484	1051
2781	1051
861	1449
3409	1449
351	1449
2238	1449
2498	1449
2926	1449
1957	1449
1134	1449
2686	1257
2804	1257
2350	3976
3973	3976
395	3938
3755	3002
665	220
189	220
1806	220
3765	1851
2900	1851
77	1851
1514	1851
2884	1851
3919	1851
2538	1851
168	1851
3246	916
3071	916
283	916
46	1248
2238	1248
1179	33
3077	33
1718	33
144	33
264	33
60	33
1031	1265
1537	1265
3490	1265
1755	1265
402	855
3816	1537
1265	1537
2962	3467
3850	3467
2878	2390
3825	2390
2592	2390
1375	2390
2933	2390
3033	2390
3941	2390
143	2390
1263	2390
3891	743
2671	743
189	3404
3837	2804
484	875
1868	875
2928	875
1224	715
565	3158
2601	1556
3096	1556
377	4022
3021	484
875	484
1690	484
3077	3153
1021	3789
3009	2525
339	2525
2350	2525
2847	2525
3976	2525
395	2525
715	2525
2206	2525
499	2217
3965	2217
2737	670
217	670
241	670
3562	670
3322	670
2671	670
2945	670
1494	670
2307	670
3639	670
2046	670
1438	670
280	670
2240	670
3302	670
2378	1848
3355	1848
3153	1289
842	1289
127	1289
1854	1289
1224	2206
1617	2206
2847	2206
3976	2206
2525	2206
118	2206
567	2206
3626	2206
108	854
854	854
693	3838
1276	3838
1846	2928
875	2928
484	2928
1455	770
207	770
670	280
2240	280
2601	280
3837	1318
2467	1318
3420	3718
3642	3718
891	3718
3231	2135
1090	2135
1224	2838
1657	118
2350	118
2206	118
567	118
3626	118
3588	941
62	531
143	531
1579	377
1050	377
3976	377
4022	377
3762	2078
2242	2078
2069	2078
1991	2078
3755	2078
3733	574
1022	574
3822	574
4016	574
2906	3856
393	3856
322	3856
1467	3376
3283	3376
1891	3376
1244	3376
693	3376
565	3376
3917	3376
2518	3376
2737	2240
217	2240
241	2240
3562	2240
3322	2240
2671	2240
2945	2240
1494	2240
2307	2240
3639	2240
1438	2240
670	2240
280	2240
764	2165
3201	2165
3938	2165
1857	2498
861	2498
351	2498
22	2498
362	2498
2238	2498
2167	2498
2926	2498
1134	2498
1179	842
3801	842
3077	842
144	842
33	842
60	842
1803	842
3153	842
1289	842
127	842
49	842
1494	2601
2307	2601
1031	3490
1265	3490
3402	3490
612	3302
2539	3302
3639	3302
2448	3302
2046	3302
1030	3302
1438	3302
670	3302
2240	3302
1383	1001
3798	1001
3880	1001
2878	1513
3825	1513
2592	1513
1375	1513
2737	2595
1657	2595
1179	127
3077	127
1718	127
3869	3165
1847	3165
2390	3165
3173	3165
1030	3165
1929	3165
2295	3165
2635	3165
1513	3165
306	2069
3738	830
165	244
3848	189
2645	2983
2987	2983
2406	2983
474	2232
1506	2232
803	571
806	571
810	571
3915	1857
92	3225
1226	3225
419	3225
1983	2937
861	3915
1449	3915
2498	3915
1957	3915
1617	2350
2525	2350
2206	2350
2232	474
2158	1356
1929	1356
2226	1356
2969	1356
1383	728
1363	728
2696	2952
2694	2354
46	482
134	482
1556	2539
2702	3201
1268	3201
2635	3024
1270	2686
2804	2686
531	1721
1857	1449
3915	1449
417	1248
875	1262
2200	2120
3826	1514
1130	174
1386	174
2645	784
1248	417
1270	2804
2686	2804
3789	2804
2903	3234
1262	875
2938	3397
2539	1556
2804	3789
2020	1090
989	2217
1089	2217
2579	1848
3588	1255
264	3210
3253	3210
3965	3210
2873	352
264	352
3592	352
2469	352
1179	1289
3077	1289
1718	1289
144	1289
264	1289
33	1289
60	1289
2256	1289
3934	1289
1803	1289
3955	2206
2350	2206
2878	2635
3825	2635
2592	2635
1375	2635
2933	2635
3033	2635
3383	2635
143	2635
3024	2635
1401	2635
3869	2635
1847	2635
2390	2635
3173	2635
2295	2635
1513	2635
3683	2635
3165	2635
2101	2635
2095	2635
1199	2928
2694	2928
1263	2928
1617	1318
1600	1318
2312	1318
2461	3445
2696	2838
2141	531
1721	531
2748	531
3400	377
2042	377
899	377
510	2078
665	3848
189	3848
2152	3848
300	3848
3749	3848
3325	3376
3158	3376
2061	3376
2046	2240
3915	2498
3409	2498
1449	2498
1031	682
174	1130
3915	1957
1263	1103
1508	815
578	1833
3825	2878
2592	2878
1375	2878
3941	2878
2635	2878
3955	2613
2219	3681
1806	3681
3973	1363
3695	196
2781	196
207	510
3002	510
830	3738
505	3738
2406	1716
1600	715
2354	484
1318	484
18	38
3480	38
2749	38
1857	2238
861	2238
1600	2238
1449	2238
2498	2238
1957	2238
2694	3749
377	2042
4026	2042
92	1690
2493	476
899	611
174	3745
2064	3745
3826	1011
1931	1011
2659	1011
2158	2226
3147	1848
1251	1848
3941	2635
3973	1318
2060	3445
1991	2201
2455	546
1022	546
2962	546
3926	546
1882	546
3283	3718
4025	3718
3002	2078
2415	2078
3302	2240
244	2165
3157	2498
1957	2498
1556	2601
280	2601
2096	3490
1356	2969
2141	2969
2158	2969
2930	2200
2120	2200
3461	2926
1857	3157
861	3157
1449	3157
2498	3157
1957	3157
1161	1960
3935	1960
2361	92
3225	92
3157	1957
442	53
1657	2737
22	1224
362	1224
2167	1224
174	3887
3606	1103
2538	830
1263	2878
2266	1390
2973	341
244	210
3050	210
210	244
2001	3283
720	1199
474	3834
728	3834
1270	559
2983	1716
2756	1716
1390	2266
1913	1030
1721	777
3436	737
2406	737
2958	3749
1174	611
2686	3789
1401	2226
3188	3838
2001	3838
2440	3838
3159	2928
3436	2480
3826	2480
3050	2480
220	2480
2393	2480
4000	891
3355	2749
2961	2749
3593	2749
1388	2749
317	2749
3424	2749
4000	3718
1806	3848
220	3848
2001	3376
3229	3376
3598	3376
3980	3376
2952	2498
1089	3253
499	3253
5	3253
3210	3253
3501	3253
217	3302
241	3302
1522	3302
3322	3302
2945	3302
1708	3302
165	3302
830	2538
2226	2969
3689	2200
3880	2748
1251	2378
2579	2378
2804	244
1332	1363
474	2820
220	674
3935	3020
317	946
1257	559
2671	3891
2924	189
2952	1857
3891	2671
2127	3231
2804	1270
92	1270
3798	3826
3224	3826
1514	3826
2064	3826
128	3826
89	2696
3159	2696
2838	2696
3283	2001
3838	2001
3980	2001
3749	2958
128	2958
2878	3941
1375	3941
1263	3941
2635	3941
2952	300
3816	717
1265	717
2748	3880
1972	3880
1810	882
578	2467
442	2900
882	1810
1718	1835
2967	3440
2635	143
2240	2307
2601	2307
3436	1645
882	1645
3050	1645
1268	1645
3891	134
1175	134
3188	4000
891	4000
3718	4000
210	3050
3021	3147
3838	1276
2820	474
3834	728
3798	728
300	2952
1432	2952
1449	2952
46	3973
2312	1396
2038	1396
546	1022
339	1050
1265	3822
3919	3822
1823	273
3745	273
2987	482
3147	3021
2992	2370
1372	2406
2983	2406
3826	2406
3776	2406
3224	2406
1716	2406
737	2406
2503	3420
3642	3420
2051	1617
4023	1617
1318	1617
3561	1617
2803	1617
717	3816
1537	3816
743	1474
402	715
3919	1002
1432	3749
244	1913
402	1913
1030	1913
3157	1913
711	1913
1729	3937
2992	3937
2737	1438
217	1438
241	1438
3322	1438
2671	1438
2945	1438
670	1438
280	1438
2240	1438
3302	1438
948	2714
505	2714
1534	3935
1960	3935
1833	578
2467	578
3050	578
560	578
484	578
3693	578
1083	3888
2967	1282
92	1282
306	1282
2728	505
1609	505
3738	505
4028	505
3850	463
3234	2903
978	2903
815	1508
1746	1508
1467	3917
3283	3917
1891	3917
1244	3917
693	3917
2001	3917
565	3917
3229	3917
3598	3917
3325	3917
3158	3917
2061	3917
3376	3917
2518	3917
21	3028
484	1318
1690	1318
2393	1318
128	3848
534	2393
111	3693
578	3693
2584	92
1270	92
1810	92
1882	3887
2847	3009
322	3246
1174	2702
3201	2702
1268	2702
2873	2820
2001	1891
1806	189
737	189
1011	189
1716	2983
3058	1290
1600	2232
1600	1857
3157	1857
1708	2987
482	2987
2415	3231
2078	3231
3755	3231
3789	1270
2106	882
559	2467
3801	3934
2256	3934
3178	3934
842	3934
49	3934
797	3934
3865	1153
1121	21
22	1690
362	1690
2167	1690
3642	891
3718	891
3980	891
1022	4016
3926	4016
574	4016
3834	2749
3480	2749
38	2749
217	280
241	280
3322	280
2945	280
1657	280
3639	280
2120	280
2046	280
1438	280
1130	546
402	2838
2152	2838
2906	574
1600	2498
3934	842
1506	3302
2952	1957
1600	1957
2219	1972
3880	1972
2903	978
3267	1755
3816	1755
1846	860
377	899
3349	899
136	899
3865	711
2361	711
3404	4026
2042	4026
2938	318
436	318
2958	3544
1396	3544
2312	3544
2038	3544
484	3544
1425	3544
860	3544
1617	2803
388	2803
35	2803
4023	2803
1757	2064
2788	2064
3826	2064
3467	2064
2127	2064
1263	2737
778	2737
737	1372
3681	1757
2455	803
1270	3837
77	3837
1729	2861
2632	2861
2992	2861
1462	559
306	2232
3480	2961
149	2961
1351	3225
244	111
3693	111
810	2906
574	2906
2394	2584
3837	1270
559	1270
1021	1270
2686	1270
3757	1351
2473	1351
3903	1351
2469	1351
1226	1351
419	1351
3742	2637
264	3077
33	3077
60	3077
2256	3077
3934	3077
1803	3077
1665	2020
1506	2020
1882	2020
1991	1161
534	3765
3606	764
728	3880
1243	882
3201	882
1857	3915
2354	1432
3749	1432
711	1432
2206	3009
875	89
1757	3681
3420	3283
3224	2645
2069	946
482	2983
3848	2983
2981	1290
1383	2232
2493	571
804	2702
2671	3562
3941	1375
3789	3837
722	3837
2961	3834
3225	559
1351	559
2467	559
3903	559
1226	559
3021	989
1937	1290
2961	3355
3593	3355
1388	3355
3424	3355
3822	1537
1739	2738
1251	1514
220	1514
1011	1514
3420	2503
2595	2503
1351	2473
1991	3592
1847	2390
3173	2390
1030	2390
2295	2390
2635	2390
1513	2390
3683	2390
3165	2390
2101	2390
2095	2390
1224	362
1857	362
861	362
1449	362
22	362
2238	362
1134	362
273	2659
474	3178
1025	3178
975	3178
3934	3178
797	3178
665	743
3562	743
1474	743
2141	58
1011	2127
578	221
1011	3850
2987	1474
46	1474
3749	1474
1617	4023
2803	4023
1050	395
2165	395
1772	421
89	875
1718	3934
264	3934
1645	1030
1690	2498
2120	3302
1708	1001
1300	312
442	312
53	312
3420	2595
2503	2595
1972	2595
2987	3096
1556	3096
3989	1512
1224	2167
546	1130
2820	2833
1462	2833
1468	2835
55	2969
317	3965
2069	3965
3887	168
1576	168
77	168
946	2069
3965	2069
2967	92
3903	92
1226	92
1579	3349
136	3349
899	3349
3681	136
1757	136
3349	136
899	136
775	136
2256	49
3178	49
3934	49
842	49
1857	1957
1690	1957
806	53
2900	53
312	53
2378	149
2961	149
1175	1972
1600	1972
2595	1972
2861	2992
244	978
1746	978
1508	978
1729	3297
1983	3297
2232	306
1282	306
2069	306
1854	306
560	899
611	899
2584	711
1810	711
1432	711
855	711
1690	711
1913	711
2001	3980
3420	3980
1332	3980
161	3980
2503	3980
3642	3980
891	3980
975	797
3178	797
3934	797
1803	797
1854	797
1199	3414
3400	3414
1846	3414
3938	3414
1268	3414
3148	3414
860	3414
1455	1991
507	1991
1161	1991
3762	1991
2242	1991
3592	1991
2415	1991
2201	1991
3755	1991
2051	3561
2613	4026
2454	4028
3436	1468
720	1468
2835	1468
1857	1134
3718	1854
2461	2060
306	410
3021	2378
149	2378
3461	3681
3349	3681
764	244
1508	244
978	244
482	1522
2493	803
3919	803
2788	510
2127	510
2415	510
770	510
3501	510
3755	510
2201	507
1351	2820
1931	2820
2127	2820
574	571
3834	2961
3355	2961
18	2961
1262	1534
3935	1534
2838	1534
3096	1534
3157	1534
35	3648
1311	3648
2714	1300
312	1300
3562	2671
3689	2987
1474	2987
3096	2987
2987	1708
165	1708
3210	1537
1534	1262
2165	3148
1263	2503
3765	174
136	417
3934	2256
2584	2394
784	2394
1508	2394
830	2627
3501	2015
2967	778
1050	3404
2686	3404
4026	3404
899	560
2967	2804
2820	2127
3231	2127
3840	2127
510	3501
989	3501
1089	3501
1449	1134
351	1134
362	1134
3157	1134
1718	1854
1282	1854
1289	1854
1383	2064
3461	2737
2307	2737
775	1224
395	2613
1383	89
2838	510
2078	510
3903	2820
2469	2820
2833	2820
1226	2820
1175	2232
3267	2264
3937	2916
1913	1708
3302	1708
1001	1708
3096	282
2737	3461
3681	3461
2952	3461
1175	3461
1600	3461
1248	3461
3826	3798
3009	417
2696	417
1175	417
2847	417
2595	417
2737	778
3201	2393
1268	2393
611	2393
1318	2393
339	128
2656	128
2958	128
1050	128
1718	128
3848	128
1991	410
3225	2820
2926	3461
2645	1262
1243	1739
510	2127
2973	3501
3021	3501
3840	3501
1021	3501
5	3501
2015	3501
3789	3501
2217	3501
2135	3501
776	3501
341	776
3501	776
1248	2595
417	2595
3947	168
2808	2069
302	2069
2833	92
3681	3349
2637	3349
300	3349
1872	1957
3562	1972
2584	978
1645	978
2804	978
410	306
344	306
2924	306
891	306
128	3544
322	1825
510	3755
3231	3755
3880	2064
3718	2064
1534	674
2480	674
3937	3020
1262	2645
725	559
2217	5
3501	5
2601	2120
3302	2120
2924	2503
3887	174
3115	174
534	174
3887	1882
1665	1882
2020	1882
1506	1882
2694	784
2394	784
2961	3480
1772	2884
3012	2050
1772	10
3937	3467
2467	221
3937	3850
76	3402
2613	395
1985	3028
2637	2525
5	2217
3501	2217
3689	3302
165	1001
2696	1001
1506	1001
2584	1937
2838	3755
1351	1226
3592	1226
3903	1226
92	1226
419	1226
815	722
2584	722
1645	722
77	722
1268	722
1508	722
978	722
2378	2579
3147	2579
3021	2579
3915	1854
302	1854
1257	1455
1600	2737
2525	2737
3980	2737
2637	3009
3915	3009
417	3009
300	665
743	665
3865	830
2627	830
89	1383
1721	1383
777	1383
891	1383
2064	1383
317	2808
2069	2808
339	1833
3267	1833
1351	3757
1585	3757
2473	3757
419	3757
725	410
2873	410
1282	410
3718	410
1949	410
1854	410
3178	2378
317	2503
1851	2050
1268	2050
2728	3919
803	3919
2924	3404
210	2804
244	2804
978	2804
1508	3234
978	3234
2042	395
3877	3738
2961	3934
1803	3934
1375	1030
2200	1556
1103	4022
3159	777
482	777
1263	777
3925	777
3642	777
1050	737
3224	737
2358	737
2141	484
1670	2781
181	1002
941	1002
2983	3749
3934	1803
3742	2042
861	1690
2906	3210
717	3210
2900	3210
1537	3210
2833	352
1913	3302
4025	1001
3865	2538
3765	2393
3934	1854
1011	1854
3283	2064
837	3626
1363	2503
322	10
273	3467
3404	778
778	3404
2987	58
1468	221
855	715
3947	1030
2001	2967
3440	2967
1134	1556
3938	2042
1882	3028
3445	3028
2106	2525
1375	2928
510	770
989	770
2973	770
3840	770
1257	770
2592	2480
2858	367
2232	2595
1263	2595
1556	1134
3028	2060
989	1455
2873	1455
2106	2737
2440	3798
3927	1576
1985	1576
3745	1576
2050	3012
3947	3012
168	3012
2566	76
3402	76
3028	76
3689	62
4025	62
4000	62
1356	62
2141	62
3081	62
58	62
531	62
2748	62
830	3865
1153	3865
2538	3865
1833	339
725	1462
559	1462
1351	1462
2467	1462
1931	1462
92	1462
402	2361
855	2361
3224	2924
3420	2924
1514	2924
815	1746
210	1746
165	1746
3765	442
322	984
2756	2152
737	2152
2838	2152
2938	2057
1954	2057
2	2057
11	2057
3355	3593
1388	3593
3424	3593
3480	3593
2042	3148
1103	417
3776	417
2493	3919
2627	3919
2737	2106
1746	2106
882	2106
2167	362
3937	3234
4002	3738
2858	3738
948	3738
2358	1716
3749	1716
1508	1716
1468	1716
3225	3934
3903	3934
1226	3934
728	3158
2165	4022
1383	777
189	777
2232	777
1806	737
2900	2781
3822	2781
720	3749
612	3749
1716	3749
474	1803
3148	2042
395	2042
1957	1690
806	476
3765	476
830	181
2627	181
1002	181
3681	611
1311	3028
4023	3028
3995	3028
3937	3028
1121	3028
2015	770
882	1083
3837	3501
3937	3501
460	776
3178	2833
352	2833
92	2833
1757	3693
2930	2926
2961	2518
728	2518
410	1949
3776	3349
1579	136
417	136
1972	136
3765	53
3642	306
3681	899
1810	899
804	899
3742	711
2120	711
2737	3980
317	3980
725	797
3915	4026
322	318
1772	3544
3028	2803
3934	1226
3234	722
1848	2579
3941	2101
2820	419
410	1854
4026	1243
1243	585
1609	585
948	585
3888	585
2057	3989
1512	3989
134	3973
3776	3973
3925	3973
1248	3973
1318	3973
3848	3973
2702	1174
1248	1174
804	1174
2637	1579
136	1579
510	2354
1432	2354
2078	2354
345	1396
3231	3762
2656	3776
3973	3776
1174	3776
1806	3776
2406	3776
804	3776
764	1050
3937	273
3681	1175
3562	1175
1657	1175
134	1175
585	1609
1255	1609
777	482
2645	3224
2924	3224
2756	3224
737	3224
2838	3224
2938	2
2057	2
322	2
3178	1025
797	1025
1954	2457
2781	2457
2637	3201
882	3201
804	3201
611	3201
2393	3201
3798	2440
4025	2440
728	2440
3838	2440
3562	1263
3175	283
1576	77
46	77
3927	77
534	77
722	77
1432	2848
2756	2848
2201	2848
531	2848
62	2141
2158	2141
2926	2141
2938	2297
322	2297
3283	1718
128	1718
3681	1806
3461	3925
3973	3925
1175	3925
1248	3925
777	3925
3848	3925
1833	3267
1755	3267
55	2158
1854	1721
806	534
3765	534
77	534
720	1262
395	3148
711	2120
3681	417
534	417
3028	1603
403	1311
3028	1311
3681	560
3935	3234
403	3402
3148	395
377	395
2958	1716
612	1716
2838	737
3927	21
2906	2781
3865	1002
882	611
1603	3028
546	3028
168	3028
3561	3028
2803	3028
2060	3028
2737	2525
1514	1848
1609	1255
1282	891
442	4016
1577	4016
1031	4016
1539	4016
53	4016
3159	1318
1410	1318
77	1318
1248	1318
168	1318
1665	3445
3028	3445
507	2201
2848	2201
302	2201
3012	546
3028	546
665	3718
410	3718
1757	3718
1721	3718
578	377
775	377
1030	1001
174	2393
3021	776
282	3096
3733	1512
2820	2469
830	2340
1396	2340
1670	2379
300	2379
725	2833
2467	2833
1931	2833
1243	4026
1985	2060
3544	1243
3400	271
76	1174
1268	1174
3009	1579
3915	1579
2981	77
111	1806
1617	1806
1248	1806
2219	3925
2659	2370
3937	2370
3297	2370
2924	3420
2595	3420
2064	3420
1410	1617
1806	1617
571	3816
1823	324
3028	3927
2961	3229
2064	1721
2454	534
417	534
2393	534
196	3695
510	3002
3762	3002
2242	3002
207	3002
1645	220
3050	220
2952	220
1514	220
531	220
1268	1851
3527	1851
2903	1851
3681	1248
2702	1248
3562	1248
3973	1248
1174	1248
1806	1248
3925	1248
1103	3148
4000	1514
975	1514
1848	1514
2332	2050
2861	2394
2656	2394
3742	2038
3937	2659
3297	2659
2378	3178
842	3178
2833	3178
2952	743
3409	743
531	743
2379	743
2748	743
1462	2015
2973	2015
770	2015
2961	3404
725	2804
507	2804
531	58
317	221
2659	3850
2694	1716
1708	1030
165	1030
1432	1030
1001	1030
2961	2967
3856	2781
830	1002
1522	3749
1243	611
3201	611
804	611
682	611
2393	611
3947	611
1576	3745
410	1011
3355	1011
1514	1011
1854	1011
1506	3153
3501	3789
2924	3642
1175	3642
3420	3642
2503	3642
777	3642
891	3642
306	3642
3058	1090
1985	1090
3081	2226
1929	2226
2969	2226
559	3903
1351	3903
3934	3903
1708	1913
1432	1913
1050	1913
674	3937
3020	3937
2861	3937
946	3937
2916	3937
2937	3937
1983	3937
273	3937
2370	3937
1823	3937
1985	3937
3467	3937
2659	3937
3234	3937
3850	3937
3935	3937
463	3937
3028	3937
3501	3937
3157	3937
3297	3937
2307	1438
3639	1438
2627	2714
3711	2714
3020	3935
2694	3935
2051	3028
991	3028
2020	3028
2981	3028
2461	3028
1022	3028
388	3028
3927	3028
35	3028
1130	3028
1386	3028
1276	1848
2820	770
1375	2480
837	2480
3941	2480
2635	2480
1383	891
89	891
111	4016
282	280
388	546
174	546
699	3718
3840	2078
1410	3848
3973	3848
3925	3848
2961	3376
728	3376
1243	2165
3718	2165
3188	1001
743	2379
2748	2379
3718	4026
1243	3544
3420	2064
1721	2064
1835	128
1931	1455
1746	2737
3159	2737
3954	2728
3927	3887
3028	3887
168	3887
728	1467
3461	271
2637	1174
3776	1174
2394	3776
1121	3776
2656	1050
322	283
3745	77
1318	77
2120	2141
58	2141
484	2141
531	2141
612	1718
1835	1718
3934	1718
1854	1718
2756	1806
2969	2158
341	2973
2779	2973
324	2973
1931	2973
1248	3420
728	3229
3402	534
3888	534
3420	1248
2847	1248
1318	1248
3848	1248
2595	1248
3588	322
984	322
3369	322
436	322
2	322
283	322
2297	322
1812	322
1772	322
2055	322
1262	322
10	322
318	322
1825	322
89	1265
2467	2358
2756	2358
737	2358
463	2358
1960	2358
2930	351
1134	351
410	265
3437	265
1282	265
108	1717
1812	1717
2820	1585
1351	1585
3840	1585
2256	1585
3253	499
2702	1268
302	2448
221	2448
3302	2448
2961	3325
728	3325
3816	2276
1534	2930
3689	2930
3742	2930
351	2930
2200	2930
2926	2930
2226	1401
2635	1401
3825	3869
1375	3869
1363	161
2961	161
1356	3081
2158	3081
3681	804
3201	804
611	804
899	804
674	1985
3020	1985
1290	1985
3718	1514
3159	2503
3404	2503
3642	2503
2525	2503
510	2473
2820	2473
174	1882
3028	1882
46	784
3749	784
1508	784
1363	3480
3440	3480
2042	3544
682	2803
2702	722
2833	1455
3919	2728
3009	1103
417	1103
4022	1103
1757	665
2219	665
3915	410
1931	410
1991	341
815	210
341	210
344	210
1746	210
2903	210
1991	210
341	344
210	344
1432	344
306	344
1265	89
2637	3681
1175	3681
1522	1363
3159	1363
1835	1363
2503	1363
3480	1363
2804	725
2838	1372
2961	3283
941	108
3050	674
1823	674
1985	674
1985	3020
770	3020
3738	3877
1467	2961
3283	2961
1891	2961
1244	2961
565	2961
3440	2961
1332	2961
3229	2961
3598	2961
3325	2961
161	2961
3404	2961
3934	2961
2967	2961
3158	2961
2061	2961
3917	2961
3376	2961
2518	2961
510	2788
302	2788
207	2788
674	1534
2779	1534
2930	1534
1985	1534
737	1534
403	3648
3028	3648
4023	3012
3188	62
1002	3865
2981	339
3742	339
1050	339
2973	1462
2015	1462
2833	1462
797	1462
2232	2924
1175	2924
3733	3989
395	3989
1868	3989
1812	1396
2566	1022
1410	1022
2983	3776
1913	1050
1282	1050
3157	1050
2906	3822
1537	3822
3711	3822
3467	273
2232	1175
3461	1175
2924	1175
2219	1175
2848	1609
2983	482
837	2
11	2
181	2
1931	1025
1657	1263
612	1263
2503	1263
2525	1263
2595	1263
2069	1263
737	1806
1462	2973
3157	2370
1960	2370
417	3420
2276	3816
2987	324
806	324
2973	324
2962	324
3926	324
978	324
3995	388
3028	388
546	388
682	388
1455	1931
410	1931
725	1931
1462	1931
2873	1931
2467	1931
1025	1931
2973	1931
2833	1931
2737	1600
3689	3409
3915	3409
2952	3409
743	3409
1556	3409
2926	3409
775	3409
1134	3409
2938	1812
3175	1812
2459	1812
1396	1812
11	1812
322	1812
2961	18
2120	18
149	18
474	975
10	1772
421	1772
3544	1772
1455	1257
1846	1544
567	3976
3400	3938
2637	534
1810	1265
3822	1265
682	1265
5	499
3461	1268
1174	1268
1851	1268
2050	1268
2903	1268
2938	2055
322	2055
2987	2448
3081	2448
1467	3325
1494	1401
2001	1401
3024	1401
2635	161
2448	3081
2226	3081
2969	3081
674	1823
2779	1823
324	1823
2358	1823
1985	1823
2659	1823
770	1823
3115	804
1174	804
2861	1985
1534	1985
1576	1985
2332	1985
2779	1985
1823	1985
3745	1985
1090	1985
3935	1985
463	1985
3028	1985
3445	1985
1130	1985
2060	1985
806	813
2906	1537
2900	1537
1243	1537
322	1262
3838	1262
1468	1262
2455	461
393	461
1577	461
2737	2503
3848	2503
3980	3480
300	4026
1318	2060
737	128
2503	2737
2521	2728
2165	585
2847	1174
1985	1022
3402	1022
1130	1022
3501	3762
3925	1175
461	1617
461	3816
3402	3816
3711	3816
574	3816
3934	3840
3903	3840
770	3840
2838	3840
2078	3840
3501	3840
3755	3840
1226	3840
419	3840
3501	1021
2961	1332
2635	1332
2702	2847
1665	2847
442	1031
2788	207
1833	2962
2106	1851
2459	322
2455	1265
837	855
715	855
118	855
2601	855
403	35
682	35
2803	35
764	3606
2781	2484
2694	2358
2779	2358
2958	2358
1410	2358
3937	1823
463	1823
76	1985
2566	1985
2051	1985
2461	1985
1022	1985
482	1985
77	1985
3561	1985
1617	461
3816	461
559	5
2370	5
1991	1514
3355	3480
2201	3592
3188	58
3689	58
3501	2127
507	221
2566	3402
2051	3402
1022	3402
3816	3402
534	3402
1603	3402
1130	3402
3561	3402
3989	395
3148	3738
2645	1716
46	1716
3234	1716
2361	715
2581	3934
1351	3934
1835	3934
3840	3934
1506	3934
403	1030
3995	1030
1363	2967
837	2967
2001	1556
3409	1556
3157	1556
128	737
784	3749
978	3749
2096	476
546	476
2393	476
2	181
3501	2415
720	1425
377	1425
2165	611
3989	1868
1396	1868
3745	1090
510	3903
2820	3903
3840	3903
1050	3937
2406	3937
3947	3028
1263	2525
2503	2525
4022	2525
1332	2635
161	2635
3020	770
3935	770
463	770
2833	770
3437	891
3947	546
1514	3718
1011	3718
531	3718
2165	3718
4026	3718
2064	3718
3253	2135
3501	2135
1372	2838
510	2838
3224	2838
3840	2838
3742	118
855	118
2354	2078
3501	2078
3103	574
3816	574
1248	3848
2503	3848
2595	3848
89	682
3115	682
1810	682
388	682
264	682
1265	682
35	682
1537	682
174	682
1882	682
4023	682
682	3490
1600	1083
1372	3501
3231	3501
3762	3501
3848	2595
770	2833
2962	1539
4016	1539
1263	2069
2888	2069
2455	53
3115	53
1031	53
4016	53
2001	149
18	149
2232	1972
1657	1972
3349	1972
2219	899
882	899
393	899
1175	899
339	711
1645	711
3440	3980
1600	3980
3480	3980
62	797
1462	797
720	797
1025	797
1251	797
578	797
410	1991
341	1991
210	1991
302	1991
1514	1991
2903	1991
1949	1991
2702	3561
1617	3561
1985	3561
665	4026
1757	4026
1960	1937
3501	3755
3976	567
3606	567
1396	345
510	1226
2820	1226
3840	1226
1665	722
2981	722
474	2579
510	419
3840	419
3461	775
3188	775
3689	775
3742	775
2952	775
3409	775
377	775
2926	775
393	4028
174	4028
3028	1386
1262	1468
3178	1468
221	1468
1716	1468
578	1468
559	1854
1161	1854
3880	1854
1721	1854
3973	3887
1318	3887
2060	3887
3840	2354
76	1022
403	1022
2152	3776
2020	3776
1386	1617
4025	975
3178	975
510	3840
2820	3840
3225	3840
3231	3840
3840	3002
393	1265
1846	3606
567	3606
3935	2358
978	2358
810	2276
2906	2276
2900	2276
2656	1985
2394	1985
2659	1985
1603	1985
2714	1537
3856	1537
1300	3148
2057	3148
3738	3148
531	3148
1657	2503
403	174
4025	58
220	58
2781	221
3856	221
3527	3402
1386	3402
1868	395
3461	2266
1498	2266
2050	2266
1449	715
510	3934
2820	3934
2696	1030
149	1556
2493	4022
3147	1929
2020	21
1300	2781
221	2781
1512	1425
395	1868
3837	3789
3349	2525
1462	2217
2967	2635
2480	2635
1645	3302
3445	3302
2064	1854
3887	2060
2961	1467
2406	3973
3816	1579
3501	2354
3938	1396
11	1396
1739	1396
1868	1396
2702	1022
388	3776
3028	3776
3937	1050
3028	1050
804	1175
3642	1175
1972	1175
899	1175
2671	1609
1576	482
1410	482
1985	482
784	482
189	3420
2967	1332
53	1031
244	2686
2714	1051
2264	2962
806	2962
3267	2962
324	2962
1539	2962
3837	499
1983	499
2833	1823
2165	1537
803	461
571	461
776	3592
2702	417
3562	417
2232	417
3349	417
3369	1739
3175	1739
3887	1311
317	3404
2503	3404
2645	2804
1991	2804
2584	3234
1823	3234
1716	3234
2728	2521
810	2521
300	1474
2748	1474
3012	4023
682	4023
3648	3402
2332	3402
806	3402
810	3738
2961	2061
108	181
181	181
3349	611
510	2217
2	1255
3826	3838
4025	3838
1262	3838
1199	2635
2001	2635
3440	2635
280	2635
2601	2635
2878	2928
2645	770
1089	770
3021	770
1823	770
442	682
2096	682
128	722
76	2060
1410	2060
77	2060
1854	2064
1645	128
722	128
