2217	1983
3888	244
1311	1617
1717	22
899	2702
2961	2415
2961	3834
3689	312
322	2938
1375	3929
2382	2061
3598	3158
2167	22
2120	1199
3762	3002
2632	1937
149	2378
3562	1657
2861	1506
3929	3437
1002	2167
1872	280
2601	241
18	510
3925	3776
946	318
1847	217
2200	989
3955	2539
1960	463
764	860
282	2226
854	3877
3501	2415
1929	2158
861	3322
3201	1268
3397	3436
670	2240
1585	2581
2788	1972
11	3826
3322	1513
2592	2592
3159	3848
804	560
1401	55
860	3865
1810	92
3606	38
3798	2539
2106	2737
2001	1311
49	2873
410	3159
3383	2480
1954	1812
2498	2238
775	3409
3028	3947
312	3626
3302	351
1506	3153
2484	3188
49	1289
1025	975
1449	22
3115	3028
221	3856
3501	2242
3826	11
2001	1891
210	978
2078	2354
3224	2645
3400	722
3689	2539
1474	743
388	2803
855	2838
388	2748
3693	1812
2350	3955
322	1739
855	402
196	2952
1494	1432
1174	417
855	3297
2635	2967
531	4025
1449	1226
461	3816
1011	2406
1929	1401
882	3414
136	10
2756	1716
2226	2969
2696	1708
1455	3002
2525	1746
2469	1351
1386	3383
1972	3880
611	899
3402	2566
1090	674
2498	1410
1432	2838
341	2493
2833	2015
1375	62
3322	2061
567	1539
127	2354
2862	670
4028	2454
1985	2060
1670	1051
168	3028
1929	62
2467	1931
3869	1803
2448	149
1175	306
10	2779
737	2738
2838	3501
1175	442
2702	560
1199	720
1522	1498
1351	2256
3749	1739
324	978
1585	3903
4026	699
2861	2632
1891	728
4016	1022
1847	3173
1665	1263
1356	3718
2046	1438
344	875
2454	2493
3283	2061
861	2046
1857	1854
2340	574
715	1708
10	3544
2064	1011
2637	3420
670	241
35	1603
2702	699
3024	2967
1823	674
393	3115
3888	2930
2276	3925
3173	3865
1960	3935
3024	143
1410	134
2958	2480
3593	3355
2295	764
3383	62
1318	3648
3561	2595
2165	3148
4016	1577
1806	1372
3938	2820
728	3917
118	510
1718	4025
3825	1030
1179	127
1375	2135
3153	1847
58	2987
722	815
3490	2096
2833	2820
2354	3253
1174	815
1244	317
1372	1868
3755	2242
2329	4025
2307	1083
1051	737
3834	3424
803	571
1363	2480
2937	18
77	3837
891	1851
2861	2390
395	3588
3383	2217
510	3837
2095	3383
3776	2393
2461	1603
2601	2635
2158	3096
2525	1960
2226	2158
2152	3848
3801	345
2973	1248
1001	1708
505	2064
1985	2394
1432	2480
461	92
2878	2295
776	2645
720	1022
3937	682
975	421
2933	612
3201	2393
149	3887
280	3891
842	720
1199	1835
2525	339
3593	2749
4000	797
4000	891
2987	2141
804	3480
1708	1276
842	776
1022	1268
1937	2141
196	2379
882	403
1514	531
717	35
1600	1857
3349	2637
1363	1851
2238	1833
11	3175
3322	1657
1244	3297
1609	1576
410	574
1265	1810
3383	92
3229	3420
1001	1030
2858	1954
2930	3745
2645	2329
161	3325
891	1383
2581	1585
1265	2238
899	136
2503	3024
3400	3742
2001	2061
3934	3033
1375	3229
3934	1372
2469	1270
2240	282
339	2656
367	574
2219	2101
2696	3159
3148	882
344	2382
3009	505
3436	737
546	3955
1282	1513
2379	3681
2645	720
2484	1134
3955	2050
2457	3718
3695	2459
410	1383
674	1985
3253	2406
3848	1851
1609	2001
3009	3888
1022	1985
3789	419
2406	3776
2833	2981
2671	1972
770	3096
2457	2967
1268	2165
3404	3856
3925	2001
2394	3937
161	2001
3420	2924
419	510
1512	3848
474	1262
1410	1833
2656	916
1848	3355
1513	3322
534	3562
1011	2748
3229	3283
1739	11
804	1265
3002	2838
2095	764
280	1121
1021	682
1332	302
3544	2
2226	975
49	2001
58	2329
1383	3302
3903	2820
743	4026
3733	3588
1514	196
803	4028
461	3915
3689	775
3941	3158
2001	1244
1449	351
1539	813
3938	764
1857	3989
2756	1462
3376	3158
2926	1248
3626	875
2862	3941
482	1806
1806	1011
3825	1401
1803	3801
3201	1746
2803	2051
4016	803
1617	1318
244	1913
948	585
571	2378
2525	2969
58	725
621	58
1375	3322
1846	3165
1153	3173
3745	1576
2686	1985
764	395
3801	3776
1954	2120
804	3776
3826	3955
2	1812
1199	18
1913	682
3376	1891
559	1161
436	2938
3838	1276
1772	2884
806	1833
2361	1224
2967	778
377	3765
134	3681
134	803
3081	377
3283	3376
1276	1812
725	507
3718	1383
717	1103
1913	1030
1251	2613
3544	2141
1931	221
2042	531
144	764
854	344
674	2686
1090	2332
1803	842
4028	1806
1390	2992
2493	2069
476	1011
3302	2240
62	2158
58	2141
210	1383
2165	1161
804	3593
344	499
3302	2046
3397	1425
111	55
3648	35
764	1050
1556	2566
2933	143
1179	1289
1462	797
3776	1585
53	3937
1991	3755
1851	1318
1544	1153
1410	585
3267	3420
2217	2937
76	1985
559	5
168	3776
2945	2737
2878	2101
273	2659
560	4028
3588	395
1282	265
3028	2461
728	1806
2930	3801
3593	2987
2390	3165
2106	2738
1161	2916
1600	1449
2015	2584
531	196
720	3798
989	2981
3980	1467
1803	1179
1410	339
2521	3103
282	2046
3742	2042
474	1455
1833	3848
2613	395
220	1848
168	1882
1425	436
4028	815
2020	174
2042	3733
2645	916
743	665
2916	3937
3527	3561
417	2232
1002	1374
3711	665
2820	3834
10	1772
804	2394
2061	3158
181	3246
302	1161
1957	1600
2900	3989
775	1757
743	312
842	3077
1937	1251
2671	1609
2226	711
2457	1609
3437	1960
670	108
2467	578
3019	3019
3246	484
53	715
2973	2055
1248	2847
2906	1300
3947	1432
1755	484
3938	2728
2833	463
1514	1848
2051	1617
1410	1603
1857	1957
1576	3745
2295	3789
1891	2861
210	2804
2926	775
3159	1263
3033	3153
3159	3798
612	1513
3402	813
3383	2714
377	2201
2645	1262
2973	3501
474	2873
2480	3148
1396	3436
728	461
89	2714
282	2930
3376	1021
3934	3224
1708	1153
2078	3002
3915	3409
1351	559
3376	2167
3234	3096
2064	813
3856	3148
803	4016
3490	3480
2127	1011
725	312
53	3115
1050	244
1462	1514
3865	670
143	302
1494	1356
1251	797
2933	55
882	1175
1002	3877
1739	351
1462	419
3225	3941
2266	1718
2967	1255
2158	1585
2696	560
1199	861
1537	2276
143	2788
3801	2873
3147	2749
1522	2756
3789	2686
2046	2696
3267	3561
1534	463
302	948
1270	207
3115	2329
341	776
861	22
2354	2167
1585	352
2015	2120
665	3749
312	53
2473	3903
2201	2903
3562	2595
2055	3369
53	2862
174	4028
1474	2219
3234	1746
3058	2264
1579	3058
46	1318
1311	3028
3024	3165
1806	815
804	2983
4025	196
2440	1276
1462	2
1467	2862
574	1396
3224	804
1991	3762
2937	3020
3934	3077
1025	1130
860	2393
3480	3765
560	578
367	3648
1803	3934
2737	1746
2329	221
1161	1390
837	2967
2354	2878
2916	693
3891	670
1175	3562
1311	35
2728	2714
35	210
2201	210
775	2613
777	2748
2737	3002
2390	2861
1311	1603
2804	3837
11	2057
978	882
362	2061
2916	1729
3420	417
2141	728
3376	1467
813	1833
410	339
764	2480
946	2686
3490	2671
3865	3834
189	737
1388	317
1263	3159
2038	264
118	2469
3926	546
3938	2539
2297	1833
3891	2748
1522	861
2276	991
2378	1954
3562	189
1251	1848
854	916
899	854
1462	2973
3019	2738
10	806
1432	2329
1449	1957
1383	1001
2833	3436
3501	2217
89	2329
3941	670
474	3178
3021	2579
463	2358
3955	402
3050	3837
3402	2232
2473	3776
3028	991
3973	2987
1851	3919
2878	941
2232	4022
2448	2064
505	3711
2878	3383
1388	1848
3024	3383
2096	3402
2804	244
1374	2312
2838	3626
1011	1755
1462	2833
1729	2916
2756	2656
3021	2928
351	3402
2120	2987
2838	2042
3937	3002
3147	1199
3865	3941
1021	2878
1438	241
860	3544
1425	1153
560	1810
4022	1410
241	715
2861	2992
806	3402
4025	1390
775	3188
3955	2525
3283	1449
3147	1848
1721	559
2820	1556
3745	273
2001	3158
3789	2518
1161	2903
1755	2165
1251	1823
149	2987
241	3891
318	2973
174	2061
2167	3376
2566	3402
2297	322
3648	1311
62	2878
2962	3467
578	3742
2833	1455
1363	3325
63	108
1289	1854
244	3965
1857	1199
317	3695
2057	11
2406	1050
317	3297
3173	1401
174	2933
2078	2307
1854	144
2217	3383
715	1718
1812	1051
484	2
715	53
1021	3253
2312	339
1810	899
3383	510
1929	2295
2370	1960
2001	149
3941	3383
2945	217
2981	21
1891	3934
2808	1954
367	1657
815	722
510	3757
134	2924
1410	2454
1868	3989
728	565
2038	2312
2141	1508
612	2390
2873	1931
3461	53
3115	442
2354	127
2060	2332
344	2217
941	108
3925	611
830	1001
975	149
3592	1846
737	2958
2933	3934
2961	2101
2952	1514
2714	1577
1244	3917
3941	2592
306	1949
2983	1872
302	2480
837	855
989	1455
118	3383
2217	1462
1690	1868
1544	1243
2240	3562
1121	3776
737	128
1708	1600
58	891
1386	3050
2238	22
770	463
1438	217
18	2937
92	2473
3681	1512
3165	3383
2370	2659
2406	3973
1255	2329
1263	3033
2469	2440
699	2702
1175	1657
3436	2632
3267	3926
1537	665
948	1854
815	395
1251	1514
2878	2592
2958	1508
174	2937
2749	18
3826	1462
578	797
1401	3024
1282	306
3153	1718
2264	4002
55	2900
803	2503
1718	2961
830	1645
344	5
2480	3480
1282	1854
1848	2579
674	3050
339	2020
3683	2878
2382	1002
3865	1374
2903	2804
722	2981
317	1248
693	3934
1835	1199
3024	2001
2020	797
1251	2467
1265	3490
2457	2165
1957	1846
108	2808
62	3188
60	2350
344	2808
3436	3148
3562	2240
3606	2581
2958	312
421	1455
1251	2232
58	221
1716	3297
2340	1425
421	2015
2933	2592
510	3762
1410	1130
2106	1083
1199	2001
2390	143
3490	3689
1153	1718
1103	1263
2656	2967
2987	2808
3891	461
421	367
2226	3689
3825	3033
1577	111
3834	1449
2307	127
1089	770
1388	3934
1854	339
1506	4023
2579	3021
1746	165
111	2461
2038	1374
3941	2480
108	63
1455	2440
571	352
2141	2858
837	2165
3681	3840
2686	1270
2467	1825
2312	1396
1985	1410
2962	2595
2833	3178
2493	612
941	3297
2928	362
3947	777
395	1001
2378	2987
1823	2659
725	1255
3865	2592
3246	842
280	1657
306	1810
2390	2158
3718	2728
3711	89
3231	2820
3757	2967
417	3009
875	2967
1386	417
722	3837
670	3322
352	1949
362	2382
1030	2095
806	1386
3325	3420
1577	2096
3159	2737
2455	1755
2055	2
322	2297
2473	2469
3695	2266
2862	265
725	1931
1985	2051
2873	77
351	3838
3436	770
560	2967
3165	764
1579	3776
842	2579
3009	571
1396	574
5	3501
1522	3349
2928	875
2001	3024
2820	2329
2469	3757
2702	1022
476	611
1175	264
1577	1991
127	1846
806	1657
2240	3302
720	377
1248	1665
127	2078
3165	1401
108	854
2906	2714
3887	1130
4022	2165
2206	2525
1300	1390
461	1617
1388	1282
531	2671
3165	3869
3840	3231
2469	2967
2459	322
1467	728
3178	474
2295	1375
1513	2307
1432	3071
3749	2983
3973	891
2051	2962
2060	2873
2714	2627
813	1534
2061	1891
2127	3941
2933	3165
474	1772
322	318
693	585
3816	717
510	2078
143	2748
3081	1356
2001	3283
715	1449
1276	2656
4025	2952
1351	118
2873	3903
1716	221
2219	2240
1957	1244
149	2448
2928	2933
3058	2873
1806	1757
2820	2340
143	3869
1718	1854
3749	460
1255	377
725	1851
3283	1891
63	778
1462	2926
2903	1410
3834	3593
1957	362
3929	737
482	1318
2051	3028
4026	1537
484	2916
2095	2480
3071	1957
3826	1356
1882	168
3402	3527
2592	3173
63	3626
1847	1929
1002	3919
1746	3201
3033	2933
3937	674
2926	2952
1508	1960
2469	1585
3501	3231
510	302
991	2566
510	2714
2906	699
3467	463
3903	1585
2632	2916
280	3562
302	2020
3158	728
1833	377
2781	1670
2276	3915
2393	2962
2930	351
1985	76
510	3501
574	410
2906	2001
1739	2738
3776	2937
1251	3954
60	2256
2379	3718
3789	1050
3888	2152
108	3762
1991	797
1425	1512
3157	362
916	1806
1050	3253
2900	2454
2838	3490
2737	665
2480	3947
534	3888
1576	1609
975	2884
1882	2394
3749	1514
3103	1755
2728	1199
3283	3229
916	3887
2595	2847
797	134
764	244
2001	3798
3480	2838
1425	815
2020	3776
1383	1929
2702	1263
720	2354
1199	3147
3798	2820
1251	2579
1289	3934
1985	77
463	474
1083	2307
4022	1153
3173	143
210	344
3077	1803
3798	2406
2078	764
3798	1001
2632	2861
546	388
2686	2804
1262	3178
302	210
3606	2613
2969	2226
2078	3755
2096	3201
2312	585
764	2671
2200	2987
882	3201
92	2833
3436	1657
77	2312
1556	2820
806	3115
2295	143
2933	174
2983	2358
1318	189
3642	3980
3157	861
2165	665
55	2226
344	2696
2206	861
2848	4000
3822	149
3501	3755
3681	1255
2928	861
207	3002
2835	2001
2379	531
1929	3147
1522	2050
3253	2861
3765	2201
3745	345
3955	776
1174	55
3437	410
221	2702
882	3148
108	3834
2158	2981
3267	417
815	3891
2266	2521
2095	1374
803	3148
2518	1083
1579	574
2448	367
2656	1716
2627	916
134	1262
2064	4022
737	2838
306	3349
2064	3798
3683	1847
1449	1199
3234	2440
484	2329
22	1021
4022	4025
1001	3188
3050	4002
317	1263
3856	2455
3955	2627
1289	127
3798	482
1449	1708
2525	3562
3400	1846
4028	1351
144	1289
3938	395
1432	2952
2120	2046
2480	220
2307	280
3980	3376
244	776
1090	1410
2238	1083
2020	21
2973	2358
2781	3917
1579	3402
1937	312
2057	3148
377	1025
2101	3173
2503	2525
3436	2903
2332	1410
1449	3976
2518	419
3929	1356
784	3749
2165	3246
3798	1972
3349	1577
1248	417
241	2601
1556	2050
784	2217
2962	1960
60	2135
1825	2973
1585	1657
5	2756
92	1585
3157	339
2503	1514
207	770
3050	1603
3965	2808
273	341
2808	2069
837	2635
1388	3355
3934	2354
318	3588
2042	3148
2737	3639
2379	3856
2415	3002
3642	3081
1665	3178
531	2848
3856	743
3938	210
682	2266
3402	1410
3798	1363
3848	2219
3973	3776
60	3077
3947	393
2503	3642
38	3834
3989	2627
2165	1051
578	2457
33	1179
2382	2498
1386	806
2808	2937
2001	2518
764	11
670	2046
1001	474
2637	76
3349	899
2878	2928
306	2219
2878	3376
3937	1823
1251	975
3355	2967
3642	574
2096	3115
1577	1755
1244	728
830	2382
3009	1600
1243	665
2015	1960
2101	3024
510	3028
2394	3302
2340	2888
2756	2015
1603	1311
2694	1716
1226	3840
2096	611
1739	2835
3096	3880
2714	2906
1772	1603
2903	4022
1846	2493
875	1251
1494	1438
2001	1882
3919	367
2256	127
1847	3825
207	3755
1851	1268
1363	3376
860	2518
891	306
2120	3147
62	58
2820	3840
2938	946
1050	2406
2096	403
1803	693
127	60
149	975
1960	2525
1467	3980
711	2226
324	2728
3934	1891
149	2749
127	2307
2095	860
395	1050
317	3466
4025	1001
2592	2390
2937	3297
2930	1251
3989	2900
1199	2967
174	1708
476	3947
2232	1175
3033	3825
283	3175
144	797
1425	1083
3461	1268
2659	2973
3848	3480
403	1030
2804	2042
2378	2884
612	3588
1174	2484
2060	3050
3935	3021
3436	1383
2219	1806
2962	1539
2141	1931
1332	2001
2525	2448
2480	2958
1226	2473
3742	2820
1772	2584
770	2015
3869	2635
1670	3816
784	2952
339	2981
1410	1985
3527	2702
1508	2379
3749	1251
474	3445
2358	3935
403	3157
2738	2838
2498	3157
3436	2480
3593	2961
196	1812
1848	3801
2808	2781
2415	3755
2749	149
2788	2601
317	3965
2340	1717
3593	804
3626	3742
3695	3856
2804	3693
2394	2584
1600	1083
830	345
1506	144
4028	611
2601	1585
3947	476
3234	611
2503	803
300	3695
3869	567
2307	3639
1025	797
3009	367
1270	1872
220	3050
3681	1174
149	1311
3253	682
2001	1556
2973	2015
1174	3776
3188	62
948	3461
2480	674
1718	2728
1603	35
3302	3103
38	3147
860	855
574	3157
134	482
2728	946
111	2484
693	1513
3592	1268
1806	189
1103	699
3024	2158
612	1002
2961	3424
3837	3050
611	174
1757	3915
2200	3938
1848	770
62	1462
1282	1265
3420	1276
3887	168
2748	743
60	3801
344	2266
2256	3077
764	1846
1244	3480
3157	797
2820	770
149	3822
3738	1868
804	2595
3995	1617
2498	875
3188	3733
1224	3789
2637	3201
3028	1410
3989	2406
62	1847
2078	3789
53	1449
3445	1985
770	3801
2656	2276
1025	306
2473	1030
3165	1847
1356	3929
3776	3801
2924	1514
1289	1718
3225	2581
265	2862
484	720
1410	3749
77	534
312	1512
1690	2295
2933	693
1755	837
2635	2987
2358	2467
35	2264
3002	770
2	3965
317	1244
1854	1179
2382	2382
3024	3028
2361	1449
803	2455
1311	2659
2671	3490
2967	3355
3159	3693
2903	2848
2064	3718
3919	3383
2518	3229
2503	317
362	1224
854	830
2415	2354
1708	3865
10	322
612	1248
282	1401
3461	442
2219	410
2095	143
3158	3917
3929	2756
3598	728
2926	2930
2480	797
1556	2312
715	1224
33	797
1983	2581
3349	804
264	33
2038	1396
2340	3436
1931	2820
1289	1803
2833	1396
3355	149
2469	149
2878	1847
3028	3927
2938	318
344	2888
2900	2906
2370	3157
1455	2645
1506	2861
1372	3033
3980	2503
2601	764
3749	1645
2042	3096
1438	1657
720	728
717	3210
1985	3400
312	2613
3642	3490
2635	18
2833	1290
1372	3934
3383	1954
1579	345
3210	264
1153	1153
3355	3424
1011	3028
46	2
3002	1153
2833	770
3409	1103
3002	715
2613	377
1665	722
1539	2096
621	2448
377	1022
3175	345
2378	149
531	725
975	377
1090	463
1806	300
89	2906
2340	860
1051	3856
55	2095
1823	2973
3024	3838
1351	1462
4016	2835
1718	3937
1803	567
2838	3224
2361	3115
419	1657
244	111
395	946
1175	1282
2808	484
2354	682
2015	2973
3840	2635
22	861
2120	775
722	3234
728	693
2838	2242
2525	2884
4022	715
3369	351
1175	3461
395	2165
3103	417
1318	1851
806	3400
362	2498
60	3869
3973	1600
265	3856
1030	1375
891	621
3071	803
1716	2983
842	33
165	1432
1175	1050
3789	1374
2656	1985
3420	3440
2945	1544
3201	764
2632	2645
1401	3081
3173	3869
3561	3402
1289	3153
3009	3915
1539	1806
3718	1243
505	507
1351	1001
2916	1161
2038	1825
2498	2952
3096	578
3028	2981
2983	2738
891	3437
127	1289
318	946
3322	2307
3246	837
2637	417
531	1721
3400	351
3838	2579
436	1812
1248	1600
3856	3012
1721	3718
1265	3929
3020	770
3798	2788
1508	1937
875	2498
1868	3028
810	2276
1835	2728
351	2167
1248	317
1467	3440
118	2808
3246	2340
3297	317
2952	813
1268	1022
1498	196
2370	1351
302	2788
3926	803
2297	2938
978	1534
2158	3188
1050	737
3838	3798
3050	1090
1248	2973
3445	3050
3642	3480
2924	1175
1585	2484
1803	3869
2808	3980
916	1311
317	3588
3757	2873
2329	2394
3021	784
860	1846
3681	1401
842	3153
3028	2370
1134	49
189	3028
2987	282
3937	3225
797	3934
1438	670
2962	2264
484	3544
3103	1537
10	1462
1718	108
2728	948
717	571
352	1929
1103	3880
2440	367
3762	715
3201	476
2952	4026
861	2379
2833	842
2838	3019
2820	1931
1868	916
3081	711
1363	1244
3349	3776
1396	1374
3765	2393
1021	2167
2952	3461
4022	1449
1438	2862
3302	1383
3383	3021
3838	2884
784	813
3925	2480
3501	265
717	3822
2158	1401
1199	1396
264	3077
33	60
3349	1579
1432	2848
2838	2738
1806	220
317	2749
442	3937
1494	217
344	3253
3148	531
3322	1282
2803	1603
4028	393
1375	2945
2200	421
2015	2779
3749	1772
1311	149
770	1089
1410	1386
1512	4000
2332	3402
776	3955
534	806
2307	1846
1690	144
55	1396
1585	3383
3937	3762
1153	53
2992	3937
2390	3934
2952	3409
3877	2493
2358	3749
127	3157
1508	2141
3880	3891
855	1134
76	2051
3789	3234
510	2127
2756	1514
55	2566
3798	3159
2714	1103
3925	1248
3440	3376
1383	1772
55	1847
2861	1985
3816	737
3869	2390
948	1868
1716	46
571	717
2440	2200
3480	2961
720	1199
89	3822
1847	3869
1351	2297
419	3903
1847	1263
1276	3376
3501	1449
264	2987
3606	2101
1600	2232
815	991
2480	571
2592	2933
3865	3639
2538	1851
2937	1983
3490	3915
2201	149
4022	3009
2050	1268
2987	2702
2469	118
1300	1383
3598	693
1957	351
1929	2226
2696	2046
715	2525
1262	720
861	3917
1972	1175
2232	3801
3588	2467
2592	2158
725	58
3349	3757
2958	860
2493	3527
531	2042
3400	377
830	2038
1985	463
2938	2297
1868	345
2952	2461
46	1248
3850	797
2061	3325
1846	1957
2804	367
2973	3915
3157	2340
2256	1270
560	1657
1931	1025
3562	3915
1522	2671
1539	1025
463	3178
2702	777
395	1868
280	62
2484	2808
837	1670
127	1224
22	2354
3593	1318
1931	2064
53	2900
461	393
3033	143
1645	2050
3020	1257
2167	1690
1960	2015
264	2480
1823	2378
1050	3028
2808	2057
220	3848
1585	3840
244	1508
2370	3681
3096	3562
2165	1425
3253	1089
3776	2635
1263	3825
546	611
174	3012
60	49
861	2167
3461	3409
3402	806
1600	1248
2656	1276
322	984
693	3917
3683	2240
2232	1383
682	388
108	2592
1030	3157
2958	2312
3762	2069
108	1467
3749	482
1665	2779
3349	3681
3718	4026
510	2393
3980	1600
2106	2862
717	2748
2967	1401
2332	2454
2696	344
2141	2952
221	1300
3349	1848
3229	2961
3297	941
784	46
265	3437
1670	611
3349	306
1746	743
1690	855
2961	3355
62	2295
3915	3490
875	3626
3201	174
1772	345
2473	2937
1833	367
1757	2448
1957	1134
3445	1603
2595	3749
2457	1954
3050	2480
393	1835
136	560
3749	324
3077	1179
1657	241
2696	3776
3693	3436
1690	2518
118	1872
711	1432
3822	3856
571	803
2219	3681
3349	1757
442	312
134	4028
1708	1882
1282	1050
2987	2983
1847	2158
1585	92
3825	612
1716	3234
1449	670
2307	2095
991	2861
534	3267
3869	1263
3934	1289
1375	2295
476	2454
2637	1174
1812	2480
127	2095
1153	1708
2370	1983
567	3976
3935	2833
3642	1432
1755	1716
2295	3825
339	1833
1030	2592
1757	2645
62	2969
2042	3606
2518	565
3789	764
1937	2930
797	3153
3840	2820
1153	3424
776	3776
49	2820
2167	3157
1716	2440
3838	1585
3409	1857
417	806
3527	1851
1600	1363
2873	1257
1585	143
324	1823
3440	3229
1262	3369
2884	244
2635	1199
3934	1513
1432	3115
2728	1282
1089	2480
55	2480
728	1089
2480	1847
161	3158
2370	3297
62	1375
2779	128
916	830
2987	2015
312	2958
33	3153
720	725
58	2448
3891	1050
2967	1467
1603	3402
3865	2862
1851	2106
2933	2878
410	1011
271	3050
2069	946
3383	2933
3302	3639
2961	2240
3937	3297
3440	2061
3012	2332
2525	1083
941	906
699	3915
2015	344
351	1534
510	118
499	344
3402	2051
2637	3742
3050	2659
2256	264
3891	2266
417	2696
2361	855
2938	2467
345	830
1857	1134
1957	402
302	1812
764	3201
1199	3414
2803	1537
89	1645
2788	2152
2256	144
1514	2884
1513	2382
711	1690
837	2480
1603	2595
46	3938
778	10
699	2165
1134	3927
1030	3947
2378	3935
2808	108
2862	1153
5	2370
776	2457
3349	1833
189	128
1579	2637
1716	463
1276	283
1718	264
941	4016
1772	10
3050	89
3201	165
1929	3081
3789	1690
1522	58
207	2601
861	3224
1134	2581
3816	1265
484	3246
1311	189
1690	1224
3461	1248
1498	395
1522	797
2525	2737
4000	1721
2064	463
3838	728
2656	283
2238	2312
1772	1512
3012	546
1425	377
3480	3376
388	510
776	244
2106	3050
4025	58
3096	1396
3891	3592
1854	1161
62	1513
1585	2601
4025	531
3440	3355
2266	1251
2748	1746
76	770
2884	2015
725	1025
682	2354
1030	612
3837	1270
2232	1972
2206	2847
3165	1513
1846	3606
510	2838
1226	2581
2295	3033
3561	2051
3445	1645
2307	559
1449	53
3965	317
806	3562
2503	2120
906	906
2158	1356
3420	2962
419	144
3147	1251
3246	322
1134	1857
728	1383
3224	46
854	875
1265	393
2803	1913
1657	1494
1021	3466
861	3253
2406	3253
3148	134
891	1972
1438	1153
1512	1772
207	2256
3402	1130
1021	1270
1270	2820
3693	2696
2480	134
1513	3917
693	1161
2415	3606
2581	611
3929	2645
507	341
2312	882
946	2937
2595	2737
3973	3925
567	118
3173	612
1812	334
3749	2595
264	3210
2958	2838
1244	2354
1374	1050
1401	484
134	1410
46	3798
1585	2873
1506	2232
1539	1089
312	2838
3461	2926
334	312
2916	1089
775	136
395	2042
711	775
3738	505
2307	2945
2069	2242
1375	2240
62	3397
916	803
1512	312
136	3816
2987	1708
436	2
2694	1432
2217	499
2078	3165
4002	612
241	217
1255	574
46	571
803	806
611	1432
3903	2581
2503	2069
55	2484
3490	621
611	722
4025	10
1972	3955
1175	1506
2838	134
33	1854
302	2888
2613	3397
2415	510
2038	3742
2226	352
2379	300
2457	507
2728	2973
1372	3153
1449	3762
118	2967
1954	2714
1949	1410
421	3989
3681	417
1372	1468
1690	3157
1031	3402
2900	665
2095	1401
1002	3246
2096	1363
2106	2525
776	460
1835	344
1262	2987
35	2803
777	3420
1513	55
1396	345
3976	1739
711	1290
1468	674
3935	1290
3283	108
2307	1891
1265	1498
46	1716
1718	3501
3711	3856
3738	1103
3158	3376
1983	3028
3404	244
474	1356
3420	1332
2659	1001
3915	3103
3165	1263
3420	2061
3283	2493
797	3201
2848	283
2141	2042
3002	3231
2937	1390
2613	3606
510	1351
2264	3267
693	2061
1954	3995
2888	571
1690	711
3598	1363
2983	2370
1262	3973
978	2804
1657	419
3776	3947
217	2696
3409	1248
3776	3648
1224	1957
1438	2737
3880	1103
3562	1410
946	2493
2906	1670
2358	2370
388	682
1255	797
1401	2276
1134	855
2276	2656
2969	2579
574	436
1438	2046
144	33
2307	1224
38	2415
3440	693
3745	770
764	1872
3798	720
559	3225
417	3681
2232	916
1579	3915
3159	2987
2480	499
3201	804
2833	2440
3891	3880
3683	143
1300	3711
1356	2158
108	2858
339	711
1468	1868
3588	3695
1603	1772
2967	207
3501	241
1848	3593
1757	302
3742	3175
1603	2060
2884	1772
1153	1425
3225	715
38	2219
1396	560
2945	282
2226	2141
2714	505
2804	3234
1425	2958
2165	2903
1716	1372
1556	149
2748	1251
1603	1248
1949	1282
3096	2987
1031	4016
3947	1882
165	1263
1848	1276
1882	3115
1363	2061
2256	2969
3877	2858
1494	2601
1276	2518
1494	403
127	3801
3561	3028
725	3115
2240	3683
2737	3856
3856	10
2358	978
3383	181
3848	737
241	3501
3742	3246
3917	2967
574	585
665	3848
2448	58
2737	1657
1290	2632
728	1467
1508	4022
2141	505
1175	882
280	118
770	2378
3369	271
3935	463
403	3681
1931	1455
1134	1868
728	1600
1957	1872
3562	1248
217	1891
395	2312
1318	1600
3012	2050
264	611
2756	3436
3711	3888
3096	2120
46	2981
899	306
33	1544
3934	4023
2803	3297
946	1263
1514	3826
1803	3825
3606	2961
4026	3915
1746	2838
2962	3527
2933	2095
2969	351
3693	2312
1972	2601
2928	693
1645	717
804	2217
3683	55
2601	118
2232	344
1455	1716
3776	2020
1396	1174
1468	2756
3058	2808
344	210
3424	3480
2232	1833
2461	1410
3175	3369
775	3742
2276	3436
2952	3404
3917	1282
1001	3955
2937	1729
476	2393
2382	344
3225	2820
861	1506
3840	3501
711	2378
2078	1224
1001	1383
2078	3231
2498	1949
797	33
1449	1718
1396	2833
1226	1351
2219	1474
341	611
3173	3173
3461	1498
2696	417
264	2238
221	1931
1311	388
1270	560
778	1083
1868	1134
3850	2937
3253	499
2042	4026
2051	1665
2581	2808
210	1544
2756	128
2584	722
2645	842
3024	1937
797	3850
339	715
2579	2200
975	62
1449	715
2738	854
92	3903
1130	3848
2702	421
1576	2001
1002	1913
1030	1401
728	2120
1739	611
2340	2820
2095	1513
1537	3718
3848	1130
134	777
2924	3420
1846	764
3178	196
3789	1257
2983	1002
2930	2952
2484	1174
1708	1432
1617	1268
2493	3926
3838	693
474	1803
2635	89
1268	3461
2232	1708
10	2926
1011	2788
3071	2167
991	1882
3103	1579
3938	2613
174	2493
3376	317
417	2051
3466	3466
3689	3409
574	3915
2	1351
111	1670
165	1001
715	3002
1609	505
1957	2498
2390	3683
318	3369
282	3639
2473	3225
2240	241
181	2
3402	76
1812	1276
3158	1544
4022	2358
1276	3838
3801	49
62	2101
2217	1089
776	916
1657	2737
499	5
3480	2749
2064	3467
3648	189
474	2788
1270	1351
1401	2696
1848	1462
2415	2219
3742	302
2219	1657
1050	2967
3938	1872
2686	3789
1161	946
362	2238
2095	2878
35	3965
1891	1332
891	1757
2390	1375
318	2938
2525	3955
3466	3376
2833	3838
1083	144
2525	395
53	3765
60	144
108	3424
2135	3501
241	282
1812	1556
3826	2064
1690	559
388	2930
1449	3225
2748	3718
1806	784
2064	2448
1721	2165
482	534
60	3825
322	1812
1670	2538
3246	1812
1311	3887
3165	2480
4025	693
2696	3693
210	403
2358	3021
108	621
717	2781
341	1514
612	324
3917	861
1262	3838
174	1282
3224	1011
3355	317
134	1030
3639	108
2738	2106
1153	3639
875	1868
1717	1717
1432	344
4028	585
2078	3501
1153	92
1772	830
1050	2078
2961	33
1083	778
3935	1985
1985	2835
2967	3024
2632	1011
546	1130
2833	1462
3954	2728
127	1506
3681	2370
2962	2702
1244	2961
3941	3225
1022	2702
3856	2457
778	2106
1153	4022
1134	149
842	49
560	2686
1021	3376
2135	1803
3376	2961
1556	3409
2480	2295
743	2958
1282	2219
861	3077
118	2238
2738	2983
2637	2525
118	855
334	334
2635	510
3028	699
3689	377
220	4000
1051	2714
189	482
168	510
2297	436
1846	2106
3880	3976
3420	3598
2756	2358
1388	693
3019	220
2933	1388
2042	3188
244	875
1494	670
2001	3927
2069	1390
559	1351
3840	1226
505	2141
531	743
3527	2962
2264	3926
2613	460
3302	2448
2926	1449
2702	1833
764	1083
3980	2714
946	1161
1851	377
3837	2804
3159	1972
2952	2613
3955	388
764	1089
300	1474
1386	3071
2242	510
1383	474
2820	842
3188	58
842	1425
1282	410
1716	2981
2498	22
3681	2924
2266	3926
3840	5
1617	3995
3903	3934
665	1882
474	49
611	1739
280	2046
4028	1721
699	3776
196	2858
136	775
743	221
3225	3592
377	1757
165	1708
860	1690
2461	3445
3801	3077
3639	1657
46	2637
3762	3762
35	3103
2350	3976
1835	1282
2847	2702
1374	1002
2264	3437
1002	2983
2952	1857
3877	2738
241	1857
1937	1290
2219	1175
1021	906
3402	3765
1514	813
2206	3955
1332	3229
3071	1432
860	3789
2354	3224
3695	3989
21	1556
770	3020
482	1522
2848	797
62	1255
421	283
797	1255
1290	2981
728	1332
2659	3050
3693	2050
3683	3033
2702	2461
2878	1263
2933	2480
2632	1282
2120	670
1401	3033
3024	2635
3024	3683
3980	612
174	3527
210	1011
3848	1410
984	436
743	367
1718	1390
1251	3749
46	3927
1960	891
1251	3147
2637	1318
1537	2455
1410	3561
682	1265
1374	764
2833	2467
11	2967
111	2219
2962	3888
559	1270
3050	2969
1739	1985
499	1089
1617	111
1757	3776
2659	1868
1270	1556
4025	1514
984	1772
2702	2987
3989	1514
3888	128
1851	2884
1432	3436
3231	2242
916	778
3071	3877
3466	1812
2448	1161
1498	89
3947	611
196	1031
3033	2101
3825	3024
393	4016
4022	2232
1243	2714
797	1025
2595	1175
2266	3891
722	1268
3891	1494
1755	3297
2096	1121
2521	2962
737	2038
2503	1134
2924	2808
1522	2613
1847	2696
217	1372
1576	168
3210	2906
3188	2858
2167	861
715	855
875	484
128	1645
1718	1835
3424	108
3891	743
306	2232
1833	1248
1257	1985
2264	813
764	804
882	806
3009	2448
3642	891
1263	946
764	2238
2981	991
1270	804
1161	1383
207	1539
165	2635
2584	2358
978	1251
4016	3765
770	1579
4023	1030
803	1854
720	1262
2095	3683
3229	2967
2440	283
1011	2632
461	693
3801	2256
3639	3941
2038	1739
377	1512
1455	207
3588	3461
2861	1290
2862	3283
2467	3749
2454	3562
3420	777
1244	2061
1031	174
302	143
395	3938
1708	682
3081	3050
682	1913
3461	3925
1474	55
210	2862
3081	58
92	3865
324	806
2340	3157
2415	770
3689	58
567	3973
3934	3229
806	803
1513	3683
3934	60
410	265
1847	2592
2987	3798
2378	571
1854	1803
3148	2276
351	2930
460	1290
3745	2064
46	2201
2141	3234
3246	283
3919	1002
108	2361
2595	128
682	1537
3738	1954
244	3877
3825	1929
264	2256
3856	221
403	3973
611	388
1474	2694
764	144
1718	1153
743	3693
2457	1670
1729	2861
241	3865
1891	3598
3253	3501
3965	1462
2702	367
2454	3402
2637	567
2635	2101
2916	2992
317	3424
1846	2862
2394	1363
2201	2848
978	1835
2969	3021
362	22
2888	410
975	4025
3400	3178
3325	161
1449	3157
3322	2120
2295	1513
3789	611
1645	2627
2584	1290
559	1226
22	941
764	2518
128	2069
3325	2961
174	1388
1410	1022
1882	1708
797	165
2457	3593
2120	2503
1022	3848
2961	3593
3544	2958
1872	2983
3175	830
3733	1825
2406	1175
2820	149
1375	567
510	3850
474	1739
860	585
108	3019
2158	62
2165	585
1983	578
417	3402
280	241
722	3400
2141	2120
3081	2226
2232	2924
377	975
442	1031
1600	1972
3404	2613
2001	1363
3856	2379
2498	854
3749	1665
1226	1226
1514	1251
1872	118
1579	2001
3050	3693
567	1375
3480	3229
2064	2406
1539	567
1949	2656
1351	2820
2808	1983
2962	778
2820	717
2714	345
22	3071
3837	210
264	1432
1388	1375
2645	776
2962	2930
1846	2928
725	341
3745	1823
1257	770
2226	1401
1823	3935
2756	2152
1848	1388
1031	1265
1579	510
3376	693
1265	2096
1410	3527
3934	861
2579	474
3954	3926
1401	2390
3683	2592
1363	2096
1351	3840
3887	1318
578	377
484	699
436	1772
1949	1991
2538	2884
3880	1721
1498	1522
1960	3050
3749	612
510	18
611	3115
1363	2518
1739	3749
77	2060
2498	1717
3009	2702
1508	3021
474	3801
3915	2738
3954	3919
2440	2804
571	3103
693	1803
2201	3592
3965	1522
128	1718
3749	1432
482	585
3825	55
1937	505
3024	2503
1282	3437
2539	2200
2152	1372
1175	2232
11	1351
3825	3869
3165	3825
1051	2217
3745	1174
1263	2928
3283	3856
1388	3424
3376	3440
3816	5
1226	559
1717	906
778	1690
3749	978
1226	352
322	2973
1534	3175
352	2987
725	1556
1396	1318
1513	861
1372	2406
4026	300
339	3976
984	3397
1534	978
1224	402
861	2390
3400	4022
3934	1351
507	2903
578	1690
3877	3738
837	3742
2686	946
2406	737
2613	784
2361	711
510	3383
2001	2835
1179	38
2788	1011
482	46
1576	2659
891	352
2878	2480
3980	149
1161	2937
2201	717
2020	168
367	1833
842	436
2635	2878
3681	1806
882	717
3776	417
3848	3749
3234	2858
567	3929
2312	1670
2595	1248
2933	2101
3383	2635
4025	4022
3409	1957
1001	546
842	144
1579	3562
776	725
2833	3935
2961	3903
621	3877
2835	1161
2983	3480
377	3480
2020	3201
3865	53
4025	2847
2656	46
3355	1983
2266	3490
3745	10
854	854
1991	2671
1383	1161
3929	567
3937	3020
2702	3648
2498	63
161	3917
1011	3246
2967	3376
1755	3103
2361	1432
220	674
3165	3941
2613	2329
2981	722
3404	2702
2601	2240
1289	33
2051	3648
3880	1609
1508	2358
1243	2165
2595	460
2350	2637
134	189
1882	3028
3880	1363
1957	1690
3165	1929
585	693
1960	2370
2656	722
2242	3755
3050	2394
344	306
1537	2106
111	3648
312	2484
1868	2001
3115	1265
3165	860
1972	3973
1002	1002
1954	2057
2064	2461
2635	837
1425	860
2206	1282
3848	1089
2238	1374
1556	1270
165	302
2382	2933
1022	720
3980	2967
2835	2312
2873	3437
3592	2916
1244	1332
585	2848
2938	3369
351	2926
2961	3158
2584	2632
1372	861
2135	3231
2808	2581
1224	1913
2781	221
777	1383
3148	3989
2165	3201
282	2987
2937	3850
2833	989
3934	2135
1847	2480
2808	699
2861	4023
3490	134
3626	2525
1467	715
720	2467
2952	2329
546	1425
715	4022
1432	1708
3153	2390
899	1174
143	1585
3648	3995
1022	403
3693	3159
1289	1179
2	2055
1455	2415
1030	134
351	3050
2448	1103
3267	2930
3103	3816
2645	2656
1690	1857
1083	2106
2469	2820
1161	693
1130	76
3467	1011
3941	265
3440	3980
1030	143
682	3490
3789	2078
300	1717
715	1438
2370	1854
1772	1001
2354	2078
1455	2242
837	11
875	344
3383	1051
2938	3718
3302	1806
1544	3325
1318	4016
189	1514
3229	3325
312	725
720	559
984	474
35	1224
134	3973
899	804
3762	1455
2930	3267
1991	2480
2613	1708
725	2873
3776	1579
306	1913
3947	1001
612	2878
1772	2467
207	3973
4028	476
174	1031
989	2579
2928	2061
2051	3527
3941	3598
2061	3934
2340	2038
1130	806
3934	217
1372	2152
419	1585
1848	118
3941	1226
1011	3834
3937	3028
3954	3071
559	797
1282	1363
2393	1577
1449	2952
2455	803
1806	916
1617	2206
510	3934
2232	2748
2878	3071
1438	2240
1179	2415
665	531
810	2448
3848	1512
324	3749
2969	1401
3915	574
3297	1089
2158	1513
3648	3297
5	1539
3096	49
574	571
1432	3693
1351	1226
2266	3283
728	1891
882	3562
1522	3224
3490	1031
3626	3404
946	1474
2	2938
1351	3480
842	1803
1025	1929
3466	1717
2046	1847
436	2888
3880	574
460	3733
3927	463
484	1755
76	1022
33	127
2101	1513
1318	484
899	560
1755	3816
2503	2635
2738	63
3919	1851
1455	770
3297	3937
1226	3501
271	244
2930	2539
3028	3561
2952	1449
806	2671
682	393
1847	1513
2779	722
1806	1425
484	1556
3938	2042
2967	1270
1985	3745
265	1282
283	341
1729	1161
2256	3355
989	344
571	2493
1823	3745
1134	2120
2152	3850
1021	22
344	3437
2595	3561
670	1438
3592	2671
345	875
2480	302
693	3598
108	92
1276	1332
1949	344
5	2015
3020	3297
1972	2748
612	165
3424	3355
1717	2498
3383	280
3917	693
2945	1375
3598	1467
377	3689
4023	35
776	2232
2579	3838
860	3888
367	2276
3865	108
2101	38
1432	2096
1130	3887
2	46
3562	3925
1263	2613
3776	3383
2903	1161
174	1513
181	2627
2141	2015
1579	2962
3562	417
2332	2060
2933	1929
2635	2295
2595	2503
1410	3445
3480	737
3888	948
2095	2307
3776	2096
2493	571
3989	2
108	1438
2714	948
196	3856
3028	1351
143	3776
334	2613
1991	3297
1891	3440
3856	53
2165	3028
3404	1318
3081	2158
784	2358
302	1972
207	510
948	417
1812	3369
916	1868
2256	3383
830	2916
571	461
1462	3349
2838	855
1300	312
2779	10
1103	2378
2518	1332
1985	3695
2861	2808
1833	128
3420	2930
2219	339
559	3562
1462	1226
2095	2158
3711	1537
989	3234
2469	92
1937	2779
3929	1265
3801	388
1025	3115
1383	3159
2329	578
2219	306
861	1857
3302	1356
1847	1401
3420	1244
108	3283
2393	3826
271	1810
3158	565
312	1300
3283	1854
3592	2307
1506	3302
1985	1022
3501	2152
62	1356
2779	1823
3561	2981
283	803
2958	3544
3973	352
1268	1351
2656	128
3880	2671
136	2379
220	531
975	3178
3302	1913
144	1690
1318	3404
3544	1396
1311	1270
778	1757
1812	2781
3834	3231
3225	1153
1468	3178
3376	161
737	189
1833	324
3965	2055
3937	1226
352	2888
1985	3937
3033	62
484	2888
3850	2659
1585	1983
1514	35
63	830
22	3376
55	2219
2632	1290
4023	174
344	2232
3825	3165
1468	578
2967	2804
946	3178
1002	3466
2038	720
3234	1716
3096	2930
899	3349
2101	2095
1957	3466
62	2884
1617	1755
764	2295
1257	1396
3642	2924
4025	1833
3302	1506
4022	2728
2158	1847
3283	312
3224	2406
797	1514
3159	3765
784	2595
2873	1226
46	482
3229	3158
2467	1462
1991	1949
2256	2937
2958	484
1318	2467
1257	559
2127	510
3297	1494
3588	3749
35	1432
2480	2933
463	1960
1263	1657
2358	2756
3762	2862
715	3865
196	312
611	1585
1432	3749
362	2167
899	2266
312	3733
2714	3383
2808	1848
784	3021
2393	776
3838	2969
2046	1494
351	22
2973	2756
1401	2095
2379	1825
476	402
189	2152
2833	2141
715	3414
2858	196
317	3856
3021	2981
108	906
3077	1718
2781	2808
612	3880
3891	2945
3424	1848
3376	2518
1757	1851
108	2382
3850	463
10	283
2106	1544
174	3917
906	1002
611	344
1556	3157
2847	1665
3224	3934
1276	1708
417	1534
2584	2983
4016	1854
3020	1270
2884	2141
2064	3745
2987	1363
217	2737
1670	837
3765	3480
2440	3838
3175	417
1386	3801
2358	1432
2601	1872
3926	2493
377	1050
2480	2903
3989	2983
2933	1030
1050	1372
891	2448
2645	2833
813	2264
1645	978
1090	3050
2938	2055
3148	2983
3369	2930
2696	3033
2659	324
2656	3224
3461	2266
210	2201
1030	3033
3376	2061
3424	3865
143	3383
3322	3562
806	3071
3409	2167
3157	144
3253	2135
770	76
3096	282
3826	2973
144	1803
3103	1356
2613	165
2455	3711
38	3683
2858	2858
1812	3175
3856	665
770	1396
3355	3440
1812	196
665	3002
2484	2256
770	2973
3021	770
1617	1386
2307	2240
505	345
2584	1508
3440	3917
3869	62
89	1670
778	63
1718	3283
3642	3297
2051	463
377	1972
1508	2958
2967	3325
861	1957
510	11
2525	3626
875	334
2266	1498
1670	2808
2340	2958
3626	1544
1022	377
341	3733
3225	3865
344	341
2015	5
1226	419
1600	715
860	559
2064	341
2354	3231
3440	143
797	168
410	2888
1539	806
842	1030
2238	1957
737	2503
3816	3711
3224	776
3856	317
611	2714
2969	3024
3840	1929
2738	1243
265	715
665	2219
1153	3002
339	3445
3024	3825
3954	244
1891	1244
855	3165
3501	499
2069	306
1134	1396
3935	1960
1001	2696
5	1462
1985	2686
5	3965
2061	2781
1913	244
3283	2503
699	1103
1690	22
1438	715
1579	377
3937	3283
3639	2945
352	3225
674	1468
1846	1083
265	410
474	2820
3947	546
891	3765
861	1600
1746	2525
3925	58
2961	1467
174	2135
324	300
1130	174
2394	2861
2952	2141
1537	3822
3234	3020
2788	143
3938	58
1985	2312
975	1854
3838	2440
1539	571
720	2038
1514	2467
136	1318
3501	2078
3880	2738
3926	2455
1494	2945
1002	906
3210	499
3445	463
2847	4025
2728	1868
1300	3947
3148	3738
2295	1263
3689	2120
3917	3440
92	715
2069	207
777	58
1931	377
111	1577
2637	46
1263	2592
3865	2361
2987	975
1090	1985
2158	2226
2686	804
534	1268
3024	1585
2969	1960
2938	322
1645	3050
2135	1375
1854	3880
3929	2632
2714	1243
3926	3848
3738	4002
2120	3689
1374	3593
891	725
571	46
3938	377
842	1289
1001	165
2256	3153
1462	3765
2158	2484
1130	1022
460	2584
1854	1718
2878	1375
2329	3028
3077	3801
803	10
2808	510
2924	2232
2847	1579
3019	875
3501	3840
978	2847
2295	1224
813	2952
899	393
1011	189
1772	2952
2461	2064
53	665
2484	1812
3742	837
2967	1332
136	2888
1031	403
510	2264
975	2440
3683	612
1121	11
3404	1050
1396	1812
2671	2848
1083	2038
2635	1401
1375	60
3938	1022
1600	2498
18	207
674	1534
2480	837
3938	4022
505	948
3024	280
3077	264
3175	1772
3865	345
3436	2645
2884	1514
2737	2525
2015	2226
3229	1276
3834	38
3856	1537
2120	2884
3822	1265
2714	2152
1374	3789
855	3681
3938	1494
3527	1103
436	3544
3937	2370
2808	1425
770	2539
3798	3826
2050	2276
3283	3718
3642	306
3749	341
2671	1721
1539	352
3420	2064
855	715
3002	2601
810	3954
2702	2332
3024	3869
143	3165
1083	2518
3383	2256
3826	168
717	2924
3322	3639
2473	1351
1835	264
1011	2276
3437	344
2503	46
2820	2788
1179	264
345	3745
3420	946
3840	2354
505	136
2862	1449
2958	2340
11	510
1455	2969
3400	806
2127	2354
302	165
1972	1757
410	1537
1812	1262
2354	941
161	2061
764	3606
3178	2873
2962	1833
3020	1960
3058	510
546	2455
1199	2200
2	1255
1746	244
3461	4025
2539	2987
1351	1868
1265	804
3436	2756
674	3020
341	2266
3028	1985
1022	1410
2525	62
3941	2928
1868	505
3297	2992
11	1356
2061	2933
3976	3880
720	842
2847	2525
1690	1374
3178	49
861	2671
3838	2001
715	265
1972	2219
770	3436
3158	1375
2050	35
2390	217
2945	3562
3414	108
367	505
2200	3081
3765	4016
574	2566
2001	2873
3420	3325
1375	2961
1716	1455
1174	3745
3229	3869
2498	1872
2952	784
3681	136
1718	60
899	682
1882	3937
2702	2015
916	2096
1717	1002
3402	1854
128	1248
2095	1263
351	1857
1270	3648
3201	2601
111	3020
842	2973
777	482
351	1262
419	3757
2938	2952
507	3915
1872	1270
3020	55
220	3019
3103	2728
3096	1534
1332	565
612	1847
46	3973
837	395
1746	3409
174	1130
3648	3887
1351	2581
2961	1179
3404	2737
144	3157
3077	144
1401	62
1960	3749
797	578
421	2493
665	2900
1383	3718
1835	312
1090	770
2969	1929
312	4026
722	2779
3297	22
1175	682
2873	1585
1251	2748
2579	2484
1432	778
861	2933
2967	3757
2862	3639
1425	2848
3745	1090
1539	1375
1332	149
3865	1868
1957	1224
1718	1498
3598	3283
2962	546
217	2671
334	2838
318	3965
143	2592
2467	221
946	2728
2057	2
2498	1857
3322	3934
682	1175
3789	1270
4000	2848
559	2370
1812	1954
3718	1854
2106	534
339	3175
770	49
3157	2078
815	1174
2983	1716
3955	35
3749	3397
2390	1891
3024	1030
682	991
3158	693
507	1757
2457	4000
717	2201
1396	860
377	1851
4016	682
1891	565
1585	1351
1432	1746
861	2696
2903	722
1248	2055
463	3927
804	3201
2728	2493
3880	2702
410	1810
2219	1282
2276	810
2238	2307
842	507
777	2503
3762	1449
2967	3598
1806	1089
362	3409
2952	3588
5	2888
221	58
1268	1755
220	312
1257	1270
324	2962
2635	3941
324	3926
722	128
2987	1262
1772	1868
2120	1494
3642	611
2928	3159
2101	2158
3869	2480
3755	3002
764	1374
55	2101
975	474
1290	2584
3711	2900
2981	1410
1050	3789
505	4002
1050	377
2933	2295
300	507
2370	2937
474	728
1556	1812
3165	2295
1134	2884
1882	1121
2808	2924
1957	2354
118	567
1872	3757
2307	2737
2930	55
317	946
302	797
1449	3501
682	611
3103	1410
711	1810
2656	2645
1494	3562
220	2152
1851	1645
280	3024
3947	3012
2135	3973
283	3246
1199	1857
3148	3297
1585	2473
3297	3973
484	1318
58	1522
3297	3157
460	978
499	3210
1356	3437
665	410
804	3765
46	2656
3349	560
1657	670
1175	3012
3402	1257
3325	1544
283	778
38	2749
1467	2518
1351	1872
55	2592
891	3919
1739	322
3028	2329
1823	244
3935	2694
3865	92
92	3941
3096	3234
3937	2937
2858	2838
2354	2406
2480	1882
1949	1851
2862	3424
1226	715
797	2748
1931	1462
612	1949
2152	3888
3178	1161
1410	2276
1255	1609
442	3765
1823	2930
3322	861
2808	3349
1757	1537
1729	2992
210	1494
1868	948
302	2201
2696	2390
2448	3081
3838	3826
574	3733
1050	2861
1717	1913
2382	3917
1991	302
271	474
499	510
1929	1513
1847	3077
1262	302
3695	3588
2888	2340
3077	33
3693	2804
1455	2078
1544	2038
1513	2480
1432	804
2457	3880
2201	1991
882	1243
2613	1522
3765	505
2686	3927
2833	975
1806	2219
3420	3980
1544	2961
3440	1244
571	574
3995	388
1276	770
1577	1539
3887	2659
362	861
2862	210
842	3955
1372	3253
1522	737
1585	3776
388	546
2702	1174
2219	55
317	1537
3002	1455
2340	3798
317	2503
1985	3561
210	2903
3404	2983
3765	3402
1960	1937
891	344
3071	1244
875	3877
1833	1539
2632	3436
339	3955
612	482
460	1665
352	3757
419	352
861	1513
174	3887
2906	1265
2962	1290
3934	2878
1351	2686
1226	2469
3955	2645
1401	3683
3436	2276
2981	2613
3436	2448
410	507
3071	22
891	1257
3891	1721
53	2454
2671	806
1276	3980
1226	1449
2503	737
2808	946
1645	611
402	35
3995	2120
3201	2165
3402	3020
989	2217
1174	2001
111	1617
2295	1030
62	3825
2050	3302
3246	2165
3400	1199
2061	1513
3369	1468
4002	810
3738	1300
3404	2952
306	2803
804	571
682	3253
2050	3955
2480	3693
2938	3397
854	108
1386	3028
1374	2538
3606	410
11	1121
2158	2390
3825	3941
3880	3648
11	1812
3096	3838
3178	463
2467	1262
948	1103
860	764
3024	1270
3869	3173
2938	395
11	1268
2120	2581
1512	436
2659	1823
2350	1617
1718	2862
221	2276
815	189
2152	3887
948	728
875	2738
560	1396
3246	3965
2096	2480
1985	482
855	1585
3400	345
3749	784
207	2788
3816	3115
882	571
2095	2390
776	3738
1351	2370
2406	3798
1134	2001
3440	2120
2480	89
854	810
715	339
3103	3058
318	395
461	1011
3639	3322
417	3267
1823	1290
128	1854
2696	1891
1960	3020
2050	3693
2200	725
906	1021
3229	2061
2378	76
3028	168
1356	2226
2061	2967
1985	1090
2969	1508
2967	2469
711	3865
11	2983
2167	3409
3147	3355
2057	1954
144	860
2671	743
946	3404
3973	3159
2358	2055
241	1153
3409	743
2702	3527
2167	2878
3980	2808
2696	217
1514	1522
3598	1332
1717	1410
3693	3749
3888	3009
393	1474
4002	948
1603	3648
1617	1806
3383	3826
174	3681
946	3592
578	3798
975	2120
2051	2264
1375	2095
1957	3915
3400	474
3480	38
4025	3856
699	3718
395	775
1248	1806
3822	2455
2691	2738
1835	1522
3325	3158
1537	2938
417	855
3231	3501
3325	1891
2354	144
1374	2095
58	720
2455	1282
505	4028
2332	2702
2167	2238
770	2060
2656	1050
2756	1468
2981	3838
2078	207
46	3224
46	1474
2637	2001
273	2064
2756	737
3995	3028
3718	3188
2001	1332
2078	3157
2861	1372
861	1522
2962	2127
1657	2595
2141	484
300	1757
2312	1374
5	728
2967	3917
1494	3639
1031	813
2702	1603
3869	2295
725	221
2924	134
3837	2312
743	2379
2240	2307
1868	1772
2928	1199
722	2584
2448	612
1383	2748
49	33
565	1244
3383	2969
317	3980
2354	2242
2120	3096
1363	2967
2969	3096
743	300
2671	2804
2983	3989
1609	345
3480	264
149	2469
1757	743
989	2200
189	1410
806	3926
2962	3420
1401	2158
149	2659
2928	2382
3850	3927
3693	2714
2307	2046
2050	2394
2581	2961
3033	2878
322	1262
2862	3976
3033	3941
2635	3165
2930	2884
1244	3466
241	2120
861	3157
1609	2848
118	2350
2671	2046
1318	168
3776	2983
2440	2141
764	2057
2838	2696
3369	318
2095	1083
725	2467
377	1130
341	1645
3436	3749
49	3801
118	3742
1002	63
2804	1050
2613	1251
312	1718
1506	127
2671	559
345	1739
3776	2256
2804	507
3028	2332
2307	217
174	324
1244	2967
3376	2001
2983	2645
1332	2518
3639	670
3919	2987
4023	1311
2498	3409
546	476
264	1835
3325	3376
2469	2120
143	1030
3856	322
670	2307
3915	461
711	2120
2930	3383
58	3642
2256	2983
312	531
743	1721
611	21
241	280
1825	3588
1506	861
815	1161
510	3225
1812	436
2354	1432
393	3856
2454	3891
1311	4023
2903	2165
3937	1983
770	1174
1255	2967
803	3919
1290	711
2926	861
4016	941
3891	436
377	3976
775	2884
1282	1537
2945	3302
174	21
1244	3420
1514	4025
3915	2276
2518	3917
3840	3762
2973	3718
2539	3302
1332	693
2295	1847
1755	3246
53	1153
2656	3856
3058	1090
127	3789
2981	1290
3461	2737
2779	1665
341	3926
2232	417
1717	1244
3480	1388
505	1868
3934	1226
2046	670
280	3776
2240	1375
743	111
1716	989
906	3297
2307	2295
2521	854
3973	2135
3188	3838
3173	108
3157	2926
946	2781
1931	474
2924	2503
2737	778
737	2358
241	1375
2613	1508
2820	2127
2219	899
402	1957
2987	58
2329	2808
2350	3009
1161	815
2969	1174
196	2493
3437	2060
546	1882
2158	2200
2848	585
2226	2015
3757	1462
2354	1372
2354	3762
3033	3024
1030	3302
1175	1806
3267	806
578	221
803	2525
2696	875
2379	2645
803	174
2756	1806
2961	1375
784	3175
55	3096
2480	3165
3028	1425
2926	4025
3501	2838
393	55
806	2962
317	1021
3976	377
1401	2200
3437	3383
2635	1847
2390	2592
1263	165
3147	38
3838	3024
2961	3283
1011	3955
1449	1438
174	611
3776	168
2961	3376
722	339
3801	1351
2833	92
2406	2354
108	3225
1494	3891
3490	1432
715	1226
3173	2480
1174	2847
436	574
339	1410
1432	1011
2158	2969
1011	2924
3733	460
574	4016
2858	3188
2382	875
2001	345
317	3376
1248	362
3848	3159
3402	3267
1438	3891
2001	991
3848	189
1854	2370
534	3947
134	63
1812	2691
737	3929
2873	2060
1657	2276
1600	1957
2106	210
3598	1276
3157	3297
3757	419
58	1255
2906	2276
1410	1949
38	3355
1175	3925
306	1050
3869	3941
403	3995
585	3888
1539	18
2627	3955
778	803
3639	1153
1846	1544
2637	1576
2158	3383
161	3420
1363	3229
899	63
4028	2457
1872	3383
2888	3159
2714	2808
410	725
3915	1579
941	1002
1949	3856
10	3745
3297	2276
3165	3173
3501	53
10	128
3157	1913
2	621
3283	2862
1134	3995
1718	128
3077	797
2480	264
1289	3801
2484	1937
1534	3935
3776	118
1390	1300
2061	161
946	1721
3297	717
3995	403
2046	2945
1716	1508
670	3941
3838	2833
3941	1847
2295	1690
4025	1718
3765	720
1868	395
875	2756
585	1609
4000	720
3919	1757
3695	317
3850	3467
948	3103
421	2987
476	3765
92	393
351	362
2232	1251
2595	2467
3424	2862
3869	3165
2961	2219
1534	3157
2152	3501
1806	111
3917	2781
1708	3941
3404	1537
991	2394
3648	76
737	1806
3776	3995
273	1011
3693	855
377	2448
53	1708
62	4025
3283	715
1363	2232
1083	1425
1030	3173
3934	2379
2987	324
2393	2714
3246	916
1410	2981
345	1609
1494	282
1498	341
699	2480
1539	3929
2454	3880
3825	62
312	1390
1857	1600
1494	2120
3934	1803
3002	3002
60	797
2358	322
2238	3593
2329	2276
1290	2779
2632	2903
2862	3501
189	837
1755	806
2967	2457
2001	3838
2046	2671
2069	2808
1913	1708
3376	3480
2928	1282
181	1449
2973	3826
1835	393
3718	1011
3937	946
144	3153
1985	2459
2493	2728
3891	280
770	1985
743	3234
3159	717
1083	1544
11	3947
1579	3103
1022	804
2518	1467
770	2242
388	3028
1872	2967
861	2928
2969	3838
2924	882
2728	978
2981	2484
510	2473
2295	144
3689	1494
2962	2393
410	3592
1449	1134
693	1467
3501	92
273	3937
136	128
3926	341
2358	2694
946	324
775	395
728	3158
2632	3021
2592	2635
3229	565
3888	3103
2637	2206
2518	2878
442	53
1410	482
322	3400
317	2167
2525	3929
3626	1937
3965	344
403	3159
3445	1121
1949	410
585	482
1248	612
210	3718
3325	2967
2928	3934
482	3798
1929	2592
2804	2440
33	3801
693	2645
11	2165
38	3593
1130	1025
1498	2938
46	1130
3229	3917
38	149
362	1388
2781	3822
2101	3383
241	3322
1806	1175
975	1757
1083	2525
1991	3002
2307	1708
1991	341
2781	196
1462	3965
674	2459
58	621
2201	776
1544	128
1985	1257
3012	174
3718	1356
2206	3934
2440	3980
1401	2226
2060	1121
2061	3917
3880	1001
1757	4026
2226	1455
3826	3224
3606	3414
3397	1823
778	916
1363	128
217	3934
2967	2394
3926	3877
1544	2945
3733	2613
1050	1410
1089	1539
3297	1913
2095	3941
403	2096
3973	282
1872	861
3178	1025
2888	5
3711	1498
1657	1872
777	2738
3757	560
1244	693
282	670
2061	3322
1665	1248
3229	60
1812	2808
134	1721
1289	3501
1537	4026
2694	784
830	916
3592	352
1739	3400
2737	241
2358	1248
161	1276
1617	3561
797	4000
1002	334
770	3234
2926	3461
565	728
2595	3848
899	2219
720	2694
3355	2200
2983	11
3229	1891
149	18
2001	1161
3934	33
2930	1937
860	2295
2038	461
1690	1957
2064	2127
1665	2051
2206	567
3850	510
3626	505
3888	1579
777	134
1960	1508
1514	2370
978	2903
165	3201
3544	2952
797	975
3639	3865
3995	2001
2354	559
136	899
1265	1375
1265	2937
3976	715
2645	2354
2930	3050
3869	55
2983	118
2748	3880
2152	1983
2756	1522
442	174
2884	2969
2264	2266
2702	1268
2748	2671
2983	3848
499	3837
2930	1290
1263	3869
2069	3965
1985	3562
3561	2969
322	2906
3891	2493
510	3480
