612	3980
1717	324
3229	2001
1386	1665
2158	2095
1263	484
108	3019
559	3225
1665	2847
2200	1276
351	3402
108	63
2539	3562
2106	2264
2042	2804
3461	53
1363	1318
1410	134
948	3461
3976	715
53	1708
46	784
1001	1311
1410	324
3973	46
1848	1251
2219	1806
322	1262
3188	3733
2916	2861
2833	3178
1262	1534
1972	3562
2106	2862
2001	2518
1991	775
2232	4022
77	3927
1891	3376
855	3681
1474	946
1174	1248
1846	1374
2226	3689
1175	417
1282	410
665	265
611	168
1851	778
4023	3012
1985	3058
2873	2473
2240	217
3891	1175
1103	3409
2238	1083
3561	2969
3934	4023
3376	2354
161	3376
3420	2595
3965	3157
5	3965
2833	2467
3816	3915
1289	1857
2001	2152
1913	1717
875	1262
3028	2981
804	1174
1438	2120
3325	3598
2945	1657
1835	1199
461	815
1721	2057
1957	1224
1847	143
2480	3822
2038	2738
1396	3175
711	402
815	4028
860	559
2201	302
1265	682
3718	3420
2924	3973
3009	1103
1025	484
916	1868
565	161
62	2226
737	2394
1537	2165
1396	2158
3028	3826
3322	2120
2539	484
2415	3231
149	2659
2928	2694
3869	62
989	770
244	875
3480	3440
1388	2382
3973	3848
3683	2592
715	1708
3954	3397
1025	377
2165	4022
1425	1153
3229	693
1276	55
393	3642
1579	3973
2973	2728
3349	2656
2962	1937
3420	2924
784	1806
1425	2038
1891	161
711	1690
699	4026
1812	196
2415	2078
3838	1983
2469	92
1011	210
3178	559
3681	21
302	797
1847	55
1931	2064
461	571
2329	1432
1746	244
510	2635
417	3267
806	324
1539	18
2933	2158
3148	2057
2521	3103
2973	1248
2158	2981
2686	899
1721	815
161	3917
3383	181
1372	2390
395	2613
559	2467
715	3834
1755	2165
2120	3147
3461	442
3593	2987
531	312
22	2354
55	3020
3954	244
1025	3081
1810	410
510	3231
143	1585
1508	2141
3838	474
3973	1375
58	221
403	855
665	1657
174	2973
1891	2878
3019	334
728	1244
3934	2061
3925	3973
3776	136
2238	1600
1276	161
1467	1244
1847	3683
1467	3937
2601	165
3765	3402
4000	1539
2340	717
2297	324
3935	1960
3693	1474
830	181
2394	2480
571	1022
571	2480
3283	565
3409	2738
3210	2906
2928	174
1506	2020
1506	1175
3490	3480
2862	3941
2266	3891
875	2498
1386	806
2467	578
2945	280
3934	3178
2838	2042
3929	1356
3400	1739
1585	2158
3683	2101
2938	1537
764	3201
4025	3420
2238	778
1847	3173
725	1539
510	699
1401	207
3050	3826
181	108
3915	2276
2592	2933
1089	797
2538	1318
1248	806
2973	2659
3224	2406
136	3816
2050	3302
2440	474
2050	168
1251	3749
3801	33
1351	1717
3915	3816
2656	1716
280	62
3689	62
531	1721
1179	3934
2820	3225
837	2165
2861	3058
1803	2645
1011	189
3757	2473
3480	1244
3325	3158
2217	499
2632	842
2933	362
3409	3157
776	842
1603	1772
3028	2803
1375	2240
207	2503
3019	2808
2595	2962
728	3798
463	2064
682	2266
1276	283
62	1513
2382	2382
46	2820
2632	815
3856	2484
217	3891
283	806
2061	3420
3325	1363
38	3683
682	174
3349	611
3626	3976
1983	2992
1957	1857
3033	1263
1396	560
1410	2276
1248	1833
2835	1985
3501	499
1290	3058
3965	244
665	1474
3297	3148
2579	3838
3926	341
1289	1803
3490	58
770	2415
3225	3225
144	1718
2878	1002
3903	419
737	3409
3201	510
1746	210
1134	1857
2858	2858
2945	2307
3765	3159
715	3976
3253	2354
3115	2329
1179	1718
2952	3409
3157	2295
2101	38
2962	3561
345	2873
1383	410
1089	2480
1670	89
715	2525
395	2
1522	2613
2906	1300
1011	1755
367	3103
860	2340
1514	2370
2200	711
2167	1717
1390	1983
1609	244
725	531
2503	3642
1717	1806
220	55
2219	1972
2581	3903
3934	1513
906	2167
11	35
1806	1011
2645	1351
1882	3925
1462	3965
3648	35
463	1716
3355	1388
217	3934
3544	1772
1050	3234
1746	2525
978	324
2714	3980
2295	143
3461	2238
3461	2737
3437	2884
2702	1806
1514	1848
1255	21
1089	1539
2264	3058
717	2748
3376	3420
2579	2981
2933	3033
1374	2958
3480	38
764	2601
3689	1757
2635	2503
3856	1243
1506	3302
3693	665
55	3081
1755	813
2595	3749
3838	1262
1670	2457
2165	2457
770	2015
2804	1455
3745	1174
3955	2613
2945	282
217	1438
2406	2219
1556	484
352	3973
946	3397
55	2930
3816	3349
3789	2095
1690	128
300	3848
3927	149
1268	534
3917	3420
463	770
181	728
612	1030
2987	2015
165	1263
2525	3919
1846	2862
3954	2728
2448	2064
196	2808
3848	2201
2924	2903
611	3765
4026	2461
127	1690
1432	3071
339	2350
2069	1390
3165	1846
1854	3153
341	344
715	1718
2480	3383
2981	77
3989	3733
2858	2484
1931	975
108	3466
2659	1985
1716	2219
2120	2448
1539	2962
3071	1823
1134	1270
1425	2958
3561	2962
302	3201
2848	2276
3402	3103
975	1025
2969	2158
1282	3437
3757	1585
2015	377
2406	3253
476	546
916	1803
665	1721
2354	3224
165	2601
2884	1514
2539	2057
2645	2632
510	3440
3420	2503
1410	3848
1282	3917
2933	3383
3081	2969
2201	1609
1401	149
2738	507
2756	2848
810	505
510	2480
3648	3887
3322	3302
1300	312
2903	3976
2702	2962
2659	1576
2838	2152
118	2983
2888	46
367	743
3880	3973
2694	3021
559	860
3147	1199
476	1268
463	1960
565	2001
38	3593
10	1825
830	3592
136	3776
1690	2518
2350	3976
2738	2691
2933	1263
813	784
3776	165
505	810
2457	1396
810	2521
1031	1539
1854	1718
63	2498
1854	803
1812	1556
1356	3929
882	3414
1846	1050
3865	345
3224	2820
3749	612
1001	546
2459	345
1396	1868
2038	1544
317	3593
1021	3466
62	797
1585	510
2201	3848
737	2358
3683	2240
3376	2878
1270	3020
989	2833
715	1438
3973	1708
388	916
2217	1848
3891	461
1514	3989
743	3689
2057	764
2613	2981
1847	3934
1175	442
2937	3937
2873	1931
1854	3816
3050	463
1462	10
1854	410
2001	1467
1462	797
1276	3955
797	3850
804	2671
393	2064
2938	196
2152	2788
3801	2256
861	1891
3077	861
2928	3934
1083	144
2645	3224
1396	2038
339	417
806	1130
3757	352
3480	3229
1134	1449
3224	1011
1708	3880
2779	3058
1175	2861
1265	3490
2256	3934
1011	2924
2930	2884
2525	4022
2038	1374
1432	3749
3762	2127
1050	1175
2928	1263
174	2937
1410	1383
11	2635
3024	3033
345	1396
2096	2329
1757	3915
806	1248
3917	3598
1603	3050
1957	2238
3028	3937
3626	118
341	3695
322	436
559	1021
53	2493
1174	2001
1244	2967
18	2961
3917	2061
720	2038
2467	891
174	312
737	770
161	3440
2158	2884
3501	1089
1833	3848
1011	1432
1255	1539
1468	946
728	461
899	2686
1854	585
1534	813
1179	2256
1153	2340
2264	1263
621	3009
3009	3888
2659	1001
2967	1270
168	3850
1257	3973
1449	2926
3917	2518
3096	770
699	3718
2001	2635
1498	2055
1755	35
2379	775
1755	1617
1396	1739
1270	2967
1300	3738
474	3369
265	1153
306	1498
2448	244
1506	144
2539	3938
2584	2967
3283	2061
58	891
134	3681
3934	3917
2042	2958
3173	3165
1585	143
1949	2656
1513	3383
2987	1757
2702	1103
674	220
53	806
2498	1857
665	1537
322	3369
1609	776
3322	2240
3158	2518
3919	975
4000	728
797	3201
804	1810
2632	2779
1929	2158
143	1847
560	578
2459	1396
891	3718
2480	89
1522	165
3903	1544
3527	3561
1806	784
4026	1243
3865	1002
3246	484
2803	1617
127	3934
1534	2539
1282	3934
3148	3436
3976	3880
3798	3938
2808	1290
2973	2055
2415	3501
2728	1718
3980	302
2967	764
899	136
3965	1268
345	1300
1276	2050
1810	2455
344	334
2714	948
1226	419
1449	1857
715	2592
612	2358
306	1265
2	837
2240	2961
1383	1161
3798	3826
58	3188
3322	2933
53	2900
1449	1199
410	3592
1846	3148
3683	2295
2906	2781
2581	419
1332	1276
2521	854
1931	1011
2050	174
4025	2926
764	1083
3436	2833
3865	189
813	1514
3825	2878
3148	803
3941	3762
189	4000
1051	3826
3096	1556
3562	241
1090	770
3409	351
1833	2232
3856	2900
2518	764
2873	3437
2906	717
3626	2952
3081	1401
4000	1544
2493	196
2448	367
3002	1449
3825	2095
2167	22
837	3965
1872	2498
837	11
1960	3050
11	1121
58	1937
2601	2788
3865	3002
2926	1449
3436	1657
2135	1050
3325	2518
2469	149
1609	2201
2332	2702
2952	3693
1386	3028
2820	49
351	1134
2061	362
2627	2900
2370	3028
3626	3404
273	10
62	2884
875	244
3115	1130
1537	2455
559	2201
3825	55
775	3527
3231	2354
2930	1937
3801	3153
3693	2312
3081	1833
62	4000
2106	1846
2503	2635
2226	1199
3826	3028
1002	3877
860	1396
2064	1757
2493	803
810	63
484	2808
2878	3376
1255	2329
3369	1739
196	3733
2480	3925
3937	3711
2691	2808
1051	2781
2873	3757
2406	2064
2046	1891
3562	2539
2038	2312
670	3562
1374	559
1534	2838
2046	2240
2276	2702
906	2878
2973	1825
560	1396
3147	1388
3383	1872
764	1199
711	3527
2329	578
3148	1300
1449	861
3002	2737
1812	2057
2803	3995
2888	436
1718	948
1262	3973
891	3973
2440	367
3544	10
21	18
92	2833
2694	111
778	1083
682	442
2055	2973
1983	2370
3776	3840
3466	1717
720	1251
2217	784
3681	403
3400	4022
1494	2945
2538	3738
3058	1090
861	1134
2266	63
3325	3420
2928	3322
2135	567
946	1983
3002	3501
3071	3877
22	906
1746	165
1716	3009
334	108
1462	1351
2354	2078
797	2848
571	1539
419	2581
280	2635
578	2057
3562	3402
220	2152
92	393
2635	2001
3173	1513
2448	3302
3058	1290
1383	2064
377	1833
1585	2820
784	2983
419	3225
3838	2440
3850	2962
946	3178
1833	711
2961	410
3592	2307
1174	1579
1410	2454
1255	2671
3002	1991
2276	1539
1001	2847
1474	3856
2637	1174
3856	312
1031	196
344	1708
3865	1690
1270	2394
1174	3349
1833	4025
55	2592
1386	2962
4022	1410
2973	3915
2454	585
1153	715
813	2064
1276	3325
571	10
410	1810
3742	3955
2266	2521
2415	2961
4000	62
312	3397
3927	1311
3848	3798
3738	2858
2473	1462
3825	3869
1806	1716
1576	3927
797	3153
442	476
38	149
2714	1243
2448	58
1891	3229
22	1134
3021	776
2632	2584
367	221
341	1498
3544	436
4022	3938
1508	722
143	2390
3253	1021
1282	362
2781	300
2539	3689
2503	2601
89	2635
3297	317
1657	3322
1175	2232
1282	1537
143	2592
2521	4002
3869	1803
2480	1265
2518	1846
2219	2101
143	2788
3869	2592
2473	3225
2696	89
2078	3755
1224	2307
2858	108
3869	60
1645	3436
3834	1363
2455	3711
1617	4023
3888	948
3369	322
1513	1030
312	3234
2051	3527
76	3527
2686	3178
1432	2952
46	3938
3762	3840
2226	421
693	1388
241	3501
58	2804
2691	2738
3173	1847
3322	362
2748	3383
3028	2370
3050	4002
3234	1823
1972	3349
2924	3224
3891	395
861	567
2266	3283
3349	2232
244	3738
1717	300
1772	1960
2350	3955
2448	3159
722	2702
2930	3561
3941	3033
1983	3355
1002	3376
1539	3929
1851	3527
2217	2937
3490	1937
1300	2714
2671	559
2969	2937
830	3626
1556	1130
3903	2873
4028	1721
777	189
1050	3253
165	3201
2361	1282
1226	2469
2878	941
1957	1449
2232	1833
2937	1161
2440	2539
2256	3178
1134	1396
2329	89
2873	2060
2152	3848
1972	3681
352	1022
3757	118
2888	3798
1868	345
2981	2158
2969	62
737	3848
882	806
4016	1022
2406	2354
2394	1985
53	3501
3937	674
3606	567
1690	1846
770	3409
1718	4025
312	2838
1438	3639
2694	3436
3562	806
1130	352
4000	1991
797	2393
2078	770
3927	1134
1351	837
1455	770
1390	2937
3440	2961
1937	3626
2120	282
770	1579
1282	265
2937	3757
715	3639
3297	403
3178	3400
1276	2061
1449	1600
3749	3436
3838	351
3934	2933
460	784
2808	1937
2592	2390
2329	2276
2967	92
63	2264
3383	1356
2051	3050
2152	2714
2671	2046
1251	875
1585	1351
2295	1846
3033	3383
3887	3028
546	3826
1929	2933
1121	1603
1716	2358
3103	1161
916	806
3762	3941
2749	3480
3302	3445
3103	3302
2394	3050
2455	3937
3826	1356
300	4026
2141	3234
189	3592
1356	3103
339	1708
682	991
3848	1022
324	2973
3822	717
1263	165
2329	377
3965	2165
2096	3349
3561	1985
2078	2415
2	1462
2001	2484
3096	3302
3925	58
2484	111
3742	351
3926	324
362	2928
2015	1455
1375	2635
778	3404
1179	2961
3749	2467
2232	3349
854	830
2219	306
3606	1846
2101	1847
1494	1438
2378	49
1050	1846
1025	306
1282	1498
505	3738
2808	3980
3598	2061
351	283
92	3941
3848	2503
2101	1179
3436	1383
797	725
975	1757
2467	1772
1556	1401
2354	559
1803	2350
1289	1718
1002	2354
2926	136
2592	143
3639	2307
810	283
2256	1351
2469	1585
419	2078
3927	3887
362	22
1262	2467
797	3157
476	2454
3157	2518
3588	1825
3642	367
2737	2046
484	2928
1276	3980
2467	1356
