975	1931
271	3400
1690	578
1746	3938
1931	1833
3927	77
89	3816
4022	1600
2127	3501
2613	775
2266	3926
2748	1383
2833	2141
3224	2916
699	2702
1739	11
1825	3588
621	891
715	339
1506	682
4025	2938
3028	2329
1891	861
11	35
1462	3480
3941	2361
3173	2635
3757	1351
3527	1410
3887	1882
1243	2862
1585	143
1300	1025
2878	2167
1617	1539
2	436
3934	1289
1851	3919
1847	3383
3798	3826
312	725
55	1401
144	2295
3838	2969
775	134
1025	377
2493	53
300	4026
2714	2457
3501	4022
474	2820
3693	2906
35	1603
1467	715
2050	1522
3606	3626
717	699
442	806
3749	2694
3927	149
3349	1522
3147	1455
1803	144
2873	49
3077	3934
722	3400
2390	3383
1985	3561
2566	1022
1718	108
2835	221
3840	5
3593	3424
2928	1263
2350	567
2382	875
3955	2096
2566	3028
1396	1276
1265	1537
111	1670
1579	136
244	210
3826	1011
2779	2584
3234	770
2480	3837
18	2635
728	3834
2862	3941
2	1255
842	2820
1755	571
476	806
1983	2808
2219	393
2924	665
2406	3937
1803	693
3376	22
815	1050
728	161
3297	134
3409	3461
1937	2981
89	3050
4002	948
1363	1522
2158	2295
421	2958
2141	2858
3749	2358
1030	1847
1282	362
3325	1891
611	3947
2095	3173
3153	144
2637	3742
2015	770
1282	2928
2201	1609
2378	474
2480	3693
2930	1823
778	244
3838	3826
1089	3253
352	1130
2645	3929
1276	1848
393	4016
403	3490
334	334
3588	1255
10	2779
842	3938
717	210
1262	3369
143	3383
1161	1960
1467	1332
3989	4025
1425	776
728	3376
1985	2835
2878	1847
3642	3420
410	3437
3825	3229
3801	1848
2350	2847
3976	2862
2232	916
2833	3436
2521	3050
2656	63
2440	1276
2135	2354
1603	3028
1931	3081
2060	3887
2738	507
3642	3980
1270	1257
484	2888
2046	1494
3020	3745
118	2238
1031	3402
776	244
3028	1311
1224	1957
546	3926
264	1835
2459	1985
1276	1467
717	367
830	3175
2645	720
22	2878
1729	2992
3588	4025
1512	1300
728	1462
2415	3762
2473	1226
3175	3544
2961	3934
946	2613
2064	3718
1174	815
2120	3302
784	2613
3283	2503
2069	2242
3436	2903
1396	2158
345	3801
3903	3840
1438	2737
2069	128
2737	3404
1021	682
2455	4028
1153	3414
1708	3776
3440	2061
3349	1577
1803	3178
1432	3490
3995	388
3592	2671
2295	3033
3825	2878
621	3877
899	560
3593	3718
1806	737
3856	3210
108	3424
3159	2448
241	280
3938	395
2961	161
3440	3420
2521	2962
174	1576
339	505
2046	280
1514	2952
1332	728
1263	3683
1544	33
484	2329
722	3234
3058	77
1103	699
2473	1030
1937	507
3021	3383
3188	4000
2379	3856
63	1002
2962	1949
3019	3019
1332	2518
1175	743
899	393
1401	2390
377	1255
35	1268
207	1270
797	2924
3989	421
743	3234
2933	1401
2848	2201
1468	784
776	2393
395	775
1872	764
1130	546
693	1803
2983	3404
2457	1670
476	3028
280	2635
461	189
2967	118
4025	196
1603	4023
196	4025
2046	1438
220	3689
2601	670
165	302
1025	264
419	144
3148	1846
804	2394
2635	2503
1244	3466
312	3695
11	2738
2264	63
3012	2803
2928	2878
2835	482
3058	1290
3801	33
3376	3466
975	775
300	1670
797	2152
419	1462
2312	395
2378	1103
2141	2158
2390	1375
2498	2238
2051	1386
2307	3593
1872	2967
174	1386
2393	3765
1396	1199
196	946
531	2671
322	2906
1806	1089
273	3937
302	948
1854	127
3157	2926
3028	815
842	2340
1847	3077
3937	2861
2340	2312
1050	3253
2878	1263
3887	2152
3639	3562
1268	3947
35	777
111	55
3402	2232
621	3480
3765	1539
2	2748
210	2862
2595	2503
2158	1396
3115	2329
1243	2900
1854	948
1396	1174
3009	3915
3834	2820
3598	1244
3941	1467
322	2
1718	60
1772	10
567	715
3626	334
1226	3934
510	3840
1268	1351
482	1522
1857	1134
1318	1851
1985	770
1539	2120
1991	341
2820	3757
3626	2637
2440	3096
3201	2637
3856	442
63	2498
1351	2973
1757	3689
3826	11
3919	2448
1332	2061
3880	1954
3934	3033
3148	3436
3937	3028
3755	770
3021	770
510	3028
2295	2635
149	2961
1514	3989
803	2455
3033	3941
2584	1960
324	2938
2518	1846
3561	2702
3409	3157
2714	611
3188	3718
3749	1514
3148	803
3445	2461
1351	2370
1708	715
861	3409
854	2521
1891	693
1263	2493
560	899
803	778
3201	2020
978	2728
1300	3711
674	3937
1300	312
1455	2415
3834	1388
1002	3376
499	1983
3738	3148
1670	89
2848	2354
134	3973
1600	715
1432	3071
3711	393
2141	2958
1512	2
2938	3397
3021	3501
3887	2659
2728	946
4025	2847
1025	797
2627	3891
377	775
3642	2276
2961	3404
3765	4016
611	388
461	3246
1603	3402
2382	1276
4000	2632
2694	720
2312	1556
2937	2217
3501	2838
3745	1174
725	507
2354	2878
1690	2518
1388	3322
3480	3490
2120	1708
3420	3376
273	2659
3461	442
312	334
442	312
1609	693
3606	1544
728	1089
3825	612
2581	419
3297	22
3840	1929
778	2656
3801	345
60	1718
1383	1579
362	1388
2406	1716
1268	3414
1913	1957
1708	1522
776	341
2738	737
1757	2165
3980	3642
3302	2240
875	3738
2457	1954
1854	2256
60	3153
1812	1556
367	717
2878	3383
63	3626
3050	2394
574	2539
3980	565
4002	3711
1383	1161
2928	875
3376	3420
2217	1356
2454	585
217	1372
362	22
58	891
1375	2945
3103	417
1432	2358
244	1609
1130	1833
2480	699
403	3995
5	3965
1265	2808
2206	3976
1263	3021
2276	3297
1401	1513
507	1030
3153	1803
2756	2015
264	682
403	855
2632	4000
546	1882
2656	1757
1011	2127
1512	312
2962	1937
861	2498
3234	3020
510	2069
344	2382
49	3153
1199	3400
3915	3103
2051	3402
3445	1985
722	339
3989	196
715	1708
803	3148
3934	1179
2981	2808
975	2987
2838	2448
2714	2900
3891	1175
402	417
2961	3606
1474	2694
2945	2240
2206	2350
3891	395
3420	777
1396	1868
3527	711
1011	367
3224	2820
2938	2329
2106	2525
2848	2903
574	3157
978	244
1390	1983
1721	559
1857	2749
3891	2748
2046	670
2737	670
682	1506
3402	1022
1506	4023
1462	737
2738	393
221	1300
1772	2297
715	3002
273	3745
3178	2378
362	2238
3402	3267
725	352
1449	265
244	3738
2873	770
725	221
1716	711
410	3822
861	1031
3742	3175
2820	717
991	3028
2361	1449
3865	1718
3501	2415
2945	2671
3765	804
1251	875
875	854
108	92
3837	510
3856	10
3762	2415
3302	1645
2903	978
2120	241
682	35
3917	3322
1957	1872
1913	89
1847	2480
2219	674
3937	4022
3935	1251
2930	3745
3937	3225
2788	143
189	4000
1585	1351
1161	2937
2078	2838
53	1449
302	3742
891	3973
737	3915
578	436
1657	1585
3283	108
3283	1721
1199	3148
2312	1265
2737	2503
1716	2833
3480	3440
722	1645
1262	302
2584	2983
1718	3941
3229	2350
3225	665
3440	3980
2804	244
3283	1153
1690	559
1972	3955
2493	2106
3869	1375
3693	3115
10	3115
505	810
2696	1708
3801	1351
3840	855
2728	3283
1854	3718
2370	2992
1985	3020
2945	3302
3012	2332
1577	1991
2961	410
1833	1248
978	1835
2884	1514
3840	2788
2200	421
3297	2820
2906	2329
1882	1265
217	3639
4022	2903
118	1396
2096	3201
2307	2518
2276	2484
1276	3955
574	1396
3937	1729
2962	3527
1812	1051
2938	4025
3917	3325
3071	3877
1514	189
3947	777
2952	1449
567	3742
1854	559
1755	3157
1772	3175
168	797
3020	3937
168	916
1514	1522
345	2930
1383	777
776	2201
4002	810
2101	2480
3480	875
3848	1248
3414	1268
134	2696
778	3071
3402	674
3848	737
3865	3414
58	220
55	1318
3501	92
1718	1449
743	531
189	2686
2833	92
1449	351
1718	3283
3562	2454
134	3925
35	717
2358	784
1991	775
3765	134
2050	1718
1425	559
1224	2167
3148	3693
2095	3383
1383	89
682	2861
306	891
2312	1153
2440	3980
3165	1513
906	2878
2354	2645
2055	1498
784	2983
3865	3762
715	1857
2584	1290
3980	612
2613	3397
2804	2440
3745	1576
474	2788
1665	1645
2861	2916
196	2858
18	2967
2448	3302
2020	174
136	2379
2020	611
1050	1846
1243	665
2440	3798
3402	3103
2525	1265
402	3955
3437	899
108	4022
1449	1199
1462	2926
3028	339
2358	318
345	1512
3592	2916
725	484
2962	806
1983	510
2888	136
2903	2584
1585	419
220	2480
2378	49
559	1351
2987	352
3229	3440
3028	2051
1276	2001
1600	861
4002	505
317	2924
2686	2645
3383	3165
3253	499
546	3947
1603	417
1390	312
1645	2264
1265	717
2457	2858
3938	1022
463	474
2350	3955
621	2226
367	2276
737	1051
777	2329
984	436
3096	743
941	22
2967	764
2503	2264
3683	2295
670	2671
1835	3934
2448	149
393	2962
1708	442
2518	693
3173	3383
989	1276
585	2393
2656	3856
3865	2038
2804	2015
2958	421
2001	1244
62	3024
58	2987
2473	3776
1848	1514
2848	2928
1001	395
1175	134
3445	1603
161	1363
2926	2756
3115	53
417	2696
2057	2938
2635	3383
2354	3840
3798	3848
720	2354
3776	2601
2779	2015
1130	1985
1846	144
3081	1025
2788	3440
1522	1514
855	2967
55	2295
3989	3695
2358	1670
318	395
2696	1401
612	2938
2393	860
3424	2961
3733	1825
1263	1847
3869	2592
2858	367
728	3188
1051	2484
2415	510
975	1803
1576	2637
149	2256
11	3175
1030	1375
1539	725
3445	2060
1050	128
127	1374
948	302
1318	1248
2297	300
341	3071
244	3888
2595	324
728	3917
941	2167
3681	21
2406	1011
1175	3642
3825	1263
1248	1603
3103	1755
3927	1270
3383	2635
3683	38
3840	3776
62	1848
2958	1425
4025	10
1175	1657
2001	1174
711	377
975	1025
3028	3445
1544	3903
2332	2050
2312	882
1410	1318
2848	283
2749	3480
1913	711
2924	3681
2394	2656
2539	574
484	46
3157	1449
3757	2873
1739	2038
1401	2226
3926	546
2930	3436
693	3246
612	3033
1265	1670
3071	916
89	1670
3927	1134
3325	3229
3283	3501
3789	1257
3077	1803
2015	989
2096	403
567	2350
2702	3880
2264	3058
2165	3246
2394	2276
2938	317
1268	2050
3355	18
1985	2873
1244	3980
165	612
1891	565
3745	283
1449	3834
3400	3178
3420	1332
1050	815
693	2928
813	2595
3880	3834
1708	2232
2390	2046
978	1645
3414	2862
565	3229
1263	3562
282	3322
3173	1030
2645	136
134	546
2930	3935
2937	2256
3865	1226
1645	2050
417	3175
3826	220
2632	2584
3919	975
3210	665
3762	3762
2933	3322
1174	1257
837	111
1721	585
302	1262
1031	53
3598	1891
682	3947
1332	161
2987	1954
1494	3689
417	2051
1011	2406
2064	393
1585	2833
2200	2930
2297	318
3349	611
2738	3738
3501	2135
300	1474
2938	1498
2297	1717
1847	3024
1534	1716
3012	665
18	2937
3234	1823
4025	220
2838	3019
2728	324
984	2938
3229	2001
3937	3173
10	1462
2135	1803
1121	611
1388	2061
4002	2962
2217	1983
2613	2042
776	2656
3440	1891
3173	1449
810	2962
1991	1161
3822	2906
728	1001
2069	196
3825	3383
3840	2127
3689	3891
165	2601
837	3765
611	560
2937	2969
725	1556
3157	3297
2069	1390
3024	1030
3838	2440
1803	3934
3877	3071
2390	3941
2992	2861
3325	728
2945	3562
978	3283
2361	3115
806	3926
2295	1846
3765	442
2804	3915
3816	136
1467	3598
2480	991
2266	1498
2858	3188
3229	3917
2981	784
2862	53
2394	2406
1539	1803
2106	1544
1857	861
174	18
1772	300
2240	241
3466	1002
3562	3915
2779	2358
1332	565
2933	2878
3009	1579
720	3436
682	611
3490	682
2967	2518
1002	22
2635	1332
2808	699
2354	3789
3989	3856
2064	3880
2788	2820
2015	2358
3801	3028
3891	1806
341	1991
2981	1410
2158	1929
1244	2001
244	875
711	2361
1579	3562
442	3461
3837	3234
1716	221
2566	1410
1153	3762
1708	1449
352	1022
1848	3383
317	2167
2200	2987
2358	1534
2981	3021
3024	2469
3562	1438
127	842
2748	3891
1432	476
1929	2158
2862	2038
2838	2696
1410	3028
2945	1375
837	189
3028	1130
2240	1438
244	165
181	3865
3838	1262
1001	165
2057	578
2804	210
3689	621
1645	220
2095	419
2945	2737
2350	1224
855	1224
22	1224
715	1224
948	2728
505	2728
1130	3887
3283	1467
1729	1390
2266	1390
1462	3757
2973	341
2064	341
3837	210
978	210
2737	217
241	217
2671	217
1494	217
3639	217
2046	217
1438	217
670	217
280	217
2240	217
3147	2378
1848	2378
2592	3825
1375	3825
2933	3825
3033	3825
3165	3825
2737	241
217	241
3322	241
2671	241
1494	241
2307	241
3639	241
2046	241
1438	241
670	241
1375	2592
3033	2592
1263	2592
1030	2592
1929	2592
2295	2592
1513	2592
3683	2592
2069	344
1498	89
3050	89
1617	89
784	3681
136	3681
210	244
283	3246
916	3246
1002	3246
612	1522
3302	1522
1103	2702
2613	2702
3973	1363
3234	1270
1954	2858
2518	2001
3980	2001
2938	436
3369	436
2297	436
318	436
189	2958
737	2958
3749	2958
1812	2459
2961	3424
2749	3424
2878	3941
2592	3941
3869	3941
2101	3941
2264	3267
1755	3267
1356	2158
2969	2158
2659	2973
1835	264
1718	264
33	264
60	264
352	264
1289	264
143	3683
3024	3683
3869	3683
2390	3683
3173	3683
1030	3683
1929	3683
2635	3683
1513	3683
3165	3683
2101	3683
2095	3683
1534	3096
3689	3096
2415	2069
1534	3157
1857	3157
339	3157
317	3157
1449	3157
362	3157
1810	92
2967	92
1757	136
1130	1386
3436	1468
3175	1468
60	1854
1289	1854
127	1854
2878	2095
3825	2095
1375	2095
2933	2095
3941	2095
3024	2095
3869	2095
1847	2095
1030	2095
3683	2095
341	2064
3461	1498
1265	3490
3826	3224
2232	1600
2635	207
2069	3002
322	3588
3480	3115
2361	3865
1537	3856
210	507
3383	1356
1270	560
2020	1090
1645	460
3934	1351
3466	2878
3376	3598
1579	1410
2987	3995
1396	1270
2691	3019
737	3826
2702	1248
1374	3865
1410	3445
1954	3995
2900	3989
3544	2340
38	3593
2981	989
1474	393
2480	1847
58	221
3480	3848
717	2888
1011	189
2539	2057
3903	419
2518	565
4025	1833
2983	1318
2415	2961
3937	1050
2240	3322
2480	2906
393	571
442	1175
482	2987
2226	149
2106	2862
578	1425
2480	3383
3246	3175
2219	306
507	1937
2393	776
3461	2926
3148	2906
2167	1224
4002	2728
1251	2378
1332	1363
720	1468
2961	3903
2295	3941
1746	2525
280	118
421	377
1103	2064
670	2737
2969	1401
1449	1226
174	442
2781	221
770	2015
3376	3917
345	2001
2788	3231
2930	1609
393	1432
1425	860
1153	670
2702	1268
2057	2440
362	3917
217	282
3689	725
1432	264
1708	3865
244	810
1432	2354
1374	764
196	10
3383	3024
1803	916
3825	2350
5	2888
1603	1985
2808	1265
1022	3848
764	1374
300	1645
2219	3925
3436	2756
136	612
946	2808
395	1868
1931	2378
2120	2884
3745	273
221	312
1757	2379
2756	2217
410	1854
2967	711
3020	3402
2987	803
1708	1276
1021	1717
1617	1498
2992	1983
3028	1050
3461	2050
2480	1265
3934	1388
1134	49
3965	2484
778	854
797	510
2659	1011
127	1846
1449	3002
804	1174
49	2484
77	3745
2967	1270
3789	1270
2847	2637
417	2637
2525	2637
3349	2637
1175	264
2165	1755
1276	3980
1670	2808
1022	1410
1051	1851
891	3480
2206	1617
2152	510
882	806
3420	2924
1175	3201
797	2714
3424	108
1268	534
2601	2503
1396	1425
241	2862
1600	3009
33	127
1854	803
2728	2521
1812	2340
1534	2930
1270	2361
3798	1022
460	3848
837	3626
560	3681
2101	2095
217	1494
2952	3544
3965	1268
1670	3693
3598	565
1374	2307
2015	344
2467	1262
2962	1248
3115	3816
3718	210
2455	306
2961	2101
1356	2467
2158	1585
2297	324
22	2354
2242	510
3776	546
2127	2242
3642	2503
1985	2861
134	2838
3028	3937
220	2952
3002	2635
3789	3157
77	1576
2933	2390
1375	3869
189	1410
1665	1603
1030	1913
3973	46
476	3681
574	3642
1401	3941
717	2521
3050	220
4025	3283
1425	1512
2983	2738
1089	1985
2378	1290
1657	2945
3887	149
3816	1537
2969	2937
842	2579
2238	3461
3954	1251
2001	161
3927	46
3267	417
728	3325
770	2060
3822	1383
324	2659
3980	1891
1891	2061
3840	1585
3175	3742
1848	2217
1449	3424
2484	1585
3935	3020
4022	3941
3103	1772
2714	948
2848	585
1854	302
1030	2933
2804	2525
1937	3024
1179	3934
2803	1498
4002	854
3147	2226
2930	282
1603	1121
2961	3158
1282	2061
1001	1383
2167	317
221	743
3965	5
2584	2656
2297	2055
2937	174
565	3376
344	854
3021	2756
1265	611
189	3420
2694	1474
3355	1983
693	3598
3234	1257
2728	1390
2728	1718
317	1021
1248	3915
1721	2064
861	22
128	2847
2120	1199
1556	1270
806	3369
161	2961
2847	1248
111	2219
463	1823
2788	2962
984	2884
882	978
1262	720
2135	3501
2645	1717
402	476
3816	1854
3934	861
318	2055
3880	2748
1718	4025
419	2581
461	3891
1757	778
3593	3355
2961	2581
196	3695
860	2095
2862	3414
11	837
3648	111
720	2038
559	1374
2467	1318
2962	2930
1729	3297
1960	1937
1089	2656
1467	1153
2264	35
2967	3917
2448	302
510	3837
4025	3689
1090	770
1089	764
693	1332
312	2484
611	3642
3776	3973
436	2038
860	2312
339	1833
3096	282
2454	3989
3544	2038
2696	1001
3383	2390
1960	2584
2057	621
108	1717
3929	1356
3941	53
189	3404
1332	149
975	3383
1011	2788
2051	1410
3402	1410
3848	1410
58	3689
882	571
612	1847
1513	2061
49	770
784	482
3096	3838
2838	3919
3592	2307
108	1467
18	38
1657	280
3024	2484
436	2938
578	2714
3826	2
3234	2440
899	882
3776	168
1851	1949
1833	1539
1577	3349
149	49
1913	306
1282	306
1846	860
1810	899
393	899
2165	1537
574	2566
1833	367
1383	3718
3891	1617
1425	2808
3642	306
1161	2001
2525	3437
797	3850
1174	2702
2969	474
3158	2518
1991	717
1265	1882
797	33
770	737
842	2973
1356	3081
2933	3165
3409	1103
161	3229
699	1425
2958	3188
2120	3437
210	1011
2307	280
77	2873
1372	2390
1757	2645
2057	764
63	2382
612	2493
280	3024
403	3159
58	2804
2696	3776
2835	49
743	2042
2498	3915
1537	682
4022	715
2945	280
3050	1645
1600	2498
46	417
1931	1455
2756	1372
1949	1410
3050	3058
2095	1929
1835	1050
3024	1585
1494	3938
3302	2050
899	136
33	3934
2493	3926
2055	2938
665	4026
1224	402
436	484
2469	2457
3837	2884
1401	3681
1556	3409
2671	1438
2	3544
1854	1318
2992	3937
3225	1462
1579	2962
2928	3021
3888	1103
3409	22
1665	1506
3925	611
5	302
585	1806
2055	1248
2779	1960
3021	2378
3856	1243
1021	317
1494	2820
3028	3826
906	1021
2737	665
21	1401
3322	2061
2064	813
1263	2101
149	1311
2781	2900
1011	2924
3733	1512
711	3527
717	302
2226	58
3024	2967
3562	2945
2361	1432
196	3989
108	3225
2903	2480
2051	2264
1514	62
144	1506
682	1810
2332	2702
3718	3593
531	2748
161	3440
89	891
2332	1985
3592	352
806	3267
1755	882
3369	2459
2158	3081
2206	3009
2055	395
1868	149
3028	3024
351	2930
1224	144
743	2671
2467	1931
4000	720
1375	3322
3941	1226
388	35
1718	612
1263	3869
1363	3917
1467	3158
1134	282
283	806
1690	1050
244	3938
1375	3934
2467	221
1090	3050
2848	2050
531	725
3467	2064
830	1645
244	1823
1929	3173
2962	463
2916	1729
2078	3755
2983	11
3147	3593
436	322
1410	482
3995	2803
2858	196
3404	410
770	1276
1717	3466
1282	1050
3880	1854
393	3012
1090	674
2264	2525
1161	2165
3165	2307
300	665
3917	1891
1579	2930
2406	3253
2295	1847
388	3801
461	1755
1318	1690
1498	1617
3404	3856
2930	3689
282	2120
3869	62
3058	770
3816	1755
322	3400
3934	3224
3683	55
3976	715
3302	2394
3404	4026
2	3989
1468	946
720	1025
3598	2518
2579	3024
2226	1356
3437	1257
699	3028
1960	3020
1263	3941
2838	621
4002	2264
3175	351
1401	484
3077	1854
2820	2340
3915	2973
861	1372
2613	946
1449	3409
2061	3917
2926	2779
3798	2340
377	3480
1579	1609
1739	2312
1455	2873
2539	1396
33	1506
128	2779
3973	3976
2873	2820
1153	3976
3424	3834
3302	612
2694	2354
1388	149
2242	2078
463	3749
510	2937
560	403
3490	891
3888	571
108	1438
10	341
3626	2206
3888	4002
3267	2051
2042	395
2064	1931
1514	797
417	2232
1455	2226
1363	2394
3019	220
3934	2961
174	2455
1851	1833
2838	2858
3742	2350
510	611
388	3955
2096	3765
3159	777
3404	189
3501	3231
1579	3888
797	1462
2938	946
882	560
574	3733
2256	1179
2266	271
2015	2141
33	49
11	11
1708	1030
1617	1755
3941	3158
1534	2358
1708	174
1513	3033
2480	804
2613	3955
3745	3058
510	35
402	2340
3253	2217
737	1825
2592	1263
1438	2862
3201	797
1372	2046
339	2312
1251	3749
2748	1011
3738	3877
62	3397
2702	1276
830	63
2788	2064
1534	3402
804	1022
670	1494
2848	531
1462	1356
2961	1375
3033	62
2781	1812
484	1755
461	1539
743	2484
317	3071
3019	334
2969	3561
10	778
1514	1851
2924	1011
341	3926
2042	4026
2382	2498
1268	2645
3302	2120
1375	3973
1755	3115
3103	3402
1438	3322
1251	3397
946	324
534	3888
670	2046
3383	1513
1351	2686
3201	2601
978	2903
3980	3229
1645	830
3050	1363
3826	699
507	725
2958	2312
3544	3175
2480	220
2833	1803
3562	1263
3349	2096
3865	711
3822	2781
2595	2737
2020	2788
3826	3838
3002	3937
3103	1537
1462	2833
2888	1522
948	3103
3765	3480
3173	2095
393	2219
3755	1455
534	128
3711	174
670	108
1002	108
1289	33
717	2820
1462	1585
2862	92
3325	3941
1983	1161
1401	2101
2060	1121
810	3954
1300	2906
1757	3718
3397	946
1255	797
476	2454
1757	3490
665	442
149	282
1848	2808
3544	1396
2728	2714
2050	1130
2702	3648
421	3989
2958	2393
1001	728
899	682
322	3369
946	3965
1449	2361
1318	2467
3937	2916
2454	174
3024	143
1374	144
2390	2635
345	1579
861	2379
3283	3325
410	1991
3937	3012
1716	2694
283	3745
1410	1603
2521	4002
3302	2539
855	2601
3437	2060
2238	2312
975	2226
1243	1300
283	367
1985	2461
273	174
474	3880
3822	3210
2838	2042
77	3848
2958	860
241	2046
2120	3689
2297	1833
3917	174
149	3980
2884	2900
2020	2601
377	2042
1289	842
1050	3891
3588	578
611	1739
62	1513
2595	1603
4025	62
578	2808
436	861
2200	2158
4026	2042
474	3050
1721	1468
1311	2803
612	3980
3588	324
3297	2329
1318	1270
3880	728
1985	1534
784	1716
3302	2046
3648	2050
1508	2394
2354	2838
3880	2457
882	4028
2601	143
3157	1913
62	3919
1153	3865
2312	860
693	3838
1199	18
1375	1401
1757	3693
403	210
55	2900
1746	1508
474	3798
2206	1282
220	2613
3562	134
2390	1030
1030	2973
1556	2312
1282	2219
474	1022
3081	711
665	2455
1179	49
722	1248
2358	1960
3965	1577
725	2873
665	410
53	3937
58	531
2714	665
1374	2038
1270	1318
2579	2200
484	3544
4002	3888
1537	318
2106	778
3789	1690
3028	2370
482	534
1134	2167
207	510
674	2459
