975	1931
271	3400
1690	578
1746	3938
1931	1833
3927	77
89	3816
4022	1600
2127	3501
2613	775
2266	3926
3738	776
3826	3838
3376	1021
2748	1383
2833	2141
3224	2916
699	2702
1739	11
1825	3588
621	891
715	339
1506	682
3592	2307
108	1467
4025	2938
3028	2329
1891	861
11	35
1462	3480
3941	2361
3173	2635
3757	1351
3527	1410
3887	1882
1243	2862
1585	143
1300	1025
2878	2167
1617	1539
2	436
3934	1289
1851	3919
1847	3383
3798	3826
312	725
3718	306
55	1401
144	2295
265	3937
612	1263
1462	916
1248	2595
3838	2969
775	134
1025	377
2493	53
300	4026
2714	2457
3501	4022
2206	118
474	2820
3693	2906
35	1603
1467	715
2050	1522
3606	3626
717	699
442	806
3749	2694
3927	149
3349	1522
3147	1455
1803	144
2873	49
3077	3934
722	3400
2390	3383
1985	3561
2566	1022
1718	108
2835	221
3840	5
3593	3424
2928	1263
2350	567
2382	875
3955	2096
2566	3028
1396	1276
1265	1537
111	1670
1579	136
244	210
3826	1011
2779	2584
3234	770
2480	3837
18	2635
728	3834
2862	3941
2	1255
842	2820
1755	571
476	806
1983	2808
2219	393
2924	665
2406	3937
1803	693
3376	22
815	1050
1022	1665
728	161
3297	134
3409	3461
1937	2981
89	3050
4002	948
1363	1522
2158	2295
421	2958
2141	2858
3749	2358
1030	1847
1282	362
3325	1891
611	3947
2095	3173
3153	144
2637	3742
2015	770
1282	2928
2201	1609
2378	474
2480	3693
2930	1823
778	244
3838	3826
1089	3253
217	2390
352	1130
2645	3929
1276	1848
393	4016
403	3490
334	334
3588	1255
10	2779
842	3938
717	210
1262	3369
143	3383
403	2370
149	3201
3642	574
2467	3749
728	1363
1161	1960
1467	1332
3989	4025
1425	776
728	3376
1985	2835
2878	1847
3642	3420
410	3437
3825	3229
3801	1848
2350	2847
3976	2862
1716	3246
3840	2370
3869	2878
3834	3941
2232	916
2833	3436
2521	3050
2656	63
2973	722
144	559
1657	1268
2440	1276
2135	2354
1603	3028
1931	3081
2060	3887
2738	507
3642	3980
1270	1257
484	2888
2046	1494
3020	3745
118	2238
1031	3402
776	244
2001	55
3028	1311
1224	1957
546	3926
264	1835
2459	1985
1276	1467
717	367
830	3175
2645	720
22	2878
1729	2992
3588	4025
1512	1300
728	1462
2415	3762
2473	1226
3175	3544
463	1716
362	2933
2961	3934
946	2613
2064	3718
1174	815
2120	3302
784	2613
3283	2503
2069	2242
3436	2903
1396	2158
345	3801
3903	3840
1438	2737
2069	128
2737	3404
1021	682
2455	4028
1153	3414
1708	3776
3440	2061
3349	1577
1803	3178
1432	3490
3995	388
3592	2671
2295	3033
3825	2878
621	3877
899	560
3593	3718
1806	737
737	1372
3856	3210
108	3424
3159	2448
241	280
3938	395
2961	161
3440	3420
2521	2962
1462	559
174	1576
339	505
2046	280
1514	2952
1332	728
1263	3683
1544	33
484	2329
722	3234
3058	77
1103	699
2473	1030
1937	507
3021	3383
3757	1270
1854	559
3188	4000
2379	3856
63	1002
2962	1949
3019	3019
1332	2518
1175	743
899	393
1401	2390
377	1255
35	1268
207	1270
797	2924
3989	421
743	3234
2933	1401
2848	2201
1468	784
776	2393
395	775
1872	764
1130	546
693	1803
2983	3404
2457	1670
476	3028
280	2635
461	189
2967	118
4025	196
1603	4023
1244	3229
2659	1011
764	2078
196	4025
2046	1438
1248	3915
220	3689
2601	670
165	302
1025	264
419	144
3148	1846
804	2394
2635	2503
1244	3466
312	3695
11	2738
2264	63
3012	2803
2928	2878
2835	482
3058	1290
3801	33
3376	3466
975	775
300	1670
797	2152
419	1462
2312	395
2378	1103
2141	2158
2390	1375
2498	2238
2051	1386
2307	3593
1872	2967
174	1386
2393	3765
1396	1199
196	946
531	2671
322	2906
1806	1089
273	3937
302	948
1854	127
2457	2858
3157	2926
3028	815
842	2340
1847	3077
3937	2861
3733	196
621	2057
1311	2001
2340	2312
1050	3253
2878	1263
3887	2152
3639	3562
1268	3947
35	777
111	55
3402	2232
621	3480
3765	1539
2	2748
210	2862
2595	2503
2158	1396
3115	2329
1243	2900
1854	948
1396	1174
3009	3915
3834	2820
3598	1244
3941	1467
322	2
797	165
2232	1833
3935	2378
1718	60
1772	10
567	715
3626	334
1226	3934
510	3840
1268	1351
482	1522
1857	1134
1318	1851
1985	770
682	2354
1539	2120
770	2820
1991	341
2820	3757
3626	2637
2440	3096
3201	2637
3856	442
63	2498
1351	2973
1757	3689
3826	11
3919	2448
1332	2061
3880	1954
3934	3033
3148	3436
3937	3028
436	1425
3755	770
3021	770
510	3028
2295	2635
149	2961
1514	3989
803	2455
3033	3941
2584	1960
324	2938
2518	1846
3561	2702
3409	3157
2714	611
3188	3718
715	3424
3749	1514
3173	2101
1508	2358
3148	803
3445	2461
1351	2370
1708	715
861	3409
854	2521
1891	693
1263	2493
560	899
803	778
3201	2020
978	2728
1290	2861
1300	3711
711	775
38	3480
674	3937
1300	312
1455	2415
3955	776
3834	1388
803	283
3175	11
1174	3402
3757	560
1002	3376
499	1983
3738	3148
1670	89
2848	2354
134	3973
1600	715
1432	3071
3711	393
2141	2958
1512	2
2938	3397
3021	3501
3887	2659
2728	946
4025	2847
1025	797
2627	3891
377	775
3642	2276
2961	3404
3765	4016
2095	3869
611	388
3267	3926
2967	2804
461	3246
1603	3402
2382	1276
4000	2632
2694	720
2312	1556
2937	2217
3501	2838
3745	1174
725	507
2354	2878
1690	2518
1388	3322
3480	3490
2120	1708
3420	3376
273	2659
3461	442
312	334
442	312
1609	693
3606	1544
728	1089
3825	612
2581	419
3297	22
3840	1929
778	2656
3801	345
1537	3816
815	461
60	1718
1383	1579
2503	1263
621	3490
3383	3021
1949	410
108	3283
2473	2873
362	1388
2406	1716
1268	3414
1913	1957
1708	1522
776	341
2738	737
1757	2165
3980	3642
3302	2240
875	3738
2457	1954
1854	2256
60	3153
1812	1556
367	717
2878	3383
63	3626
3050	2394
574	2539
3980	565
4002	3711
1383	1161
2928	875
737	3848
3376	3420
2217	1356
2454	585
217	1372
362	22
58	891
1375	2945
507	1937
3103	417
1432	2358
244	1609
1130	1833
2480	699
403	3995
5	3965
1265	2808
2206	3976
1263	3021
2276	3297
1401	1513
507	1030
3153	1803
2756	2015
264	682
403	855
2632	4000
3834	3593
128	2358
784	3021
2226	975
612	3695
2937	1983
546	1882
2656	1757
1011	2127
1512	312
2962	1937
861	2498
3234	3020
510	2069
344	2382
49	3153
1199	3400
3033	3077
2480	3980
1351	1001
2120	1539
3757	3903
58	3490
2878	1891
2656	1835
3915	3103
2051	3402
3445	1985
722	339
3989	196
715	1708
803	3148
2987	3440
3934	1179
2981	2808
975	2987
2838	2448
2714	2900
3891	1175
402	417
2961	3606
1474	2694
2945	2240
2206	2350
3891	395
3420	777
1396	1868
3527	711
3409	1449
842	1721
3765	505
3856	265
2848	1991
474	3826
1011	367
3224	2820
2938	2329
2106	2525
2848	2903
574	3157
837	3246
978	244
1390	1983
1721	559
1857	2749
3891	2748
2046	670
2737	670
682	1506
3402	1022
1506	4023
2973	2584
3648	743
174	3115
728	3826
2835	2459
1721	1383
1438	3501
62	3941
46	3973
1462	737
2738	393
916	1462
3234	2584
4000	1514
2595	2613
3973	1318
221	1300
1772	2297
715	3002
273	3745
3178	2378
362	2238
3402	3267
725	352
1449	265
244	3738
2873	770
725	221
1716	711
410	3822
861	1031
3742	3175
2820	717
991	3028
2361	1449
3865	1718
3501	2415
2945	2671
3765	804
1251	875
875	854
108	92
3837	510
3856	10
3762	2415
3302	1645
2903	978
2120	241
682	35
3917	3322
1957	1872
1913	89
1847	2480
2219	674
3937	4022
3935	1251
2930	3745
3937	3225
2788	143
189	4000
1585	1351
1161	2937
2078	2838
53	1449
302	3742
891	3973
737	3915
578	436
1657	1585
3283	108
3283	1721
1199	3148
2312	1265
2737	2503
1716	2833
3480	3440
722	1645
1262	302
2584	2983
3955	1276
1718	3941
3229	2350
3225	665
3440	3980
743	3096
1199	861
2804	244
3283	1153
1690	559
1972	3955
2493	2106
3869	1375
3693	3115
10	3115
505	810
842	2645
77	3402
2696	1708
3801	1351
3840	855
2728	3283
1854	3718
2370	2992
1985	3020
2945	3302
3012	2332
1577	1991
2961	410
1833	1248
978	1835
2884	1514
3840	2788
2200	421
3297	2820
2906	2329
1882	1265
217	3639
4022	2903
118	1396
2096	3201
2307	2518
2276	2484
1522	804
2702	3404
2862	670
1276	3955
574	1396
3937	1729
2962	3527
1812	1051
725	1255
300	1051
271	1772
2788	302
1134	3648
2938	4025
3917	3325
3071	3877
1514	189
3947	777
2952	1449
567	3742
3028	3937
1755	3157
1772	3175
168	797
3020	3937
168	916
1514	1522
345	2930
1383	777
776	2201
4002	810
2101	2480
3480	875
3848	1248
3414	1268
134	2696
778	3071
3402	674
728	2440
3848	737
3436	2152
2873	3058
3501	2862
395	461
3865	3414
58	220
55	1318
3501	92
1718	1449
743	531
189	2686
2833	92
1449	351
1718	3283
3562	2454
134	3925
35	717
2358	784
1991	775
3765	134
2050	1718
1425	559
3461	2050
395	2938
2518	559
778	1690
1514	2884
1224	2167
3148	3693
2095	3383
1356	474
860	1846
1255	1539
1383	89
682	2861
306	891
2312	1153
2440	3980
3165	1513
906	2878
2354	2645
2055	1498
784	2983
3865	3762
715	1857
2584	1290
3980	612
2613	3397
2804	2440
3745	1576
474	2788
1665	1645
2861	2916
196	2858
2714	2808
18	2967
2448	3302
2020	174
136	2379
2020	611
1050	1846
1243	665
2440	3798
3402	3103
2525	1265
402	3955
3437	899
108	4022
1449	1199
1462	2926
3028	339
2358	318
345	1512
3592	2916
725	484
2962	806
1983	510
2888	136
2903	2584
1585	419
220	2480
2378	49
559	1351
2987	352
3229	3440
410	265
3028	2051
1276	2001
463	1534
1600	861
1390	2266
1960	324
482	1410
4002	505
317	2924
4028	3711
3834	3424
2686	2645
3383	3165
3253	499
546	3947
1603	417
1390	312
2393	3383
1645	2264
1577	3349
1265	717
3938	1022
463	474
2350	3955
621	2226
367	2276
737	1051
777	2329
984	436
3096	743
941	22
2967	764
2503	2264
3683	2295
670	2671
1835	3934
2448	149
393	2962
1708	442
2518	693
3173	3383
989	1276
585	2393
899	3349
2656	3856
3865	2038
2804	2015
2958	421
2001	1244
62	3024
58	2987
2473	3776
1848	1514
2848	2928
1001	395
1175	134
3445	1603
161	1363
2926	2756
3115	53
417	2696
2057	2938
2635	3383
2354	3840
3798	3848
210	1161
1690	1857
720	2354
899	2903
3776	2601
2779	2015
1130	1985
1846	144
3081	1025
2788	3440
1522	1514
855	2967
55	2295
3989	3695
2358	1670
318	395
2696	1401
612	2938
2393	860
3424	2961
3733	1825
1263	1847
2078	3002
1929	1539
3402	3648
1383	1721
578	2057
2503	776
3593	1318
265	3711
1803	1806
891	3919
306	1949
1872	1848
3501	1467
2354	941
1812	1396
49	3934
3077	3801
2847	417
2219	38
168	2020
2952	3409
559	1270
2	1812
2141	2926
1130	3115
1721	436
2158	3683
265	306
3695	3733
2518	3157
1913	1030
35	2748
1390	10
3934	1854
3420	2064
1846	860
128	737
2694	3935
2635	62
2015	2756
3838	728
1410	1090
2096	3349
1803	436
46	2888
571	1022
1174	2847
2861	3153
1577	1265
1851	168
3869	2592
2858	367
1134	1857
728	3188
1882	2020
1051	2484
2469	3024
2415	510
975	1803
1576	2637
149	2256
11	3175
1030	1375
1539	725
3445	2060
1050	128
127	1374
948	302
1318	1248
2297	300
341	3071
2503	1657
2461	722
2967	3158
244	3888
2595	324
728	3917
53	3765
941	2167
3681	21
2406	1011
1175	3642
3825	1263
1248	1603
3103	1755
3927	1270
3383	2635
3683	38
3840	3776
3762	207
62	1848
2958	1425
4025	10
1175	1657
2001	1174
711	377
975	1025
3028	3445
1544	3903
2332	2050
2312	882
1410	1318
2848	283
2749	3480
1913	711
2924	3681
2394	2656
2539	574
484	46
3157	1449
3757	2873
1739	2038
1401	2226
3926	546
2930	3436
693	3246
612	3033
1265	1670
3071	916
89	1670
3927	1134
3325	3229
3283	3501
3789	1257
3077	1803
2015	989
2096	403
567	2350
2702	3880
18	1388
2264	3058
2165	3246
2983	2987
2958	3544
2538	3738
2394	2276
2938	317
1268	2050
3941	2933
725	720
1847	1401
3355	18
1985	2873
1244	3980
165	612
1891	565
3745	283
1449	3834
3058	1579
2627	3919
3400	3178
2158	1585
1872	1449
682	2803
3420	1332
1050	815
693	2928
813	2595
3880	3834
1708	2232
2390	2046
978	1645
3414	2862
565	3229
1263	3562
282	3322
3173	1030
2645	136
134	546
2930	3935
2937	2256
3865	1226
1645	2050
417	3175
3826	220
2632	2584
3919	975
2924	2808
1739	351
3210	665
3762	3762
2933	3322
1174	1257
837	111
1721	585
302	1262
1031	53
3598	1891
682	3947
1332	161
2987	1954
1494	3689
417	2051
1011	2406
2064	393
1585	2833
2200	2930
2297	318
2201	804
461	4016
474	2158
975	3383
2101	143
1438	1657
344	210
560	4028
1455	2440
312	2804
2312	860
1708	2696
3349	611
2738	3738
2714	3711
3711	1282
3173	2592
264	2238
2295	1847
2858	108
3681	403
3096	3891
1498	3588
2448	891
3733	220
3955	1425
764	804
2992	1390
4026	312
1882	546
2358	612
3400	722
854	2266
975	2833
1823	3935
3397	1251
3798	3938
2987	58
89	2329
3745	1290
2581	3776
1282	861
196	3733
1846	1199
1374	1050
3466	941
377	2015
3028	837
3903	2873
3028	2803
777	3420
2983	3148
3887	3973
1022	1130
560	1810
134	854
699	2480
55	3165
2415	2838
62	531
220	3733
476	3947
3976	1410
1755	2645
1985	3695
3877	334
1051	3765
1332	3376
3501	2135
300	1474
2938	1498
2297	1717
1847	3024
1534	1716
3012	665
18	2937
3234	1823
4025	220
2838	3019
2728	324
984	2938
3229	2001
3937	3173
10	1462
2135	1803
1121	611
1388	2061
4002	2962
2217	1983
2613	2042
776	2656
3440	1891
3173	1449
810	2962
1991	1161
3822	2906
728	1001
2069	196
3825	3383
3840	2127
3689	3891
165	2601
837	3765
611	560
2937	2969
725	1556
3157	3297
2069	1390
3024	1030
2632	842
2484	3856
3941	2928
3838	2440
1803	3934
3877	3071
2390	3941
2992	2861
3325	728
2945	3562
978	3283
2361	3115
806	3926
2295	1846
764	2808
3915	4026
3765	442
2804	3915
3816	136
1467	3598
2480	991
2266	1498
2858	3188
3229	3917
2981	784
2862	53
2394	2406
1539	1803
2106	1544
1857	861
174	18
1772	300
2240	241
3466	1002
3562	3915
2779	2358
1332	565
2933	2878
3009	1579
720	3436
682	611
3490	682
2967	2518
1002	22
2635	1332
2808	699
2354	3789
3989	3856
2064	3880
2788	2820
2015	2358
3801	3028
3891	1806
341	1991
2981	1410
2158	1929
1244	2001
244	875
711	2361
3891	1617
1991	134
1603	2051
3103	3822
975	1514
1514	776
3376	2967
1179	3934
3147	2226
3561	1410
168	2050
2448	810
1462	3903
1579	3562
442	3461
3837	3234
1716	221
2566	1410
1153	3762
1708	1449
352	1022
1848	3383
317	2167
975	62
2200	2987
2358	1534
2981	3021
3024	2469
3562	1438
127	842
2748	3891
1432	476
1929	2158
2862	2038
2838	2696
1410	3028
2945	1375
837	189
3028	1130
2240	1438
244	165
2307	1891
196	531
578	2467
2096	611
3437	77
1396	2457
2167	941
265	108
2958	1937
136	560
1690	1318
860	585
3934	1718
1265	1498
1270	207
3033	3934
3848	665
474	1739
210	344
460	784
1432	2694
776	3738
585	1161
1030	3033
144	797
2637	3681
92	3501
1356	3178
2728	3938
1600	1248
2525	3929
3561	2969
1812	3742
1882	2455
3837	1270
1954	461
3159	1383
2702	76
388	682
3081	1929
2378	711
410	1949
1300	345
1857	1810
4016	111
3349	300
3467	3927
461	2276
1537	1083
3834	3865
3297	946
3880	2454
1474	743
2938	1665
3175	3742
3009	417
560	743
181	3865
3838	1262
1001	165
2057	578
2804	210
3689	621
2354	1432
2141	3096
2448	1103
1506	3934
3934	2581
1645	220
2095	419
2945	2737
2350	1224
855	1224
22	1224
715	1224
948	2728
505	2728
1130	3887
3283	1467
3173	2878
2295	2878
1729	1390
2266	1390
1462	3757
2973	341
2064	341
3837	210
978	210
2737	217
241	217
2671	217
1494	217
3639	217
2046	217
1438	217
670	217
280	217
2240	217
3147	2378
1848	2378
2592	3825
1375	3825
2933	3825
3033	3825
3165	3825
2737	241
217	241
3322	241
2671	241
1494	241
2307	241
3639	241
2046	241
1438	241
670	241
1375	2592
3033	2592
1263	2592
1030	2592
1929	2592
2295	2592
1513	2592
3683	2592
2069	344
1498	89
2696	89
3050	89
1617	89
784	3681
3929	3681
136	3681
210	244
111	244
3404	244
1913	244
2165	244
283	3246
916	3246
1002	3246
612	1522
3302	1522
1103	2702
2613	2702
3973	1363
3234	1270
1954	2858
89	2696
2518	2001
3980	2001
2938	436
3369	436
2297	436
318	436
189	2958
2848	2958
737	2958
3749	2958
1812	2459
2961	3424
2749	3424
2878	3941
2592	3941
3869	3941
2101	3941
474	3880
1383	728
3834	728
3798	728
2264	3267
1755	3267
1356	2158
2969	2158
2659	2973
1835	264
1718	264
33	264
60	264
352	264
1289	264
531	1721
2748	1721
2238	1449
2498	1449
2926	1449
1512	1772
345	1772
2804	1257
1282	1257
344	2888
1848	1251
2728	948
2714	948
505	948
2738	1544
2038	1544
1083	1544
1579	3976
143	3683
3024	3683
3869	3683
2390	3683
3173	3683
1030	3683
1929	3683
2635	3683
1513	3683
3165	3683
2101	3683
2095	3683
1534	3096
3689	3096
2415	2069
1534	3157
1857	3157
339	3157
317	3157
1449	3157
362	3157
1810	92
2967	92
1757	136
1130	1386
3436	1468
3175	1468
144	1854
60	1854
1289	1854
127	1854
2878	2095
3825	2095
1375	2095
2933	2095
3941	2095
3024	2095
3869	2095
1847	2095
1030	2095
3683	2095
341	2064
1757	2064
2788	2064
3826	2064
1931	2064
3467	2064
2127	2064
1011	2064
189	128
3461	1498
1265	3490
3826	3224
2232	1600
2635	207
2069	3002
322	3588
3480	3115
2361	3865
1537	3856
210	507
3383	1356
1270	560
2020	1090
1645	460
264	127
2861	1729
3409	3915
2686	899
3934	1351
3466	2878
3376	3598
1579	1410
2987	3995
3440	3917
35	403
3693	3148
1199	1449
1179	33
2232	1972
63	2738
3561	352
1396	1270
2691	3019
737	3826
2702	1248
280	1872
2448	302
4025	3689
722	2804
1282	1854
207	3840
2969	2579
574	3103
1806	3826
1846	2493
1375	60
578	3096
2595	128
1351	1872
3544	1243
1522	2613
534	3888
3588	2938
3158	3229
2861	1891
1388	2928
3414	715
2354	720
3742	855
1374	3865
1474	55
2820	474
3234	1739
571	2480
1248	946
875	3019
134	803
1872	2238
2756	1534
3642	3081
2962	810
1657	2219
2467	1825
111	3648
1410	3445
1954	3995
2900	3989
2503	1954
165	2613
3544	2340
38	3593
2981	989
2888	484
1657	1175
1474	393
2480	1847
395	2
2659	674
3178	1262
1425	2165
2933	2592
2888	302
3925	1248
306	1282
764	2601
2930	2952
3733	1255
1390	1161
3798	474
682	3937
1810	393
3880	1270
2737	1657
1506	2020
1716	2358
1224	417
1226	2581
784	813
3165	62
3947	1268
484	720
1718	3077
2958	2480
3934	3225
3325	1244
2297	322
975	421
507	2738
3297	1432
1847	861
978	722
2702	221
875	1262
891	3490
1913	317
2671	3934
417	136
3588	395
1716	2219
11	764
3297	3466
1739	3976
2256	49
3440	3355
1134	351
3639	2307
1868	1372
2808	720
2378	1954
1755	3816
2691	875
1803	1854
1514	35
1972	2232
1585	1270
161	3325
2820	2127
3745	1090
4022	395
3733	1522
3480	3593
3648	367
3077	127
2632	3021
312	1300
855	1556
3917	1388
2354	2406
108	181
3188	2958
3856	3822
18	2120
367	2521
682	991
2266	2264
3980	2808
3973	352
58	221
3480	3848
2878	612
717	2888
1011	189
578	3798
3071	778
2539	2057
3903	419
2518	565
4025	1833
2983	1318
2415	2961
3937	1050
2295	2101
3934	797
2820	2788
2240	3322
2480	2906
393	571
442	1175
482	2987
2226	149
2106	2862
578	1425
2480	3383
3246	3175
2219	306
474	2969
1810	682
4028	882
463	784
2926	1248
531	3081
2888	2201
1972	1383
1021	2354
842	3246
144	49
3989	3891
3755	510
2393	776
3461	2926
3148	2906
1833	711
2167	1224
4002	2728
1251	2378
1332	1363
2055	436
128	2958
1913	3157
2167	3157
1134	3157
3935	1960
2584	92
1270	92
720	1468
2961	3903
2295	3941
1746	2525
743	3648
946	317
3050	1356
3050	3058
3834	3231
693	3598
317	22
280	118
421	377
1103	2064
670	2737
804	3593
3798	2440
3397	1425
1717	2297
3965	2484
778	854
1534	463
127	1846
1449	3002
207	3762
1425	699
804	1174
2295	143
3762	2838
1318	1396
3755	2069
1556	2539
2467	3880
1913	1224
55	3024
1508	3021
3019	2691
3157	1134
21	611
830	611
891	3689
2635	2987
1174	804
3848	3925
217	2046
3837	2001
743	1432
1318	3402
3349	461
1257	2969
1985	463
2525	2448
621	2448
2696	1030
1318	2637
1718	1498
2276	3693
1243	3856
300	1717
2057	2539
1363	4022
3648	3995
3071	1717
3383	3941
3937	3234
1031	196
2748	2232
2120	2448
2240	2945
2873	3757
388	1603
3229	60
770	244
1833	813
882	1268
3850	3776
1090	2135
3175	3369
3297	2992
62	3383
699	1757
2046	1372
1522	2238
345	2459
743	2748
1134	149
1823	3071
975	2884
1386	806
2461	2060
3733	3695
1665	3588
1665	978
3995	1030
2781	1537
322	2459
1462	725
11	476
436	2055
2601	837
2361	1153
2969	1356
837	2686
136	1972
3201	165
55	2101
1585	1983
611	2967
2937	2370
1199	2635
3856	3711
2312	77
3606	2961
1300	3738
2862	1544
2632	35
1854	3880
210	1356
1248	1833
2820	3297
217	3153
3976	1153
1226	3757
149	1270
3461	1175
2933	3941
1494	2046
2340	1396
3165	2390
344	3437
3490	1757
2206	567
2983	2645
861	1847
2394	815
1103	948
842	3153
4028	1721
3461	53
127	33
1161	2903
2969	1401
1449	1226
174	442
2781	221
770	2015
3376	3917
345	2001
2788	3231
2930	1609
393	1432
1949	1410
2888	2696
2307	217
362	1224
1174	2702
3826	1372
2503	3283
3158	3283
2061	3283
3917	3283
3414	1199
3776	1757
2379	1757
136	1757
3683	1375
3165	1375
2101	1375
2095	1375
210	3837
1270	3837
77	3837
2938	196
3742	3955
2206	3955
1514	2924
196	2938
3369	2938
436	2938
2238	861
1224	402
2361	402
855	402
1913	402
174	2332
2900	442
53	442
2938	984
436	984
571	806
3115	806
1130	806
2728	4002
505	4002
3711	4002
2861	3058
1290	3058
1031	2096
3402	2096
720	2694
111	2694
3021	2694
2358	2694
784	2694
3865	2152
1514	3826
2480	3826
2064	3826
3188	728
3973	1579
3976	1579
3349	1579
2645	2354
2694	2354
3231	2242
1729	2370
2938	1812
3369	1812
436	1812
2484	1812
1717	1812
1179	144
1718	144
33	144
2256	144
1289	144
1425	860
1153	670
2702	1268
2057	2440
362	3917
665	3711
217	282
804	3349
3689	725
1432	264
1708	3865
244	810
1432	2354
1374	764
196	10
3383	3024
1803	916
1001	3955
2803	3028
803	461
715	1449
3825	2350
5	2888
1603	1985
3369	3400
1248	322
2808	1265
1161	1390
1513	62
1022	3848
764	1374
300	1645
2219	3925
3436	2756
136	612
3501	510
946	2808
395	1868
1931	2378
2120	2884
3745	273
221	312
1757	2379
2924	3965
776	2645
3934	144
3050	2873
2926	2930
3157	2295
3225	2961
510	803
3283	715
3461	2938
3877	244
3544	1772
2756	2217
410	1854
144	2354
3926	2264
2967	711
2264	1645
3865	1438
1931	377
3020	3402
2987	803
1708	1276
1021	1717
1617	1498
2992	1983
3028	1050
2480	1265
1891	3158
3934	1388
1134	49
2756	1468
3436	770
1244	3297
797	510
2378	571
571	717
815	1746
49	2484
77	3745
189	461
2671	21
4016	546
1282	2061
1001	1383
2167	317
221	743
3965	5
2584	2656
1576	3745
1609	2637
2078	1455
220	3050
3937	3467
3302	3322
1251	775
3856	2781
2702	1103
2967	1270
3789	1270
2847	2637
417	2637
2525	2637
3349	2637
4025	3188
2962	1248
1175	264
2165	1755
3246	1011
1001	830
3400	3414
1851	3480
4016	1854
1468	946
367	2702
784	482
1276	3980
1670	2808
1022	1410
1051	1851
891	3480
2206	1617
2152	510
1449	241
3002	302
882	806
2020	1882
4026	3349
3420	2924
1175	3201
797	2714
1522	165
2393	2106
3424	108
1268	534
2601	2503
1396	1425
241	2862
1600	3009
33	127
1854	803
2728	2521
1812	2340
1332	3283
362	2167
1534	2930
1270	2361
3798	1022
460	3848
837	3626
560	3681
2101	2095
217	1494
2952	3544
3965	1268
1670	3693
3562	3689
1972	3681
3598	565
118	3383
3757	2312
1363	728
3103	1103
144	419
1410	3402
2820	46
3626	854
442	665
2933	1030
2101	1263
1600	3461
531	1300
2415	2240
1031	1265
1356	1494
3789	1175
1374	2307
2101	2592
1226	2820
484	2354
62	4000
482	777
2461	4026
3980	3598
1425	815
2015	344
2467	1262
3115	3816
3718	210
2455	306
1383	2329
2961	2101
1356	2467
2297	324
22	2354
2242	510
3776	546
2127	2242
3642	2503
1985	2861
134	2838
220	2952
3002	2635
3789	3157
77	1576
2933	2390
1375	3869
189	1410
1665	1603
1030	1913
3973	46
476	3681
574	3642
1401	3941
717	2521
3050	220
4025	3283
1425	1512
2983	2738
1089	1985
2378	1290
1657	2945
3887	149
3816	1537
2969	2937
842	2579
2238	3461
3954	1251
2001	161
3927	46
3267	417
728	3325
770	2060
3822	1383
324	2659
3980	1891
1891	2061
3840	1585
1848	2217
1449	3424
2835	2001
3158	693
2714	2627
2873	842
35	2232
797	60
1991	1577
2484	1585
3935	3020
2656	46
1449	861
352	2051
2962	2127
5	499
1318	136
3490	1265
35	3028
1263	2069
1375	3322
2539	1534
3848	1806
351	1857
1577	1539
461	1954
3683	55
282	1494
612	3165
271	3050
1972	2503
978	3749
1134	861
2226	2015
2120	775
1251	3397
1449	3409
837	2635
3915	574
4022	339
1585	3225
2069	3965
899	682
3028	2394
2637	3626
3409	3224
674	220
722	815
2448	2015
280	3562
1556	3681
2595	1972
1030	3941
2903	134
1248	3681
3024	3081
2200	725
10	803
989	2200
3081	1356
1255	62
764	2095
3115	682
1263	612
3490	1432
3838	351
1199	2226
1282	265
4022	3941
2379	3681
3103	1772
2645	3436
2848	585
1854	302
1030	2933
2804	2525
1937	3024
2803	1498
4002	854
1103	717
2312	1425
2930	282
1603	1121
2961	3158
2307	144
3593	1514
2297	2055
2937	174
565	3376
344	854
3021	2756
1265	611
189	3420
2694	1474
2158	474
3355	1983
2106	1083
241	2737
1585	3840
3466	317
3050	1257
1351	510
3234	1257
1244	2518
2728	1390
2728	1718
317	1021
1721	2064
3689	2329
861	22
128	2847
2120	1199
1556	1270
806	3369
161	2961
2847	1248
111	2219
711	1432
3776	2406
58	531
341	916
2938	2808
2038	1670
1514	813
2467	3588
1174	3561
1174	899
571	393
2906	1812
2406	3973
3159	482
1356	2756
1957	1690
1396	2833
1891	3980
2983	482
3925	777
58	1199
776	842
507	300
1985	1130
1462	728
743	111
2696	1891
510	1585
2601	764
3973	1262
2141	728
1913	855
463	1823
2788	2962
3925	3776
2539	484
1251	1937
882	571
1513	2061
3826	2340
161	3229
143	3165
3856	53
2539	1556
3028	168
3776	875
737	2503
60	3229
984	2884
882	978
1262	720
2201	3880
946	1983
3173	1375
585	1579
3848	46
1746	1161
2078	1224
436	3246
3302	3096
3856	665
280	3383
2393	611
3937	3157
2135	3501
2645	1717
402	476
1425	2848
1351	3024
1251	244
264	2038
2820	2050
49	2256
1949	1363
3642	891
1556	46
2525	3437
3816	1854
3934	861
2627	2406
318	2055
3880	2748
1718	4025
3865	2361
1513	2382
1617	1603
419	2581
461	3891
1757	778
3593	3355
2961	2581
1929	1030
196	3695
860	2095
2862	3414
11	837
3648	111
720	2038
559	1374
2467	1318
220	531
2962	2930
3383	2095
1729	3297
1960	1937
1089	2656
1467	1153
2264	35
2967	3917
510	3837
1090	770
1089	764
693	1332
312	2484
611	3642
3776	3973
436	2038
860	2312
339	1833
3096	282
2454	3989
3544	2038
2696	1001
3383	2390
1960	2584
2057	621
108	1717
3929	1356
3941	53
189	3404
1332	149
1011	2788
2051	1410
3402	1410
3848	1410
58	3689
2200	3689
1103	3880
2924	797
612	1847
49	770
3096	3838
2838	3919
18	38
1657	280
1835	1050
3024	2484
578	2714
3826	2
3234	2440
1030	2696
322	1248
461	1539
899	882
1432	611
388	611
264	611
804	611
174	611
560	611
3648	1318
3880	2201
665	3718
410	3718
3776	168
1851	1949
1833	1539
149	49
1913	306
1282	306
1810	899
393	899
62	797
1514	797
1803	797
1846	3414
3606	3414
210	1991
302	1991
2903	1991
2702	3561
2051	3561
1410	3561
2165	1537
574	2566
1833	367
3935	3397
1534	3402
775	3527
559	1226
559	2459
1755	1617
2096	804
1868	2686
578	560
2873	725
118	280
2120	1929
403	717
2354	1050
3711	1300
916	2656
2803	1603
2415	2242
3445	463
1657	1972
2906	1243
1600	1708
2924	507
1539	1255
2329	1383
3544	2926
2613	2467
861	1957
899	306
682	899
1383	3718
1425	2808
3642	306
1161	2001
797	3850
2969	474
3158	2518
1991	717
1265	1882
770	1276
1717	3466
2455	442
1375	1265
3749	341
367	2064
2671	693
1812	2820
189	815
3019	220
510	18
815	2903
2848	2503
1579	3888
806	3267
1755	882
797	33
770	737
842	2973
1356	3081
2933	3165
2455	3822
813	417
168	3776
1050	2804
2448	1011
2579	2833
3409	1103
1833	2702
1425	842
778	3404
699	1425
2958	3188
2120	3437
210	1011
2307	280
77	2873
1372	2390
1757	2645
2057	764
3592	1226
63	2382
1090	3050
2848	2050
3934	3224
2847	2350
136	10
1300	3947
1868	1001
3201	174
3733	460
3742	2038
3826	1772
367	2440
143	302
3159	210
3404	410
2457	1396
1282	1050
3880	1854
764	1872
3376	161
2096	1539
861	2167
743	367
3229	1375
1386	3050
693	3420
2861	1031
3440	510
1506	1001
612	2493
280	3024
403	3159
58	2804
2696	3776
2835	49
717	1265
3693	1812
743	2042
2498	3915
1537	682
4022	715
2945	280
3050	1645
1600	2498
46	417
2493	3891
461	395
2584	1508
2057	1721
1718	1854
1270	3234
318	3588
3765	168
3927	2001
1383	891
3937	3020
899	2702
1585	2873
207	18
168	2393
2201	377
1001	546
1363	3229
3801	3776
2020	682
1512	1425
344	989
3159	2888
1729	1983
948	585
2637	2525
2848	312
2200	283
2926	861
3798	484
1363	2967
3934	60
3028	1432
2240	2307
3755	2354
1931	1455
2595	1248
3153	127
3955	143
4028	174
46	2981
2756	1372
2095	1929
3925	3973
3467	1011
3115	725
3024	1585
1494	3938
2981	1985
2820	2833
62	280
3302	2050
899	136
33	3934
2493	3926
2055	2938
665	4026
2903	4022
111	2484
436	484
2469	2457
3837	2884
1401	3681
2671	3322
1556	3409
2671	1438
2	3544
1854	1318
2992	3937
3225	1462
1579	2962
2928	3021
3888	1103
3409	22
1665	1506
3925	611
5	302
585	1806
2055	1248
2779	1960
3021	2378
3856	1243
1757	3349
1383	2050
665	220
60	3869
2847	2702
1318	2884
1021	317
899	2266
1494	2820
3028	3826
906	1021
1508	2613
1363	1949
1657	2737
2737	665
1985	2332
21	1401
3322	2061
419	21
2064	813
1263	2101
149	1311
2781	2900
1011	2924
3733	1512
711	3527
717	302
2226	58
3024	2967
3562	2945
2361	1432
196	3989
1513	3934
770	3020
2480	674
743	2671
2232	244
108	3225
2903	2480
2051	2264
2242	3231
1514	62
144	1506
410	3915
682	1810
4016	1318
2635	2601
4025	62
2200	2158
2332	2702
3718	3593
531	2748
161	3440
89	891
2332	1985
3592	352
3369	2459
2158	3081
2206	3009
2055	395
1868	149
3028	3024
351	2930
1224	144
2467	1931
4000	720
3941	1226
388	35
1718	612
1263	3869
1363	3917
1467	3158
1134	282
283	806
4000	4016
2020	302
1690	1050
244	3938
1375	3934
2467	221
531	725
2390	1372
670	1153
1985	674
830	1645
244	1823
1929	3173
2962	463
2916	1729
2078	3755
2983	11
3147	3593
436	322
1410	482
3995	2803
2858	196
393	3012
1090	674
2264	2525
1161	2165
3165	2307
300	665
3917	1891
1579	2930
2406	3253
388	3801
461	1755
2525	2264
2686	189
1603	2595
3424	3501
3929	3436
362	2928
312	3283
317	3695
1396	3544
2480	3925
3742	3246
2945	2046
189	1514
318	322
2038	2738
906	1244
2312	3837
3501	3934
3947	1882
510	118
1579	2847
3648	2702
559	3903
565	3941
777	1657
300	1757
837	510
2415	770
3938	1494
377	1757
3798	482
1556	2050
611	3349
2862	1718
77	46
2952	2461
62	3188
393	2738
2455	3937
1537	3711
1882	2394
302	2020
1121	510
559	1854
1609	345
2266	3891
1396	2459
3561	1174
764	3606
1103	3103
55	1514
3402	77
1270	1872
2158	2484
2015	2584
1576	46
351	4016
546	134
578	3742
1449	362
1002	334
1603	3445
3201	2635
2637	3009
2406	2983
1011	1931
1931	2788
2592	3383
2264	3926
3158	2061
3437	1134
674	3562
559	3562
1318	1690
1498	1617
3404	3856
2930	3689
282	2120
3869	62
3058	770
3816	1755
322	3400
3976	715
3302	2394
3404	4026
2	3989
720	1025
3598	2518
2579	3024
2226	1356
3437	1257
699	3028
1960	3020
1263	3941
2838	621
2702	1022
89	1265
4002	2264
3175	351
1657	1494
1401	484
3077	1854
2820	2340
3915	2973
861	1372
2613	946
2061	3917
2926	2779
3798	2340
377	3480
1579	1609
1739	2312
302	2888
3081	2448
3480	3980
1455	2873
2539	1396
2926	722
1449	2926
33	1506
948	1103
948	1718
2158	1983
128	2779
3973	3976
484	1263
1670	2379
1670	2038
2873	2820
1153	3976
3424	3834
3302	612
1388	149
2242	2078
463	3749
510	2937
560	403
3490	891
3888	571
108	1438
10	341
3626	2206
2888	1522
3798	2656
2645	1806
2656	128
4025	3420
578	2329
3888	4002
3267	2051
2042	395
2804	2469
2064	1931
3409	861
482	784
855	419
62	1356
352	1268
181	3941
717	2820
1224	860
3355	1585
571	804
1851	2264
482	534
1134	2167
2632	1937
1931	1011
2051	2962
3606	2240
916	388
567	2135
1467	1891
2295	1030
2803	682
830	3626
2696	3693
18	3028
367	283
2878	1957
2861	3253
3020	2916
2518	3229
2200	1556
2884	1772
2924	189
2627	1645
2217	62
1746	3409
1153	860
2749	3147
46	2
3527	2378
1449	2498
244	612
3947	2329
2329	2096
3711	1498
2480	55
118	2469
3683	3165
3103	271
417	2232
1455	2226
1363	2394
3934	2961
174	2455
1851	1833
2838	2858
3742	2350
510	611
388	3955
2096	3765
3159	777
3404	189
3501	3231
797	1462
2938	946
882	560
574	3733
2256	1179
2266	271
2015	2141
764	1083
33	49
11	11
1708	1030
1617	1755
3941	3158
1534	2358
1708	174
3973	60
3178	842
1872	3757
1513	3033
2480	804
2613	3955
2120	3689
3745	3058
510	35
402	2340
3253	2217
737	1825
189	1806
1175	882
341	300
89	1363
55	3683
2297	1833
2219	3683
2592	1263
1438	2862
3201	797
1372	2046
3826	2973
339	2312
1251	3749
3642	1175
2748	1011
3593	38
3695	1498
393	55
855	3165
4000	1803
1289	2961
2873	419
165	1708
1576	2001
2888	1579
3798	2378
3718	1011
1300	1512
3738	3877
2521	367
62	3397
855	118
2702	1276
830	63
804	1022
670	1494
2848	531
1462	1356
2961	1375
3033	62
2781	1812
484	1755
743	2484
317	3071
3019	334
2969	3561
10	778
1514	1851
2924	1011
1991	2848
991	3937
1991	1455
2101	2878
63	2264
341	3926
2671	1991
2042	4026
2382	2498
1268	2645
3302	2120
1375	3973
1755	3115
3103	3402
1438	3322
946	324
670	2046
3383	1513
1351	2686
3201	2601
978	2903
3980	3229
1645	830
3050	1363
3826	699
1972	377
507	725
2958	2312
3544	3175
2480	220
2737	1263
2833	1803
2469	3147
1882	2962
3562	1263
3349	2096
3865	711
3822	2781
2165	837
2595	2737
2020	2788
3002	3937
3103	1537
1462	2833
948	3103
3765	3480
3173	2095
393	2219
3755	1455
534	128
3711	174
670	108
1002	108
1289	33
1462	1585
2862	92
3325	3941
1983	1161
1401	2101
149	282
2295	3789
108	1153
1508	4022
2354	2135
2525	2106
1179	2256
776	989
55	1657
1579	3103
1757	2656
585	2958
3157	1857
803	10
1708	344
3935	1823
1356	3383
1665	2051
3941	1030
2394	784
3158	3420
3024	3490
3501	33
1383	2064
3689	2120
3954	2064
2135	3229
419	510
2057	2671
3869	1929
3954	2448
1556	3096
2737	3461
312	1390
3965	2924
2632	1011
403	1311
1268	882
3776	2060
2848	717
1957	2167
1772	2884
3024	3869
1268	476
362	1282
682	3012
3648	35
3376	1891
1011	2632
302	797
2961	3229
3683	2480
978	1534
1494	1438
1374	3789
1513	2635
10	196
1175	2595
3436	720
2050	1276
3954	3877
1401	282
1363	161
2781	3856
1913	3302
861	351
3402	2728
3749	2312
1657	2503
837	3965
1332	693
3178	3369
505	2358
3096	2987
665	1103
53	2900
3297	717
4016	3926
1375	1263
2916	461
18	2749
2847	1174
770	3801
1051	804
77	2738
1455	1257
2862	2862
312	174
3302	1913
1772	474
2276	2521
2937	18
1806	482
1468	345
210	2888
1311	2659
1851	3848
1265	2937
2469	3903
3420	2518
1857	2238
2686	1508
3938	1746
1657	241
1983	578
410	1537
3887	1130
3369	1468
1401	2967
2961	1332
1812	3019
2358	322
18	149
737	189
2467	460
1931	1251
463	1985
1356	210
2659	1351
3302	2945
3588	3461
1351	3934
134	3891
2686	2804
1263	317
2613	1708
4002	3050
2266	854
2240	2120
3562	1410
3002	2838
2394	3915
813	1534
2060	1174
3757	2937
1806	220
2962	2521
3253	861
3544	2958
2480	3947
1854	4016
2206	3934
2201	776
312	1474
1432	1755
3349	899
2354	3231
720	2201
2127	1949
3028	1868
1857	1872
3801	60
417	3681
1179	3153
5	559
2051	3267
174	1175
1002	854
174	1130
2888	1161
3887	1318
3903	1226
3926	324
2219	1657
417	948
571	882
352	3159
317	1913
989	2015
302	2788
1121	1603
1290	3267
2696	165
1929	2295
2694	2833
830	2382
3995	35
1972	2671
505	2064
803	4000
3762	715
3225	1449
62	2952
1806	1717
461	803
1806	2232
3173	2480
3028	3801
3798	2539
499	3837
1857	3598
810	948
3480	264
2803	3012
3002	2601
134	244
3776	1121
2961	1544
1577	2393
2379	2503
3888	2962
1153	2361
3009	3888
351	1134
882	3349
611	2581
1891	3229
2808	2987
3355	2256
777	3947
1937	3058
559	144
2847	1579
3693	2952
244	2232
837	2
717	585
128	1690
1462	1514
2933	612
1721	743
2448	2226
3935	2833
442	3937
1806	1011
241	3322
2601	2945
174	324
1891	3598
1991	302
2838	2242
810	1103
2200	2120
3789	2078
2888	3798
393	3490
442	3856
2987	377
2958	1746
1657	3562
2694	3021
2592	3165
1577	302
711	402
1257	244
3891	3592
1175	1806
2961	3834
196	2952
1311	3028
3917	1363
476	611
3158	1276
2926	3461
22	3297
282	2930
571	720
777	482
1847	3869
127	2354
2714	2152
2394	1985
1001	1717
210	302
3424	1388
377	578
1248	46
1332	3598
2455	174
567	3869
3877	2493
3588	318
3383	3801
3229	728
1263	3606
3681	899
2378	3798
1386	2051
474	2440
1374	3165
2358	1248
725	2467
3816	1265
3941	3762
2350	2206
3467	273
3033	3683
3973	2924
3002	3231
2601	2307
3436	2448
1494	3322
3915	699
2518	1244
339	3302
3402	2566
3077	1179
2518	1891
3383	2217
1244	941
2	395
1985	3400
1717	1913
2101	1030
53	1175
1537	2276
3501	53
1425	1806
2050	3765
2406	1363
1846	3592
1868	1468
1410	2332
2060	1121
810	3954
1300	2906
1757	3718
3397	946
1255	797
476	2454
1757	3490
665	442
1848	2808
3544	1396
2728	2714
2050	1130
2702	3648
421	3989
2958	2393
1001	728
322	3369
946	3965
1449	2361
1318	2467
3937	2916
2454	174
3024	143
1374	144
2390	2635
345	1579
861	2379
2924	317
1265	2906
3283	3325
410	1991
3937	3012
1716	2694
283	3745
3033	3173
1410	1603
2521	4002
3302	2539
855	2601
3437	2060
2238	2312
975	2226
861	2406
1243	1300
283	367
1985	2461
273	174
3822	3210
2838	2042
77	3848
2958	860
241	2046
3917	174
149	3980
2884	2900
2020	2601
377	2042
1289	842
1282	1175
3869	2350
2838	510
2042	2141
2406	3826
1276	3420
1030	134
3021	776
1050	3891
3588	578
611	1739
62	1513
2595	1603
578	2808
436	861
4026	2042
474	3050
1721	1468
1311	2803
612	3980
3588	324
3297	2329
1318	1270
3880	728
1985	1534
784	1716
3302	2046
3648	2050
1508	2394
2354	2838
3880	2457
3626	3976
3648	3887
1806	189
377	3765
1937	2484
1289	49
882	4028
2217	3826
1244	2961
2601	143
3157	1913
62	3919
1153	3865
693	3838
1199	18
1375	1401
442	682
984	2297
1757	3693
403	210
55	2900
1746	1508
474	3798
2206	1282
220	2613
3562	134
2390	1030
1030	2973
1556	2312
1282	2219
474	1022
2973	2659
58	3188
108	265
1851	1931
2480	571
2702	722
351	474
317	3466
2987	282
2961	2967
1514	1425
3081	711
665	2455
1179	49
722	1248
2358	1960
3965	1577
725	2873
665	410
53	3937
2714	665
1374	2038
38	149
1270	1318
2579	2200
484	3544
4002	3888
1537	318
1544	2038
2106	778
3789	1690
3028	2370
207	510
674	2459
1882	1121
1474	46
1383	2748
3283	3941
1179	1289
2050	3297
510	1270
11	108
1937	505
2498	1857
2833	2440
1372	1806
3935	3234
324	2987
3115	2480
1089	989
1931	2467
92	1153
351	3742
3246	322
324	2728
891	58
2737	2046
1985	3402
3178	3400
1270	2256
546	3826
1474	2219
2457	560
1985	3935
3355	1388
585	860
2987	2141
1372	2756
63	854
265	3437
621	3009
3231	302
1410	1717
2467	1462
975	2015
3369	2055
941	1002
3234	3935
916	1806
3745	174
2276	2329
38	1179
2632	1803
1199	3414
1121	2096
1199	2928
1401	2158
3148	395
2390	1891
334	1002
3648	1311
1913	1050
3297	1270
2645	3246
2295	2390
108	2691
665	265
5	2539
3283	2728
3695	3588
1957	362
1846	2862
1425	2312
3349	1174
3436	3148
417	1174
2962	3267
2264	2503
3173	3165
3639	2120
3383	975
3989	4000
3856	1390
2584	784
3234	989
2833	2461
2538	1374
2001	1276
149	1401
1806	916
63	2521
1103	1954
567	3825
770	989
2064	3681
3840	3002
2095	612
693	1513
2467	1960
2833	352
2095	559
946	1721
241	1857
2120	3440
3683	2101
3445	1121
2862	1243
62	2101
3877	2382
1022	4016
2046	2307
2015	2973
2329	1363
1174	2969
2781	2061
2981	991
3501	499
1363	1506
861	2206
174	403
149	1868
2635	3002
476	2900
854	916
2973	3718
534	2332
3153	2861
3642	3297
168	388
2645	92
1051	3965
2232	1175
717	3826
1579	2001
312	1835
196	2069
461	2038
1576	2861
715	3941
2862	1846
1991	2201
1363	1332
1462	1803
1508	3050
1372	737
1746	2903
1199	58
1851	377
108	3466
463	3850
1716	1372
1721	842
1708	1363
3937	2242
1318	2457
344	2808
804	1051
2808	3019
1539	461
682	3115
764	2518
2015	2987
