11479	290	1
13096	475	1
10761	561	1
11618	25	2
11682	41	2
15161	82	2
12503	87	2
5723	126	2
4949	208	2
15465	247	2
15699	254	2
6806	385	2
1070	448	2
7117	464	2
8360	497	2
16714	515	2
2460	96	3
5103	103	3
2575	202	3
9439	319	3
3468	359	3
16672	365	3
13218	373	3
18213	408	3
4403	470	3
15006	487	3
11403	519	3
16231	577	3
7485	108	4
9724	301	4
5815	454	4
13816	360	5
4674	435	5
11908	524	5
15971	536	5
5275	37	6
9595	61	6
16667	159	6
14920	172	6
4161	197	6
4192	287	6
7935	292	6
12331	333	6
15625	412	6
15716	417	6
7946	460	6
3120	496	6
9729	534	6
1752	168	7
6172	202	7
8097	228	7
12037	274	7
12199	283	7
15228	365	7
13850	414	7
5089	462	7
12866	470	7
15833	19	8
9809	33	8
2830	157	8
13518	322	8
15307	126	9
7663	219	9
14046	312	9
14232	382	9
5458	397	9
5169	495	9
16274	529	9
12456	143	10
12697	379	10
1366	402	10
14763	439	10
16311	508	10
13009	116	11
16486	227	11
12092	376	11
6920	458	11
6270	573	11
7751	28	12
7371	69	12
4537	186	12
8489	295	12
4569	549	12
10046	585	12
15531	99	13
15146	144	13
9673	166	13
14315	421	13
14407	535	13
4571	539	13
16618	193	14
13085	258	14
17528	410	14
15105	451	14
17788	24	15
17760	42	15
1518	64	15
7569	83	15
10544	178	15
7951	205	15
5786	336	15
14819	339	15
13946	372	15
8488	438	15
16921	507	15
12679	516	15
8555	527	15
8368	584	15
6553	139	16
3938	405	16
4858	550	16
2943	95	17
4570	130	17
7296	167	17
13312	328	17
2658	356	17
8551	576	17
14586	142	18
17519	190	18
14130	326	18
15209	364	18
2467	554	18
8255	8	19
10349	33	19
16519	97	19
14976	157	19
10676	304	19
4923	322	19
2021	400	19
17556	428	19
14092	563	19
18219	261	20
11774	273	20
6533	585	20
14654	30	21
10510	43	21
12954	102	21
6425	213	21
16068	369	21
8232	551	21
6342	25	22
2320	79	22
8397	80	22
9398	82	22
4764	138	22
13074	208	22
15734	254	22
1350	404	22
7901	448	22
9403	464	22
5678	480	22
15386	497	22
6694	214	23
5290	262	23
9388	300	23
13123	465	23
13025	548	23
3862	574	23
5771	15	24
14275	26	24
3078	42	24
6967	64	24
4931	83	24
7673	178	24
17770	207	24
7343	247	24
9992	336	24
10704	337	24
17241	339	24
830	372	24
12936	387	24
11621	410	24
1915	415	24
12326	438	24
8270	473	24
10412	507	24
3617	516	24
16627	527	24
13379	575	24
5091	584	24
16932	2	25
9306	22	25
15311	79	25
14087	80	25
8968	82	25
9104	138	25
10306	208	25
7662	254	25
12984	404	25
2462	448	25
8899	464	25
6672	480	25
11832	497	25
1030	24	26
10717	42	26
5399	64	26
4319	83	26
9390	178	26
6009	207	26
887	247	26
16247	336	26
2295	337	26
10405	339	26
7818	372	26
17180	387	26
8768	410	26
7269	415	26
8473	473	26
12196	507	26
3131	516	26
10767	575	26
7956	299	27
17955	383	27
15395	535	27
17370	539	27
6101	12	28
16466	100	28
9932	213	28
3033	269	28
2650	270	28
8280	406	28
6093	446	28
14031	39	29
7883	66	29
17314	87	29
9457	123	29
11133	226	29
10568	256	29
991	361	29
9336	543	29
8158	544	29
18344	549	29
3857	556	29
4187	21	30
3781	102	30
15282	117	30
1242	184	30
9931	388	30
9600	390	30
5317	446	30
16381	458	30
17071	498	30
7079	551	30
4281	143	31
10876	249	31
6294	314	31
13301	317	31
11380	370	31
7342	423	31
7270	199	32
629	239	32
5189	332	32
8011	505	32
16706	8	33
8291	19	33
13557	157	33
699	227	33
15524	245	33
2265	283	33
15343	330	33
2492	343	33
8578	389	33
13780	556	33
18437	563	33
12346	88	34
3449	116	34
2793	218	34
17983	226	34
16773	282	34
2453	338	34
650	95	35
9768	364	35
9533	112	36
9741	161	36
8557	220	36
3865	267	36
908	418	36
1033	6	37
11042	172	37
16983	197	37
16563	268	37
6636	287	37
6989	292	37
2775	333	37
13745	355	37
14485	412	37
9188	417	37
3594	460	37
7571	485	37
1938	132	38
12371	155	38
12247	293	38
14454	474	38
1872	560	38
13258	29	39
8453	233	39
13406	525	39
7950	529	39
8567	544	39
8982	107	40
16312	118	40
14548	140	40
8692	368	40
7249	2	41
4285	80	41
5587	126	41
14212	198	41
1330	237	41
7208	247	41
16884	257	41
17967	382	41
10963	515	41
16639	549	41
13263	15	42
8908	24	42
2818	26	42
16976	64	42
9160	83	42
3531	178	42
5168	205	42
1990	336	42
11559	337	42
17360	339	42
9528	372	42
16687	387	42
4024	410	42
4809	438	42
9865	473	42
3665	474	42
6234	507	42
12311	516	42
939	527	42
10492	575	42
13806	584	42
3877	21	43
6648	160	43
8169	250	43
9928	390	43
5512	391	43
16179	441	43
11256	458	43
2621	573	43
17738	99	44
16644	310	44
12345	422	44
11770	73	45
13712	232	45
3186	263	45
16492	280	45
17282	290	45
17861	311	45
12668	394	45
7919	432	45
15581	475	45
3202	487	45
10872	492	45
17568	511	45
2881	569	45
17722	171	46
9808	255	46
8041	278	46
13193	294	46
10993	316	46
5645	320	46
8669	374	46
13757	409	46
11361	427	46
15723	440	46
4849	469	46
2345	522	46
14672	582	46
9313	302	47
6688	351	47
16092	369	47
10396	378	47
6922	510	47
2286	483	48
9292	561	48
6231	51	49
9158	73	49
14723	142	49
4685	150	49
6036	158	49
1250	167	49
18349	216	49
8394	273	49
8639	394	49
3773	445	49
1956	520	49
12788	526	49
4015	572	49
8302	423	50
4846	49	51
3927	72	51
7850	135	51
14807	177	51
2151	218	51
5861	424	51
16611	479	51
7686	52	52
15185	141	52
12956	154	52
6712	162	52
8189	164	52
14785	189	52
6901	248	52
14284	260	52
3173	305	52
7499	327	52
8127	353	52
9323	375	52
12879	471	52
17887	312	53
6569	380	53
5417	580	53
7234	81	54
8017	447	54
14109	450	54
7803	553	54
9730	229	55
5151	240	55
10455	285	55
11635	377	55
7109	109	56
11976	139	56
912	195	56
9936	550	56
17932	139	57
17599	144	57
8417	181	57
18326	535	57
5761	539	57
16088	550	57
10342	95	58
2887	150	58
3455	160	58
670	167	58
5839	188	58
2312	281	58
18460	298	58
4176	445	58
8563	572	58
7049	80	59
18067	138	59
6652	210	59
15219	257	59
16973	382	59
5418	127	60
14900	347	60
18382	431	60
4042	466	60
5428	489	60
15824	568	60
11413	6	61
5364	62	61
2759	159	61
18253	172	61
3973	197	61
8242	287	61
7170	292	61
4637	333	61
5518	412	61
4983	417	61
8459	460	61
4322	496	61
14270	534	61
16377	61	62
6134	172	62
13304	287	62
8460	292	62
7083	496	62
1433	534	62
17558	98	63
16920	161	63
15191	174	63
6191	256	63
14941	388	63
11553	418	63
15622	437	63
2245	495	63
1221	586	63
9163	15	64
7334	24	64
18305	26	64
3072	42	64
17583	83	64
8609	178	64
4794	247	64
3801	336	64
13363	337	64
11754	339	64
1147	372	64
12570	387	64
16222	410	64
2158	415	64
8571	438	64
6575	473	64
1811	507	64
8229	516	64
17063	527	64
10613	575	64
2895	584	64
17701	129	65
10075	262	65
8903	383	65
12477	463	65
3115	511	65
8341	29	66
7566	84	66
866	210	66
3238	239	66
10183	267	66
15080	361	66
9176	403	66
17882	426	66
952	495	66
1496	109	67
3755	194	67
5599	564	67
12381	72	68
13080	114	68
9442	135	68
8122	177	68
14822	214	68
3402	277	68
889	424	68
5331	465	68
10397	479	68
3435	548	68
10642	12	69
9019	186	69
8722	237	69
4869	554	69
6615	107	70
14231	119	70
16238	140	70
15232	368	70
15997	456	70
9426	493	70
18435	146	71
3535	423	71
1417	51	72
12173	68	72
1565	135	72
9669	177	72
12862	277	72
5946	362	72
11752	424	72
9366	479	72
18015	548	72
13046	45	73
1438	49	73
17895	273	73
15655	280	73
12975	394	73
14262	437	73
14195	537	73
8625	347	74
10055	450	74
6715	487	74
14253	517	74
602	540	74
14993	321	75
1542	386	75
2651	258	76
3470	101	77
12724	155	77
15296	198	77
14071	219	77
13359	274	77
12428	275	77
7892	296	77
12715	373	77
12248	425	77
9055	429	77
11949	499	77
14934	533	77
1617	540	77
15861	546	77
12022	581	77
15360	238	78
16597	449	78
862	513	78
9779	518	78
1539	22	79
2889	25	79
17225	80	79
4143	82	79
18478	138	79
4286	208	79
14393	254	79
15338	404	79
7691	448	79
17003	464	79
8389	480	79
17316	497	79
13699	22	80
12160	25	80
7102	41	80
7704	59	80
1226	79	80
16325	82	80
11258	185	80
3524	254	80
7250	382	80
4530	404	80
17468	448	80
9790	464	80
962	497	80
7654	54	81
13515	139	81
4137	447	81
16334	550	81
1923	2	82
15259	22	82
6050	25	82
2534	79	82
8031	80	82
16083	138	82
16548	208	82
8171	254	82
11067	404	82
10419	448	82
12586	464	82
5306	480	82
9933	497	82
6545	15	83
6659	24	83
17944	26	83
10411	42	83
10630	64	83
7439	178	83
10247	247	83
17229	336	83
4538	337	83
6237	339	83
14354	372	83
15455	387	83
17775	410	83
10220	438	83
11793	473	83
10256	507	83
11699	516	83
11228	527	83
9614	575	83
6250	584	83
15859	66	84
6110	85	84
14942	88	84
16467	116	84
11301	185	84
16473	226	84
6514	397	84
10904	517	84
14916	549	84
8973	84	85
8787	117	85
8617	274	85
13211	289	85
12074	352	85
16321	446	85
2135	505	85
14712	506	85
1007	138	86
13973	413	86
4442	517	86
6464	2	87
5401	29	87
2607	219	87
12533	237	87
11535	274	87
6304	275	87
12330	315	87
6223	365	87
14682	425	87
11223	533	87
8825	34	88
3258	84	88
2437	161	88
10388	186	88
8312	215	88
3686	216	88
1156	218	88
9214	506	88
5517	585	88
11648	250	89
11141	357	89
7785	380	89
16451	435	89
14921	536	89
17639	104	90
13388	357	90
770	484	90
13428	136	91
5017	217	92
3275	252	92
16363	340	92
3713	393	92
15917	415	92
14842	490	92
12635	532	92
9385	112	93
5896	308	93
8061	419	93
9072	429	93
17246	452	93
7921	586	93
15299	97	94
9871	234	94
3618	446	94
6856	540	94
8346	586	94
13701	17	95
1198	35	95
12486	58	95
13708	142	95
6326	167	95
1364	526	95
1597	3	96
17779	103	96
4842	319	96
3967	411	96
5098	529	96
2971	557	96
17540	19	97
4108	94	97
10812	202	97
13732	206	97
17705	470	97
11560	63	98
16942	144	98
3391	354	98
13072	442	98
14477	13	99
14108	44	99
9209	106	99
8789	113	99
3385	115	99
2878	173	99
2201	241	99
12328	253	99
3205	276	99
14173	331	99
4203	407	99
4808	565	99
17749	588	99
5013	28	100
17265	269	100
7658	77	101
14774	155	101
16056	198	101
6713	219	101
14707	274	101
5579	296	101
3097	359	101
17772	373	101
916	425	101
17405	429	101
14837	499	101
12824	519	101
7048	533	101
8671	540	101
10227	546	101
10191	21	102
16906	30	102
10401	184	102
10437	304	102
3316	458	102
14230	551	102
14943	3	103
16749	96	103
13324	319	103
6291	408	103
5691	446	103
16399	487	103
16685	90	104
1818	307	104
5913	357	104
12063	358	104
4280	107	105
2665	191	105
919	357	105
14073	430	105
13896	513	105
12468	547	105
11712	99	106
13977	173	106
14623	40	107
4502	70	107
4880	105	107
17135	128	107
17709	291	107
3758	306	107
16863	430	107
5011	524	107
9308	547	107
11916	579	107
15705	4	108
920	140	108
10185	301	108
7579	452	108
4787	454	108
14666	456	108
10949	56	109
14692	67	109
15742	344	109
1475	443	109
13926	284	110
6941	399	110
17107	503	110
6104	132	111
4562	152	111
14018	229	111
15953	262	111
5844	324	111
6808	361	111
18405	426	111
7394	474	111
15519	36	112
14944	93	112
4944	121	112
4321	220	112
2914	418	112
12396	487	112
5181	495	112
2276	99	113
15590	137	113
18432	68	114
17299	135	114
14184	177	114
8051	362	114
13890	424	114
10367	479	114
6432	99	115
13733	173	115
3259	276	115
12818	11	116
4066	34	116
5464	84	116
8941	239	116
18234	416	116
1426	457	116
10307	474	116
1969	481	116
13625	549	116
3100	573	116
1997	30	117
16114	85	117
10666	322	117
7423	410	117
4581	505	117
16507	506	117
3244	40	118
10309	153	118
10095	200	118
17206	484	118
6764	493	118
9661	578	118
11417	70	119
14585	146	119
6902	153	119
9819	284	120
5992	112	121
13815	174	121
2133	209	121
6687	229	121
1547	418	121
12027	426	121
3635	476	121
17050	487	121
16695	580	121
7874	176	122
1122	289	122
9989	360	122
2294	29	123
16439	126	123
14679	134	123
7608	152	123
16122	256	123
6866	495	123
16064	549	123
1675	293	124
8234	366	124
9400	491	124
17402	560	124
9255	564	125
9236	2	126
12256	9	126
7833	41	126
16929	123	126
9349	134	126
8985	237	126
15059	480	126
8523	515	126
5439	60	127
6520	107	128
16747	245	128
16077	529	128
12592	65	129
17782	329	129
10980	463	129
16004	504	129
4472	511	129
11953	512	129
9799	17	130
8744	150	130
1750	167	130
11027	328	130
9671	356	130
7154	445	130
3552	572	130
6673	576	130
16602	226	131
18395	239	131
15898	315	131
13107	365	131
18467	397	131
8914	38	132
7053	111	132
3469	188	132
7195	229	132
12402	242	132
17339	378	132
10651	580	132
16878	163	133
12967	123	134
18434	126	134
4542	213	134
12910	259	134
2325	312	134
9495	336	134
5622	354	134
8687	397	134
6408	476	134
15837	530	134
7144	51	135
1232	68	135
12777	72	135
7312	114	135
17927	144	135
2142	177	135
4893	362	135
3390	424	135
3108	479	135
15959	91	136
3727	113	137
2979	162	137
8611	243	137
647	288	137
16791	22	138
3604	25	138
5121	59	138
16538	79	138
18414	82	138
8493	86	138
5983	254	138
12924	404	138
8465	413	138
18422	448	138
13422	464	138
18037	497	138
6027	501	138
8753	16	139
3829	56	139
11231	57	139
2543	81	139
6133	181	139
17776	266	139
4461	447	139
3769	550	139
13381	553	139
17156	40	140
851	70	140
5433	108	140
3869	379	140
6698	430	140
18472	52	141
13784	141	141
14162	18	142
11881	49	142
15832	95	142
13685	468	142
12230	520	142
16767	526	142
5315	10	143
6347	31	143
4895	297	143
3586	439	143
12817	571	143
6587	580	143
2268	13	144
8989	57	144
10321	98	144
12940	135	144
14579	177	144
8485	424	144
2882	479	144
4218	535	144
6407	540	144
6455	558	144
4800	374	145
12695	381	145
10749	409	145
16722	500	145
16119	71	146
17769	119	146
15756	368	146
15739	180	147
11890	270	147
17778	392	147
13747	203	148
14794	233	148
12451	537	148
713	586	148
9016	384	149
7777	562	149
13882	49	150
2296	58	150
17328	130	150
6475	167	150
3265	364	150
16097	445	150
5032	542	150
2686	572	150
4401	576	150
2734	170	151
1299	447	151
8804	111	152
2504	123	152
12526	163	152
5743	529	152
6515	118	153
2532	119	153
1793	317	153
14829	449	153
9436	493	153
18396	494	153
2445	52	154
6556	154	154
5392	38	155
5549	77	155
13006	101	155
15749	184	155
17481	296	155
1071	304	155
10883	499	155
785	546	155
17954	376	156
6244	542	156
17052	551	156
9136	557	156
14598	573	156
15047	8	157
11783	19	157
1376	33	157
5524	498	157
7455	563	157
7506	49	158
12080	232	158
17953	263	158
17774	264	158
10941	394	158
17600	432	158
2674	486	158
2472	569	158
8430	6	159
11613	61	159
9195	193	159
1535	197	159
11492	211	159
18123	218	159
8089	246	159
7632	287	159
18057	292	159
8448	333	159
2217	412	159
8119	417	159
9275	460	159
15853	472	159
1110	43	160
9449	58	160
17400	281	160
1814	285	160
1146	298	160
15539	390	160
4248	391	160
13234	411	160
18261	441	160
2710	542	160
7159	36	161
2902	63	161
13660	88	161
5349	213	161
9007	240	161
9855	267	161
4008	312	161
12249	354	161
13480	418	161
4227	437	161
7457	476	161
17832	585	161
7468	52	162
16155	137	162
12618	162	162
16320	323	162
682	133	163
3892	152	163
3634	262	163
10224	422	163
4739	529	163
11221	543	163
17783	52	164
6481	164	164
1801	365	165
4860	406	165
1920	487	165
3650	13	166
6946	421	166
5884	461	166
1512	17	167
2375	49	167
14256	58	167
17290	95	167
825	130	167
6804	150	167
15298	328	167
6363	356	167
3715	445	167
8176	520	167
10052	572	167
6938	576	167
12964	7	168
4496	245	168
8156	283	168
10155	365	168
3165	462	168
16994	193	169
1054	211	169
11787	218	169
2183	472	169
9617	151	170
12834	447	170
3822	553	170
12021	46	171
5666	255	171
14048	278	171
8204	294	171
1231	316	171
2687	320	171
17925	374	171
11758	409	171
974	427	171
14177	440	171
17575	469	171
14238	522	171
12485	6	172
4652	37	172
10144	61	172
17094	62	172
14069	197	172
11045	204	172
18092	215	172
8576	282	172
17113	287	172
1610	292	172
2537	333	172
12083	338	172
11557	411	172
5730	412	172
3726	417	172
10058	460	172
10099	472	172
3870	496	172
1478	534	172
14747	558	172
16545	99	173
9132	106	173
5967	115	173
1873	241	173
9494	253	173
8534	276	173
15015	331	173
15205	565	173
9008	63	174
12844	121	174
12320	251	174
15905	418	174
4463	426	174
4528	586	174
4580	276	175
13271	122	176
7329	360	176
16513	443	176
13323	459	176
15596	51	177
708	68	177
6207	72	177
12523	114	177
15974	135	177
14352	144	177
9166	362	177
15156	424	177
5272	479	177
15450	15	178
16356	24	178
14619	26	178
16789	42	178
8056	64	178
10488	83	178
14132	205	178
10096	336	178
14746	337	178
8064	339	178
17658	372	178
4484	387	178
16432	410	178
6649	438	178
11654	473	178
13402	474	178
13631	507	178
1748	516	178
18345	527	178
6650	575	178
2784	584	178
16285	219	179
14475	312	179
16044	525	179
13956	543	179
13267	147	180
8284	235	180
10644	318	180
12363	422	180
2935	467	180
5740	57	181
13678	139	181
10844	550	181
16960	561	181
6589	309	182
12060	313	182
17743	357	182
10260	367	182
2554	536	182
17004	578	182
18145	234	183
14411	324	183
13844	385	183
17250	426	183
18297	495	183
11785	30	184
14587	102	184
6616	155	184
12270	234	184
10999	293	184
7411	304	184
17800	322	184
16969	400	184
14185	498	184
10292	80	185
10439	84	185
6404	352	185
18269	382	185
3163	517	185
15647	531	185
17715	12	186
11856	69	186
13591	88	186
2082	218	186
13686	506	186
12309	532	186
17965	549	186
1699	196	187
13912	209	187
9894	222	187
18041	245	187
1187	330	187
17048	350	187
1578	369	187
16581	434	187
6195	58	188
14828	132	188
7972	451	188
5585	481	188
3603	52	189
9419	189	189
9911	18	190
3776	326	190
13081	105	191
5302	366	191
18207	449	191
12865	547	191
13584	564	192
14901	14	193
9746	159	193
17531	169	193
10787	211	193
11724	215	193
10698	485	193
13069	67	194
7306	421	194
2056	56	195
15733	564	195
12137	187	196
4393	223	196
13861	389	196
11461	542	196
4823	557	196
9224	6	197
7092	37	197
11481	61	197
813	159	197
3240	172	197
4412	287	197
1344	292	197
12201	333	197
683	412	197
11579	417	197
14211	460	197
11466	496	197
11336	534	197
2974	41	198
17119	77	198
4853	101	198
1728	275	198
2725	315	198
11134	499	198
1473	546	198
15887	32	199
14423	207	199
16197	239	199
15334	247	199
2121	505	199
4068	118	200
3538	219	201
977	229	201
7599	426	201
14877	434	201
18443	446	201
10958	529	201
6119	557	201
5378	3	202
9029	7	202
5698	97	202
9742	269	202
4921	283	202
10911	303	202
1257	462	202
8655	470	202
3313	488	202
3878	570	202
10779	587	202
14491	148	203
835	255	203
1601	294	203
14911	172	204
6332	215	204
17040	282	204
9949	338	204
8993	411	204
10259	15	205
11991	42	205
15682	178	205
3056	217	205
9361	259	205
9676	415	205
5570	444	205
9906	473	205
4550	530	205
8165	97	206
14681	570	206
8919	587	206
7172	24	207
12148	26	207
10189	199	207
13433	265	207
10867	337	207
13029	387	207
17230	473	207
6961	516	207
10198	532	207
18316	2	208
7766	22	208
18353	25	208
11009	79	208
1962	82	208
1216	254	208
4167	404	208
13528	448	208
3161	464	208
8565	497	208
3839	501	208
3861	121	209
6930	187	209
9615	330	209
7495	410	209
15836	551	209
1775	59	210
8772	66	210
8209	237	210
2092	257	210
16428	315	210
6288	416	210
3341	159	211
18262	169	211
14493	193	211
11926	218	211
4445	477	211
4622	485	211
18270	318	212
15110	552	212
1298	21	213
18448	28	213
2251	134	213
18003	161	213
15986	312	213
3585	418	213
6742	451	213
16024	476	213
4651	529	213
17672	23	214
2593	68	214
9972	300	214
2688	465	214
6980	574	214
917	88	215
8038	172	215
12265	193	215
3566	204	215
6167	246	215
14244	472	215
15218	49	216
17667	88	216
15718	273	216
2348	289	216
3989	381	216
10301	427	216
15283	437	216
5620	92	217
8309	205	217
5459	340	217
11801	415	217
2443	530	217
14823	34	218
7683	51	218
2910	88	218
11780	159	218
17649	169	218
7821	186	218
16345	211	218
6368	246	218
2214	9	219
5547	77	219
1924	87	219
12487	101	219
16775	179	219
11245	201	219
10119	296	219
9391	312	219
5232	529	219
1980	546	219
16506	36	220
17590	112	220
1771	240	220
14731	377	220
9085	403	220
8794	580	220
13290	482	221
8613	583	221
4727	187	222
14133	224	222
14826	351	222
3377	366	222
10016	378	222
2539	498	222
14803	196	223
16282	222	224
17734	251	224
16869	433	224
14149	452	224
18004	509	224
6476	555	224
5139	307	225
3799	379	225
2347	401	225
5109	513	225
1307	518	225
16459	29	226
13203	34	226
6239	84	226
7939	131	226
14290	228	226
3765	233	226
13020	274	226
7019	315	226
2190	347	226
17283	361	226
12874	481	226
11272	549	226
5820	11	227
2046	33	227
14594	233	227
2466	285	227
3599	343	227
4843	434	227
7687	556	227
14436	7	228
11800	226	228
14630	303	228
10576	491	228
2229	543	228
6013	544	228
10789	55	229
17526	111	229
6598	121	229
5159	132	229
4514	201	229
12572	251	229
3086	406	229
15945	341	230
16934	378	230
16120	521	230
701	555	230
3149	566	230
17353	478	231
11444	484	231
10130	493	231
4648	524	231
8940	45	232
11392	158	232
10229	263	232
11853	280	232
2794	311	232
11532	432	232
16910	487	232
9986	492	232
6478	539	232
2275	561	232
16707	569	232
2451	39	233
9503	148	233
5467	226	233
12023	227	233
12649	256	233
16633	267	233
9296	343	233
9073	376	233
4087	389	233
12881	544	233
6179	94	234
4693	183	234
5986	184	234
5915	388	234
1995	400	234
4629	586	234
13689	180	235
13679	318	235
5484	346	235
7938	467	235
12952	493	235
16967	342	236
1357	380	236
11997	435	236
2517	437	236
1191	447	236
1802	585	236
5339	41	237
11693	69	237
14865	87	237
6417	126	237
15871	210	237
10901	257	237
17601	365	237
15222	442	237
3247	515	237
13320	549	237
1654	78	238
6461	402	238
3872	32	239
6023	66	239
5843	116	239
1010	131	239
2334	199	239
2587	416	239
7038	55	240
719	161	240
5086	220	240
8970	267	240
7125	379	240
14077	418	240
11477	99	241
8018	173	241
15991	305	241
1828	132	242
10416	279	242
4163	381	242
1780	137	243
6647	422	243
1751	413	244
8652	505	244
6274	517	244
5450	531	244
3766	33	245
9793	128	245
17529	168	245
758	187	245
2875	330	245
13340	434	245
17858	498	245
8685	509	245
12120	159	246
6443	215	246
18284	218	246
15251	472	246
684	2	247
6583	24	247
4045	26	247
4661	41	247
12673	64	247
10723	83	247
2218	199	247
4040	337	247
9040	339	247
12877	355	247
16916	372	247
10711	387	247
3568	416	247
12510	438	247
11296	474	247
6723	507	247
15439	515	247
8443	516	247
6787	527	247
6329	575	247
10449	584	247
17696	52	248
15197	248	248
7851	31	249
13288	43	250
15783	89	250
17807	309	250
18291	313	250
16335	481	250
5607	536	250
11086	573	250
7105	174	251
7729	224	251
17185	229	251
17549	420	251
13492	92	252
4848	259	252
2659	340	252
15138	393	252
9677	420	252
2557	490	252
1455	530	252
5015	99	253
7108	173	253
2841	2	254
14146	22	254
10947	25	254
3768	79	254
6531	80	254
15911	82	254
2750	138	254
11038	208	254
8077	404	254
6307	448	254
14160	464	254
4289	480	254
1402	497	254
5590	46	255
14310	171	255
2205	203	255
4720	278	255
14476	294	255
5550	316	255
15402	320	255
2427	409	255
943	440	255
14122	469	255
10499	522	255
6959	582	255
8444	586	255
8746	29	256
3407	63	256
4462	123	256
16846	233	256
11408	315	256
16229	403	256
11185	495	256
4178	41	257
6500	59	257
11686	210	257
9394	237	257
16584	315	257
9542	416	257
13614	14	258
11293	76	258
2003	345	258
2730	538	258
9915	552	258
7520	134	259
15355	205	259
11875	252	259
17232	336	259
6956	340	259
6374	415	259
1170	444	259
4742	530	259
4148	52	260
4789	260	260
7863	20	261
12112	271	261
9769	380	261
9078	437	261
14115	23	262
17589	65	262
8365	111	262
17177	163	262
6085	324	262
5532	420	262
8490	574	262
14633	45	263
3826	158	263
10453	232	263
1201	280	263
8904	311	263
17859	432	263
17618	487	263
9281	492	263
8952	539	263
1466	561	263
14026	569	263
5712	158	264
13996	483	264
9767	561	264
6852	207	265
8726	336	265
10030	410	265
13042	473	265
14539	139	266
7536	447	266
14545	541	266
17877	550	266
3612	36	267
7835	66	267
2322	161	267
16448	233	267
9169	240	267
5000	403	267
15787	418	267
11542	37	268
17982	355	268
15098	416	268
8559	442	268
4722	485	268
15949	515	268
8175	558	268
4503	28	269
15463	100	269
6479	202	269
12281	398	269
16720	470	269
5608	481	269
11668	567	269
6947	28	270
11957	147	270
13526	318	270
8187	334	270
15651	552	270
6779	261	271
11076	357	271
3312	380	271
8690	430	271
7512	398	272
9194	436	272
7915	20	273
15741	49	273
14469	73	273
16206	216	273
6604	437	273
6747	7	274
15373	77	274
14422	85	274
10282	87	274
15018	101	274
3456	226	274
18138	296	274
18156	425	274
18288	546	274
2257	549	274
15253	77	275
16751	87	275
3194	198	275
6522	296	275
8647	533	275
12056	546	275
1742	581	275
11143	99	276
16540	115	276
17064	173	276
10873	175	276
1018	305	276
10078	323	276
14044	327	276
9404	68	277
2600	72	277
8773	352	277
2176	46	278
15097	171	278
12542	255	278
2590	316	278
3943	320	278
2863	374	278
10877	409	278
13702	427	278
10493	440	278
8765	469	278
16110	522	278
10985	242	279
6608	381	279
1987	554	279
14424	559	279
7737	45	280
14908	73	280
16619	232	280
14698	263	280
4056	290	280
1723	311	280
16046	394	280
9067	432	280
12843	475	280
6224	487	280
3071	492	280
8608	511	280
15880	569	280
14437	58	281
15752	160	281
18030	441	281
6000	511	281
14016	34	282
12359	172	282
15124	204	282
13902	338	282
11935	558	282
1704	7	283
14075	33	283
17037	168	283
5713	202	283
15019	315	283
1408	365	283
15102	462	283
6333	470	283
4935	110	284
5536	120	284
4611	318	284
1423	405	284
654	502	284
10252	503	284
13768	538	284
13035	55	285
3917	160	285
14907	227	285
11395	298	285
7741	385	285
1385	388	285
2873	390	285
16582	458	285
14669	556	285
5919	360	286
10145	396	286
1581	435	286
7723	6	287
15977	37	287
3710	61	287
13886	62	287
2676	159	287
14421	172	287
12502	197	287
18238	292	287
7256	333	287
12122	412	287
18198	417	287
16445	460	287
2762	496	287
13300	534	287
18289	137	288
11914	323	288
9543	422	288
16876	85	289
3663	122	289
1727	216	289
2700	505	289
15332	506	289
12847	1	290
13873	45	290
7674	280	290
2449	311	290
4606	475	290
3775	107	291
9235	306	291
5539	484	291
7024	6	292
4711	37	292
8514	61	292
2380	62	292
14481	159	292
4773	172	292
7799	197	292
4325	287	292
17684	333	292
17500	412	292
14791	417	292
11596	460	292
6594	496	292
11633	534	292
7688	38	293
3941	124	293
6346	184	293
18342	350	293
10324	474	293
16165	555	293
12473	560	293
3068	46	294
3038	171	294
1252	203	294
11394	255	294
3863	316	294
1874	320	294
9074	409	294
16828	440	294
2742	467	294
3430	468	294
2917	469	294
2280	522	294
3770	12	295
6549	416	295
9882	485	295
6468	490	295
5948	532	295
13498	77	296
12419	101	296
15167	155	296
13221	219	296
10923	274	296
8437	275	296
6937	373	296
8021	425	296
15301	429	296
4887	499	296
1421	533	296
8547	540	296
5582	546	296
9069	581	296
3970	143	297
18252	363	297
17767	401	297
10894	518	297
14523	58	298
3636	160	298
13400	285	298
12978	390	298
10978	441	298
1510	453	298
17867	27	299
6135	349	299
2235	23	300
11055	214	300
18211	354	300
7836	465	300
12460	4	301
13459	108	301
4082	402	301
3017	449	301
1852	454	301
10689	47	302
6025	351	302
11427	369	302
3043	378	302
3250	510	302
13820	202	303
18115	228	303
14463	470	303
15003	491	303
5923	570	303
16261	19	304
2502	102	304
12605	155	304
12443	184	304
7817	400	304
1328	414	304
17551	498	304
15535	560	304
12354	52	305
12602	241	305
11737	276	305
16000	305	305
14373	107	306
10708	291	306
722	478	306
16063	484	306
11603	104	307
11094	225	307
13556	430	307
13441	578	307
1479	93	308
18074	378	308
7948	419	308
18097	555	308
14973	182	309
14296	250	309
14967	367	309
16066	452	309
1413	509	309
10212	523	309
5009	44	310
4431	45	311
8301	232	311
8958	263	311
17809	280	311
10153	290	311
7070	432	311
11821	487	311
730	492	311
12525	569	311
17842	9	312
1517	53	312
8132	134	312
1690	161	312
2959	179	312
6949	213	312
6264	219	312
10471	354	312
14358	476	312
1583	182	313
8741	250	313
6321	363	313
14956	368	313
12821	508	313
1159	536	313
2824	31	314
10731	87	315
7844	131	315
10122	198	315
12634	210	315
14309	226	315
14293	256	315
7317	257	315
15661	283	315
11165	365	315
2796	425	315
9854	481	315
7034	46	316
6561	171	316
6190	255	316
3237	278	316
12939	294	316
10820	320	316
4390	374	316
15023	409	316
5548	427	316
9068	440	316
2430	469	316
11636	522	316
15797	582	316
4259	31	317
12687	153	317
12299	180	318
4441	212	318
12475	235	318
4336	270	318
16482	284	318
6668	346	318
7671	348	318
750	503	318
11218	552	318
4371	3	319
15192	96	319
9105	103	319
14192	408	319
2269	487	319
10574	529	319
17594	557	319
17784	46	320
2811	171	320
9853	255	320
10391	278	320
5705	294	320
8393	316	320
9130	374	320
9448	409	320
10852	427	320
702	440	320
13523	469	320
9374	522	320
2359	582	320
17434	75	321
8035	398	321
18296	567	321
14520	8	322
1909	19	322
12820	117	322
2307	184	322
4396	428	322
3777	570	322
3853	162	323
16890	276	323
8235	288	323
3074	334	323
15388	422	323
4680	111	324
1487	183	324
14872	262	324
4687	418	324
9465	426	324
12624	499	325
8620	533	325
12898	546	325
8093	581	325
12969	18	326
1841	190	326
2376	52	327
16327	276	327
17338	327	327
6761	17	328
11388	130	328
14065	167	328
18425	356	328
10842	520	328
6705	576	328
8148	129	329
2954	463	329
7360	504	329
6056	511	329
8956	33	330
16485	187	330
11954	209	330
881	245	330
5388	367	330
1104	509	330
13122	551	330
7153	560	330
5209	573	330
12434	99	331
1209	173	331
16461	32	332
10002	393	332
2758	395	332
17796	505	332
11260	6	333
9748	37	333
734	61	333
7490	159	333
7727	172	333
4005	197	333
6042	287	333
850	292	333
16657	412	333
15056	417	333
1388	460	333
10955	496	333
12259	534	333
11547	270	334
9113	323	334
9470	392	334
12970	517	335
5895	531	335
16358	15	336
5849	24	336
15688	26	336
8984	42	336
15203	64	336
1759	83	336
13145	134	336
12689	178	336
15828	259	336
12028	265	336
2540	337	336
5867	339	336
13138	372	336
16592	387	336
11831	438	336
4979	444	336
8679	473	336
16228	507	336
11311	516	336
10001	527	336
16666	530	336
8896	575	336
10525	584	336
2591	24	337
9637	26	337
16937	42	337
6218	64	337
16944	83	337
15790	178	337
10060	207	337
2928	247	337
16815	336	337
3613	339	337
4815	372	337
17095	387	337
5871	410	337
5557	415	337
10253	438	337
3587	473	337
5760	507	337
12253	516	337
11297	527	337
10936	575	337
599	584	337
12019	34	338
6653	172	338
4975	204	338
7639	282	338
17036	558	338
10051	15	339
15713	24	339
8487	26	339
2647	42	339
17051	64	339
15575	83	339
5414	178	339
17714	247	339
16756	336	339
17093	337	339
1102	372	339
2708	387	339
7990	410	339
17798	438	339
681	473	339
18051	507	339
15266	516	339
2314	527	339
8752	575	339
18366	584	339
4088	92	340
7324	217	340
14700	252	340
744	259	340
1672	415	340
7513	444	340
14972	530	340
11489	230	341
13858	378	341
15928	555	341
14718	566	341
3684	236	342
10995	435	342
6758	437	342
2523	455	342
5510	33	343
10027	227	343
6534	233	343
9859	389	343
3083	109	344
6208	258	345
1860	399	345
17752	235	346
7480	318	346
14191	422	346
5007	467	346
8370	60	347
2530	74	347
11320	226	347
14879	406	347
16593	318	348
7973	552	348
4901	299	349
16693	383	349
12654	504	349
3192	511	349
5663	535	349
9066	187	350
2745	293	350
2763	498	350
8812	560	350
16121	47	351
13470	222	351
640	302	351
16308	366	351
14027	378	351
14234	418	351
18331	85	352
12748	185	352
14843	277	352
8737	480	352
17935	501	352
12986	505	352
16909	531	352
13059	52	353
15210	353	353
1439	98	354
4721	134	354
4034	161	354
1853	300	354
10421	312	354
956	437	354
5127	37	355
1705	247	355
11945	268	355
14928	515	355
9530	558	355
11611	17	356
1719	130	356
4613	167	356
9577	328	356
14487	576	356
15697	89	357
16134	90	357
17822	104	357
2371	105	357
3224	182	357
13709	271	357
9379	358	357
7364	367	357
13390	380	357
13662	430	357
11150	547	357
948	104	358
5115	357	358
3816	3	359
907	101	359
7344	373	359
12261	425	359
14881	499	359
5172	519	359
11389	546	359
3291	5	360
1019	122	360
3858	176	360
15886	286	360
2418	484	360
16864	29	361
4970	66	361
14890	111	361
5759	226	361
1858	376	361
12734	377	361
16941	403	361
17347	72	362
12671	114	362
14953	135	362
16682	177	362
11966	424	362
9705	479	362
9340	297	363
2900	313	363
12730	18	364
14886	35	364
17424	150	364
7516	445	364
8376	468	364
9886	561	364
10092	572	364
14658	3	365
8260	7	365
13795	87	365
12982	131	365
10005	165	365
3894	168	365
4688	237	365
14721	283	365
15819	315	365
15269	515	365
11640	544	365
14172	124	366
14458	191	366
17084	222	366
8769	351	366
14992	378	366
14799	182	367
9058	309	367
727	330	367
4841	357	367
8859	536	367
14740	40	368
17146	70	368
3562	146	368
11438	313	368
8686	423	368
7077	21	369
9743	47	369
15505	187	369
6240	302	369
16656	509	369
3976	510	369
10484	31	370
7559	396	371
4594	447	371
6538	15	372
16955	24	372
16998	26	372
600	42	372
6939	64	372
16959	83	372
18038	178	372
14693	247	372
17016	336	372
9995	337	372
11764	339	372
12823	387	372
13579	410	372
16267	438	372
14329	473	372
17716	507	372
6607	516	372
15291	527	372
11938	575	372
14689	584	372
6576	3	373
1674	77	373
3116	101	373
4297	296	373
14862	359	373
14936	425	373
2426	499	373
12581	519	373
14254	581	373
7354	46	374
12601	145	374
2448	171	374
5885	278	374
17390	316	374
10315	320	374
9630	409	374
11866	440	374
595	469	374
11732	522	374
14204	545	374
1551	52	375
7882	375	375
16974	11	376
10161	156	376
7478	233	376
9912	361	376
16038	458	376
16307	55	377
14835	220	377
1737	361	377
8263	47	378
11731	132	378
11614	222	378
7417	230	378
5984	302	378
740	308	378
15107	341	378
5340	351	378
13865	366	378
15781	419	378
16409	433	378
11474	510	378
4329	521	378
14812	566	378
11909	10	379
3703	140	379
14438	225	379
12582	240	379
7389	401	379
16837	449	379
11187	53	380
16804	89	380
2767	236	380
12107	261	380
14759	271	380
12598	357	380
4945	437	380
7052	145	381
7966	216	381
6354	242	381
679	279	381
9476	409	381
12629	427	381
1144	545	381
12147	559	381
17969	9	382
17373	41	382
3723	59	382
13219	80	382
8076	185	382
16463	397	382
2042	27	383
16212	65	383
9710	349	383
10927	511	383
16255	149	384
13915	562	384
7680	2	385
3447	183	385
9014	285	385
798	411	385
16094	429	385
13949	75	386
6345	436	386
14484	24	387
16674	26	387
6889	42	387
16331	64	387
3106	83	387
15236	178	387
2194	207	387
9260	247	387
8272	336	387
13407	337	387
8911	339	387
17871	372	387
6170	410	387
2996	415	387
2805	473	387
4635	507	387
9396	516	387
6708	575	387
14479	30	388
9177	63	388
1596	234	388
15254	285	388
5332	563	388
8799	33	389
15024	196	389
972	233	389
12669	343	389
2871	451	389
6633	556	389
7061	30	390
6990	43	390
5262	160	390
11070	285	390
12806	298	390
10138	411	390
4323	457	390
1213	573	390
15585	43	391
13490	160	391
4418	434	391
15517	457	391
13140	573	391
16301	147	392
3256	334	392
12353	514	392
10813	92	393
12694	252	393
12031	332	393
11109	416	393
14131	45	394
14492	49	394
14008	73	394
3219	158	394
6849	280	394
13581	437	394
12154	332	395
7535	410	395
14020	451	395
5907	528	395
8966	286	396
14375	371	396
11835	437	396
17295	447	396
846	455	396
12317	9	397
8949	84	397
11105	131	397
4278	134	397
12174	382	397
7302	426	397
16559	269	398
9626	272	398
976	321	398
14439	567	398
9852	110	399
13303	345	399
16362	19	400
3130	184	400
4946	234	400
9723	304	400
15747	414	400
14124	498	400
6277	225	401
3080	297	401
5653	379	401
2400	10	402
4093	238	402
11590	301	402
3300	439	402
16286	66	403
12532	220	403
16681	256	403
5619	267	403
17660	361	403
7415	22	404
3007	25	404
2488	79	404
9141	80	404
15187	82	404
10478	138	404
1888	208	404
15358	254	404
2944	448	404
12974	464	404
15211	480	404
4696	497	404
16483	16	405
2500	284	405
17984	28	406
9098	165	406
3150	229	406
13477	347	406
9872	411	406
4397	420	406
12955	474	406
14101	99	407
17164	3	408
18205	103	408
3508	319	408
13184	46	409
6809	145	409
11679	171	409
15975	255	409
1450	278	409
1632	294	409
17852	316	409
6343	320	409
15798	374	409
4991	381	409
16380	440	409
4656	469	409
17300	500	409
4768	522	409
13247	545	409
8638	559	409
14852	14	410
12813	24	410
15565	26	410
15348	42	410
11798	64	410
16589	83	410
14939	117	410
7934	178	410
11803	209	410
10863	265	410
12283	337	410
13894	339	410
13527	372	410
12131	387	410
7743	395	410
6109	438	410
14651	446	410
10430	505	410
16284	507	410
3037	516	410
3720	527	410
2618	575	410
18149	584	410
8887	96	411
689	160	411
16140	172	411
15500	204	411
9427	385	411
6337	390	411
1945	406	411
10628	453	411
12997	542	411
9935	6	412
17710	37	412
10875	61	412
5900	159	412
15278	172	412
7116	197	412
17616	287	412
11314	292	412
4774	333	412
7267	417	412
15264	460	412
921	496	412
1848	534	412
17918	86	413
8198	138	413
10235	244	413
4039	501	413
9634	517	413
17463	531	413
18235	7	414
6428	304	414
1278	400	414
2669	458	414
17726	498	414
10656	24	415
8986	26	415
7720	64	415
9653	92	415
4974	205	415
12103	217	415
4609	259	415
12942	337	415
3451	340	415
3478	387	415
17480	438	415
4736	444	415
11340	507	415
2266	516	415
1326	527	415
13397	530	415
14687	575	415
10025	584	415
9537	116	416
17383	210	416
11319	239	416
6292	247	416
16813	257	416
15240	268	416
4072	295	416
12868	393	416
11119	442	416
11597	532	416
17853	6	417
5415	37	417
4135	61	417
17129	159	417
15176	172	417
692	197	417
15409	287	417
4747	292	417
2263	333	417
990	412	417
16686	460	417
7947	496	417
12846	534	417
12900	36	418
15796	63	418
17393	112	418
11243	121	418
668	161	418
6024	174	418
2413	213	418
9415	240	418
7521	267	418
12221	324	418
13206	351	418
11343	93	419
13464	308	419
2234	378	419
7888	555	419
5974	251	420
16023	252	420
7974	262	420
17089	406	420
4801	429	420
11456	451	420
3879	474	420
7517	566	420
9017	13	421
13172	166	421
12640	194	421
2569	459	421
12231	461	421
13694	44	422
6925	163	422
14074	180	422
11781	243	422
5717	288	422
17116	323	422
8689	346	422
17042	31	423
12648	50	423
5837	71	423
9895	368	423
17906	431	423
16531	489	423
6792	51	424
14323	68	424
10926	72	424
4633	114	424
15430	135	424
15077	144	424
13103	177	424
5519	362	424
9686	479	424
6822	77	425
4283	87	425
14367	101	425
2423	274	425
1928	296	425
16676	315	425
17997	359	425
4982	373	425
11947	499	425
1861	519	425
15294	546	425
12721	66	426
7619	111	426
3439	121	426
7236	174	426
15061	183	426
10461	201	426
3193	324	426
13773	397	426
5118	495	426
11873	46	427
7528	171	427
15732	216	427
8720	278	427
7750	316	427
1838	320	427
2972	381	427
1046	440	427
10914	469	427
6272	500	427
7937	522	427
17435	559	427
925	19	428
16180	322	428
15099	491	428
9226	563	428
11671	77	429
3969	93	429
10013	101	429
8339	296	429
12139	385	429
7287	420	429
5476	481	429
2531	499	429
4231	546	429
15152	557	429
10836	105	430
9150	107	430
14395	140	430
15270	271	430
11060	307	430
14577	357	430
6469	547	430
8120	60	431
11409	423	431
4758	45	432
3138	158	432
6357	232	432
16820	263	432
1400	280	432
11370	311	432
8809	487	432
16927	492	432
8070	539	432
1258	561	432
10107	569	432
11379	224	433
9240	378	433
6082	566	433
3361	187	434
8121	201	434
6158	227	434
13058	245	434
11515	391	434
2328	509	434
4840	556	434
6735	5	435
1670	89	435
9576	236	435
7098	286	435
11868	342	435
14260	443	435
3728	272	436
9878	386	436
7756	63	437
14206	73	437
17724	161	437
2361	216	437
14608	236	437
13284	261	437
3158	273	437
10977	342	437
15352	354	437
1520	380	437
12321	394	437
12441	396	437
10946	585	437
7616	15	438
12845	24	438
16901	42	438
986	64	438
3825	83	438
14222	178	438
5336	247	438
6007	336	438
3754	337	438
13713	339	438
11886	372	438
9326	410	438
2901	415	438
12367	507	438
11500	516	438
9942	527	438
17151	575	438
13870	584	438
8236	10	439
1921	143	439
10960	402	439
16637	46	440
4376	171	440
14833	255	440
7063	278	440
8461	294	440
8201	316	440
12136	320	440
15660	374	440
12878	409	440
14987	427	440
6805	469	440
15656	522	440
1214	43	441
8086	160	441
3711	281	441
4778	298	441
4701	98	442
2196	237	442
6003	268	442
10809	416	442
4102	477	442
15371	485	442
9891	558	442
17010	109	443
2870	176	443
12121	435	443
16699	486	443
6381	205	444
15267	259	444
16754	336	444
12282	340	444
12552	415	444
1687	530	444
4532	49	445
3309	58	445
15364	130	445
1304	150	445
3606	167	445
2041	364	445
5024	542	445
4620	572	445
12357	576	445
14743	28	446
17343	30	446
10697	85	446
16827	94	446
1712	103	446
1537	201	446
11872	410	446
2861	505	446
3429	540	446
3147	557	446
6180	54	447
3998	81	447
13561	139	447
9980	151	447
17494	170	447
3458	236	447
18127	266	447
18185	371	447
2140	396	447
12257	450	447
5245	455	447
16055	550	447
7254	553	447
5376	2	448
17449	22	448
11656	25	448
12110	79	448
16263	80	448
7447	82	448
15914	138	448
12225	208	448
6903	254	448
13157	404	448
10246	464	448
8248	480	448
14714	497	448
9733	78	449
13329	153	449
7404	191	449
3335	301	449
1741	379	449
7396	454	449
7905	456	449
15132	54	450
18200	74	450
3501	447	450
17880	541	450
14854	14	451
16211	188	451
15070	213	451
13750	389	451
17172	395	451
6016	420	451
18106	491	451
18368	529	451
11348	93	452
5747	108	452
16126	224	452
9553	309	452
6372	454	452
6891	298	453
10596	411	453
7390	554	453
6094	582	453
898	4	454
11769	108	454
18089	301	454
8998	449	454
2109	452	454
12344	456	454
10684	578	454
1882	342	455
8166	396	455
17690	447	455
8699	70	456
8656	108	456
5908	449	456
3546	454	456
1331	578	456
2913	116	457
2169	390	457
16230	391	457
7410	458	457
3396	551	457
6415	573	457
13094	11	458
17309	30	458
15755	43	458
14076	102	458
16223	285	458
14084	376	458
10624	414	458
6157	457	458
13666	551	458
9080	176	459
10753	421	459
1394	583	459
12193	6	460
18324	37	460
1227	61	460
12812	159	460
6741	172	460
1379	197	460
13935	287	460
15423	292	460
5842	333	460
9763	412	460
4559	417	460
6988	496	460
5638	534	460
8865	166	461
10216	421	461
12145	7	462
17079	168	462
7893	202	462
8511	283	462
9977	470	462
16862	65	463
14710	129	463
3978	329	463
13824	511	463
9026	535	463
15572	2	464
6174	22	464
5084	25	464
2828	79	464
17811	80	464
4718	82	464
7200	138	464
11994	208	464
9087	254	464
8440	404	464
1135	448	464
6592	480	464
959	497	464
14808	23	465
17307	68	465
1789	214	465
16353	300	465
5299	574	465
12757	60	466
11921	180	467
4962	235	467
9574	294	467
18403	346	467
11236	504	467
17874	535	467
16511	142	468
6999	294	468
11208	364	468
16583	526	468
15540	46	469
15488	171	469
4748	255	469
10748	278	469
9144	294	469
17452	316	469
7659	320	469
4844	374	469
9229	409	469
6665	427	469
12178	440	469
7441	522	469
6739	582	469
10971	3	470
3255	7	470
15523	97	470
2634	202	470
10511	269	470
15891	283	470
6566	303	470
13891	462	470
9598	488	470
6091	570	470
3336	587	470
2791	52	471
11598	471	471
17078	159	472
11655	169	472
16712	172	472
3305	215	472
8052	246	472
11273	24	473
16806	26	473
9409	42	473
14308	64	473
7707	83	473
5834	178	473
2556	205	473
2210	207	473
11874	265	473
1068	336	473
10694	337	473
7346	339	473
6943	372	473
6271	387	473
7553	507	473
13835	516	473
6924	575	473
4479	38	474
4592	42	474
10387	111	474
17115	116	474
4602	178	474
10563	247	474
17678	293	474
8103	406	474
12144	420	474
13717	1	475
14701	45	475
11824	280	475
8214	290	475
6108	121	476
14838	134	476
6462	161	476
14526	213	476
11937	312	476
10800	211	477
12408	442	477
5206	485	477
18375	558	477
11327	231	478
15980	306	478
15943	51	479
8729	68	479
5049	72	479
17543	114	479
9656	135	479
16109	144	479
13605	177	479
1111	362	479
14653	424	479
18220	22	480
5528	25	480
2728	79	480
14140	82	480
8758	126	480
4819	254	480
1489	352	480
6894	404	480
13506	448	480
17142	464	480
8257	497	480
13563	501	480
9175	116	481
10553	188	481
13906	226	481
12644	250	481
1072	269	481
12849	315	481
9264	429	481
10203	509	481
6781	221	482
3735	583	482
13700	48	483
1781	264	483
16962	561	483
5093	90	484
5920	118	484
11677	231	484
3673	291	484
15542	306	484
9591	360	484
3488	524	484
5531	37	485
17098	193	485
2533	211	485
2842	268	485
10105	295	485
12894	442	485
15324	477	485
11726	582	485
18242	158	486
14153	443	486
1371	504	486
10062	511	486
10466	3	487
9174	45	487
7649	74	487
4020	103	487
9206	112	487
3112	121	487
17269	165	487
1533	232	487
16400	263	487
6564	280	487
15683	311	487
8172	319	487
4332	432	487
9456	492	487
3073	569	487
8344	202	488
1293	470	488
16965	570	488
1396	60	489
6557	423	489
18347	92	490
17020	252	490
12129	295	490
1886	532	490
8566	124	491
6574	228	491
11779	303	491
3760	428	491
6928	451	491
15599	556	491
17523	45	492
3569	232	492
12627	263	492
11266	280	492
2415	311	492
3445	432	492
1089	487	492
5502	569	492
4607	70	493
5495	118	493
2287	153	493
5158	231	493
928	235	493
5054	153	494
17648	9	495
12088	63	495
15968	66	495
13975	112	495
8512	123	495
7997	183	495
5453	256	495
4894	426	495
4621	586	495
7961	6	496
15885	61	496
7197	62	496
5963	172	496
4531	197	496
4372	287	496
10272	292	496
13387	333	496
6711	412	496
6721	417	496
6923	460	496
12925	534	496
18230	2	497
13718	22	497
11162	25	497
1398	79	497
1461	80	497
12450	82	497
5766	138	497
10009	208	497
2507	254	497
12816	404	497
14093	448	497
14376	464	497
7297	480	497
18204	30	498
14240	157	498
2511	184	498
14904	222	498
2342	245	498
17751	304	498
8910	350	498
12500	400	498
2627	414	498
8162	77	499
7142	101	499
1076	155	499
3387	198	499
16357	296	499
15811	325	499
6038	359	499
18009	373	499
7464	425	499
16859	429	499
726	519	499
15057	533	499
4985	546	499
8219	145	500
4612	409	500
9687	427	500
10707	545	500
14652	138	501
11233	208	501
7362	352	501
2509	413	501
3230	480	501
1160	284	502
11548	110	503
14836	284	503
6896	318	503
1976	129	504
8538	329	504
9764	349	504
9618	467	504
18193	486	504
6149	511	504
14252	32	505
17680	85	505
5216	117	505
15711	199	505
10326	244	505
1047	289	505
12086	332	505
14971	352	505
10173	410	505
4470	446	505
10889	85	506
17612	88	506
14739	117	506
9170	186	506
16393	289	506
16768	15	507
12061	24	507
17361	26	507
16727	42	507
6963	64	507
5236	83	507
5246	178	507
1236	247	507
7583	336	507
8562	337	507
16006	339	507
1532	372	507
10569	387	507
6857	410	507
13054	415	507
14994	438	507
9968	473	507
6593	516	507
16201	527	507
9000	575	507
11813	584	507
14217	10	508
5466	313	508
12151	224	509
16758	245	509
6486	309	509
6421	330	509
10688	369	509
13269	434	509
2625	481	509
17576	47	510
3164	302	510
12150	369	510
3631	378	510
12736	45	511
14590	65	511
621	129	511
4204	280	511
2797	281	511
11933	329	511
3241	349	511
3876	383	511
18276	463	511
2969	486	511
1735	504	511
2023	512	511
9786	129	512
7866	511	512
4909	78	513
11324	105	513
9688	225	513
3332	547	513
11830	392	514
10829	2	515
13729	41	515
3485	126	515
5777	237	515
8792	247	515
9200	268	515
5731	355	515
15484	365	515
12745	549	515
6944	15	516
15553	24	516
7005	26	516
9990	42	516
6501	64	516
11357	83	516
4527	178	516
16060	207	516
1268	247	516
3392	336	516
5889	337	516
7148	339	516
15449	372	516
7788	387	516
2964	410	516
11168	415	516
4353	438	516
8660	473	516
7519	507	516
16895	527	516
6221	575	516
5400	584	516
982	74	517
8419	84	517
1689	86	517
4296	185	517
3378	244	517
9773	335	517
12432	413	517
12442	531	517
8832	78	518
17676	225	518
2072	297	518
5436	3	519
2538	101	519
11811	359	519
12378	373	519
11899	425	519
2518	499	519
10166	546	519
13244	49	520
12288	142	520
11944	167	520
3697	328	520
5568	230	521
5795	378	521
5789	555	521
3151	46	522
15036	171	522
7185	255	522
15319	278	522
9738	294	522
16343	316	522
11351	320	522
17894	374	522
8822	409	522
2768	427	522
4971	440	522
9632	469	522
11004	309	523
13169	5	524
8196	107	524
11344	231	524
14673	484	524
3054	579	524
3061	39	525
5552	179	525
14286	544	525
12938	577	525
14874	49	526
5134	95	526
8069	142	526
12348	468	526
17522	15	527
2209	24	527
12775	42	527
15937	64	527
12082	83	527
10135	178	527
18189	247	527
5204	336	527
4091	337	527
6378	339	527
16182	372	527
8681	410	527
2120	415	527
12795	438	527
13630	507	527
14461	516	527
3146	575	527
6031	584	527
15145	395	528
1726	580	528
10790	9	529
3745	39	529
16277	96	529
17436	128	529
18090	152	529
14959	163	529
3502	201	529
6525	213	529
15956	219	529
7196	319	529
7124	451	529
2419	134	530
4047	205	530
16479	217	530
4719	252	530
3210	259	530
9698	336	530
16537	340	530
980	415	530
10044	444	530
12355	185	531
5420	244	531
16170	335	531
1772	352	531
17642	413	531
12244	517	531
1889	92	532
17174	186	532
8378	207	532
6773	295	532
18439	416	532
2112	490	532
6079	77	533
7031	87	533
7103	101	533
7928	275	533
6865	296	533
17418	325	533
3496	499	533
11255	546	533
18139	6	534
7604	61	534
11570	62	534
7351	172	534
4370	197	534
1557	287	534
8471	292	534
12204	333	534
13867	412	534
5276	417	534
10847	460	534
1196	496	534
6251	13	535
17868	27	535
15477	57	535
11056	144	535
7136	349	535
995	463	535
15810	467	535
3032	539	535
2221	5	536
2282	89	536
17630	182	536
12554	250	536
17287	313	536
7725	367	536
17169	73	537
4759	148	537
10794	258	538
7816	284	538
17348	13	539
6235	27	539
8194	57	539
6868	232	539
17227	263	539
7248	432	539
18367	535	539
15576	554	539
7171	569	539
9462	74	540
13698	77	540
15589	94	540
15507	101	540
3678	144	540
3881	296	540
6057	446	540
7032	546	540
10236	581	540
13767	266	541
5277	450	541
1292	150	542
10037	156	542
12534	160	542
15231	196	542
15899	411	542
11005	445	542
7029	572	542
1647	29	543
3018	163	543
16379	179	543
10239	228	543
8174	544	543
9667	556	543
18318	29	544
6026	39	544
1175	228	544
2640	233	544
12574	365	544
12922	525	544
10201	543	544
7409	556	544
14998	577	544
15691	374	545
10597	381	545
16817	409	545
13447	500	545
16594	77	546
4226	101	546
13327	155	546
3113	198	546
6171	219	546
5625	274	546
15641	275	546
8806	296	546
3924	325	546
15065	359	546
6948	425	546
5741	429	546
17465	499	546
15066	519	546
3972	533	546
15244	540	546
15684	105	547
1502	107	547
8805	191	547
852	357	547
11316	430	547
3984	513	547
10087	23	548
6818	68	548
803	72	548
5939	12	549
7552	29	549
17839	41	549
17831	84	549
4028	116	549
16125	123	549
2244	186	549
922	226	549
16680	237	549
12440	274	549
2306	515	549
11209	16	550
14963	56	550
17801	57	550
1288	81	550
8880	139	550
15537	181	550
11118	266	550
9290	447	550
12104	553	550
11039	21	551
1321	30	551
16446	102	551
14386	156	551
17980	209	551
14839	330	551
9044	457	551
10435	458	551
6280	573	551
9861	212	552
17090	258	552
6028	270	552
2327	318	552
9896	348	552
1930	54	553
676	139	553
16840	170	553
8529	447	553
9810	550	553
13974	18	554
3487	69	554
13916	279	554
2705	453	554
14844	539	554
5542	582	554
17356	224	555
10650	230	555
2139	293	555
7398	308	555
11608	341	555
4686	419	555
10979	521	555
15384	560	555
17329	29	556
12290	33	556
7150	227	556
15339	285	556
5529	389	556
3092	434	556
8898	491	556
5591	543	556
10157	544	556
1947	96	557
7936	156	557
6480	196	557
10539	201	557
15579	319	557
3653	429	557
15548	446	557
11424	144	558
11857	172	558
13182	268	558
4113	282	558
14266	338	558
15541	355	558
2211	442	558
1918	477	558
18436	279	559
5850	381	559
15882	409	559
16426	427	559
14638	582	559
3517	38	560
1501	124	560
4104	293	560
11391	304	560
10158	330	560
11362	350	560
8546	555	560
11360	1	561
6137	48	561
3901	181	561
15285	232	561
4471	263	561
15777	264	561
1115	364	561
1720	432	561
17847	483	561
12164	569	561
10552	149	562
16316	384	562
1112	19	563
18280	33	563
17570	157	563
17041	388	563
9432	428	563
9858	67	564
9514	125	564
3360	192	564
12492	195	564
16240	99	565
8371	173	565
17397	230	566
18223	341	566
13604	378	566
833	420	566
7628	433	566
1451	269	567
4013	321	567
7365	398	567
5126	60	568
10736	45	569
13755	158	569
13597	232	569
2367	263	569
7217	280	569
12068	311	569
3006	432	569
14528	487	569
15042	492	569
16671	539	569
9525	561	569
13864	202	570
1876	206	570
17508	303	570
7391	322	570
6477	470	570
2929	488	570
18309	587	570
930	143	571
15976	49	572
16199	58	572
12781	130	572
10290	150	572
11864	167	572
16306	364	572
6917	445	572
11309	542	572
13392	576	572
2124	11	573
17862	43	573
11469	116	573
10485	156	573
9289	250	573
13205	330	573
2680	390	573
3848	391	573
10827	457	573
1607	551	573
11433	23	574
8871	214	574
9771	262	574
4515	465	574
14406	24	575
15510	26	575
17654	42	575
8944	64	575
5629	83	575
2622	178	575
16310	247	575
13831	336	575
16576	337	575
15071	339	575
18054	372	575
16984	387	575
3191	410	575
4771	415	575
6395	438	575
18380	473	575
17336	507	575
15534	516	575
9473	527	575
12763	584	575
18186	17	576
1133	130	576
2033	150	576
7017	167	576
4030	328	576
17711	356	576
10654	445	576
6678	572	576
5497	3	577
8813	525	577
4365	544	577
14982	118	578
3195	182	578
2435	307	578
9107	454	578
8252	456	578
5589	107	579
958	524	579
8359	53	580
4105	121	580
15499	132	580
7292	143	580
10878	220	580
8363	528	580
17277	77	581
17909	275	581
12258	296	581
12870	325	581
11838	373	581
16816	540	581
11704	46	582
13869	255	582
3269	316	582
17646	320	582
7959	453	582
9329	469	582
3542	485	582
4208	554	582
2854	559	582
7272	221	583
14705	459	583
2874	482	583
13939	15	584
15275	24	584
6438	42	584
5752	64	584
12412	83	584
3597	178	584
5322	247	584
3627	336	584
6361	337	584
9381	339	584
5069	372	584
12069	410	584
4666	415	584
7399	438	584
16952	507	584
5631	516	584
6301	527	584
13393	575	584
7998	12	585
15543	20	585
9555	88	585
14274	161	585
3055	236	585
11012	437	585
17816	63	586
4827	93	586
17123	94	586
17974	148	586
17956	174	586
2619	234	586
2724	255	586
4938	495	586
18134	202	587
10120	206	587
14011	470	587
1044	570	587
18079	99	588
