2995	55	1
13152	65	1
2682	214	1
12293	246	1
17148	383	1
15033	444	1
7139	526	1
4564	530	1
14868	531	1
10773	274	2
6060	346	2
5198	369	2
11809	388	2
11382	462	2
14098	494	2
6824	208	3
1826	546	3
12949	37	4
10498	57	4
2939	140	4
16292	147	4
15525	271	4
10384	392	4
2272	414	4
10623	551	4
16106	75	5
8215	172	5
3199	226	5
10072	233	5
6199	286	5
17192	380	5
9203	386	5
767	461	5
13382	548	5
7184	72	6
10186	178	6
15049	33	7
5394	70	7
9230	444	7
7123	452	7
14181	514	7
3135	119	8
14324	137	8
16491	146	8
2778	186	8
4358	301	8
18117	332	8
17960	358	8
18254	402	8
8308	452	8
15416	585	8
1360	18	9
17795	118	9
10712	123	9
4704	153	9
18340	157	9
17833	191	9
11593	196	9
17002	222	9
2228	235	9
2464	346	9
5287	388	9
14546	449	9
16772	456	9
3793	467	9
4509	485	9
1319	494	9
16783	498	9
16274	529	9
9134	563	9
1637	81	10
14498	154	10
14848	364	10
12697	379	10
10053	431	10
1079	521	10
8402	587	10
13009	116	11
17245	181	11
14223	256	11
11577	439	11
9774	498	11
6122	18	12
16497	21	12
12991	181	12
2402	224	12
11041	235	12
14054	415	12
5440	416	12
9171	532	12
4569	549	12
8501	57	13
2916	157	13
10469	420	13
1320	451	13
5435	558	13
11318	588	13
17694	84	14
7814	107	14
12218	291	14
17677	313	14
9325	315	14
11805	340	14
2603	524	14
3654	538	14
17760	42	15
16412	61	15
10632	62	15
1518	64	15
7569	83	15
5437	208	15
14979	229	15
14819	339	15
13946	372	15
8488	438	15
16739	474	15
6905	496	15
16921	507	15
8555	527	15
8530	534	15
1984	546	15
8368	584	15
10909	370	16
3938	405	16
3736	494	16
1650	513	16
16646	45	17
9849	155	17
5221	160	17
2658	356	17
5627	434	17
17632	488	17
8551	576	17
8314	9	18
15365	12	18
7226	198	18
11058	235	18
14130	326	18
4557	388	18
9578	453	18
3787	485	18
3521	493	18
633	60	19
13158	99	19
2798	127	19
13487	169	19
15181	188	19
11750	219	19
18229	312	19
7268	407	19
13403	513	19
8335	27	20
15903	44	20
7418	48	20
13964	179	20
18332	188	20
14043	192	20
17039	209	20
1390	306	20
14483	310	20
9100	312	20
7369	354	20
15770	426	20
3142	12	21
5594	116	21
11174	180	21
1661	299	21
15769	437	21
17330	485	21
11017	532	21
16834	561	21
11425	101	22
13074	208	22
8400	409	22
12459	67	23
8933	88	23
11988	172	23
7711	216	23
10982	242	23
18468	273	23
4273	279	23
13783	335	23
1778	342	23
5791	358	23
14408	363	23
3252	450	23
3601	475	23
6377	530	23
3862	574	23
3078	42	24
10149	42	25
14128	77	25
1603	178	25
10306	208	25
8240	296	25
14319	408	25
9390	178	26
13552	20	27
17815	85	27
5348	190	27
8212	201	27
11400	375	27
8931	457	27
5406	471	27
15872	477	27
15673	537	27
17995	554	27
938	556	27
9143	34	28
9433	153	28
4084	318	28
751	434	28
5300	449	28
4282	453	28
706	588	28
17117	120	29
6164	210	29
11133	226	29
15369	233	29
3362	266	29
3593	280	29
12128	319	29
5119	357	29
12920	389	29
3233	430	29
10757	119	30
15809	223	30
4386	273	30
12275	279	30
8032	335	30
18274	402	30
14602	535	30
8281	55	31
13270	173	31
10876	249	31
6294	314	31
11468	378	31
3605	420	31
4837	521	31
18357	187	32
6034	367	32
17777	377	32
10193	418	32
8425	559	32
3621	7	33
18203	75	33
4196	84	33
9338	136	33
16450	221	33
11420	256	33
2265	283	33
2243	291	33
18060	358	33
15292	383	33
10222	403	33
1336	514	33
11563	573	33
2580	28	34
4617	157	34
2610	313	34
8268	476	34
2113	78	35
13037	242	35
17578	313	35
9768	364	35
14385	390	35
15004	395	35
7314	468	35
7702	513	35
10831	518	35
11974	229	36
14889	234	36
10714	511	36
16888	4	37
7206	72	37
16225	100	37
12872	140	37
13745	355	37
5191	462	37
6282	582	37
4988	585	37
11869	172	38
5261	352	38
11048	411	38
2364	473	38
6371	185	39
12067	198	39
8826	346	39
5051	382	39
16900	477	39
13242	485	39
2323	556	39
11450	563	39
2570	211	40
5944	212	40
4897	355	40
2522	478	40
14853	552	40
3823	63	41
2031	183	41
16137	187	41
5227	228	41
15139	270	41
6266	307	41
7012	309	41
10680	399	41
6123	544	41
16639	549	41
4432	582	41
13263	15	42
8908	24	42
984	25	42
16976	64	42
16254	72	42
3416	77	42
15073	79	42
1454	82	42
3531	178	42
12976	287	42
15300	333	42
11559	337	42
10039	373	42
8154	409	42
6213	412	42
17286	417	42
7202	460	42
3665	474	42
11905	497	42
6234	507	42
12311	516	42
11723	570	42
10492	575	42
8237	45	43
17368	476	43
6021	20	44
6022	60	44
17738	99	44
17748	100	44
8506	127	44
2308	193	44
5259	219	44
16644	310	44
17637	354	44
5341	370	44
12345	422	44
16634	490	44
15706	539	44
9806	17	45
13502	43	45
9488	68	45
11770	73	45
12833	112	45
13472	130	45
12589	133	45
13033	151	45
1859	160	45
12779	167	45
4184	170	45
6743	204	45
7242	205	45
13236	233	45
2444	305	45
17861	311	45
12543	328	45
5862	329	45
16539	356	45
11428	374	45
11582	396	45
9045	473	45
6068	476	45
1204	480	45
2998	536	45
18360	558	45
4330	559	45
9119	72	46
13757	409	46
9313	302	47
10540	419	47
9504	560	47
9367	20	48
16842	179	48
7913	323	48
2945	382	48
2475	457	48
12182	513	48
2225	532	48
11536	131	49
3932	138	49
13454	160	49
14557	215	49
18031	276	49
17844	304	49
1599	319	49
14813	341	49
2486	367	49
12641	413	49
13644	521	49
15351	553	49
8302	423	50
3927	72	51
3761	511	51
7686	52	52
4473	431	52
9869	74	53
1958	175	53
764	344	53
13513	443	53
4779	111	54
4155	134	54
1552	160	54
15958	230	54
7310	435	54
10734	475	54
7803	553	54
1961	1	55
1849	31	55
8872	121	55
8439	159	55
12622	314	55
6107	330	55
11635	377	55
2372	403	55
10041	427	55
5228	500	55
6775	521	55
2481	542	55
12841	552	55
15407	234	56
8195	447	56
4310	502	56
12725	4	57
6048	13	57
12310	99	57
2058	140	57
17599	144	57
4324	247	57
13626	268	57
7087	271	57
10403	315	57
4865	331	57
3431	364	57
8084	506	57
6768	515	57
5761	539	57
10784	565	57
15418	80	58
10098	229	58
673	433	58
639	582	58
14514	225	59
8178	256	59
14036	269	59
14379	400	59
13954	532	59
12105	19	60
4610	44	60
8155	99	60
8870	188	60
3371	193	60
8588	199	60
10826	219	60
17838	310	60
4976	317	60
8380	331	60
16076	565	60
5044	15	61
17958	409	61
11262	15	62
1000	41	63
3329	75	63
3691	183	63
13060	210	63
12819	285	63
15610	364	63
5990	386	63
11943	481	63
9163	15	64
3072	42	64
17896	409	64
16442	1	65
4766	259	65
10075	262	65
8300	391	65
12477	463	65
6841	472	65
5866	526	65
8326	530	65
8807	574	65
843	151	66
13314	155	66
836	167	66
16999	233	66
2409	328	66
10660	461	66
15246	488	66
15068	23	67
3755	194	67
10143	335	67
8150	344	67
15243	435	67
1946	450	67
5932	482	67
17828	557	67
5599	564	67
17144	45	68
1624	170	68
13430	328	68
2721	411	68
5848	98	69
14176	148	69
2160	240	69
12908	256	69
8980	321	69
11251	327	69
15923	416	69
6759	512	69
15690	532	69
4139	543	69
3851	549	69
5807	7	70
6615	107	70
9133	131	70
13532	187	70
4394	231	70
11035	299	70
5025	348	70
11652	454	70
5719	468	70
10921	538	70
6319	552	70
18435	146	71
10298	306	71
9499	375	71
8682	402	71
6037	406	71
3021	471	71
13209	6	72
4266	37	72
10111	42	72
1411	46	72
1417	51	72
16490	82	72
1565	135	72
9669	177	72
17988	178	72
6958	197	72
5192	255	72
2148	287	72
9752	292	72
13356	316	72
15010	320	72
3800	322	72
11687	333	72
1119	409	72
12789	412	72
11752	424	72
9856	469	72
9366	479	72
2911	497	72
10990	516	72
15674	575	72
13046	45	73
1913	53	74
1006	94	74
15910	111	74
11632	125	74
15476	143	74
16339	325	74
4054	345	74
7636	361	74
10817	5	75
4438	33	75
13968	63	75
9472	91	75
7605	120	75
11913	160	75
1621	168	75
10862	286	75
14993	321	75
3738	367	75
1542	386	75
10426	389	75
1256	436	75
9261	481	75
3964	209	76
6429	247	76
5580	306	76
15698	313	76
6138	369	76
11932	388	76
17511	462	76
2010	25	77
9032	42	77
16746	82	77
7892	296	77
10818	35	78
3217	153	78
2057	395	78
862	513	78
9779	518	78
3693	588	78
9908	42	79
16874	101	79
4286	208	79
1224	58	80
16914	159	80
10386	238	80
4712	251	80
2458	264	80
4649	390	80
7095	466	80
5544	483	80
9842	532	80
1113	561	80
10659	10	81
1736	195	81
17219	348	81
16551	512	81
13801	42	82
9018	72	82
2298	77	82
6545	15	83
18301	101	83
12439	409	83
11973	14	84
804	33	84
2835	242	84
14257	279	84
16769	291	84
13471	332	84
4512	340	84
2653	352	84
13313	401	84
6611	444	84
10592	531	84
11745	27	85
16613	178	85
8499	200	85
9589	201	85
11460	226	85
13211	289	85
17673	357	85
3855	502	85
14064	336	86
13973	413	86
7764	548	86
13879	581	86
13352	100	87
4422	193	87
2607	219	87
2931	223	87
6793	405	87
5749	566	87
15944	23	88
17579	132	88
5725	231	88
2321	244	88
1832	304	88
1205	420	88
6719	475	88
5572	521	88
7089	131	89
3311	172	89
9225	239	89
17695	286	89
3714	344	89
16451	435	89
14371	545	89
3537	200	90
13388	357	90
12869	502	90
7932	75	91
13015	104	91
1405	168	91
6885	183	91
16977	227	91
14249	358	91
12132	475	91
10746	524	91
7419	95	92
6686	98	92
5017	217	92
5258	354	92
8498	407	92
17072	466	92
10822	559	92
8061	419	93
10577	74	94
606	143	94
6289	183	94
7681	344	94
17850	365	94
15511	482	94
8346	586	94
5304	92	95
8820	220	95
7843	241	95
14462	314	95
18374	362	95
8748	418	95
1598	463	95
8042	465	95
7121	533	95
12945	535	95
15020	559	95
6960	408	96
4103	215	97
7157	521	97
16663	69	98
1774	92	98
12677	120	98
16632	187	98
17363	210	98
5113	559	98
5358	19	99
14108	44	99
5391	57	99
6582	60	99
9076	100	99
9178	188	99
3234	193	99
5574	199	99
17466	219	99
652	310	99
14173	331	99
4203	407	99
14609	426	99
5033	451	99
4808	565	99
4857	37	100
10100	44	100
13632	87	100
3512	99	100
9149	203	100
8455	255	100
6828	310	100
4917	331	100
17753	405	100
2641	453	100
10334	565	100
12890	22	101
2525	79	101
8073	83	101
5874	208	101
17114	339	101
9003	372	101
17772	373	101
16422	404	101
13742	409	101
13374	470	101
10227	546	101
979	570	101
5578	181	102
14186	198	102
16926	275	102
11155	462	102
5343	532	102
2455	499	103
9471	521	103
4966	91	104
18279	149	104
10333	183	104
13633	227	104
15062	309	104
11046	583	104
8043	200	105
919	357	105
2009	502	105
11637	216	106
11629	253	106
4859	297	106
16481	363	106
16195	14	107
4502	70	107
4483	309	107
4136	345	107
3519	365	107
11287	384	107
5011	524	107
920	140	108
1211	199	108
15808	392	108
7579	452	108
4787	454	108
17243	544	108
2273	250	109
15742	344	109
1475	443	109
3457	475	109
16664	583	109
5898	157	110
1618	201	110
17721	212	110
13252	233	110
9382	343	110
4379	434	110
6008	509	110
3152	543	110
11855	54	111
7006	74	111
10320	221	111
15953	262	111
6808	361	111
12742	391	111
6612	403	111
4965	450	111
6540	526	111
7980	45	112
7438	170	112
9314	241	113
17688	350	113
5826	400	113
7698	493	113
8051	362	114
7719	476	114
4238	124	115
8327	175	115
13849	213	115
2095	216	115
9227	223	115
11103	325	115
7194	331	115
11698	366	115
16289	381	115
17860	565	115
16469	580	115
12818	11	116
11791	21	116
7762	180	116
8684	233	117
9319	245	117
12213	434	117
18479	473	117
685	9	118
12211	196	118
10095	200	118
7482	357	118
7501	456	118
17608	494	118
6729	502	118
2637	554	118
15008	8	119
15804	30	119
14585	146	119
1445	291	119
4388	332	119
11705	334	119
18221	392	119
16436	454	119
9490	585	119
8081	29	120
16612	75	120
6062	98	120
14884	165	120
10582	180	120
1378	187	120
1174	226	120
13371	266	120
16605	321	120
9647	357	120
3236	386	120
795	389	120
3641	410	120
9583	540	120
5244	55	121
12003	195	121
10271	335	121
7483	377	121
8976	457	121
12584	209	122
12716	283	122
18082	315	122
6382	426	122
5556	482	122
9393	551	122
12177	9	123
13345	196	123
17957	200	123
5854	237	123
15472	453	123
15025	554	123
15072	115	124
1968	223	124
8234	366	124
8261	74	125
16123	156	125
9050	261	125
14094	324	125
4899	533	125
5031	551	125
9255	564	125
12472	573	125
15758	586	125
8157	330	126
16346	355	126
15486	488	126
9151	549	126
4731	19	127
16740	44	127
12729	192	127
8759	209	127
1210	310	127
1895	312	127
1136	405	127
17253	428	127
9331	513	127
18260	200	128
2156	201	128
10502	270	128
10747	318	128
1354	343	128
17102	434	128
17067	442	128
4543	503	128
9666	523	128
11659	148	129
3476	256	129
1638	475	129
11953	512	129
12728	538	129
16205	559	129
9157	45	130
18087	49	131
14758	70	131
1172	89	131
14428	136	131
11616	168	131
16602	226	131
8046	231	131
8962	240	131
3609	403	131
10811	524	131
15960	88	132
5480	211	132
12402	242	132
17471	266	132
14529	420	132
8282	433	132
13342	451	132
2975	491	132
8693	500	132
6848	518	132
15277	45	133
12183	241	133
5897	285	133
4117	305	133
9198	437	133
16526	461	133
15329	54	134
4058	142	134
6831	230	134
2281	335	134
10187	465	134
7592	517	134
11707	571	134
12777	72	135
12714	409	135
17128	33	136
14258	131	136
2592	227	136
4650	399	136
7406	403	136
10020	493	136
15823	524	136
7539	8	137
10142	186	137
8611	243	137
6467	352	137
1153	402	137
3344	449	137
4260	49	138
1963	226	138
8465	413	138
8786	553	138
4461	447	139
13021	4	140
6993	37	140
15748	57	140
5433	108	140
4708	199	140
5312	247	140
10354	306	140
17359	414	140
1988	510	140
13362	539	140
4395	423	141
8253	134	142
10341	145	142
10112	213	142
7778	216	142
3990	298	142
5214	344	142
16514	475	142
17331	545	142
11098	74	143
12741	94	143
17138	206	143
3254	230	143
10518	249	143
14440	276	143
6146	325	143
12185	347	143
7889	361	143
17294	366	143
6203	566	143
6587	580	143
8989	57	144
11066	179	144
3182	142	145
12895	167	145
5107	205	145
667	214	145
9783	335	145
12937	465	145
17754	475	145
6506	8	146
16119	71	146
17769	119	146
5775	162	146
7131	300	146
5769	332	146
11475	4	147
17943	183	147
14532	223	147
14683	224	147
17201	301	147
17778	392	147
15978	452	147
5316	69	148
1052	129	148
9213	220	148
9900	234	148
11036	239	148
11741	240	148
3864	327	148
6035	403	148
12245	481	148
10137	543	148
5452	104	149
7794	183	149
11889	213	149
14029	291	149
2774	358	149
9016	384	149
7777	562	149
5218	579	149
12316	409	150
12607	511	150
14795	45	151
7712	66	151
2734	170	151
7056	233	151
1783	396	151
3117	463	151
9887	200	152
15170	323	152
4041	478	152
15297	9	153
9988	28	153
10318	78	153
931	163	153
16132	235	153
6103	529	153
1640	10	154
2867	406	154
1757	499	154
8319	587	154
11353	17	155
15174	66	155
11270	160	155
811	205	155
3079	233	155
7333	411	155
11226	480	155
14446	488	155
9280	125	156
13988	192	156
11620	194	156
13114	261	156
14267	361	156
17251	383	156
13598	458	156
7903	541	156
9749	564	156
3053	9	157
17408	13	157
15855	34	157
16872	110	157
7988	420	157
9579	449	157
5524	498	157
819	588	157
14695	511	158
14505	55	159
11549	80	159
4127	205	159
18123	218	159
4018	348	159
5445	17	160
9731	45	160
13663	49	160
12514	54	160
5207	75	160
1931	155	160
14816	265	160
1814	285	160
4349	286	160
6870	328	160
5634	374	160
12325	380	160
5434	488	160
7916	520	160
1813	548	160
16985	553	160
12569	581	160
6634	205	161
7742	217	161
15801	241	161
7067	463	161
9713	146	162
14416	402	162
11480	153	163
14999	179	163
14732	243	163
10184	406	164
13217	487	164
5647	120	165
3414	210	165
7585	299	165
8935	410	165
13131	233	166
6734	434	166
4055	447	166
5884	461	166
15361	502	166
10021	45	167
11186	66	167
3889	145	167
6059	261	167
18218	265	167
1658	266	167
13124	285	167
5116	305	167
15298	328	167
9500	374	167
9142	380	167
17669	400	167
4494	461	167
8176	520	167
10830	75	168
6603	91	168
13615	131	168
7470	172	168
8217	224	168
1612	228	168
15288	238	168
5856	291	168
8718	399	168
12998	19	169
15028	185	169
14378	219	169
12272	252	169
2609	300	169
1017	577	169
2208	45	170
17305	68	170
5785	112	170
9617	151	170
14709	434	170
11758	409	171
13426	5	172
13105	23	172
17441	38	172
10932	89	172
7205	168	172
5240	181	172
13845	230	172
4672	265	172
15101	323	172
9552	341	172
5628	439	172
2654	475	172
1316	528	172
17699	545	172
9168	548	172
876	581	172
7336	31	173
4948	195	173
11192	242	173
634	420	173
13175	433	173
16257	518	173
1063	252	174
6542	324	174
14910	363	174
4423	391	174
16102	403	174
13652	458	174
8650	564	174
10534	53	175
6105	115	175
4580	276	175
3898	310	175
13653	344	175
8102	366	175
14752	528	175
5342	571	175
2044	233	176
762	245	176
16430	421	176
11578	434	176
6207	72	177
12508	511	177
13395	6	178
11940	25	178
14619	26	178
16789	42	178
18099	72	178
2428	85	178
10171	197	178
16402	254	178
12463	292	178
17609	296	178
4484	387	178
14893	448	178
15807	464	178
8541	20	179
15367	48	179
9934	144	179
17604	163	179
8436	288	179
6033	323	179
18216	346	179
2744	422	179
10422	494	179
15034	513	179
16044	525	179
15501	532	179
12883	537	179
5136	21	180
9443	116	180
18199	120	180
2564	187	180
13028	251	180
7908	264	180
15995	299	180
5083	321	180
2712	346	180
8481	354	180
12556	483	180
4947	493	180
8975	532	180
11347	11	181
10579	12	181
12332	102	181
4978	172	181
11776	224	181
10984	295	181
8701	299	181
10905	498	181
16960	561	181
15422	582	181
3514	210	182
11486	430	182
6144	434	182
10274	543	182
1305	41	183
6412	63	183
17849	91	183
4081	94	183
2051	104	183
5211	147	183
8049	149	183
9466	221	183
12670	227	183
4341	228	183
15163	239	183
14988	250	183
6422	286	183
1667	307	183
17451	309	183
12232	344	183
2699	384	183
17999	416	183
15614	481	183
12373	482	183
5918	524	183
1167	579	183
17223	583	183
10999	293	184
2341	411	184
16554	476	184
15039	39	185
15498	169	185
6897	393	185
16829	401	185
7069	428	185
13764	491	185
5352	503	185
14553	577	185
3183	588	185
10687	8	186
8886	137	186
4875	228	186
2800	230	186
9930	238	186
2918	243	186
6081	307	186
17166	483	186
15142	493	186
12309	532	186
16731	582	186
15973	585	186
10575	32	187
17462	41	187
16713	70	187
17171	98	187
5279	120	187
16512	180	187
2146	578	187
9414	19	188
15875	20	188
2407	60	188
16948	99	188
3348	219	188
5583	297	188
3262	300	188
16673	426	188
14931	515	188
6102	406	189
6661	487	189
14605	587	189
1558	27	190
8492	453	190
6560	477	190
1274	485	190
13692	556	190
7548	9	191
13719	222	191
11025	346	191
4749	467	191
9092	494	191
5037	20	192
9897	127	192
12072	156	192
11206	209	192
13584	564	192
10343	44	193
10067	60	193
4246	87	193
8500	99	193
4344	219	193
12186	354	193
7114	400	193
4535	490	193
9781	533	193
11884	551	193
4118	566	193
12786	588	193
13069	67	194
14243	156	194
17977	221	194
13740	526	194
8504	562	194
13659	574	194
3098	81	195
17311	121	195
3642	173	195
9761	218	195
4326	256	195
6018	377	195
1269	427	195
3746	457	195
15863	500	195
15733	564	195
7016	9	196
8764	118	196
4907	123	196
1563	200	196
15109	357	196
5170	494	196
1143	502	196
4235	554	196
15313	72	197
14213	178	197
18449	18	198
12430	39	198
9377	102	198
13931	270	198
1728	275	198
9966	334	198
11700	376	198
9803	442	198
1067	477	198
6067	503	198
1092	60	199
12287	99	199
7026	108	199
7500	140	199
11197	426	199
2572	85	200
3550	90	200
7656	105	200
4068	118	200
4523	123	200
11566	128	200
1312	152	200
2374	196	200
13444	201	200
10755	348	200
8145	442	200
4057	456	200
4264	478	200
15385	503	200
3567	513	200
5197	547	200
8007	556	200
2872	27	201
7255	85	201
6627	110	201
17183	128	201
11135	200	201
11271	343	201
7837	351	201
16158	430	201
14877	434	201
11768	442	201
2626	503	201
14929	523	201
3878	570	202
1199	100	203
1521	513	203
5503	586	203
17548	45	204
7587	473	204
8496	548	204
14578	45	205
17756	145	205
4870	155	205
9679	159	205
13249	161	205
10459	233	205
12197	241	205
1835	288	205
15412	335	205
16823	374	205
9676	415	205
14985	431	205
3614	463	205
8839	465	205
12374	476	205
9042	480	205
1685	488	205
13854	501	205
2401	532	205
15085	542	205
16288	579	205
9515	143	206
6966	264	206
7876	276	206
9049	314	206
8900	325	206
15314	328	207
1181	437	207
5297	501	207
9864	548	207
6414	3	208
10446	15	208
7766	22	208
18353	25	208
11009	79	208
1815	101	208
15663	293	208
4167	404	208
7642	429	208
10899	438	208
8565	497	208
15846	527	208
17259	534	208
11352	584	208
9039	20	209
13620	76	209
9594	122	209
12693	127	209
8445	192	209
3499	306	209
2277	482	209
11078	495	209
15193	29	210
8411	63	210
15083	98	210
4615	165	210
1407	182	210
6609	226	210
13782	461	210
1444	487	210
16342	503	210
8238	553	210
4134	561	210
10503	578	210
8661	40	211
3700	132	211
11926	218	211
17110	243	211
6973	251	211
605	427	211
14333	433	211
13089	478	211
5448	518	211
16898	561	211
11176	40	212
6565	110	212
13571	348	212
10944	449	212
7383	478	212
17492	538	212
16566	559	212
10152	115	213
17890	142	213
5265	149	213
10890	216	213
6677	217	213
5522	223	213
18032	298	213
1991	335	213
13802	384	213
8085	439	213
6145	455	213
1770	458	213
13888	482	213
12810	541	213
4566	579	213
8828	1	214
12365	145	214
3997	246	214
15180	352	214
13146	415	214
11513	416	214
12372	444	214
14704	463	214
6980	574	214
7356	49	215
17076	97	215
6167	246	215
10594	249	215
4250	276	215
737	444	215
15554	475	215
9947	517	215
16287	23	216
4891	106	216
18352	115	216
7790	142	216
14083	213	216
3036	217	216
1291	223	216
18111	335	216
9460	361	216
3989	381	216
1080	455	216
5620	92	217
12577	161	217
16503	213	217
4078	216	217
3114	220	217
7802	377	217
10140	463	217
5968	505	217
11780	159	218
1255	195	218
16345	211	218
14019	256	218
1215	349	218
9841	352	218
4428	378	218
3540	431	218
3527	542	218
15527	19	219
13809	44	219
3353	60	219
1924	87	219
13918	99	219
3076	169	219
4475	188	219
11804	193	219
2994	275	219
4905	297	219
9391	312	219
17193	566	219
5616	577	219
3564	95	220
15427	148	220
13450	217	220
17863	261	220
15727	354	220
14731	377	220
12438	418	220
17030	463	220
16861	586	220
11313	33	221
8612	111	221
2612	183	221
12504	194	221
17495	345	221
2493	365	221
9699	403	221
15026	526	221
17255	562	221
10626	9	222
11592	191	222
14033	346	222
1463	485	222
17683	494	222
1145	563	222
16322	30	223
8579	87	223
12014	115	223
9782	124	223
13008	147	223
13622	213	223
969	216	223
2888	405	223
6160	12	224
2365	147	224
4492	168	224
8202	181	224
10033	238	224
6219	295	224
11210	309	224
17167	582	224
17755	59	225
13941	275	225
7179	350	225
5828	400	225
7262	494	225
6850	5	226
16459	29	226
5175	85	226
1212	120	226
7939	131	226
9511	138	226
13636	210	226
17588	468	226
17440	553	226
1324	91	227
1345	104	227
2697	136	227
11667	183	227
17884	228	227
7870	230	227
11274	399	227
18053	475	227
8885	562	227
16113	583	227
12323	41	228
12610	168	228
16186	183	228
2840	186	228
12830	227	228
5048	452	228
9402	475	228
6013	544	228
15457	15	229
1154	36	229
15984	58	229
4681	234	229
4224	267	229
7182	278	229
6601	281	229
6974	409	229
11751	432	229
7525	441	229
18265	486	229
10907	492	229
16074	502	229
14772	504	229
11071	522	229
3896	54	230
3911	134	230
9284	143	230
2071	172	230
3380	186	230
12962	227	230
2786	244	230
14030	259	230
10961	265	230
15580	304	230
13634	465	230
5321	475	230
16161	517	230
10481	571	230
10028	70	231
18411	88	231
5702	131	231
12771	304	231
1352	468	231
4648	524	231
4984	511	232
5611	5	233
16536	29	233
7321	45	233
17741	66	233
13899	110	233
4306	117	233
13957	151	233
946	155	233
17021	166	233
12322	176	233
3905	205	233
11198	257	233
9424	272	233
4032	280	233
12780	318	233
11178	328	233
6749	360	233
5808	374	233
9073	376	233
5693	386	233
7872	396	233
2134	421	233
7191	430	233
12242	434	233
14336	436	233
15957	459	233
7426	461	233
5070	484	233
13807	488	233
6953	509	233
8026	523	233
17073	536	233
5077	36	234
2386	56	234
1906	148	234
6776	229	234
593	237	234
11359	267	234
877	446	234
13672	447	234
7444	537	234
11756	554	234
16389	9	235
7910	12	235
9249	18	235
6446	153	235
10523	456	235
13222	494	235
1191	447	236
2433	123	237
8352	234	237
10901	257	237
3741	267	237
1024	343	237
4411	502	237
11065	80	238
15454	168	238
11246	186	238
8332	224	238
14445	243	238
720	355	238
6461	402	238
3374	483	238
12548	89	239
3454	148	239
2476	183	239
1243	285	239
4094	344	239
4678	481	239
7808	528	239
9721	69	240
2815	131	240
6217	148	240
14077	418	240
6774	512	240
6614	95	241
10668	113	241
15981	133	241
6709	161	241
14326	205	241
15991	305	241
2966	352	241
8160	370	241
3681	400	241
17737	466	241
15864	23	242
5943	35	242
16095	84	242
1828	132	242
17496	173	242
9405	252	242
3339	273	242
10416	279	242
17763	420	242
1297	468	242
13707	491	242
1780	137	243
12227	163	243
6100	186	243
13001	211	243
1048	238	243
13467	355	243
1442	389	243
18245	433	243
8696	494	243
5821	512	243
17691	88	244
7607	230	244
18208	246	244
3500	420	244
6274	517	244
5092	521	244
8107	117	245
5366	176	245
13340	434	245
8685	509	245
12011	1	246
14295	214	246
6443	215	246
17437	244	246
2638	249	246
18002	252	246
10460	391	246
6369	403	246
15251	472	246
16541	517	246
3330	531	246
5183	57	247
1754	76	247
17387	140	247
4012	462	247
9324	362	248
7357	368	248
9519	487	248
7851	31	249
18114	143	249
2207	215	249
4362	246	249
2389	325	249
7137	401	249
13999	531	249
736	109	250
5395	183	250
15137	344	250
14906	583	250
9282	80	251
903	180	251
5475	211	251
10355	355	251
12683	483	251
16493	561	251
2110	169	252
7931	174	252
3089	242	252
17334	246	252
4848	259	252
7970	279	252
2659	340	252
18140	352	252
10159	363	252
4834	383	252
14078	401	252
6127	458	252
8816	526	252
4222	533	252
9378	564	252
11575	106	253
13887	317	253
15900	331	253
8595	565	253
4381	178	254
11910	296	254
7758	72	255
4769	100	255
3310	405	255
12222	513	255
6959	582	255
9172	585	255
8444	586	255
10929	11	256
6328	33	256
8645	59	256
994	69	256
13808	129	256
11951	195	256
16258	218	256
7586	269	256
7385	314	256
16275	348	256
12973	418	256
9140	427	256
2452	433	256
15654	437	256
14127	478	256
16181	538	256
10658	233	257
9394	237	257
8258	393	257
17797	434	257
4750	268	258
16903	291	258
14923	306	258
2003	345	258
9811	358	258
16964	452	258
4725	65	259
17303	230	259
11875	252	259
17281	265	259
17878	363	259
15150	472	259
14012	517	259
4742	530	259
2326	531	259
16103	406	260
10600	487	260
18058	125	261
4315	156	261
5328	167	261
11052	220	261
12426	315	261
3235	317	261
16547	324	261
3462	331	261
6744	381	261
14805	383	261
789	541	261
7581	565	261
15814	568	261
17990	573	261
17589	65	262
8365	111	262
10635	335	262
11669	450	262
13547	530	262
8490	574	262
5692	511	263
15842	80	264
2016	180	264
2726	206	264
4939	299	264
17476	301	264
4882	349	264
18175	437	264
9767	561	264
11580	160	265
8779	167	265
4488	172	265
13920	230	265
9337	259	265
8726	336	265
2055	461	265
10165	520	265
4624	29	266
18069	120	266
9565	132	266
6049	167	266
7567	280	266
7536	447	266
10550	229	267
8413	234	267
7975	237	267
10045	447	267
18073	57	268
6124	258	268
1655	291	268
9668	335	268
16825	365	268
15949	515	268
3422	59	269
9376	256	269
5581	348	269
1037	552	269
16701	41	270
15260	128	270
12101	198	270
8187	334	270
11841	477	270
11014	493	270
626	505	270
16771	543	270
4821	544	270
2508	4	271
14355	57	271
11217	291	271
10924	309	271
7773	426	271
8063	515	271
7768	233	272
11587	484	272
11573	23	273
10358	30	273
11502	242	273
1169	279	273
4209	340	273
9744	383	273
3644	395	273
8502	403	273
11494	491	273
4287	526	273
18372	2	274
11034	510	274
5018	558	274
2899	102	275
3194	198	275
15255	219	275
1550	225	275
14304	400	275
1527	506	275
7679	577	275
1742	581	275
6590	49	276
14096	143	276
10873	175	276
12277	206	276
7266	215	276
12489	304	276
8412	341	276
14517	347	276
14380	413	276
4237	521	276
12838	411	277
7753	229	278
10877	409	278
1158	23	279
14626	30	279
8345	84	279
10985	242	279
5609	252	279
11163	273	279
15678	300	279
5398	383	279
14080	401	279
6859	444	279
16453	29	280
6835	233	280
1573	266	280
4056	290	280
1723	311	280
14167	319	280
2366	349	280
17864	501	280
14322	229	281
12423	502	281
802	411	282
4886	473	282
14075	33	283
15679	122	283
15019	315	283
872	515	283
10900	551	283
12406	357	284
654	502	284
16394	63	285
7237	133	285
3917	160	285
8821	167	285
4600	239	285
1866	344	285
2953	380	285
15245	439	285
13664	528	285
11021	548	285
7467	5	286
4304	75	286
13425	89	286
5463	160	286
9129	183	286
6982	386	286
15667	461	286
13216	548	286
1587	581	286
5957	42	287
15435	72	287
4002	409	287
12065	179	288
14474	205	288
11914	323	288
11790	449	288
7190	498	288
1700	535	288
16876	85	289
9828	502	289
7674	280	290
8637	328	290
8788	501	290
11161	14	291
1829	33	291
8657	84	291
5150	119	291
18300	149	291
10280	168	291
4229	258	291
12152	268	291
14471	271	291
9235	306	291
9625	315	291
13516	358	291
15471	384	291
8749	392	291
10643	452	291
17240	454	291
16651	509	291
5514	515	291
15157	538	291
6916	562	291
16326	564	291
12301	579	291
2892	72	292
9212	178	292
6346	184	293
7076	208	293
11807	308	293
13214	510	293
16165	555	293
631	318	294
12507	434	294
5851	476	294
8784	502	294
18178	181	295
8386	224	295
4885	498	295
11574	578	295
4728	582	295
3577	25	296
13498	77	296
4813	178	296
10636	254	296
16709	408	296
16172	448	296
14104	464	296
1582	106	297
14215	188	297
2185	219	297
11867	317	297
18252	363	297
6701	541	297
1761	142	298
13731	213	298
3411	344	298
14856	475	298
6823	21	299
1372	70	299
12478	165	299
7568	180	299
7198	181	299
12190	264	299
6135	349	299
14070	483	299
14902	493	299
10179	521	299
10549	146	300
7811	169	300
6971	188	300
14159	279	300
11885	407	300
10841	426	300
17936	559	300
8915	577	300
8462	8	301
17524	147	301
17652	264	301
14509	365	301
11925	414	301
16217	582	301
10689	47	302
8182	322	302
2318	408	303
9685	49	304
13566	88	304
8323	230	304
14201	231	304
11644	276	304
732	518	304
11445	45	305
778	133	305
12563	167	305
12602	241	305
2812	461	305
9539	20	306
16347	71	306
10394	76	306
12664	140	306
5419	209	306
10339	258	306
10708	291	306
12515	462	306
9185	495	306
14171	41	307
16522	183	307
2524	186	307
8778	309	307
17731	293	308
844	41	309
5633	104	309
12961	107	309
10865	183	309
12537	224	309
2990	271	309
5345	307	309
4190	399	309
15399	20	310
5009	44	310
18431	60	310
15573	99	310
13971	100	310
7728	127	310
2130	175	310
4431	45	311
17809	280	311
820	511	311
11091	19	312
12713	20	312
9502	127	312
6264	219	312
10471	354	312
6399	428	312
1904	513	312
1725	14	313
2666	34	313
6279	35	313
16190	76	313
13761	330	313
10571	362	313
14956	368	313
5354	385	313
7316	395	313
10515	425	313
15703	457	313
16953	477	313
4017	495	313
12409	524	313
15791	537	313
2824	31	314
9291	55	314
9450	95	314
17689	206	314
8640	256	314
3942	418	314
16273	433	314
7472	14	315
5504	57	315
2332	122	315
3409	261	315
15661	283	315
716	291	315
16670	317	315
5041	324	315
1707	331	315
9099	384	315
12315	565	315
7992	586	315
8293	72	316
15023	409	316
11585	511	316
6206	60	317
3246	253	317
3798	261	317
10828	297	317
16949	315	317
3575	331	317
10925	366	317
5982	565	317
12076	566	317
5687	568	317
14659	28	318
11744	128	318
15393	233	318
5688	294	318
3008	434	318
14154	453	318
8930	529	318
6932	554	318
16047	29	319
17364	49	319
11411	280	319
1031	411	319
9909	413	319
17497	488	319
869	501	319
7428	72	320
9448	409	320
1273	69	321
17434	75	321
12772	120	321
10300	180	321
2993	330	321
6879	367	321
10677	549	321
2489	72	322
7201	302	322
3777	570	322
2317	48	323
12999	152	323
6998	172	323
8542	179	323
8235	288	323
3074	334	323
11562	382	323
15256	513	323
2076	125	324
11586	174	324
12314	261	324
9575	315	324
1155	331	324
14612	361	324
9465	426	324
17764	458	324
15676	541	324
3279	551	324
10509	565	324
2101	586	324
3003	74	325
13027	115	325
17617	143	325
11077	206	325
5865	249	325
7804	347	325
8620	533	325
10103	580	325
12969	18	326
14733	453	326
6177	69	327
5496	148	327
10724	499	327
696	521	327
14729	45	328
13521	66	328
14551	68	328
17787	160	328
14065	167	328
6635	207	328
15529	233	328
17572	290	328
3824	374	328
13609	501	328
10842	520	328
13637	526	328
7427	45	329
13895	476	329
14860	55	330
8730	126	330
1998	313	330
9697	321	330
6339	364	330
12657	468	330
13307	498	330
16253	535	330
2694	552	330
2991	57	331
801	60	331
12434	99	331
13076	100	331
13503	115	331
1534	253	331
13062	261	331
8643	315	331
10208	317	331
9867	324	331
12882	400	331
13842	565	331
2157	568	331
10808	8	332
4597	84	332
1241	119	332
796	146	332
3993	402	332
18027	437	332
2809	487	332
9969	514	332
3953	585	332
2542	42	333
12536	72	333
12382	119	334
7710	198	334
11547	270	334
9113	323	334
8269	350	334
5750	395	334
623	418	334
2331	437	334
9034	505	334
14494	529	334
4267	23	335
11622	30	335
8351	67	335
7094	121	335
18214	134	335
11349	145	335
5001	205	335
2480	213	335
9021	216	335
12071	262	335
1275	268	335
1249	342	335
7323	363	335
7373	450	335
14150	452	335
7942	530	335
11385	571	335
5005	86	336
12028	265	336
3640	413	336
5176	520	336
5595	548	336
16937	42	337
15169	411	338
772	473	338
10051	15	339
12603	101	339
1756	409	339
8310	14	340
18294	84	340
14700	252	340
17198	273	340
15952	393	340
16352	442	340
16016	491	340
3908	557	340
12509	49	341
16697	172	341
11714	276	341
11398	528	341
15578	23	342
7557	335	342
4429	344	342
2713	403	342
6312	450	342
2523	455	342
10933	475	342
10108	110	343
8361	128	343
6591	201	343
16051	237	343
9237	434	343
3581	523	343
15938	53	344
4213	67	344
15130	89	344
4380	94	344
3083	109	344
17913	142	344
8383	175	344
11919	183	344
5284	239	344
17536	250	344
14288	285	344
10554	298	344
4491	342	344
13000	376	344
4684	381	344
10408	435	344
2252	443	344
8025	450	344
10049	455	344
3413	461	344
13628	74	345
4378	107	345
14524	221	345
6208	258	345
7740	365	345
1427	384	345
11569	2	346
7733	9	346
12505	39	346
18355	179	346
16660	180	346
16241	191	346
13460	222	346
17210	369	346
14191	422	346
6241	453	346
17371	456	346
5007	467	346
11568	485	346
9270	502	346
4956	143	347
6745	276	347
7313	325	347
4025	580	347
10091	70	348
1004	81	348
810	159	348
12488	200	348
5334	212	348
9090	256	348
8991	269	348
11108	378	348
10543	478	348
2270	542	348
18401	543	348
7973	552	348
6529	554	348
16913	218	349
6165	264	349
3464	280	349
4901	299	349
5916	538	349
9920	113	350
15912	225	350
8392	334	350
17888	402	350
11214	494	350
11742	529	350
10407	201	351
2200	362	351
5078	402	351
2731	406	351
12200	487	351
3536	38	352
6084	84	352
4420	137	352
2909	214	352
4160	218	352
6303	241	352
1015	252	352
12130	415	352
7618	491	352
13519	423	353
12710	20	354
13751	44	354
9831	92	354
7345	180	354
10283	193	354
4828	220	354
10421	312	354
2368	433	354
17302	483	354
15604	512	354
5127	37	355
5813	40	355
13143	126	355
9204	238	355
5057	243	355
3176	251	355
15563	416	355
15972	418	355
16617	549	355
9530	558	355
11611	17	356
4328	45	356
2732	29	357
12215	85	357
16134	90	357
2371	105	357
16336	118	357
2022	120	357
14815	196	357
2226	284	357
15262	398	357
13765	434	357
15381	502	357
11150	547	357
15707	8	358
17008	23	358
3051	33	358
17457	91	358
11862	149	358
2025	258	358
6044	291	358
9300	562	358
11389	546	359
10557	233	360
7484	434	360
16729	502	360
14918	74	361
14890	111	361
18341	143	361
15121	156	361
13696	216	361
9839	324	361
16941	403	361
12528	455	361
7392	463	361
14663	580	361
3772	95	362
12671	114	362
4230	248	362
10701	313	362
11422	351	362
11478	368	362
9737	406	362
13396	425	362
13771	442	362
6504	476	362
13934	487	362
1511	23	363
17489	106	363
2073	174	363
1009	252	363
13141	259	363
9340	297	363
13197	335	363
14362	401	363
1203	428	363
5506	530	363
5927	577	363
8292	10	364
14886	35	364
13545	57	364
13491	63	364
12754	330	364
13963	483	364
3412	512	364
4392	94	365
15570	107	365
3249	221	365
771	268	365
9285	301	365
11761	345	365
2197	384	365
11551	399	365
14727	562	365
6210	115	366
14172	124	366
8525	143	366
15919	175	366
15994	317	366
4788	32	367
16832	49	367
17101	75	367
18183	321	367
16931	405	367
4467	248	368
11438	313	368
7813	362	368
9750	514	368
3351	2	369
7028	76	369
17998	346	369
10134	16	370
8299	44	370
829	241	370
5381	533	370
7637	566	370
4021	568	370
10255	586	370
4594	447	371
6538	15	372
11484	101	372
2716	409	372
18158	42	373
3116	101	373
739	45	374
1332	160	374
4737	167	374
9937	205	374
9739	233	374
4497	328	374
8626	437	374
9918	488	374
10125	27	375
12403	71	375
4459	406	375
11435	198	376
7478	233	376
15353	344	376
17968	418	376
6554	461	376
5686	476	376
8926	32	377
16307	55	377
14400	121	377
14820	195	377
3498	217	377
14835	220	377
13315	418	377
14233	31	378
5257	218	378
13134	348	378
11909	10	379
13200	5	380
17905	160	380
7243	167	380
14235	285	380
17244	386	380
16239	439	380
17104	461	380
15054	115	381
7966	216	381
14926	261	381
11734	344	381
17483	580	381
9757	39	382
8943	48	382
5144	323	382
10634	395	382
16463	397	382
15084	428	382
16266	494	382
16616	513	382
13834	563	382
7967	1	383
879	33	383
11295	156	383
11546	252	383
16079	261	383
8183	273	383
5576	279	383
9898	390	383
13989	403	383
10395	444	383
1716	107	384
16255	149	384
4972	183	384
18222	213	384
6644	291	384
13514	315	384
15675	345	384
3450	365	384
6869	482	384
11355	313	385
5146	388	385
7000	406	385
13183	462	385
932	510	385
2568	5	386
2006	63	386
13949	75	386
4073	120	386
9657	233	386
12848	286	386
3481	380	386
6345	436	386
3828	461	386
7064	506	386
15236	178	387
3028	2	388
4741	9	388
674	18	388
16532	76	388
15333	385	388
1706	29	389
6080	75	389
3459	120	389
822	243	389
17525	434	389
14318	436	389
14359	578	389
8072	35	390
11160	80	390
13187	383	390
6380	393	390
17157	462	390
12236	513	390
15136	65	391
16873	111	391
16940	174	391
17732	246	391
3827	403	391
8532	526	391
7588	4	392
18475	108	392
14736	119	392
16301	147	392
15586	291	392
15720	454	392
12353	514	392
10740	185	393
10299	257	393
14415	340	393
16128	390	393
6654	442	393
12404	477	393
9838	491	393
11032	511	394
8208	35	395
2783	78	395
9271	273	395
9663	313	395
8273	334	395
4036	382	395
10106	494	395
1415	45	396
6579	151	396
2240	233	396
12174	382	397
10310	494	397
10295	513	397
3375	357	398
5956	502	398
7541	41	399
4855	136	399
7591	168	399
934	227	399
15189	309	399
8379	365	399
703	544	399
14655	59	400
6996	113	400
15961	167	400
3866	193	400
6697	225	400
12739	241	400
1184	275	400
11491	331	400
8028	439	400
13544	506	400
6405	565	400
747	84	401
5940	185	401
10473	249	401
9256	252	401
9486	279	401
5030	363	401
10400	444	401
7096	491	401
11001	531	401
15009	8	402
3495	30	402
3085	71	402
3306	137	402
2188	162	402
4093	238	402
18311	332	402
6456	350	402
10176	351	402
16556	33	403
9569	55	403
5254	111	403
10884	131	403
8033	136	403
3981	148	403
7861	174	403
11337	221	403
10824	246	403
14332	273	403
10241	342	403
17660	361	403
3791	383	403
4752	391	403
14129	450	403
15195	557	403
1040	101	404
1888	208	404
1492	409	404
16483	16	405
16692	87	405
616	100	405
17109	127	405
1127	223	405
4916	255	405
8006	367	405
13349	407	405
8090	71	406
8678	154	406
5308	164	406
6646	189	406
6513	260	406
9956	351	406
7486	362	406
5447	375	406
14634	385	406
6794	471	406
6229	499	406
17794	587	406
7923	19	407
11730	92	407
14101	99	407
13812	300	407
10580	405	407
17645	513	407
7922	577	407
15569	25	408
5267	96	408
17837	296	408
5152	303	408
13398	560	408
5338	22	409
18444	42	409
13184	46	409
5926	61	409
12887	64	409
6602	72	409
10410	83	409
16979	101	409
8037	135	409
17105	150	409
11679	171	409
3065	229	409
1450	278	409
13075	287	409
17852	316	409
6343	320	409
14724	339	409
13587	372	409
16268	404	409
15403	417	409
16380	440	409
12163	445	409
18023	460	409
4656	469	409
14510	474	409
4692	504	409
4217	507	409
4768	522	409
2663	534	409
12666	572	409
4697	120	410
17029	165	410
11788	38	411
12992	68	411
2186	155	411
8396	184	411
2544	277	411
11959	282	411
8850	319	411
16359	338	411
9038	421	411
1440	473	411
5703	488	411
6807	520	411
14152	576	411
6039	42	412
13818	72	412
5909	49	413
17918	86	413
8198	138	413
12981	276	413
5651	319	413
2223	336	413
10771	540	413
3132	548	413
10219	4	414
1459	140	414
9548	301	414
2719	585	414
12896	12	415
4974	205	415
11514	214	415
17395	352	415
4736	444	415
2247	468	415
6679	12	416
5075	69	416
1281	183	416
6128	214	416
10700	355	416
4724	42	417
11519	409	417
6454	32	418
18470	95	418
8743	220	418
9415	240	418
7885	256	418
3140	314	418
1062	334	418
4786	355	418
4197	376	418
17757	377	418
16715	442	418
11441	505	418
9512	47	419
11343	93	419
6293	13	420
18474	31	420
964	88	420
6315	132	420
13819	157	420
8441	173	420
17625	242	420
4080	244	420
8601	518	420
16203	176	421
17404	233	421
4205	411	421
5482	434	421
13694	44	422
18201	179	422
8689	346	422
9293	494	422
2662	525	422
12648	50	423
14866	141	423
17249	353	423
16531	489	423
6637	546	423
10926	72	424
9031	313	425
10313	362	425
9482	476	425
13245	20	426
3302	99	426
4644	122	426
4427	188	426
5097	199	426
14311	271	426
3743	300	426
3193	324	426
15740	515	426
13618	541	426
6562	551	426
8143	55	427
15067	195	427
13976	211	427
10948	256	427
14350	538	427
10922	127	428
16992	185	428
13128	312	428
3820	363	428
6669	382	428
1646	513	428
1359	518	428
11504	208	429
4231	546	429
9650	29	430
14453	182	430
2769	201	430
16395	233	430
14949	434	430
1989	461	430
6951	484	430
9257	578	430
10304	10	431
10673	52	431
16745	205	431
11539	218	431
8841	431	431
8653	229	432
17228	511	432
10609	58	433
1356	132	433
12880	173	433
8751	211	433
2370	243	433
11279	256	433
6766	314	433
12274	354	433
5071	512	433
15582	578	433
16765	588	433
7529	17	434
7210	28	434
12659	110	434
8716	117	434
18343	128	434
17256	166	434
4202	170	434
8704	176	434
14686	182	434
8121	201	434
11158	233	434
13058	245	434
3962	257	434
15274	294	434
3702	318	434
7402	343	434
13901	357	434
15762	360	434
5870	389	434
874	421	434
13738	430	434
13534	442	434
856	449	434
7626	459	434
16264	498	434
16601	502	434
2328	509	434
8105	536	434
13736	543	434
4245	54	435
15440	67	435
1670	89	435
1595	344	435
14260	443	435
8304	475	435
16499	571	435
12522	75	436
16867	233	436
9878	386	436
17377	389	436
7647	461	436
15932	21	437
17017	133	437
16413	207	437
14049	256	437
10598	264	437
11211	332	437
13796	334	437
11971	374	437
11683	461	437
6908	532	437
15982	552	437
10946	585	437
7616	15	438
17261	208	438
7849	11	439
4996	172	439
11972	213	439
3815	285	439
3200	380	439
5174	400	439
5979	581	439
12878	409	440
1865	229	441
9205	502	441
5252	511	441
5076	128	442
3818	198	442
14497	200	442
5623	201	442
859	340	442
13611	362	442
5659	393	442
14263	418	442
15175	434	442
4102	477	442
7508	503	442
8173	53	443
17010	109	443
15616	344	443
12121	435	443
15108	475	443
14741	1	444
18225	7	444
5269	84	444
13135	214	444
11810	215	444
8934	279	444
11292	383	444
4354	401	444
12552	415	444
17845	468	444
1687	530	444
1346	531	444
1905	557	444
7971	409	445
18350	511	445
14513	234	446
13185	502	446
13746	554	446
17591	56	447
13561	139	447
17154	166	447
1649	234	447
3458	236	447
18127	266	447
6629	267	447
18185	371	447
9910	511	447
16055	550	447
3171	178	448
2114	296	448
16081	9	449
12613	28	449
13360	137	449
6580	157	449
10088	212	449
13691	288	449
16093	434	449
17692	451	449
13005	509	449
12044	529	449
16939	23	450
12555	67	450
9126	111	450
2204	262	450
7298	335	450
7924	342	450
3957	344	450
17448	403	450
10331	455	450
10170	475	450
13641	13	451
6498	99	451
7014	132	451
2274	449	451
1636	7	452
12948	8	452
5747	108	452
1715	147	452
14897	228	452
7315	258	452
1057	291	452
11695	335	452
6372	454	452
16792	18	453
4317	28	453
8004	100	453
9775	123	453
17132	190	453
4301	318	453
10480	326	453
7429	346	453
15782	456	453
8230	477	453
2474	537	453
7390	554	453
7241	70	454
11769	108	454
11303	119	454
16071	291	454
17537	392	454
2109	452	454
17963	544	454
7430	213	455
5074	216	455
1882	342	455
16553	344	455
9117	361	455
17636	450	455
12529	482	455
16350	9	456
10505	118	456
10945	200	456
3656	235	456
2232	346	456
13190	453	456
10987	494	456
16786	27	457
1462	48	457
11572	121	457
3270	195	457
14850	313	457
6253	498	457
8226	561	457
11606	156	458
15129	174	458
11879	213	458
1177	252	458
797	324	458
2804	541	458
16785	564	458
17628	233	459
4500	434	459
12241	461	459
15624	536	459
15116	42	460
14708	409	460
16330	5	461
4023	66	461
6950	133	461
8865	166	461
7434	167	461
10846	210	461
16710	233	461
1453	265	461
1787	286	461
2639	305	461
3127	344	461
2067	376	461
7280	380	461
14675	386	461
18011	430	461
12521	436	461
14580	437	461
14895	459	461
2485	484	461
1480	523	461
9139	578	461
16509	579	461
8220	2	462
11487	37	462
9795	76	462
17006	102	462
18018	247	462
6854	306	462
7275	385	462
1614	390	462
16862	65	463
13822	95	463
13525	151	463
3218	161	463
8399	205	463
7912	214	463
5117	217	463
16366	220	463
1777	361	463
9026	535	463
5004	178	464
3571	296	464
8622	95	465
13839	134	465
6071	145	465
15126	205	465
10988	230	465
9962	559	465
14455	80	466
9725	92	466
2977	241	466
5824	491	466
6393	549	466
10806	559	466
14039	9	467
3545	191	467
18403	346	467
6088	494	467
17427	35	468
12918	70	468
4933	226	468
6019	231	468
1574	242	468
7795	330	468
18172	415	468
8044	444	468
16053	524	468
5534	72	469
9229	409	469
6236	511	469
9276	101	470
6091	570	470
15127	27	471
12176	71	471
4452	406	471
6275	65	472
8052	246	472
16314	259	472
17758	517	472
17485	574	472
17614	38	473
4131	45	473
5499	117	473
775	204	473
6410	282	473
4636	338	473
1711	411	473
13577	501	473
4890	15	474
4592	42	474
12418	409	474
13132	23	475
4964	54	475
1163	88	475
11501	91	475
3175	109	475
6069	129	475
11658	142	475
6516	145	475
1233	172	475
1766	215	475
3510	227	475
14139	228	475
15221	230	475
17621	298	475
8062	342	475
4119	435	475
10139	443	475
12495	450	475
18081	500	475
3220	524	475
9102	526	475
5026	34	476
10375	43	476
15415	45	476
11651	114	476
6986	184	476
6657	205	476
6168	294	476
1827	329	476
973	362	476
1944	376	476
14103	425	476
12399	27	477
18441	39	477
5087	190	477
10490	198	477
4253	270	477
7432	313	477
17538	393	477
12408	442	477
9529	453	477
10893	549	477
17530	40	478
17049	152	478
818	200	478
4439	211	478
1897	212	478
14495	256	478
11982	348	478
5271	502	478
2351	528	478
2869	538	478
5049	72	479
5978	45	480
17846	155	480
1140	205	480
15290	488	480
9584	63	481
7163	75	481
10319	148	481
17826	183	481
13038	239	481
598	67	482
10047	94	482
15906	122	482
4861	183	482
7824	209	482
12911	213	482
8463	384	482
14571	455	482
15794	505	482
17985	80	483
2405	180	483
12953	186	483
3064	238	483
12424	251	483
8414	299	483
10008	354	483
5997	364	483
16962	561	483
5662	233	484
15252	272	484
18292	430	484
17188	461	484
15279	9	485
1416	18	485
10835	21	485
18088	39	485
12141	190	485
5155	222	485
16360	346	485
16392	525	485
13291	554	485
6931	229	486
10062	511	486
7735	164	487
4348	189	487
12268	210	487
4705	248	487
12237	260	487
14640	332	487
5758	351	487
5473	362	487
12334	587	487
1824	17	488
9027	66	488
1679	126	488
900	155	488
5016	160	488
12115	205	488
2350	233	488
14034	319	488
12737	374	488
6952	411	488
3082	480	488
6557	423	489
11641	44	490
12305	193	490
8503	494	490
7582	513	490
6933	525	490
17296	132	491
12155	185	491
2743	242	491
9923	273	491
9996	340	491
2581	352	491
6430	393	491
11383	401	491
9662	466	491
18426	495	491
18019	518	491
15443	557	491
9057	577	491
3559	229	492
11978	18	493
12511	113	493
12647	136	493
16008	180	493
13642	186	493
12262	270	493
13595	299	493
8888	514	493
2541	552	493
1816	2	494
16376	9	494
13226	16	494
14269	118	494
3620	179	494
5649	191	494
11146	196	494
12497	222	494
10710	225	494
6198	235	494
6704	243	494
17352	350	494
17875	382	494
12153	395	494
4456	397	494
8296	422	494
7420	456	494
17952	467	494
4495	490	494
7648	513	494
7274	525	494
17856	209	495
13670	306	495
11190	313	495
6249	491	495
6757	524	495
12138	15	496
15735	42	497
2747	72	497
10009	208	497
12278	9	498
18064	11	498
14240	157	498
12302	181	498
17919	288	498
15768	295	498
6934	330	498
16946	434	498
18102	457	498
13688	103	499
8599	154	499
14465	327	499
9921	406	499
17399	508	499
4985	546	499
12116	587	499
3792	55	500
4986	132	500
9762	195	500
3694	475	500
13608	512	500
7775	521	500
13394	205	501
5644	207	501
10795	280	501
11234	290	501
9417	319	501
13655	328	501
5160	473	501
3333	548	501
17498	56	502
3734	85	502
9279	90	502
9364	105	502
13510	118	502
3867	166	502
12798	196	502
2103	229	502
2920	237	502
7991	281	502
1160	284	502
11452	289	502
3795	294	502
9874	346	502
10652	357	502
2513	360	502
13966	398	502
3278	434	502
13846	441	502
3919	446	502
12042	478	502
3137	503	502
10564	504	502
3930	547	502
8320	554	502
6445	556	502
11300	567	502
5892	128	503
9372	185	503
13235	198	503
7443	200	503
15159	201	503
4112	210	503
5182	442	503
2896	502	503
6117	229	504
8513	409	504
7650	502	504
6149	511	504
864	217	505
18356	270	505
7531	334	505
12127	418	505
4164	482	505
13418	579	505
15757	57	506
5372	275	506
2631	386	506
9605	400	506
16768	15	507
16727	42	507
9048	409	507
16844	499	508
9622	110	509
10325	233	509
16758	245	509
14061	291	509
13269	434	509
7473	449	509
2254	536	509
12375	140	510
5426	274	510
3543	293	510
14228	385	510
10838	36	511
14499	51	511
899	150	511
12480	158	511
16107	177	511
2980	232	511
10735	263	511
10402	311	511
15154	316	511
4519	394	511
15881	432	511
3177	441	511
11257	445	511
638	447	511
14041	469	511
2969	486	511
1735	504	511
7823	542	511
14995	569	511
6940	572	511
5676	69	512
9984	81	512
9786	129	512
3991	240	512
15030	243	512
9463	354	512
16968	364	512
15767	433	512
15639	500	512
17848	16	513
18161	19	513
6259	35	513
9485	48	513
4909	78	513
4544	127	513
17830	179	513
7216	200	513
8646	203	513
5727	255	513
17385	312	513
15566	323	513
666	382	513
14885	390	513
9672	397	513
6397	407	513
14143	428	513
3099	490	513
3805	494	513
15389	563	513
12219	7	514
4407	33	514
16382	332	514
2683	368	514
11830	392	514
2501	493	514
998	585	514
1025	57	515
4437	188	515
9200	268	515
2037	271	515
13164	283	515
9538	291	515
1856	426	515
9990	42	516
2408	72	516
9938	134	517
17274	215	517
5446	230	517
3378	244	517
14125	246	517
7765	259	517
11827	472	517
8955	581	517
16156	35	518
8832	78	518
10279	132	518
5490	173	518
7045	211	518
3782	304	518
4847	420	518
15096	428	518
17412	491	518
5778	588	518
10166	546	519
5390	160	520
11944	167	520
12531	265	520
3697	328	520
12665	336	520
13573	411	520
9493	548	520
12652	10	521
5303	31	521
9312	49	521
12561	55	521
16221	88	521
4782	97	521
14426	103	521
1029	244	521
10739	276	521
6391	299	521
5832	327	521
7158	500	521
13064	540	521
15141	229	522
8822	409	522
971	128	523
4638	201	523
649	233	523
9658	343	523
17552	461	523
13657	14	524
6254	91	524
8196	107	524
12384	131	524
5868	136	524
11111	183	524
11344	231	524
9567	313	524
4035	468	524
7507	475	524
8770	495	524
5552	179	525
17951	422	525
9522	485	525
11308	490	525
2729	494	525
16374	1	526
9709	65	526
4536	111	526
5533	194	526
6267	221	526
17453	252	526
7675	273	526
11142	328	526
3831	391	526
4168	475	526
6386	562	526
5325	574	526
17522	15	527
6118	208	527
16917	172	528
6126	175	528
16587	239	528
6830	285	528
2584	341	528
4825	478	528
7791	545	528
1726	580	528
10790	9	529
5040	153	529
15722	318	529
14735	334	529
13613	350	529
16668	449	529
3207	1	530
3695	23	530
1959	65	530
3210	259	530
14214	262	530
14677	335	530
15147	363	530
10044	444	530
10573	562	530
6680	1	531
9334	84	531
5975	246	531
15183	249	531
12626	259	531
17804	401	531
16434	444	531
7646	557	531
4206	12	532
16585	21	532
15939	48	532
10892	59	532
11104	69	532
3446	80	532
3181	102	532
5273	179	532
3077	180	532
17174	186	532
1982	205	532
9766	437	532
4302	549	532
6437	95	533
5639	125	533
9612	193	533
9834	252	533
17418	325	533
10215	370	533
16793	566	533
13237	15	534
9425	208	534
10683	409	534
10655	30	535
7807	95	535
12458	288	535
5430	330	535
995	463	535
8311	45	536
7350	233	536
11356	434	536
9621	459	536
13790	509	536
11625	27	537
3376	179	537
3317	234	537
11743	313	537
7518	453	537
16737	14	538
7178	70	538
17664	129	538
902	212	538
3790	256	538
17631	291	538
2005	349	538
16675	427	538
3730	478	538
15328	44	539
8194	57	539
15677	140	539
865	586	539
16658	120	540
8834	413	540
17221	521	540
8996	156	541
9406	213	541
6508	261	541
8967	297	541
10768	324	541
15481	426	541
8605	458	541
5382	55	542
14121	205	542
1836	218	542
10627	348	542
12453	511	542
7008	69	543
2333	110	543
10964	148	543
15503	182	543
1460	270	543
7421	348	543
4589	434	543
15480	549	543
10083	554	543
4114	41	544
8960	108	544
1175	228	544
855	270	544
6040	399	544
11858	454	544
2497	582	544
15765	586	544
17124	89	545
3660	142	545
3975	172	545
15583	528	545
7660	581	545
7982	3	546
18364	15	546
4226	101	546
15065	359	546
14390	423	546
5741	429	546
17465	499	546
15066	519	546
12783	200	547
852	357	547
9311	502	547
1091	5	548
17293	86	548
3555	160	548
1456	172	548
3343	204	548
4086	207	548
868	285	548
3910	286	548
1419	336	548
9825	413	548
17403	501	548
3169	520	548
10908	581	548
5939	12	549
17839	41	549
13468	69	549
11854	126	549
5080	321	549
15888	355	549
6189	466	549
9875	477	549
7953	532	549
16116	543	549
9290	447	550
2195	4	551
16456	122	551
6517	125	551
16184	193	551
14802	283	551
15672	324	551
6113	426	551
18464	40	552
1585	55	552
17910	70	552
7627	269	552
18124	330	552
9896	348	552
13445	437	552
2090	493	552
2643	49	553
1930	54	553
8853	138	553
8306	160	553
3359	210	553
10312	226	553
11660	27	554
4932	118	554
12484	123	554
14183	196	554
18383	234	554
18119	318	554
18176	348	554
11107	446	554
2705	453	554
13077	485	554
12608	502	554
4804	543	554
5481	556	554
2139	293	555
11464	27	556
6243	39	556
16777	190	556
632	200	556
10068	502	556
14447	554	556
13883	67	557
16133	340	557
1222	403	557
10269	444	557
14402	491	557
2373	531	557
710	13	558
6375	45	558
15520	274	558
15541	355	558
4089	32	559
6670	45	559
11063	92	559
10450	95	559
11412	98	559
4655	129	559
2098	212	559
2078	300	559
5571	465	559
7779	466	559
16891	561	559
12209	47	560
17744	408	560
15631	21	561
13410	80	561
3901	181	561
16704	210	561
8078	211	561
13348	251	561
15777	264	561
1782	457	561
17847	483	561
9001	559	561
10552	149	562
10316	194	562
17615	221	562
9114	227	562
5056	291	562
5812	358	562
7927	365	562
7018	526	562
1314	530	562
2358	9	563
10608	39	563
2723	222	563
16032	382	563
11607	513	563
9858	67	564
9514	125	564
7337	156	564
9689	174	564
3360	192	564
12492	195	564
1964	252	564
3810	291	564
17938	458	564
14997	57	565
8953	60	565
16240	99	565
7320	100	565
4632	115	565
18078	253	565
4716	261	565
3658	315	565
11643	317	565
6001	324	565
13629	331	565
3503	400	565
13073	568	565
3094	87	566
17563	143	566
13251	193	566
9112	219	566
7075	317	566
14783	370	566
16250	533	566
1248	502	567
12545	261	568
15148	317	568
5188	331	568
17120	370	568
1916	565	568
11540	511	569
7995	42	570
9371	101	570
13864	202	570
7391	322	570
6477	470	570
9046	134	571
10599	175	571
16652	230	571
2495	335	571
1936	435	571
4992	409	572
2119	511	572
2814	33	573
6494	125	573
17202	261	573
3096	586	573
11433	23	574
13041	65	574
3610	194	574
8871	214	574
9771	262	574
1341	472	574
7260	526	574
17654	42	575
16677	72	575
18186	17	576
11980	411	576
4465	169	577
2679	185	577
10190	219	577
12853	275	577
8961	300	577
15344	363	577
14846	407	577
3128	491	577
1910	187	578
10023	210	578
8203	295	578
4404	389	578
5925	430	578
13535	433	578
18191	461	578
15626	149	579
4011	183	579
15117	205	579
10133	213	579
1973	291	579
12198	461	579
18141	505	579
8180	115	580
7292	143	580
14760	325	580
4449	347	580
8665	361	580
9441	381	580
8363	528	580
7258	86	581
17346	160	581
11634	172	581
17909	275	581
16907	286	581
6020	439	581
15188	517	581
9380	545	581
16662	548	581
15337	37	582
1223	41	582
3490	58	582
10311	181	582
4173	186	582
10741	224	582
13869	255	582
816	295	582
13923	301	582
2143	544	582
5886	585	582
15710	104	583
17606	109	583
6547	183	583
3058	227	583
9268	250	583
13939	15	584
15230	208	584
10344	8	585
9979	37	585
11727	119	585
6707	186	585
9265	255	585
7097	332	585
10457	414	585
11012	437	585
8569	514	585
12030	582	585
17123	94	586
1880	125	586
13562	203	586
12562	220	586
2724	255	586
7960	315	586
7257	324	586
6392	370	586
905	539	586
7695	544	586
15867	573	586
15915	10	587
8705	154	587
9704	189	587
10167	406	587
17697	487	587
14726	499	587
1049	13	588
16192	28	588
10565	78	588
14922	157	588
2184	185	588
14137	193	588
11376	433	588
17207	518	588
