15287	7	1
13152	65	1
2682	214	1
12293	246	1
17148	383	1
16118	401	1
15033	444	1
4564	530	1
14868	531	1
7981	9	2
10773	274	2
11809	388	2
6824	208	3
7169	293	3
5505	16	4
12949	37	4
10498	57	4
16292	147	4
9421	203	4
1855	255	4
10384	392	4
2272	414	4
10623	551	4
8215	172	5
3199	226	5
10072	233	5
9203	386	5
7600	436	5
13382	548	5
10186	178	6
17031	1	7
5394	70	7
16438	332	7
2086	368	7
9230	444	7
7123	452	7
14181	514	7
6367	23	8
14324	137	8
16491	146	8
2778	186	8
18117	332	8
17960	358	8
18254	402	8
8308	452	8
15416	585	8
18266	2	9
1360	18	9
2748	90	9
12455	105	9
17795	118	9
4704	153	9
18340	157	9
17833	191	9
11593	196	9
17002	222	9
2228	235	9
4831	257	9
11335	326	9
5287	388	9
14546	449	9
16772	456	9
3793	467	9
4509	485	9
1319	494	9
16274	529	9
2717	547	9
9134	563	9
1637	81	10
14498	154	10
3031	314	10
14848	364	10
12697	379	10
10053	431	10
8402	587	10
4199	59	11
17245	181	11
14223	256	11
15844	269	11
12351	433	11
11577	439	11
9774	498	11
6434	147	12
12991	181	12
2494	183	12
4277	334	12
14054	415	12
5440	416	12
4569	549	12
11263	588	12
12273	14	13
10562	45	13
8501	57	13
8482	132	13
2737	163	13
13925	243	13
3670	264	13
3556	343	13
10469	420	13
12690	425	13
16208	449	13
1320	451	13
10640	476	13
5435	558	13
11318	588	13
6987	13	14
17694	84	14
7814	107	14
16251	273	14
12218	291	14
11805	340	14
1934	491	14
18144	495	14
2603	524	14
3654	538	14
4339	557	14
10632	62	15
5437	208	15
14979	229	15
6905	496	15
1984	546	15
3434	4	16
3952	193	16
3938	405	16
3736	494	16
1650	513	16
16646	45	17
14126	151	17
9849	155	17
5221	160	17
5627	434	17
17632	488	17
8314	9	18
5971	123	18
5954	196	18
11058	235	18
14130	326	18
9428	346	18
4557	388	18
9578	453	18
12651	32	19
2798	127	19
13487	169	19
14242	185	19
15181	188	19
8957	192	19
11750	219	19
18229	312	19
8815	458	19
13403	513	19
14742	515	19
14092	563	19
8335	27	20
15903	44	20
9580	100	20
6864	140	20
13964	179	20
14043	192	20
17039	209	20
1390	306	20
14483	310	20
17964	405	20
15770	426	20
15213	92	21
5594	116	21
11174	180	21
15769	437	21
17330	485	21
965	493	21
11017	532	21
11425	101	22
8400	409	22
6186	8	23
11988	172	23
18468	273	23
4273	279	23
13783	335	23
5791	358	23
14408	363	23
3601	475	23
6377	530	23
17580	557	23
3078	42	24
1603	178	25
8240	296	25
9390	178	26
13552	20	27
5327	69	27
17815	85	27
5179	154	27
6620	189	27
5348	190	27
11400	375	27
18323	405	27
12712	406	27
14291	434	27
8931	457	27
5406	471	27
15673	537	27
17995	554	27
938	556	27
3732	587	27
9433	153	28
18181	233	28
751	434	28
5300	449	28
4282	453	28
6550	476	28
706	588	28
17117	120	29
11525	165	29
6164	210	29
11133	226	29
3362	266	29
12128	319	29
5119	357	29
12920	389	29
16799	71	30
10757	119	30
11367	146	30
15214	238	30
1041	332	30
8032	335	30
4333	342	30
18274	402	30
8281	55	31
13270	173	31
11468	378	31
3605	420	31
11229	427	31
10547	493	31
14560	500	31
4837	521	31
10695	540	31
14198	552	31
7458	19	32
3611	92	32
18357	187	32
6034	367	32
17777	377	32
10193	418	32
8011	505	32
4196	84	33
3622	215	33
16450	221	33
15292	383	33
8423	401	33
10222	403	33
1336	514	33
4617	157	34
8268	476	34
14511	588	34
2113	78	35
13037	242	35
17578	313	35
14385	390	35
10061	393	35
10404	413	35
7314	468	35
7702	513	35
10831	518	35
14889	234	36
10555	409	36
16888	4	37
12872	140	37
7232	178	37
15637	301	37
10188	513	37
4988	585	37
15665	214	38
11048	411	38
13711	444	38
3895	48	39
12067	198	39
6283	264	39
15962	279	39
13309	313	39
8826	346	39
14157	385	39
16900	477	39
8719	503	39
2323	556	39
9305	577	39
2570	211	40
5944	212	40
6075	306	40
10866	350	40
4897	355	40
8692	368	40
7976	58	41
3823	63	41
4240	107	41
16137	187	41
15139	270	41
6266	307	41
7012	309	41
1081	344	41
10680	399	41
6123	544	41
4432	582	41
8908	24	42
16976	64	42
16254	72	42
15073	79	42
2949	135	42
12976	287	42
16885	320	42
11559	337	42
10039	373	42
17286	417	42
7202	460	42
3665	474	42
3012	486	42
11905	497	42
6234	507	42
12311	516	42
11723	570	42
10492	575	42
2573	329	43
17368	476	43
6021	20	44
17738	99	44
2308	193	44
16644	310	44
1974	331	44
12345	422	44
9459	565	44
17288	13	45
9806	17	45
9488	68	45
11770	73	45
8241	110	45
12833	112	45
6984	117	45
13472	130	45
12589	133	45
13033	151	45
774	157	45
4184	170	45
11230	176	45
6743	204	45
13236	233	45
15012	245	45
2444	305	45
16539	356	45
11428	374	45
11582	396	45
4466	434	45
613	449	45
1498	459	45
9045	473	45
6068	476	45
1204	480	45
15151	498	45
4950	509	45
2998	536	45
18360	558	45
4330	559	45
9119	72	46
10540	419	47
9504	560	47
1978	39	48
766	300	48
7913	323	48
2945	382	48
2475	457	48
12182	513	48
2225	532	48
11536	131	49
3932	138	49
7549	180	49
11131	206	49
14557	215	49
18031	276	49
17844	304	49
1599	319	49
14813	341	49
2486	367	49
13644	521	49
15351	553	49
8302	423	50
3927	72	51
16504	178	51
3761	511	51
7686	52	52
4473	431	52
1958	175	53
764	344	53
4779	111	54
4155	134	54
5695	152	54
1552	160	54
15958	230	54
8916	399	54
1849	31	55
4838	97	55
6107	330	55
2372	403	55
10041	427	55
6775	521	55
12841	552	55
15407	234	56
9051	237	56
607	409	56
4310	502	56
12725	4	57
6048	13	57
13380	113	57
4331	122	57
2058	140	57
17599	144	57
4324	247	57
7087	271	57
4865	331	57
3431	364	57
5761	539	57
10784	565	57
3646	41	58
15418	80	58
13213	175	58
16912	307	58
673	433	58
5431	11	59
8178	256	59
16213	379	59
14379	400	59
13954	532	59
8155	99	60
12901	100	60
17237	122	60
17920	271	60
17838	310	60
8380	331	60
16149	426	60
12599	451	60
16076	565	60
4706	101	61
17958	409	61
11262	15	62
1000	41	63
9997	211	63
7841	239	63
12819	285	63
7781	286	63
15610	364	63
5990	386	63
18450	528	63
4963	578	63
3072	42	64
2164	101	64
17896	409	64
16442	1	65
1698	174	65
4766	259	65
10075	262	65
8300	391	65
6841	472	65
8326	530	65
8807	574	65
13314	155	66
3937	182	66
13921	225	66
3041	305	66
2409	328	66
2213	430	66
10660	461	66
15246	488	66
10143	335	67
1946	450	67
5599	564	67
17144	45	68
1624	170	68
2721	411	68
15936	27	69
14176	148	69
2160	240	69
8980	321	69
11251	327	69
15923	416	69
6759	512	69
15690	532	69
3851	549	69
5807	7	70
6615	107	70
9133	131	70
6298	132	70
4394	231	70
10881	291	70
11035	299	70
5719	468	70
3406	483	70
6319	552	70
13241	30	71
18435	146	71
10298	306	71
8682	402	71
6037	406	71
10111	42	72
1411	46	72
1417	51	72
13640	77	72
16490	82	72
9669	177	72
6958	197	72
9752	292	72
13356	316	72
3800	322	72
11687	333	72
12789	412	72
11752	424	72
8573	432	72
6755	445	72
9856	469	72
9366	479	72
2911	497	72
10990	516	72
15674	575	72
13046	45	73
691	176	73
5720	204	73
2231	473	73
886	548	73
1006	94	74
11632	125	74
15476	143	74
3174	220	74
16339	325	74
4054	345	74
7636	361	74
7865	365	74
11177	551	74
2259	573	74
11913	160	75
1621	168	75
5836	186	75
6630	275	75
3738	367	75
10426	389	75
9261	481	75
2825	581	75
6588	149	76
3964	209	76
6429	247	76
5580	306	76
11932	388	76
17511	462	76
17733	72	77
17378	197	77
5680	292	77
7892	296	77
17325	302	77
1966	469	77
11930	479	77
10818	35	78
2057	395	78
862	513	78
3693	588	78
9908	42	79
16874	101	79
7382	409	79
1224	58	80
12045	107	80
16914	159	80
2749	184	80
1837	224	80
4712	251	80
2458	264	80
4269	341	80
4649	390	80
7095	466	80
5544	483	80
1113	561	80
10659	10	81
1736	195	81
17219	348	81
9018	72	82
5577	302	82
18301	101	83
12439	409	83
11973	14	84
804	33	84
2835	242	84
14257	279	84
16769	291	84
13471	332	84
4512	340	84
2653	352	84
13292	383	84
6611	444	84
3290	491	84
11745	27	85
17799	90	85
16613	178	85
8499	200	85
9589	201	85
15897	447	85
8207	251	86
14064	336	86
13973	413	86
7764	548	86
13879	581	86
4422	193	87
3573	131	88
17579	132	88
5725	231	88
2321	244	88
1948	299	88
1832	304	88
2986	451	88
6719	475	88
5572	521	88
5621	168	89
3311	172	89
12774	238	89
9225	239	89
17695	286	89
1276	323	89
16451	435	89
14371	545	89
10211	9	90
9700	85	90
3537	200	90
16294	237	90
13388	357	90
14568	447	90
12869	502	90
13015	104	91
1405	168	91
16977	227	91
14249	358	91
12132	475	91
5876	21	92
10919	32	92
7419	95	92
6686	98	92
5017	217	92
8498	407	92
12934	463	92
17072	466	92
10822	559	92
8061	419	93
10577	74	94
8251	124	94
606	143	94
13230	324	94
17850	365	94
2097	381	94
8346	586	94
5304	92	95
10581	182	95
8820	220	95
7843	241	95
8748	418	95
1598	463	95
8042	465	95
7121	533	95
12945	535	95
5474	543	95
15020	559	95
6960	408	96
9217	55	97
8959	314	97
3394	433	97
16688	437	97
2846	512	97
7157	521	97
14797	549	97
1774	92	98
12677	120	98
16632	187	98
17363	210	98
5113	559	98
14108	44	99
6582	60	99
9076	100	99
1470	122	99
5574	199	99
14401	271	99
652	310	99
14173	331	99
8827	346	99
14609	426	99
5033	451	99
4808	565	99
11252	20	100
5612	60	100
3512	99	100
9149	203	100
8455	255	100
6828	310	100
4917	331	100
17753	405	100
2641	453	100
10334	565	100
12890	22	101
16328	61	101
9903	64	101
2525	79	101
8073	83	101
5874	208	101
17114	339	101
9003	372	101
17772	373	101
16422	404	101
13742	409	101
10336	417	101
13944	460	101
13374	470	101
5124	474	101
12289	507	101
11843	174	102
14186	198	102
16926	275	102
11155	462	102
2455	499	103
9471	521	103
4966	91	104
18279	149	104
10333	183	104
2936	213	104
13633	227	104
2473	291	104
15062	309	104
12891	443	104
11046	583	104
15587	9	105
8043	200	105
17057	237	105
919	357	105
2009	502	105
11637	216	106
11629	253	106
4859	297	106
4255	426	106
16195	14	107
12053	41	107
4502	70	107
15849	80	107
1668	124	107
16067	126	107
4483	309	107
16367	315	107
12557	341	107
11287	384	107
5011	524	107
920	140	108
14540	291	108
15808	392	108
7579	452	108
4787	454	108
11599	183	109
2903	213	109
15742	344	109
1475	443	109
3457	475	109
13933	45	110
5898	157	110
1618	201	110
13252	233	110
12414	459	110
15634	476	110
3152	543	110
11855	54	111
10320	221	111
15953	262	111
12742	391	111
6612	403	111
6540	526	111
7980	45	112
7438	170	112
610	57	113
9314	241	113
1085	310	113
9545	330	113
17688	350	113
5826	400	113
7698	493	113
2551	184	114
8051	362	114
4238	124	115
8327	175	115
2095	216	115
7194	331	115
11698	366	115
16289	381	115
17860	565	115
16469	580	115
11791	21	116
7762	180	116
9416	182	116
18109	354	116
16340	355	116
6786	45	117
8684	233	117
9319	245	117
12213	434	117
18479	473	117
685	9	118
10095	200	118
6725	453	118
2637	554	118
15804	30	119
14585	146	119
1445	291	119
4388	332	119
11705	334	119
18221	392	119
9490	585	119
8081	29	120
6062	98	120
11760	138	120
14884	165	120
10582	180	120
1174	226	120
13371	266	120
2753	299	120
9647	357	120
795	389	120
3641	410	120
9583	540	120
2636	553	120
12003	195	121
10271	335	121
2303	350	121
7483	377	121
12306	407	121
8976	457	121
12340	505	121
6078	57	122
1464	60	122
3369	99	122
18082	315	122
13099	381	122
6382	426	122
12709	18	123
5854	237	123
15472	453	123
15025	554	123
11334	94	124
8603	107	124
15072	115	124
13351	216	124
8234	366	124
9497	381	124
8261	74	125
16123	156	125
14094	324	125
4899	533	125
5031	551	125
12472	573	125
15758	586	125
16716	107	126
17808	155	126
11584	243	126
7696	328	126
16346	355	126
7010	411	126
8607	416	126
15486	488	126
17213	520	126
4731	19	127
12729	192	127
1895	312	127
1136	405	127
2156	201	128
1013	242	128
10502	270	128
2579	362	128
17067	442	128
13499	461	128
11819	476	128
9666	523	128
11659	148	129
14824	211	129
1638	475	129
3208	495	129
12728	538	129
16205	559	129
9157	45	130
10209	434	130
18087	49	131
14758	70	131
9850	88	131
14428	136	131
16602	226	131
8046	231	131
11650	299	131
1106	304	131
15921	413	131
12827	483	131
15611	13	132
14905	70	132
15960	88	132
5480	211	132
11195	218	132
17471	266	132
14529	420	132
8282	433	132
13342	451	132
2975	491	132
6848	518	132
15277	45	133
10330	182	133
12183	241	133
5897	285	133
4117	305	133
9198	437	133
16526	461	133
14773	498	133
7055	552	133
15329	54	134
13766	152	134
11439	200	134
6831	230	134
2325	312	134
10187	465	134
3834	513	134
7592	517	134
11707	571	134
7286	42	135
12714	409	135
14258	131	136
2592	227	136
9715	276	136
7406	403	136
10020	493	136
15823	524	136
7539	8	137
9993	205	137
8611	243	137
6467	352	137
1153	402	137
3344	449	137
8045	512	137
16015	535	137
4260	49	138
18267	120	138
1963	226	138
15907	319	138
8465	413	138
8786	553	138
4461	447	139
1645	20	140
6993	37	140
15748	57	140
5433	108	140
5312	247	140
10354	306	140
3739	369	140
17359	414	140
1988	510	140
13362	539	140
4395	423	141
10112	213	142
3276	250	142
3990	298	142
16514	475	142
11735	571	142
6252	583	142
11098	74	143
12741	94	143
17138	206	143
10518	249	143
6146	325	143
12185	347	143
6203	566	143
6587	580	143
8989	57	144
11066	179	144
5107	205	145
2589	352	145
13868	461	145
17754	475	145
8106	571	145
6506	8	146
3624	30	146
16119	71	146
17769	119	146
7131	300	146
1628	306	146
5769	332	146
15411	452	146
11475	4	147
14543	12	147
17943	183	147
12799	213	147
14532	223	147
14683	224	147
9991	384	147
17778	392	147
15978	452	147
5316	69	148
1052	129	148
4689	215	148
9213	220	148
10137	543	148
3436	76	149
5452	104	149
11889	213	149
1409	258	149
9016	384	149
15201	455	149
5218	579	149
17196	178	150
12607	511	150
12856	17	151
14795	45	151
2734	170	151
14135	356	151
11302	374	151
3117	463	151
4185	54	152
14530	134	152
9887	200	152
9022	238	152
15170	323	152
4041	478	152
15297	9	153
9988	28	153
931	163	153
16132	235	153
16398	350	153
12181	476	153
6103	529	153
981	588	153
1640	10	154
9570	27	154
2867	406	154
8319	587	154
11353	17	155
15174	66	155
5613	126	155
11270	160	155
811	205	155
3079	233	155
7333	411	155
3717	425	155
5737	465	155
14446	488	155
9280	125	156
2439	253	156
15759	324	156
14267	361	156
13598	458	156
9749	564	156
3053	9	157
15855	34	157
10132	45	157
16872	110	157
7988	420	157
2447	433	157
9579	449	157
14948	461	157
12329	476	157
5524	498	157
819	588	157
14695	511	158
11549	80	159
13500	195	159
18123	218	159
10431	224	159
4018	348	159
8510	409	159
5445	17	160
12514	54	160
5207	75	160
1931	155	160
10372	230	160
14816	265	160
1814	285	160
4349	286	160
15258	389	160
4172	413	160
17165	481	160
5434	488	160
7916	520	160
12569	581	160
10615	180	161
6634	205	161
7742	217	161
15801	241	161
641	288	161
11684	305	161
7067	463	161
2976	185	162
10833	391	162
14416	402	162
1397	487	162
2558	514	162
18100	13	163
11480	153	163
14999	179	163
7522	318	163
4563	341	163
10184	406	164
13217	487	164
7801	513	164
954	29	165
5647	120	165
3414	210	165
7505	389	165
8935	410	165
13131	233	166
10706	334	166
2189	362	166
4055	447	166
16523	476	166
15902	241	167
2059	253	167
18218	265	167
13124	285	167
5116	305	167
16596	330	167
17669	400	167
5798	439	167
4494	461	167
3661	578	167
10830	75	168
8842	89	168
6603	91	168
7470	172	168
15288	238	168
8027	545	168
12998	19	169
13520	174	169
15028	185	169
12272	252	169
3245	428	169
2183	472	169
1017	577	169
2208	45	170
17305	68	170
5785	112	170
9617	151	170
18020	328	170
13194	411	170
16847	421	170
14709	434	170
5995	463	170
11758	409	171
13426	5	172
13105	23	172
10932	89	172
7205	168	172
9884	238	172
4672	265	172
15101	323	172
9552	341	172
5628	439	172
2654	475	172
17699	545	172
9168	548	172
876	581	172
7336	31	173
4948	195	173
17122	299	173
634	420	173
18135	500	173
16257	518	173
6884	65	174
11962	102	174
17657	169	174
1063	252	174
14910	363	174
10962	401	174
15847	428	174
10864	487	174
8650	564	174
10534	53	175
13769	58	175
6105	115	175
3898	310	175
13653	344	175
8102	366	175
14752	528	175
1656	45	176
16700	73	176
2044	233	176
762	245	176
11578	434	176
10661	473	176
6207	72	177
15840	178	177
12508	511	177
13395	6	178
11940	25	178
14619	26	178
15268	37	178
1375	51	178
2428	85	178
15692	150	178
1429	177	178
16402	254	178
17609	296	178
4484	387	178
14893	448	178
15807	464	178
1862	511	178
8541	20	179
9934	144	179
17604	163	179
10639	253	179
6225	297	179
18216	346	179
2744	422	179
10422	494	179
16044	525	179
12883	537	179
5136	21	180
13859	49	180
9443	116	180
18199	120	180
12338	161	180
2564	187	180
13028	251	180
7908	264	180
15995	299	180
5083	321	180
8481	354	180
12556	483	180
8975	532	180
17670	561	180
11347	11	181
10579	12	181
11776	224	181
13045	285	181
10984	295	181
15422	582	181
18129	66	182
3167	95	182
14535	116	182
18257	133	182
3514	210	182
3716	295	182
8434	343	182
15567	362	182
6144	434	182
10274	543	182
7738	12	183
2051	104	183
7716	109	183
5211	147	183
12670	227	183
4341	228	183
15163	239	183
14988	250	183
1667	307	183
17451	309	183
12232	344	183
2699	384	183
17999	416	183
18085	443	183
17479	461	183
15614	481	183
12373	482	183
17223	583	183
12471	80	184
7090	114	184
10999	293	184
2341	411	184
13821	19	185
9035	162	185
15498	169	185
18269	382	185
10732	390	185
6897	393	185
16829	401	185
7069	428	185
10483	477	185
13764	491	185
5352	503	185
8654	513	185
14553	577	185
10687	8	186
18337	75	186
2360	215	186
2800	230	186
2918	243	186
15142	493	186
9959	517	186
15973	585	186
10575	32	187
17462	41	187
17171	98	187
16512	180	187
9414	19	188
3348	219	188
5583	297	188
16673	426	188
14931	515	188
12958	541	188
4275	27	189
6102	406	189
6661	487	189
14605	587	189
1558	27	190
6560	477	190
13692	556	190
7548	9	191
5231	19	192
5037	20	192
9897	127	192
17252	361	192
8457	16	193
10343	44	193
4246	87	193
4344	219	193
5764	225	193
4535	490	193
11681	494	193
9781	533	193
11884	551	193
4118	566	193
17977	221	194
5156	262	194
15345	361	194
8504	562	194
2664	564	194
13659	574	194
3098	81	195
17311	121	195
14448	159	195
3642	173	195
9761	218	195
6018	377	195
1269	427	195
17366	437	195
3746	457	195
15863	500	195
7016	9	196
14506	18	196
1563	200	196
15109	357	196
6255	453	196
4235	554	196
15313	72	197
7370	77	197
12430	39	198
9377	102	198
15930	201	198
13931	270	198
1728	275	198
9966	334	198
17472	351	198
11700	376	198
2601	382	198
9803	442	198
6067	503	198
12287	99	199
5468	271	199
14045	331	199
11197	426	199
3688	565	199
2572	85	200
3550	90	200
7656	105	200
4068	118	200
10849	134	200
1312	152	200
2374	196	200
13444	201	200
10278	334	200
10755	348	200
4264	478	200
3567	513	200
2667	542	200
5197	547	200
7255	85	201
6627	110	201
17183	128	201
4555	198	201
11135	200	201
11271	343	201
7837	351	201
11768	442	201
7002	487	201
9288	498	201
2626	503	201
14929	523	201
17426	588	201
3878	570	202
12078	4	203
1199	100	203
17931	453	203
2220	494	203
5523	551	203
17548	45	204
1392	73	204
11685	207	204
7587	473	204
8496	548	204
10891	137	205
17756	145	205
4870	155	205
13249	161	205
6493	214	205
10459	233	205
12197	241	205
15412	335	205
11331	352	205
16823	374	205
9676	415	205
10721	449	205
3614	463	205
8839	465	205
1685	488	205
3529	509	205
2401	532	205
15085	542	205
16288	579	205
12416	49	206
9515	143	206
6966	264	206
7876	276	206
8900	325	206
1262	204	207
10733	233	207
15314	328	207
1181	437	207
5297	501	207
10198	532	207
9864	548	207
6414	3	208
10446	15	208
1815	101	208
16655	278	208
15663	293	208
7642	429	208
10899	438	208
15392	492	208
10335	522	208
15846	527	208
17259	534	208
11352	584	208
9039	20	209
13620	76	209
11180	297	209
3499	306	209
11078	495	209
15193	29	210
15083	98	210
4615	165	210
1407	182	210
12698	276	210
18453	350	210
8238	553	210
4134	561	210
10503	578	210
8661	40	211
2696	63	211
5432	129	211
3700	132	211
11926	218	211
17110	243	211
6973	251	211
2720	256	211
8556	295	211
605	427	211
14333	433	211
13089	478	211
5448	518	211
16898	561	211
11176	40	212
10944	449	212
7383	478	212
16566	559	212
16534	104	213
18433	109	213
17890	142	213
8422	147	213
5265	149	213
10890	216	213
6677	217	213
5522	223	213
2011	297	213
18032	298	213
1991	335	213
13802	384	213
8085	439	213
17661	443	213
6145	455	213
1770	458	213
13888	482	213
12810	541	213
4566	579	213
13970	583	213
8828	1	214
8589	38	214
3272	205	214
15180	352	214
13146	415	214
11513	416	214
12372	444	214
14704	463	214
4806	520	214
4915	33	215
7356	49	215
15460	148	215
4074	186	215
10594	249	215
15554	475	215
9947	517	215
8580	531	215
4891	106	216
18352	115	216
2727	124	216
14083	213	216
3036	217	216
1291	223	216
16606	297	216
9460	361	216
9815	366	216
3989	381	216
13548	482	216
5620	92	217
12577	161	217
16503	213	217
4078	216	217
3114	220	217
7802	377	217
10140	463	217
5968	505	217
3285	132	218
11780	159	218
1255	195	218
16345	211	218
14019	256	218
5061	348	218
1215	349	218
9841	352	218
4428	378	218
3540	431	218
16943	478	218
3527	542	218
15527	19	219
4475	188	219
11804	193	219
7492	354	219
16235	388	219
17193	566	219
12243	74	220
3564	95	220
15427	148	220
13450	217	220
15727	354	220
13013	370	220
17030	463	220
11313	33	221
8612	111	221
12504	194	221
17495	345	221
15026	526	221
17255	562	221
10205	585	221
10626	9	222
13008	147	223
13622	213	223
969	216	223
4212	297	223
2888	405	223
13274	80	224
2365	147	224
7593	159	224
8202	181	224
10033	238	224
9437	239	224
6219	295	224
9507	307	224
15694	66	225
2000	193	225
13941	275	225
6837	334	225
7179	350	225
5828	400	225
7262	494	225
6850	5	226
16459	29	226
1212	120	226
7939	131	226
9511	138	226
17588	468	226
9091	483	226
17440	553	226
1324	91	227
1345	104	227
2697	136	227
11667	183	227
17884	228	227
7870	230	227
5606	435	227
18053	475	227
8885	562	227
16113	583	227
16186	183	228
12830	227	228
12223	238	228
5048	452	228
9402	475	228
15457	15	229
4681	234	229
7182	278	229
6601	281	229
6974	409	229
7525	441	229
18265	486	229
10907	492	229
16074	502	229
14772	504	229
11071	522	229
3896	54	230
3911	134	230
13665	160	230
3380	186	230
12962	227	230
2786	244	230
10961	265	230
9223	298	230
15580	304	230
13634	465	230
5321	475	230
17464	481	230
16161	517	230
17284	526	230
10028	70	231
18411	88	231
5702	131	231
12771	304	231
1352	468	231
12701	495	231
4648	524	231
4984	511	232
5611	5	233
993	28	233
7321	45	233
13899	110	233
4306	117	233
946	155	233
17021	166	233
12322	176	233
3905	205	233
5186	207	233
4430	245	233
11198	257	233
9424	272	233
17929	286	233
12780	318	233
11178	328	233
6749	360	233
5808	374	233
1381	380	233
5693	386	233
4087	389	233
7191	430	233
12242	434	233
14336	436	233
15957	459	233
7426	461	233
5070	484	233
13807	488	233
17761	501	233
6953	509	233
17073	536	233
5077	36	234
2386	56	234
6776	229	234
593	237	234
11359	267	234
13932	293	234
15988	441	234
9064	492	234
14239	504	234
16389	9	235
9249	18	235
6446	153	235
1830	476	235
1191	447	236
13799	56	237
2353	90	237
11601	105	237
2433	123	237
8352	234	237
10901	257	237
17125	284	237
4284	289	237
11020	357	237
13279	398	237
4299	441	237
4411	502	237
1662	547	237
10496	30	238
16159	89	238
12642	152	238
15454	168	238
14859	172	238
8332	224	238
936	228	238
720	355	238
6461	402	238
3374	483	238
11128	512	238
8852	63	239
12548	89	239
2476	183	239
6909	224	239
2429	461	239
4678	481	239
7808	528	239
9721	69	240
15396	409	240
14077	418	240
6774	512	240
6614	95	241
10668	113	241
15981	133	241
6709	161	241
17946	167	241
14326	205	241
15942	331	241
8160	370	241
3681	400	241
11312	535	241
3297	565	241
5943	35	242
16095	84	242
12100	128	242
3339	273	242
10416	279	242
8109	294	242
9890	415	242
17763	420	242
1297	468	242
13707	491	242
15196	538	242
6651	13	243
9310	126	243
1780	137	243
6100	186	243
13001	211	243
13467	355	243
1442	389	243
18245	433	243
3706	451	243
5821	512	243
17691	88	244
7607	230	244
18208	246	244
5794	349	244
3500	420	244
6274	517	244
5092	521	244
18046	45	245
8107	117	245
5366	176	245
8861	233	245
13340	434	245
5635	473	245
12011	1	246
17437	244	246
2638	249	246
10460	391	246
6369	403	246
16541	517	246
17189	520	246
880	526	246
3330	531	246
5183	57	247
1754	76	247
17387	140	247
9324	362	248
7357	368	248
9519	487	248
10296	503	248
18114	143	249
2207	215	249
4362	246	249
8139	314	249
2389	325	249
5655	142	250
5395	183	250
15137	344	250
1355	361	250
14906	583	250
9282	80	251
3321	86	251
903	180	251
5475	211	251
10355	355	251
9028	367	251
4729	457	251
12683	483	251
8372	559	251
16493	561	251
2110	169	252
7931	174	252
10159	363	252
14078	401	252
11645	428	252
12773	454	252
7820	517	252
8816	526	252
9378	564	252
11575	106	253
8628	156	253
16572	167	253
8629	179	253
9826	271	253
13887	317	253
15900	331	253
8595	565	253
4381	178	254
11910	296	254
3187	4	255
4769	100	255
11533	301	255
17851	494	255
9586	511	255
12222	513	255
6959	582	255
8444	586	255
10929	11	256
8645	59	256
7160	211	256
16258	218	256
7586	269	256
7385	314	256
11446	327	256
16275	348	256
12973	418	256
9140	427	256
2452	433	256
15654	437	256
16181	538	256
6855	9	257
10658	233	257
9394	237	257
11166	334	257
11401	347	257
8258	393	257
17797	434	257
16075	476	257
12192	149	258
4750	268	258
16903	291	258
14923	306	258
11152	335	258
9811	358	258
16964	452	258
10327	562	258
4725	65	259
17281	265	259
15150	472	259
4742	530	259
2326	531	259
16103	406	260
10600	487	260
7135	513	260
3235	317	261
3462	331	261
789	541	261
7581	565	261
15814	568	261
17589	65	262
8365	111	262
17413	194	262
10635	335	262
16624	361	262
11669	450	262
13547	530	262
11757	562	262
5692	511	263
16245	13	264
15555	39	264
15842	80	264
2016	180	264
2726	206	264
6227	282	264
4939	299	264
17476	301	264
10022	338	264
4882	349	264
14756	552	264
7353	558	264
9767	561	264
11580	160	265
8779	167	265
4488	172	265
13920	230	265
9337	259	265
9420	328	265
3737	355	265
2055	461	265
10165	520	265
4624	29	266
18069	120	266
9565	132	266
7567	280	266
8413	234	267
13048	409	267
6124	258	268
1655	291	268
9668	335	268
4726	11	269
9376	256	269
5581	348	269
16701	41	270
15260	128	270
12101	198	270
17200	418	270
11841	477	270
626	505	270
14355	57	271
1334	60	271
4959	99	271
18014	199	271
13495	253	271
11217	291	271
10924	309	271
7773	426	271
8063	515	271
7768	233	272
17898	386	272
11587	484	272
4316	14	273
11573	23	273
11502	242	273
1992	313	273
4209	340	273
11494	491	273
18372	2	274
6305	75	275
2899	102	275
3194	198	275
1550	225	275
17789	382	275
1527	506	275
7679	577	275
6590	49	276
10423	136	276
12277	206	276
12040	210	276
12489	304	276
8412	341	276
14517	347	276
14380	413	276
4237	521	276
13319	529	276
12838	411	277
10959	421	277
11220	473	277
9440	208	278
7753	229	278
1158	23	279
14662	39	279
8345	84	279
10985	242	279
10303	363	279
5398	383	279
14080	401	279
6859	444	279
5112	491	279
5745	577	279
1573	266	280
1723	311	280
2366	349	280
14014	413	280
17864	501	280
14322	229	281
7401	264	282
4886	473	282
8867	501	282
15019	315	283
10900	551	283
17270	586	283
12691	237	284
654	502	284
16394	63	285
7237	133	285
3917	160	285
8821	167	285
14552	181	285
8893	286	285
1410	381	285
15245	439	285
9250	461	285
13664	528	285
11021	548	285
1337	63	286
13425	89	286
5463	160	286
17559	233	286
13031	285	286
6982	386	286
13216	548	286
1587	581	286
5957	42	287
2951	161	288
18302	313	288
15788	434	288
5140	463	288
7190	498	288
1700	535	288
8464	237	289
15442	409	289
9828	502	289
8637	328	290
17817	411	290
8788	501	290
11161	14	291
1960	70	291
8657	84	291
2904	104	291
10665	108	291
5150	119	291
4229	258	291
12152	268	291
14471	271	291
2352	300	291
9235	306	291
8749	392	291
10643	452	291
5514	515	291
6916	562	291
16326	564	291
12301	579	291
2892	72	292
5412	77	292
5393	3	293
6346	184	293
7076	208	293
7918	234	293
11807	308	293
12876	429	293
13214	510	293
16165	555	293
6065	242	294
631	318	294
17991	341	294
12507	434	294
5851	476	294
18178	181	295
7188	182	295
18098	211	295
8386	224	295
4885	498	295
11574	578	295
3577	25	296
13498	77	296
4813	178	296
10636	254	296
16709	408	296
16172	448	296
14104	464	296
1582	106	297
6526	179	297
14215	188	297
2628	209	297
10398	213	297
14199	216	297
10880	223	297
11867	317	297
5780	426	297
6701	541	297
1761	142	298
13731	213	298
8324	230	298
14856	475	298
1372	70	299
9103	88	299
1768	120	299
15391	131	299
6882	173	299
7568	180	299
12190	264	299
7355	468	299
10179	521	299
16234	48	300
10549	146	300
2284	291	300
1929	306	300
5101	405	300
11885	407	300
10841	426	300
2116	450	300
3657	457	300
17936	559	300
12077	564	300
8915	577	300
5429	37	301
5477	255	301
17652	264	301
14641	345	301
11925	414	301
16217	582	301
6521	77	302
17077	82	302
14372	316	302
8182	322	302
13098	333	302
17181	412	302
2394	445	302
1877	587	302
2318	408	303
9685	49	304
13566	88	304
10154	131	304
8323	230	304
14201	231	304
11644	276	304
9247	420	304
732	518	304
8144	531	304
11445	45	305
17512	66	305
778	133	305
9318	161	305
12563	167	305
11495	330	305
13316	459	305
2812	461	305
9539	20	306
11429	40	306
16347	71	306
10394	76	306
12664	140	306
14155	146	306
5419	209	306
10339	258	306
10708	291	306
11057	300	306
5901	385	306
17555	407	306
12515	462	306
9185	495	306
14171	41	307
16752	58	307
16522	183	307
3850	224	307
8778	309	307
17731	293	308
12867	429	308
844	41	309
5633	104	309
12961	107	309
10865	183	309
2990	271	309
5345	307	309
4190	399	309
15399	20	310
5009	44	310
18431	60	310
15573	99	310
13971	100	310
17814	113	310
2130	175	310
17809	280	311
13568	473	311
820	511	311
11091	19	312
9502	127	312
8132	134	312
6399	428	312
1904	513	312
6279	35	313
13302	39	313
17257	273	313
10040	288	313
10571	362	313
14956	368	313
7316	395	313
16953	477	313
4017	495	313
4796	10	314
6394	97	314
7341	249	314
8640	256	314
1494	386	314
16273	433	314
13893	512	314
13583	107	315
2332	122	315
15661	283	315
16670	317	315
1707	331	315
9099	384	315
12315	565	315
8293	72	316
1967	302	316
3246	253	317
3798	261	317
10828	297	317
16949	315	317
15198	324	317
3575	331	317
10925	366	317
5982	565	317
5687	568	317
6308	163	318
15393	233	318
5688	294	318
3133	341	318
16138	343	318
14154	453	318
13240	476	318
8930	529	318
16047	29	319
17364	49	319
6851	138	319
1031	411	319
13297	42	320
9448	409	320
1273	69	321
10300	180	321
2993	330	321
6879	367	321
2238	532	321
11120	535	321
10677	549	321
2489	72	322
7201	302	322
7940	497	322
3777	570	322
2317	48	323
14650	89	323
12999	152	323
6998	172	323
3074	334	323
15256	513	323
4506	545	323
14161	581	323
14441	94	324
2076	125	324
2105	156	324
16117	317	324
1155	331	324
10509	565	324
2101	586	324
3003	74	325
17617	143	325
11077	206	325
5865	249	325
7804	347	325
8620	533	325
10103	580	325
12921	9	326
12969	18	326
14733	453	326
6177	69	327
2496	256	327
10724	499	327
696	521	327
13521	66	328
687	126	328
7954	170	328
6635	207	328
15529	233	328
15434	265	328
17572	290	328
3824	374	328
1544	411	328
15746	434	328
1369	488	328
13100	574	328
15447	43	329
13895	476	329
14860	55	330
6810	113	330
15184	167	330
11363	305	330
9697	321	330
6339	364	330
13307	498	330
16253	535	330
2694	552	330
16689	44	331
2991	57	331
801	60	331
12434	99	331
13076	100	331
13503	115	331
8524	199	331
4510	241	331
1534	253	331
13062	261	331
8643	315	331
10208	317	331
9867	324	331
12882	400	331
13842	565	331
2157	568	331
5253	7	332
10808	8	332
3084	30	332
4597	84	332
1241	119	332
796	146	332
15031	368	332
3993	402	332
9969	514	332
12536	72	333
9434	302	333
17416	12	334
12382	119	334
9110	166	334
7710	198	334
14107	200	334
9186	225	334
17208	257	334
9113	323	334
16796	336	334
8269	350	334
17587	367	334
5750	395	334
10595	416	334
623	418	334
11205	442	334
9034	505	334
14494	529	334
4267	23	335
11622	30	335
8351	67	335
7094	121	335
5001	205	335
2480	213	335
6825	258	335
12071	262	335
1275	268	335
1249	342	335
17560	435	335
7373	450	335
14150	452	335
15397	562	335
3725	564	335
11385	571	335
5005	86	336
1999	334	336
7146	355	336
612	411	336
3640	413	336
5176	520	336
16937	42	337
7276	264	338
772	473	338
12747	501	338
12603	101	339
1756	409	339
8310	14	340
18294	84	340
17198	273	340
15952	393	340
16016	491	340
3908	557	340
12509	49	341
9491	80	341
14282	107	341
16256	163	341
16697	172	341
11714	276	341
4346	294	341
1077	318	341
11627	425	341
11398	528	341
2709	529	341
15250	30	342
7557	335	342
6312	450	342
2523	455	342
15330	13	343
16835	182	343
6591	201	343
2145	318	343
3170	362	343
9237	434	343
18167	476	343
3581	523	343
3525	543	343
7030	41	344
15938	53	344
3083	109	344
8383	175	344
11919	183	344
17536	250	344
2252	443	344
4124	528	344
13628	74	345
14524	221	345
13624	301	345
5565	361	345
7740	365	345
1427	384	345
1860	399	345
10603	18	346
12505	39	346
5456	99	346
18355	179	346
17210	369	346
6241	453	346
11568	485	346
9270	502	346
9389	510	346
12161	554	346
4956	143	347
3553	257	347
6745	276	347
7313	325	347
1004	81	348
810	159	348
12488	200	348
14119	218	348
9090	256	348
8991	269	348
11108	378	348
17768	400	348
2270	542	348
6529	554	348
16913	218	349
9714	244	349
6165	264	349
3464	280	349
5916	538	349
16970	40	350
9920	113	350
5624	121	350
1884	153	350
7339	210	350
15912	225	350
8392	334	350
17888	402	350
11214	494	350
7761	198	351
10407	201	351
2200	362	351
5078	402	351
12200	487	351
6084	84	352
4420	137	352
9088	145	352
4876	205	352
2909	214	352
4160	218	352
805	383	352
12130	415	352
10007	468	352
7618	491	352
8606	577	352
13519	423	353
12303	116	354
7345	180	354
6153	219	354
4828	220	354
6051	355	354
17302	483	354
15604	512	354
5813	40	355
9954	116	355
13143	126	355
9204	238	355
5057	243	355
3176	251	355
17332	265	355
2690	336	355
637	354	355
15972	418	355
14117	501	355
808	512	355
15380	520	355
16617	549	355
9530	558	355
4328	45	356
18250	151	356
1676	480	356
2732	29	357
16134	90	357
2371	105	357
2022	120	357
14815	196	357
14665	237	357
7059	453	357
11576	486	357
11150	547	357
15707	8	358
17008	23	358
17457	91	358
2025	258	358
11389	546	359
10557	233	360
7484	434	360
5145	476	360
14918	74	361
15121	156	361
13924	192	361
16193	194	361
13696	216	361
2171	250	361
4151	262	361
4783	345	361
2605	515	361
13220	574	361
12671	114	362
16477	128	362
14702	166	362
11915	182	362
4230	248	362
10701	313	362
1028	343	362
11422	351	362
11478	368	362
9737	406	362
13396	425	362
13771	442	362
15549	477	362
18162	483	362
13934	487	362
14744	503	362
5137	549	362
1511	23	363
2073	174	363
1009	252	363
15813	279	363
16129	383	363
5506	530	363
5927	577	363
5373	581	363
8292	10	364
13545	57	364
13491	63	364
12754	330	364
13101	74	365
4392	94	365
11761	345	365
11551	399	365
6210	115	366
14172	124	366
15919	175	366
3493	216	366
15994	317	366
1208	528	366
4788	32	367
16832	49	367
17101	75	367
15489	251	367
18183	321	367
11242	334	367
15158	413	367
16868	7	368
14740	40	368
4467	248	368
11438	313	368
1878	332	368
7813	362	368
10415	487	368
17168	140	369
17998	346	369
6571	385	369
4357	220	370
829	241	370
5381	533	370
13440	544	370
7637	566	370
10255	586	370
4594	447	371
11484	101	372
2716	409	372
18158	42	373
3116	101	373
739	45	374
16641	151	374
9937	205	374
9739	233	374
4497	328	374
9918	488	374
10125	27	375
4459	406	375
11435	198	376
17968	418	376
5686	476	376
8279	505	376
8926	32	377
14400	121	377
14820	195	377
3498	217	377
13315	418	377
14233	31	378
5257	218	378
13134	348	378
11909	10	379
10317	59	379
12099	506	379
1101	233	380
17244	386	380
16239	439	380
17104	461	380
695	548	380
16152	94	381
15054	115	381
2956	122	381
1564	124	381
7966	216	381
17430	285	381
17483	580	381
8943	48	382
8076	185	382
14305	198	382
11329	275	382
10634	395	382
15084	428	382
16616	513	382
7967	1	383
879	33	383
9399	84	383
5576	279	383
5455	352	383
1625	363	383
6753	401	383
10395	444	383
1716	107	384
17178	147	384
16255	149	384
4972	183	384
18222	213	384
13514	315	384
15675	345	384
6869	482	384
5525	515	384
711	39	385
14042	306	385
14786	369	385
7000	406	385
932	510	385
2568	5	386
2006	63	386
9657	233	386
6780	272	386
12848	286	386
14280	314	386
3481	380	386
3828	461	386
7064	506	386
13161	548	386
15236	178	387
3028	2	388
4741	9	388
674	18	388
16532	76	388
11440	219	388
17869	537	388
1706	29	389
6080	75	389
3459	120	389
1794	160	389
5738	165	389
972	233	389
822	243	389
17525	434	389
14318	436	389
14572	520	389
8072	35	390
11160	80	390
4623	185	390
17157	462	390
12236	513	390
15136	65	391
16873	111	391
8615	162	391
17732	246	391
2177	517	391
8532	526	391
7588	4	392
18475	108	392
14736	119	392
16301	147	392
15586	291	392
7060	405	392
6324	35	393
10740	185	393
10299	257	393
14415	340	393
11496	395	393
6654	442	393
8533	466	393
12404	477	393
9838	491	393
11032	511	394
2783	78	395
9663	313	395
8273	334	395
4036	382	395
13938	393	395
5654	588	395
1415	45	396
7452	536	396
10295	513	397
2761	237	398
5956	502	398
7541	41	399
743	54	399
15189	309	399
13303	345	399
8379	365	399
12327	481	399
703	544	399
14655	59	400
6996	113	400
15961	167	400
6697	225	400
12739	241	400
11491	331	400
13449	348	400
8028	439	400
13544	506	400
6405	565	400
15918	1	401
17112	33	401
14522	174	401
5940	185	401
9256	252	401
9486	279	401
17380	383	401
10400	444	401
15009	8	402
3495	30	402
3085	71	402
3306	137	402
2188	162	402
4093	238	402
18311	332	402
6456	350	402
10176	351	402
8469	487	402
16556	33	403
9569	55	403
5254	111	403
8033	136	403
10824	246	403
13549	493	403
15195	557	403
1040	101	404
1492	409	404
16483	16	405
13969	20	405
8945	27	405
616	100	405
17109	127	405
1127	223	405
13580	300	405
10780	392	405
13349	407	405
16028	556	405
10352	27	406
8090	71	406
8678	154	406
5308	164	406
6646	189	406
6513	260	406
7486	362	406
5447	375	406
14634	385	406
6794	471	406
6229	499	406
17794	587	406
11730	92	407
17028	121	407
13812	300	407
17428	306	407
10580	405	407
15204	426	407
1939	457	407
7922	577	407
5267	96	408
17837	296	408
5152	303	408
13398	560	408
5338	22	409
17634	36	409
16542	56	409
5926	61	409
12887	64	409
5310	79	409
10410	83	409
16979	101	409
8037	135	409
3315	159	409
11679	171	409
3065	229	409
10678	240	409
9759	267	409
8247	289	409
6343	320	409
14724	339	409
13587	372	409
16268	404	409
15403	417	409
16380	440	409
18023	460	409
14510	474	409
6512	486	409
4692	504	409
4217	507	409
4697	120	410
17029	165	410
11788	38	411
12992	68	411
2810	126	411
2186	155	411
14867	170	411
8396	184	411
2544	277	411
16684	290	411
8850	319	411
17327	328	411
17392	336	411
9038	421	411
10797	434	411
9747	466	411
1440	473	411
5703	488	411
6807	520	411
14152	576	411
13818	72	412
9321	302	412
1020	35	413
17918	86	413
2770	131	413
8198	138	413
2981	160	413
12981	276	413
18333	280	413
2223	336	413
11969	367	413
10226	524	413
17463	531	413
3132	548	413
10219	4	414
1459	140	414
9548	301	414
2719	585	414
12896	12	415
4974	205	415
11514	214	415
6309	242	415
17395	352	415
2247	468	415
8023	538	415
6679	12	416
5075	69	416
17759	126	416
1281	183	416
6128	214	416
18286	334	416
4724	42	417
15321	101	417
11519	409	417
6454	32	418
18470	95	418
9415	240	418
7885	256	418
18104	270	418
1062	334	418
4786	355	418
4197	376	418
17757	377	418
11441	505	418
9512	47	419
11343	93	419
6293	13	420
18474	31	420
6315	132	420
13819	157	420
8441	173	420
17625	242	420
4080	244	420
2691	304	420
8601	518	420
16175	588	420
15512	170	421
12312	277	421
4205	411	421
12857	576	421
13694	44	422
18201	179	422
9293	494	422
12648	50	423
14866	141	423
17249	353	423
16531	489	423
6637	546	423
10926	72	424
7898	13	425
3701	155	425
6638	341	425
10313	362	425
9482	476	425
13245	20	426
17482	60	426
3302	99	426
17153	106	426
4644	122	426
4427	188	426
5097	199	426
14311	271	426
18389	297	426
3743	300	426
15618	407	426
16845	506	426
4367	31	427
8143	55	427
15067	195	427
13976	211	427
10948	256	427
14350	538	427
7134	169	428
8426	174	428
16992	185	428
8058	252	428
13128	312	428
6669	382	428
1646	513	428
18217	517	428
11504	208	429
8676	293	429
14387	308	429
6619	66	430
16395	233	430
11326	437	430
1989	461	430
6951	484	430
9257	578	430
10304	10	431
10673	52	431
11539	218	431
8841	431	431
4225	72	432
13439	11	433
10609	58	433
1348	97	433
1356	132	433
12800	157	433
8751	211	433
2370	243	433
11279	256	433
6766	314	433
5071	512	433
15582	578	433
16765	588	433
7529	17	434
7377	27	434
7210	28	434
1854	45	434
8716	117	434
18192	130	434
4202	170	434
8704	176	434
14686	182	434
11158	233	434
13058	245	434
3962	257	434
754	288	434
15274	294	434
3977	328	434
7402	343	434
15762	360	434
5870	389	434
4634	411	434
856	449	434
16264	498	434
13736	543	434
1670	89	435
3160	227	435
1368	335	435
14260	443	435
8304	475	435
16499	571	435
10670	5	436
16867	233	436
17377	389	436
7647	461	436
15932	21	437
5829	97	437
17017	133	437
8054	195	437
16413	207	437
14049	256	437
3162	430	437
11683	461	437
15982	552	437
17261	208	438
7849	11	439
11917	167	439
4996	172	439
11972	213	439
3815	285	439
3200	380	439
5174	400	439
3216	461	439
1005	506	439
5095	548	439
12878	409	440
1865	229	441
11175	234	441
10584	237	441
5076	128	442
3818	198	442
5623	201	442
15326	334	442
13611	362	442
5659	393	442
4102	477	442
7508	503	442
13650	104	443
17010	109	443
2577	183	443
9295	213	443
15616	344	443
12121	435	443
11911	455	443
15108	475	443
14741	1	444
18225	7	444
8762	38	444
5269	84	444
13135	214	444
8934	279	444
11292	383	444
4354	401	444
17845	468	444
1687	530	444
1346	531	444
14013	72	445
14072	302	445
18350	511	445
13185	502	446
13746	554	446
11476	85	447
16770	90	447
13561	139	447
17154	166	447
3458	236	447
18185	371	447
9910	511	447
16055	550	447
3171	178	448
2114	296	448
16081	9	449
1038	13	449
12613	28	449
7661	45	449
13360	137	449
6580	157	449
5006	205	449
10088	212	449
16093	434	449
17692	451	449
13005	509	449
12044	529	449
12555	67	450
2204	262	450
14405	300	450
7298	335	450
7924	342	450
10331	455	450
13641	13	451
15890	60	451
15728	88	451
6498	99	451
7014	132	451
9957	243	451
2274	449	451
1636	7	452
12948	8	452
5747	108	452
15444	146	452
1715	147	452
14897	228	452
7315	258	452
1057	291	452
11695	335	452
16792	18	453
4317	28	453
8004	100	453
15509	118	453
9775	123	453
16778	196	453
7363	203	453
4301	318	453
10480	326	453
7429	346	453
1039	357	453
15782	456	453
7390	554	453
11769	108	454
8508	252	454
2560	149	455
7430	213	455
1882	342	455
12229	443	455
17636	450	455
16350	9	456
13190	453	456
16786	27	457
1462	48	457
11572	121	457
3270	195	457
7348	251	457
1277	300	457
5494	407	457
8226	561	457
2519	19	458
11606	156	458
11879	213	458
12054	530	458
2804	541	458
16785	564	458
10535	45	459
16216	110	459
17628	233	459
9883	305	459
15624	536	459
15116	42	460
17000	101	460
14708	409	460
4023	66	461
14024	128	461
6950	133	461
3954	145	461
14925	157	461
7434	167	461
13334	183	461
16710	233	461
11189	239	461
1453	265	461
10243	285	461
2639	305	461
7280	380	461
14675	386	461
18011	430	461
12521	436	461
14580	437	461
18328	439	461
2485	484	461
1480	523	461
9139	578	461
16509	579	461
9795	76	462
17006	102	462
6854	306	462
1614	390	462
13176	513	462
8458	92	463
13822	95	463
13525	151	463
3218	161	463
15171	170	463
8399	205	463
7912	214	463
5117	217	463
16366	220	463
6139	288	463
12171	465	463
5004	178	464
3571	296	464
8622	95	465
13839	134	465
9691	155	465
15126	205	465
10988	230	465
9468	463	465
1635	488	465
4489	543	465
9962	559	465
14455	80	466
9725	92	466
1893	393	466
2529	411	466
6393	549	466
14039	9	467
17427	35	468
12918	70	468
4933	226	468
6019	231	468
1574	242	468
10760	299	468
1150	352	468
18172	415	468
8044	444	468
16053	524	468
5534	72	469
2255	77	469
6236	511	469
9276	101	470
6091	570	470
15127	27	471
4452	406	471
6275	65	472
11655	169	472
16314	259	472
17485	574	472
4131	45	473
16950	73	473
5499	117	473
1879	176	473
775	204	473
7578	245	473
17323	277	473
6410	282	473
12902	311	473
4636	338	473
1711	411	473
13577	501	473
8515	558	473
4592	42	474
15055	101	474
12418	409	474
13132	23	475
1163	88	475
11501	91	475
3175	109	475
6069	129	475
11658	142	475
6516	145	475
1233	172	475
1766	215	475
3510	227	475
14139	228	475
15221	230	475
17621	298	475
4119	435	475
10139	443	475
18081	500	475
3220	524	475
9138	545	475
10633	571	475
4738	583	475
11510	13	476
12501	28	476
5026	34	476
10375	43	476
15415	45	476
5562	110	476
5241	128	476
15493	153	476
8227	157	476
7246	166	476
1185	235	476
3504	257	476
6168	294	476
7129	318	476
1827	329	476
5921	343	476
16173	360	476
1944	376	476
14103	425	476
15776	523	476
13043	529	476
6043	588	476
18441	39	477
812	185	477
5087	190	477
4253	270	477
7432	313	477
13555	362	477
17538	393	477
12408	442	477
1977	503	477
10893	549	477
17049	152	478
818	200	478
4439	211	478
1897	212	478
2848	218	478
2351	528	478
2869	538	478
5049	72	479
4191	77	479
5978	45	480
6182	356	480
7163	75	481
5161	160	481
17826	183	481
3668	230	481
13038	239	481
12663	399	481
17766	544	481
1349	549	481
12886	582	481
4861	183	482
12911	213	482
12988	216	482
8463	384	482
14781	70	483
17985	80	483
2102	131	483
2405	180	483
14538	226	483
3064	238	483
12424	251	483
10008	354	483
14500	362	483
9272	548	483
16962	561	483
5662	233	484
15252	272	484
18292	430	484
17188	461	484
2765	506	484
15279	9	485
10835	21	485
16360	346	485
15011	42	486
6931	229	486
5410	357	486
2381	409	486
17650	162	487
7735	164	487
6784	174	487
4348	189	487
4004	201	487
4705	248	487
12237	260	487
5758	351	487
5473	362	487
8117	368	487
2305	402	487
1306	503	487
12334	587	487
1824	17	488
9027	66	488
1679	126	488
900	155	488
5016	160	488
12115	205	488
2350	233	488
7547	328	488
12737	374	488
6952	411	488
14968	465	488
6557	423	489
12305	193	490
8503	494	490
7582	513	490
2477	14	491
14328	84	491
17296	132	491
12155	185	491
2743	242	491
9923	273	491
6695	279	491
9996	340	491
2581	352	491
6430	393	491
18426	495	491
15443	557	491
9057	577	491
1892	208	492
3559	229	492
1799	234	492
910	21	493
17355	31	493
12511	113	493
12647	136	493
13642	186	493
3625	403	493
8888	514	493
4953	521	493
2541	552	493
16376	9	494
13226	16	494
3620	179	494
3347	193	494
15103	203	494
10710	225	494
10440	255	494
17352	350	494
8296	422	494
4495	490	494
7648	513	494
7274	525	494
9516	14	495
16005	129	495
17856	209	495
14768	231	495
13670	306	495
11190	313	495
6249	491	495
6757	524	495
12138	15	496
15735	42	497
2747	72	497
9475	322	497
18064	11	498
15394	45	498
763	133	498
14240	157	498
14518	201	498
17919	288	498
15768	295	498
6934	330	498
16946	434	498
13688	103	499
14465	327	499
9921	406	499
17399	508	499
12996	537	499
4985	546	499
12116	587	499
4723	31	500
18402	173	500
9762	195	500
3694	475	500
13608	512	500
7775	521	500
5644	207	501
2396	233	501
10795	280	501
2030	282	501
11234	290	501
5125	338	501
15895	355	501
5160	473	501
3333	548	501
17498	56	502
9279	90	502
9364	105	502
2103	229	502
2920	237	502
1160	284	502
11452	289	502
9874	346	502
13966	398	502
3919	446	502
3930	547	502
8320	554	502
11300	567	502
13283	39	503
9372	185	503
13235	198	503
15159	201	503
2324	248	503
6499	362	503
5182	442	503
11715	477	503
3295	487	503
6117	229	504
9154	234	504
8513	409	504
14252	32	505
5022	121	505
864	217	505
18356	270	505
7531	334	505
4098	376	505
12127	418	505
5372	275	506
6296	379	506
2631	386	506
9605	400	506
7318	426	506
15366	439	506
3965	484	506
16727	42	507
14299	101	507
9048	409	507
16844	499	508
15969	45	509
8901	205	509
10325	233	509
7473	449	509
2254	536	509
12375	140	510
3543	293	510
7228	346	510
14228	385	510
14499	51	511
899	150	511
12480	158	511
16107	177	511
1697	178	511
2980	232	511
3283	255	511
10735	263	511
10402	311	511
4519	394	511
11257	445	511
638	447	511
14041	469	511
14995	569	511
6940	572	511
5676	69	512
9358	97	512
10705	137	512
12587	238	512
3991	240	512
15030	243	512
4369	314	512
9463	354	512
6621	355	512
15767	433	512
15639	500	512
17848	16	513
18161	19	513
6259	35	513
15120	37	513
9485	48	513
4909	78	513
5989	134	513
1016	164	513
16104	185	513
7216	200	513
5727	255	513
2378	260	513
17385	312	513
15566	323	513
666	382	513
14885	390	513
9672	397	513
14143	428	513
11799	462	513
3099	490	513
3805	494	513
15389	563	513
12219	7	514
4407	33	514
10912	162	514
16382	332	514
2501	493	514
998	585	514
16302	19	515
4437	188	515
2037	271	515
9538	291	515
14417	361	515
3466	384	515
9990	42	516
2408	72	516
9938	134	517
11710	186	517
17274	215	517
5446	230	517
3378	244	517
14125	246	517
9093	252	517
12084	391	517
8118	428	517
16156	35	518
10279	132	518
5490	173	518
7045	211	518
3782	304	518
4847	420	518
5778	588	518
10166	546	519
5774	126	520
5390	160	520
13832	214	520
14583	246	520
12531	265	520
12665	336	520
14429	355	520
15494	389	520
13573	411	520
9493	548	520
5303	31	521
9312	49	521
12561	55	521
16221	88	521
4782	97	521
14426	103	521
1029	244	521
10739	276	521
6391	299	521
5832	327	521
17825	493	521
7158	500	521
13064	540	521
14114	208	522
15141	229	522
971	128	523
4638	201	523
9658	343	523
17552	461	523
1613	476	523
1541	588	523
13657	14	524
8196	107	524
5868	136	524
11344	231	524
11850	413	524
4035	468	524
7507	475	524
8770	495	524
16408	557	524
5552	179	525
2729	494	525
4536	111	526
6267	221	526
9812	230	526
16145	246	526
17453	252	526
3831	391	526
5325	574	526
6118	208	527
18125	63	528
6126	175	528
16587	239	528
6830	285	528
2584	341	528
16472	344	528
9708	366	528
4825	478	528
10790	9	529
5040	153	529
16896	276	529
15722	318	529
14735	334	529
3215	341	529
16668	449	529
4279	476	529
3207	1	530
3695	23	530
1959	65	530
3210	259	530
14214	262	530
15147	363	530
10044	444	530
11497	458	530
10573	562	530
6680	1	531
7183	215	531
5975	246	531
12626	259	531
4051	304	531
17642	413	531
16434	444	531
16585	21	532
15939	48	532
10892	59	532
11104	69	532
3077	180	532
1982	205	532
8378	207	532
13972	321	532
4302	549	532
6437	95	533
5639	125	533
9612	193	533
17418	325	533
10215	370	533
16793	566	533
4059	573	533
9425	208	534
7807	95	535
8321	137	535
2988	241	535
12458	288	535
17085	321	535
5430	330	535
8311	45	536
7350	233	536
9451	396	536
9621	459	536
13790	509	536
11625	27	537
3376	179	537
7542	388	537
17706	499	537
16737	14	538
17664	129	538
17100	242	538
3790	256	538
2005	349	538
13112	415	538
16675	427	538
3730	478	538
1622	559	538
8194	57	539
15677	140	539
865	586	539
10418	31	540
16658	120	540
17221	521	540
2289	188	541
9406	213	541
6508	261	541
8967	297	541
8605	458	541
12246	200	542
14121	205	542
1836	218	542
10627	348	542
17581	95	543
2333	110	543
10964	148	543
15503	182	543
11829	343	543
4589	434	543
17610	465	543
10083	554	543
4114	41	544
9745	370	544
6040	399	544
5756	481	544
2497	582	544
15765	586	544
17124	89	545
12720	168	545
3975	172	545
10294	323	545
12188	475	545
18364	15	546
15065	359	546
14390	423	546
17465	499	546
15066	519	546
8781	9	547
12783	200	547
1927	237	547
852	357	547
9311	502	547
1091	5	548
15736	73	548
17293	86	548
1456	172	548
3343	204	548
4086	207	548
868	285	548
3910	286	548
17351	380	548
11375	386	548
9825	413	548
10356	439	548
10487	483	548
17403	501	548
3169	520	548
7118	558	548
10908	581	548
5939	12	549
13468	69	549
8864	97	549
5080	321	549
15888	355	549
10722	362	549
6189	466	549
9875	477	549
2574	481	549
7953	532	549
9290	447	550
2195	4	551
5677	74	551
6517	125	551
16184	193	551
17248	203	551
14802	283	551
8927	31	552
1585	55	552
17910	70	552
2549	133	552
14880	264	552
18124	330	552
13445	437	552
2090	493	552
2643	49	553
1468	120	553
8853	138	553
3359	210	553
10312	226	553
2017	588	553
11660	27	554
4932	118	554
12484	123	554
14183	196	554
3666	346	554
18176	348	554
11107	446	554
2705	453	554
12608	502	554
4804	543	554
2139	293	555
11464	27	556
6243	39	556
16777	190	556
2079	405	556
2424	14	557
5674	23	557
16133	340	557
1222	403	557
14402	491	557
13827	524	557
710	13	558
6375	45	558
10362	264	558
15541	355	558
6242	473	558
16500	548	558
6670	45	559
11063	92	559
10450	95	559
11412	98	559
4655	129	559
2098	212	559
16303	251	559
2078	300	559
5571	465	559
11212	538	559
16891	561	559
12209	47	560
17744	408	560
13410	80	561
14063	180	561
16704	210	561
8078	211	561
13348	251	561
15777	264	561
1782	457	561
17847	483	561
9001	559	561
10316	194	562
17615	221	562
9114	227	562
5196	258	562
16516	262	562
5056	291	562
6470	335	562
1314	530	562
2358	9	563
1112	19	563
11607	513	563
9858	67	564
7337	156	564
9689	174	564
11419	194	564
1964	252	564
3810	291	564
8048	300	564
14459	335	564
17938	458	564
3909	44	565
14997	57	565
8953	60	565
16240	99	565
7320	100	565
4632	115	565
3484	199	565
15715	241	565
18078	253	565
4716	261	565
3658	315	565
11643	317	565
6001	324	565
13629	331	565
3503	400	565
13073	568	565
17563	143	566
13251	193	566
9112	219	566
14783	370	566
16250	533	566
1248	502	567
12545	261	568
15148	317	568
5188	331	568
1916	565	568
7376	580	568
11540	511	569
7995	42	570
13864	202	570
7391	322	570
6477	470	570
9046	134	571
1994	142	571
2922	145	571
2495	335	571
1936	435	571
3004	475	571
2119	511	572
8549	74	573
6494	125	573
7564	533	573
3096	586	573
13041	65	574
3610	194	574
10288	328	574
1731	361	574
1341	472	574
7260	526	574
17654	42	575
16677	72	575
11980	411	576
3648	421	576
13496	39	577
4465	169	577
2679	185	577
12853	275	577
6030	279	577
8961	300	577
15686	352	577
15344	363	577
14846	407	577
3128	491	577
5664	63	578
1365	167	578
10023	210	578
8203	295	578
5925	430	578
13535	433	578
18191	461	578
15626	149	579
15117	205	579
10133	213	579
1973	291	579
12198	461	579
8180	115	580
7292	143	580
14760	325	580
9441	381	580
9070	568	580
9712	75	581
7258	86	581
17346	160	581
11634	172	581
16907	286	581
1611	323	581
13743	363	581
16662	548	581
1223	41	582
10311	181	582
13869	255	582
13923	301	582
15265	481	582
2143	544	582
15710	104	583
12051	142	583
6547	183	583
1806	213	583
3058	227	583
9268	250	583
3509	475	583
15230	208	584
10344	8	585
9979	37	585
11727	119	585
6707	186	585
6473	221	585
10457	414	585
8569	514	585
17123	94	586
1880	125	586
2724	255	586
12052	283	586
7257	324	586
6392	370	586
905	539	586
7695	544	586
15867	573	586
15915	10	587
14533	27	587
8705	154	587
9704	189	587
17566	302	587
10167	406	587
17697	487	587
14726	499	587
3780	12	588
1049	13	588
16192	28	588
13576	34	588
10565	78	588
2606	153	588
14922	157	588
11902	201	588
14435	395	588
4993	420	588
11376	433	588
5875	476	588
17207	518	588
16293	523	588
15473	553	588
