start 4 psup 3 p 2 m 1 [13152 65 13096 475 7139 526 11682 41 2 12503 87 8153 102 6097 116 5723 126 17603 558 5103 103 3 18213 408 7485 108 4 14981 146 13913 368 15971 536 15021 583 14920 172 11763 218 17477 8 7 8097 228 15228 365 7123 452 5089 13215 2830 157 12493 350 9696 39 9 10712 123 18471 9292 14723 4685 17820 15219 257 13954 18386 9163 3072 16442 17701 129 10075 8903 383 16999 3238 239 18472 13784 16767 17331 6347 14832 14440 4895 17769 5775 17778]
start 3 psup 3 p 3 m 2 [13152 65 13096 475 10761 561 11682 41 2 12503 87 10773 274 11382 462 17603 558 5103 103 3 9439 319 18213 408 15971 536 18472 13784 17769 17778 18396 494 6556 15749 17954 17052 551 9136 9749 14598 15047 17953 18123 8089 8119 9275 1110 9731 9753 1814 1146 18297 17800 16969 16849 12002 6404 352 18269 15647 17715 18449 12430 2974 18443 6119 14491 17865 14911 17040 9949 18271 17194 17341 488 7815 17230 11028 10198 18353 11009 1962 4486 1216 4167 13528 3161 8565 3839 17469 18262 18270 15306 2251 15986 16024 17672 14244 17065 17649 16313 16345 6368 9551 18236 17829 7690 18369 5043 4598 16365 16506 17590 9353 14731 9085 8794 13113 13290 8613 11592 14133 16282 10033 18278 10789 18372 18156 18455 18348 10087 6818 803 18436 2078 5850 16426 1034 17855 15777 17847]
start 7 psup 3 p 2 m 0 [18213 408 15971 536]
start 1 psup 3 p 4 m 0 [18213 408 18361 337 14819 339 13946 372 8488 438 17519 190 14130 326 15209 364 17556 428 14092 18344 18382 4042 466 5428 489 15824 568 18253 18435]
start 9 psup 3 p 2 m 0 [18213 408 18361 337 14819 339 13946 372 8488 438 17519 190 14130 326 15209 364 16519 97 14976 10676 304 4923 17556 428 14092 563 18219 261 11774 273 17955 383 15395 17370 18344]
start 3 psup 3 p 4 m 2 [18213 408 15971 536]
start 10 psup 3 p 2 m 1 [11479 290 1 18213 408 15006 487 16667 159 15625 412 15716 417 7946 460 3120 496 9729 534 18478 4286 14393 15338 7691 17003 8389 17316 17468 9790 962 7654 13515 16334 1923 15259 6050 8031 16548 8171 11067 10419 12586 5306 9933 17944 10411 10630 17775 11793 10256 11699 11228 9614 6250 15859 14942 16467 16473 14916 17639 104 90 13388 13428 136 91 16363 340 3713 15917 14842 490 12635 532 9385 17246 452 18432 17299 14184 8051 13890 10367 6432 13733 3259 18472 13784 15832 13685 468 12230 16767 5315 12817 6587 12940 14579 8485 2882 6407 12695 381 16722 16119 17769 15756 15739 180 147 11890 17778 392 17328 16097 18396 494 2445 6556 5392 15749 18345 6650 2784 18145 183 14411 13844 17250 18448 18004 6476 16459 17858 12120 18291 17185 17549 15911 2750 11038 8077 6307 14160 4289 1402 14310 4720 14476 5550 15402 14122 10499 16846 16229 11185 6500 11686 17232 7863 17859 17877 3612 16448 9169 18156 18289 11914 9543 16876 3663]
start 11 psup 3 p 2 m 0 [11479 290 1 18213 408 15006 487 11403 519 16667 159 14920 172 4161 197 4192 287 7935 292 12331 333 15625 412 15716 417 7946 460 3120 496 9729 534 18361 337 14819 339 13946 372 17519 190 14130 326 15209 364 16519 97 14976 10676 304 4923 17556 428 14092 563 18219 261 20 11774 273 17955 383 15395 17370 18344 18460 298 18067 6652 210 15219 16973 5418 14900 18382 431 4042 466 5428 489 15824 568 11413 2417 18253 8242 8459 14270 17558 18305 3072 17583 8609 16222 17701 129 65 12477 463 15080 9176 18435 3535 12173 1565 9669 12862 5946 11752 9366 18015 17895 12975 14993 321 75 1542 386 2651]
start 9 psup 4 p 2 m 0 [18213 408 18361 337 14819 339 13946 372 17519 190 14130 326 15209 364 16519 97 14976 10676 304 4923 17556 428 14092 563 18219 261 11774 273 17955 383 15395 17370 18344]
start 1 psup 4 p 4 m 0 [18213 408 18361 337 14819 339 13946 372 8488 438 17519 190 14130 326 15209 364 17556 428 14092 18344]
start 12 psup 3 p 2 m 1 [11479 290 1 13096 475 10761 561 11618 25 11682 41 15161 82 15699 254 18213 408 15006 487 16667 159 15625 412 15716 417 7946 460 3120 496 9729 534 18478 4286 14393 15338 7691 17003 8389 17316 17468 9790 962 7654 13515 16334 1923 15259 6050 8031 16548 8171 11067 10419 12586 5306 9933 17944 10411 10630 17775 11793 10256 11699 11228 9614 6250 15859 14942 16467 16473 14916 13211 17639 104 90 13388 13428 136 91 16363 340 18405 7394 15519 18432 17299 14184 8051 13890 10367 6432 13733 3259 18395 15898 13107 18472 13784 14162 15832 17769 15756 15739 180 147 11890 17778 392 17328 16097 5032 2686 4401 18396 494 2445 6556 5392 15749 18345 6650 2784 18145 183 14411 13844 17250 18448 18004 6476 16459 17526 6598 5159 12572 3086 15945 16934 16120 701 3149 17353 478]
start 10 psup 4 p 2 m 1 [11479 290 1 18213 408 15006 487 16667 159 15625 412 15716 417 7946 460 3120 496 9729 534 18478 4286 14393 15338 7691 17003 8389 17316 17468 9790 962 7654 13515 16334 1923 15259 6050 8031 16548 8171 11067 10419 12586 5306 9933 17944 10411 10630 17775 11793 10256 11699 11228 9614 6250 15859 14942 16467 16473 14916 17639 104 90 13388 13428 136 91 16363 340 18432 17299 14184 8051 13890 10367 6432 13733 3259 18472 13784 15832 17769 15756 15739 180 147 11890 17778 392 17328 16097 18396 494 2445 6556 5392 15749 18345 6650 2784 18145 183 14411 13844 17250 18448 18004 6476 16459]
start 9 psup 3 p 3 m 2 [18213 408 18361 337 14819 339 13946 372 17519 190 14130 326 15209 364 16519 97 14976 10676 304 4923 17556 428 14092 563 18219 261 11774 273 17955 383 15395 17370 18344]
start 10 psup 3 p 3 m 0 [11479 290 1 17264 404 1070 448 7117 464 8360 497 16714 515 2460 96 3 5103 103 2575 202 9439 319 16672 365 18213 408 10277 446 4403 470 15006 487 16667 159 15625 412 15716 417 7946 460 3120 496 9729 534 16045 303 13850 414 5089 462 15833 19 8 9809 33 2830 157 17160 98 9 15307 7663 219 14046 312 5458 397 9844 426 5169 495 16274 529 12456 143 10 14763 439 17989 571 16486 227 11 10268 234 10934 285 12092 376 17528 410 15105 451 17788 24 15 8717 26 18361 337 14819 339 13946 372 2832 387 8488 438 16921 507 12679 516 8555 527 1817 575 8368 584 6553 139 16 17519 190 14130 326 15209 364 8255 10349 17556 428 14092 563 18219 261 11774 273 10417 342 6533 585 16068 369 8232 551 5423 6342 13074 208 15734 7901 9403 5678 480 15386 6694 214 23 13123 465 5771 14275 3078 6967 4931 17770 207 7343 9335 265 10704 17241 830 12936 11621 1915 415 12326 8270 10412 3617 16627 13379 5091 16932 9306 17180 8768 7269 16200 8473 12196 3131 13186 10767 2604 17955 383 15395 17370 539 16466 100 28 9196 165 18344 18275 18152 152 9931 17071 498 10876 249 31 6294 314 16706 8291 18478 4286 14393 15338 7691 17003 8389 17316 17468 9790 962 7654 13515 16334 1923 15259 6050 8031 16083 16548 8171 11067 10419 12586 5306 9933 17944 10411 10630 14354 15455 17775 10551 10220 11793 10256 11699 11228 9614 6250 15859 14942 16467 16473 14916 17639 104 90 13388 13428 136 91 16363 340 18282 555 4551 557 7921 15299 18432 17299 14184 8051 13890 10367 6432 13733 3259 2028 5464 6336 8941 17206 484 16144 11417 14585 18434 7388 16319 12777 7312 17927 2142 15959 16791 3604 16538 18414 8493 5983 12924 18422 13422 18037 6027 8753 11231 2543 8146 6133 17776 266 4461 447 3769 13381 18472 13784 15832 17769 15756 15739 180 147 11890 270 8590 346 17778 392 17328 16097 18396 494 2445 6556 5392 7189 15749 15462 1071 16269 18057 8448 2217 8119 9275 15853 472 4070 15310 18345 6650 2784 18145 183 14411 13844 17250 14587 6616 7411 16969 400 14185 3277 10292 18269 3163 15647 531 17715 15889 11856 10346 13591 15851 7414 13686 18359 14681 8919 7172 12148 5601 11125 10189 13433 10867 3838 8545 13029 8401 17425 6961 10804 10198 13404 11030 7766 18353 11009 1962 1216 4167 13528 3161 8565 3839 9615 1775 8209 9880 2092 6288 416 3341 18270 15110 552 18448 1779 9283 3585 6742 16024 17672 2593 9972 2688 6980 11842 8038 12265 3566 6167 14244]
start 14 psup 3 p 2 m 1 [11479 290 1 18213 408 15006 487 16667 159 15625 412 15716 417 7946 460 3120 496 9729 534 18478 4286 14393 15338 7691 17003 8389 17316 17468 9790 7654 13515 16334 1923 15259 6050 8031 16083 16548 8171 11067 10419 12586 5306 9933 17944 10411 10630 17775 11793 10256 11699 11228 9614 6250 16467 16473 14916 17639 104 90 13388 13428 136 91 16363 340 18432 17299 14184 8051 13890 10367 13733 3259 18472 13784 15832 17769 15756 15739 180 147 11890 17778 392 17328 16097 18396 494 2445 6556 5392 15749 18345 6650 2784 18145 183 14411 13844 17250 18448]
start 10 psup 5 p 2 m 1 [11479 290 1 18213 408 15006 487 16667 159 15625 412 15716 417 7946 460 3120 496 9729 534 18478 4286 14393 15338 7691 17003 8389 17316 17468 9790 7654 13515 16334 1923 15259 6050 8031 16548 8171 11067 10419 12586 5306 9933 17944 10411 10630 17775 11793 10256 11699 11228 9614 6250 16467 16473 14916 17639 104 90 13388 13428 136 91 16363 340 18432 17299 14184 8051 13890 10367 13733 3259 18472 13784 15832 17769 15756 15739 180 147 11890 17778 392 17328 16097 18396 494 2445 6556 5392 15749 18345 6650 2784 18145 183 14411 13844 17250 18448]
start 5 psup 3 p 5 m 4 [18213 408 15006 487 16667 159 18361 337 14819 339 13946 372 17519 190 14130 326 15209 364 17556 428 14092 18344]
start 15 psup 3 p 2 m 0 [13096 475 10761 561 11682 41 16714 515 18213 408 18437 18467 18472 13784 17769 17778 392 13747 203 148 14794 13882 2296 17328 6475 3265 16097 5032 2686 8804 2504 12526 12764 18396 494 2445 6556 5392 15749 17954 6244 17052 9136 14598 15047 11783 1376 5524 7455 14085 12080 17953 17774 264 10941 18123 8089 246 7632 18261 2710 13660 4007 5349 3986 12249 17832 7468 16155 12618 16320 323 3892 10224 17783 6481 1801 165 4860 1920 14256 17290 825 6804 15298 6363 3715 8176 10052 6938 12964 4496 8156 10155 3165 8947 16994 169 1054 11787 12834 3822 18092 8576 17113 1610 2537 12083 11557 5730 3726 10058 10099 3870 1478 14747 16545 9132 5967 1873 9494 8534 15015 15205 9008 15905 4463 4528 4580 175 13271 7329 16789 8056 17658 4484 16432 11654 18443 14491 1691 835 1601 17865 14911 6332 17040 9949 8993 3056 205 9361 9676 9906 4550 8165 18316 7766 18353 11009 1962 13528 3161 8565 3839 3861 9615 7495 18262 14493 11926 18270 15110 552]
start 12 psup 3 p 3 m 2 [11479 290 1 18213 408 15006 487 16667 159 14920 172 4161 197 15625 412 15716 417 7946 460 3120 496 9729 534 18361 337 14819 339 13946 372 17519 190 14130 326 15209 364 17556 428 14092 563 18344]
start 9 psup 4 p 3 m 2 [18213 408 18361 337 14819 339 13946 372 17519 190 14130 326 15209 364 17556 428 14092 563 18344]
start 3 psup 3 p 6 m 2 [17603 558 5103 103 9439 319 18213 408 18472 13784 17769 17778 13747 14794 18396 494 6556 15749 17954 17052 9136 9749 14598 15047 17953 18123 8089]
start 10 psup 4 p 3 m 0 [11479 290 1 18213 408 15006 487 16667 159 15625 412 15716 417 7946 460]
start 10 psup 3 p 4 m 1 [11479 290 1 18213 408 15006 487 16667 159 15625 412 15716 417 7946 460 3120 496 9729 534 18478 4286 14393 15338 7691 17003 8389 17316 17468 9790 7654 13515 16334 1923 15259 6050 8031 16083 16548 8171 11067 10419 12586 5306 9933 17944 10411 10630 7439 10247 17775 11793 10256 11699 11228 9614 6250 16467 16473 14916 17639 104 90 13388 13428 136 91 16363 340 3713 15917 14842 490 12635 532 9385 17246 452 18432 17299 14184 8051 13890 10367 13733 3259 18472 13784 15832 13685 468 12230 16767 5315 12817 6587 12940 14579 8485 2882 6407 12695 381 16722 16119 17769 15756 15739 180 147 11890 17778 392 17328 16097 18396 494 2445 6556 5392 15749 18345 6650 2784 18145 183 14411 13844 17250 18448]
start 15 psup 4 p 2 m 0 [13096 475 10761 561 11682 41 16714 515 18213 408]
start 14 psup 3 p 3 m 1 [13096 475 10761 561 11682 41 16714 515 18213 408 18219 261 11774 273 17955 383 15395 17370 18344 3857 556 15282 117 9931 388 9600 5317 16381 17071 498 10876 249 6294 314 13301 317 11380 370 7342 423 16706 13557 699 15524 245 2265 18437]
start 2 psup 3 p 7 m 1 [18213 408 18361 337 14819 339 13946 372 8488 438 17519 190 14130 326 15209 364 17556 428 14092 18344 18382 4042 466 5428 489 15824 568 18435]
start 12 psup 4 p 3 m 2 [11479 290 1 18213 408 15006 487 16667 159 14920 172 4161 197 15625 412 15716 417 7946 460 3120 496 9729 534]
start 12 psup 3 p 4 m 3 [13096 475 10761 561 11682 41 18213 408]
start 9 psup 3 p 5 m 3 [16714 515 18213 408]
start 19 psup 3 p 2 m 0 [11479 290 1 13096 475 10761 561 11618 25 11682 41 15161 82 15465 247 15699 254 6806 385 18213 408 15006 487 11403 519 16667 159 14920 172 4161 197 4192 287 7935 292 12331 333 15625 412 15716 417 7946 460 12037 274 12199 283 18460 298 18067 6652 210 15219 16973 5418 127 60 14900 18382 431 4042 466 5428 489 15824 568 11413 5364 2759 18253 3973 8242 7170 4637 5518 4983 8459 4322 14270 2469 16377 17087 7653 7083 1433 17558 18305 3072 17583 8609 12498 4794 16222 2158 8571 6575 1811 8229 17063 10613 2895 17701 129 65 12477 463 8341 15080 9176 18435 146 71 3535 12173 1565 9669 12862 5946 362 11752 9366 18015 17895 12975 14262 14195 537 14253 517 602 540 14993 321 75 1542 386 2651 76]
start 15 psup 5 p 2 m 0 [13096 475 10761 561 11682 41 18213 408]
start 10 psup 5 p 3 m 0 [18213 408 15006 487 16667 159 15625 412 15716 417 7946 460]
start 11 psup 5 p 3 m 1 [13096 475 10761 561 11682 41 18213 408]
start 14 psup 3 p 4 m 1 [18213 408 15006 487 16667 159 14920 172 4161 197 15625 412 15716 417 7946 460 3120 496 9729 534 18478 4286 14393 15338 7691 17003 8389 17316 17468 9790 7654 13515 16334 1923 15259 6050 8031 16083 16548 8171 11067 10419 12586 5306 9933 17944 10411 10630 7439 10247 17775 11793 10256 11699 11228 9614 6250 16467 16473 14916 17639 104 90 13388 13428 136 16363 340 3713 15917 14842 490 18432 17299 18472 13784 15832 13685 468 12230 16767 5315 12817 6587 12940 14579 8485 2882 6407 12695 381 16722 16119 17769 15756 15739 180 147 11890 17778 392 17328 18396 494 2445 6556 5392 15749 18345 6650 2784 18145 183 14411 13844 17250 18448]
start 10 psup 4 p 4 m 1 [18213 408 15006 487 16667 159 15625 412 15716 417 7946 460 3120 496 9729 534 18478 4286 14393 15338 7691 17003 8389 17316 17468 9790 7654 13515 16334 1923 15259 6050 8031 16083 16548 8171 11067 10419 12586 5306 9933 17944 10411 10630 7439 10247 17775 11793 10256 11699 11228 9614 6250 16467 16473 14916 17639 104 90 13388 13428 136 16363 340 3713 15917 14842 490 18432 17299 18472 13784 15832 13685 468 12230 16767 5315 12817 6587 12940 14579 8485 2882 6407 12695 381 16722 16119 17769 15756 15739 180 147 11890 17778 392 17328 18396 494 2445 6556 5392 15749 18345 6650 2784 18145 183 14411 13844 17250 18448]
start 11 psup 3 p 5 m 0 [11479 290 1 13096 475 10761 561 7164 22 2 11618 25 11682 41 10425 79 15161 82 15699 254 18213 408 10277 446 4403 470 15006 487 16667 159 15625 412 15716 417 7946 460 3120 496 9729 534 8097 228 12037 274 16045 303 13850 414 5089 462 15833 19 8 9809 33 2830 157 17160 98 9 15307 7663 219 14046 312 16274 529 12456 143 10 18478 4286 14393 15338 7691 17003 8389 17316 17468 9790 962 7654 13515 16334 1923 15259 6050 8031 16548 8171 11067 10419 12586 5306 9933 17944 10411 10630 14354 15455 17775 10551 10220 11793 10256 11699 11228 9614 6250 15859 14942 16467 16473 14916 17639 104 90 13388 13428 136 91 16363 340 18282 555 4551 557 7921 15299 13701 18405 7394 15519 18432 17299 14184 8051 13890 10367 6432 13733 3259 2028 5464 8941 17206 484 18395 15898 13107 18472 13784 14162 15832 17769 15756 15739 180 147 11890 270 8590 346 17778 392 18396 494 2445 6556 5392 7189 15749 15462 1071 16269 18057 9275 15853 472 15310 18345 6650 2784 18145 183 14411 13844 17250 14587 6616 7411 18269 3163 15647 531 17715 17965 13912 18359 14681 8919 12148 5601 11125 10189 13433 13029 8401 17230 17425 6961 10804 10198 13404 11030 18353 11009 1962 1216 4167 13528 3161 8565 3839 9615 18270 15110 552 18448 1779 9283 3585 6742 16024 17672 2593 9972 2688 6980 12265 3566 6167 14244 15379 17667 15718 2348 11631 11801 7724 14823 17734 16386 16869 18004 6476 2733 15753 16459 17526 6598 5159 12572 3086 13826 15945 16934 16120 701 3149 9772 17353 478 16707 2451 5949 12649 16633 9296 9073 4087 12881 644 12662 17222 16967 236 15871]
start 5 psup 3 p 7 m 4 [18213 408 15006 487 16667 159 14920 172 4161 197]
start 2 psup 3 p 8 m 1 [18213 408 10277 446 4403 470 15006 487 7485 108 4 9724 301 17989 571 16486 227 11 10268 234 10934 285 12092 376 17158 434 6270 573 12551 12081 506 4569 549 15531 99 13 9673 166 14315 421 14407 535 1773 14 16618 193 3121 17528 410 17788 24 15 8717 26 1518 64 7569 83 18361 337 14819 339 13946 372 2832 387 8488 438 16921 507 12679 516 8555 527 1817 575 8368 584 6553 139 16 17519 190 14130 326 15209 364 8255 10349 11121 117 14976 7143 247 10676 304 4923 322 4383 388 17556 428 14092 5178 50 20 18344 18275 3781 102 30 18152 152 17071 498 10876 6294 11380 7342 423 7270 199 32 5189 332 1452 393 8011 16706 8291 18298 3179 10963 8908 2818 16976 9160 11559 17360 9528 16687 4809 6234 12311 939 10492 13806 3877 14620 2521 313 9755 341 4405 366 12756 11256 458 3692 17738 44 16644 310 12345 422 13712 3186 17282 17861 7919 10872 2881 17722 171 46 9808 255 8041 278 13193 294 10993 316 5645 320 8669 374 13757 409 11361 427 15723 440 4849 469 3854 500 2345 522 17365 7693 222 9313 6688 16092 10396 378 3148 418 6922 510 9292 48 6231 49 6036 158 15441 13674 16171 17739 357 6569 380 5417 7234 81 54 14109 450 7803 553 12203 17932 57 8417 18326 16088 2312 281 58 18067 18382 431 4042 466 5428 489 15824 568 11413 2417 5364 2759 18305 3072 17583 8609 12263 12498 4794 14757 13363 11754 1147 12570 16222 2158 8571 6575 1811 8229 17063 10613 2895 17701 8903 12477 8341 15080 17447 1496 67 5599 564 13080 9442 8122 14822 3402 277 5331 10397 3435 548 5333 9019 8079 12447 11443 6615 14231 15232 368 4793 3370 18435 3535 18026 359 12715 373 18478 4286 14393 4366 15338 7691 17003 8389 17316 16678 11773 13699 12160 1226 16325 11258 3524 17468 9790 7654 13515 16334 1923 15259 6050 7073 2534 8031 16083 16548 8171 7497 11067 10419 12586 5306 9933 7664 5149 6545 6659 17944 10411 10630 7439 9604 9056 10247 1186 17775 10551 10220 11793 10256 11699 11228 9614 6250 2771 16467 16473 14916 17271 2894 11460 8617 13211 17639 104 90 13388 13428 136 91 16363 340 92 3713 15917 14842 490 12635 532 5782 9385 17246 452 18432 17299 18434 7388 191 16319 5622 8687 12777 7312 17927 2142 11458 4893 3390 857 3108 15959 18414 8493 5983 18422 13422 1623 18037 8753 11231 2543 8146 17776 266 4461 447 3769 13381 8520 7223 18472 13784 15832 17769 15756 15739 180 147 11890 270 8590 346 17778 392 9375 514 2487 12451 2808 3172 17328 18396 494 2445 6556 5392 7189 15749 15462 1071 16269 15047 11783 7455 7506 1271 17774 264 2674 486 8430 3539 11613 3095 9195 1535 11492 211 8089 246 7632 18057 8448 18092 8576 18233 308 14667 15905 14279 419 6320 433 15424 509 16645 18345 6650 2784 16017 179 14475 18145 183 14411 324 13844 2012 17250 18359 14681 8919 7172 12148 5601 11125 10189 13433 10867 3838 8545 13029 17425 6961 10804 10198 13404 11030 7766 18353 11009 1962 1216 4167 13528 3161 8565 7767 7565 3861 6930 7361 9615 1775 8209 14493 18270 212 15110 552]
start 19 psup 4 p 2 m 0 [18213 408 16667 159 14920 172 4161 197 12331 333 15625 412]
start 18 psup 3 p 3 m 2 [18213 408 10277 446 4403 470 15006 487 16667 159 14920 172 4161 197 15625 412 15716 417 7946 460 3120 496 9729 534 16045 303 13850 414 5089 462 15833 19 8 9809 33 2830 157 17160 98 9 15307 7663 219 16274 529 12456 143 10 18478 4286 14393 15338 7691 17003 8389 17316 17468 9790 7654 13515 16334 1923 15259 6050 8031 16083 16548 8171 11067 10419 12586 5306 9933 17944 10411 10630 7439 10247 1186 17775 10551 10220 11793 10256 11699 11228 9614 6250 16467 16473 14916 17639 104 90 13388 13428 16363 340 3713 15917 14842 490 12635 532 9385 17246 452 18432 17299 18472 13784 15832 17769 15756 15739 180 147 11890 270 8590 346 17778 392 18396 494 2445 6556 5392 7189 15749 15462 1071 16269 196 156 18057 18345 6650 2784]
start 12 psup 5 p 3 m 2 [18213 408 15006 487 16667 159 14920 172 4161 197 15625 412 15716 417 7946 460 3120 496 9729 534]
start 11 psup 4 p 4 m 2 [11479 290 1 13096 475 10761 561 11618 25 11682 41 15161 82 15699 254 18213 408 15006 487 11403 519 16667 159 14920 172 4161 197 4192 287 7935 292 12331 333 15625 412 15716 417 7946 460 12037 12199 283 18460 298 18067 6652 210 15219 16973 5418 14900 18382 431 4042 466 5428 489 15824 568 11413 18253 8242 8459 14270 2469 17558 18305 3072 17583 8609 16222 17701 129 65 12477 463 15080 9176 18435 146 71 3535 12173 1565 9669 12862 5946 362 11752 9366 18015 17895 12975 14993 321 75 1542 386 2651 76]
start 9 psup 3 p 6 m 2 [16714 515 18213 408]
start 22 psup 3 p 2 m 1 [18213 408 18382 4042 466 5428 489 15824 568 11413 5364 18253 3973 16377 18435]
start 19 psup 3 p 3 m 0 [18213 408 16667 159 14920 172 4161 197 15625 412]
start 10 psup 6 p 3 m 0 [18213 408 16667 159 15625 412]
start 13 psup 3 p 5 m 2 [11479 290 1 17264 404 1070 448 7117 464 8360 497 18213 408 10277 446 4403 470 15006 487 16667 159 14920 172 4161 197 15625 412 15716 417 7946 460 3120 496 9729 534 16045 303 13850 414 5089 462 15833 19 8 9809 33 2830 157 17160 98 9 15307 7663 219 16274 529 12456 143 10 14763 439 17989 571 16486 227 11 10268 234 10934 285 12092 376 17528 410 15105 451 17788 24 15 8717 26 18361 337 14819 339 13946 372 2832 387 8488 438 16921 507 12679 516 8555 527 1817 575 8368 584 6553 139 16 4858 550 2943 95 17 4570 130 17519 190 14130 326 15209 364 8255 10349 17556 428 14092 563 18344 18275 18152 152 9931 17071 498 10876 249 31 6294 314 16706 8291 18478 4286 14393 15338 7691 17003 8389 17316 17468 9790 7654 13515 16334 1923 15259 6050 8031 16083 16548 8171 11067 10419 12586 5306 9933 17944 10411 10630 7439 10247 1186 17775 10551 10220 11793 10256 11699 11228 9614 6250 16467 16473 14916 17639 104 90 13388 13428 136 91 16363 340 3713 15917 14842 490 12635 532 9385 13776 9072 429 17246 452 18282 555 4551 557 7921 15299 18472 13784 15832 13685 468 12230 16767 5315 4895 297 3586 12817 6587 12940 14579 8485 2882 6407 4800 145 12695 381 16722 16119 17769 15756 15739 180 147 11890 270 8590 346 17778 392 17328 16097 18396 494 2445 6556 5392 7189 15749 15462 1071 16269 196 156 18057 8448 2217 8119 9275 15853 472 4070 15310 18345 6650 2784 18145 183 14411 13844 17250 14587 6616 7411 18269 3163 17715 15889 11856 13591 15851 7414 13686 18359 14681 8919 7172 12148 5601 11125 10189 13433 10867 3838 8545 13029 8401 17425 6961 10804 10198 13404 11030 7766 18353 11009 1962 1216 4167 13528 3161 8565 9615 1775 8209 18270 212 15110 552 18448 1779 9283 3585 6742 16024 17672 2593]
start 10 psup 3 p 6 m 3 [18213 408 10277 446 4403 470 15006 487 7485 108 4 9724 301 5815 454 12156 370 5 4674 435 11908 524 5275 37 6 9595 61 2118 62 16667 159 14986 338 15625 412 15716 417 7946 460 3120 496 9729 534 16045 303 13850 414 5089 462 15833 19 8 9809 33 2830 157 17160 98 9 15307 126 7663 219 16274 529 12456 143 10 14763 439 17989 571 16486 227 11 10268 234 10934 285 12092 376 17158 434 6270 573 15531 99 9673 166 14315 421 14407 535 16618 193 3121 17528 410 17788 24 15 8717 26 18361 337 14819 339 13946 372 2832 387 8488 438 16921 507 12679 516 8555 527 1817 575 8368 584 6553 139 16 17519 190 14130 326 15209 364 8255 10349 11121 117 14976 7143 247 10676 304 4923 322 4383 388 17556 428 14092 563 18344 18275 3781 102 30 18152 152 17071 498 10876 249 31 6294 314 11380 7342 423 7270 199 32 5189 332 1452 393 8011 16706 8291 18298 16976 9160 11559 17360 9528 16687 4809 12311 939 10492 13806 3877 14620 2521 313 9755 341 4405 366 12756 11256 458 3692 481 17738 16644 310 12345 422 13712 3186 17282 17861 7919 10872 492 2881 17722 171 46 9808 255 8041 278 13193 294 10993 316 5645 320 8669 374 13757 409 11361 427 15723 440 4849 469 3854 500 2345 522 14672 582 17365 7693 222 9313 6688 16092 10396 378 3148 418 6922 510 9292 48 6231 49 6036 158 16171 17739 357 6569 380 5417 7234 81 54 14109 450 7803 553 12203 17238 16022 10455 11635 4695 7109 109 17932 57 8417 18326 16088 2312 281 58 18067 59 6652 210 18382 431 4042 466 5428 489 15824 568 11413 2417 5364 2759 18305 3072 17583 8609 12263 12498 4794 14757 13363 11754 1147 12570 16222 2158 8571 6575 1811 8229 17063 10613 2895 17701 8903 12477 8341 14946 14919 15080 17447 13080 9442 8122 14822 3402 277 889 5331 10397 3435 548 5333 9019 18435 3535 1565 72 9669 11752 9366 13018 73 4835 12975 394 14195 537 13779 6047 10055 14253 602 540 14993 321 18026 359 12715 373 12248 425 11949 499 6132 519 14934 533 15861 546 12022 581 15360 238 78 9779 518 10851 5295 1539 2889 3243 17225 4143 18478 4286 14393 15338 7691 17003 8389 17316 16678 11773 13699 12160 1226 16325 11258 3524 17468 9790 962 7654 13515 16334 1923 15259 6050 7073 2534 8031 16083 16548 8171 11067 10419 12586 5306 9933 7664 5149 6545 6659 17944 10411 10630 14354 15455 17775 10551 10220 11793 10256 11699 11228 9614 6250 2771 16467 16473 14916 17639 104 90 13388 13428 136 16363 340 18282 555 4551 557 7921 18432 17299 18434 7388 191 16319 5622 8687 12777 7312 17927 2142 11458 4893 3390 3108 15959 16791 3604 16538 18414 8493 5983 12924 18422 13422 1623 18037 8753 11231 2543 8146 17776 266 4461 447 3769 13381 18472 13784 15832 17769 15756 15739 180 147 11890 270 8590 346 17778 392 9375 514 2487 12451 2808 3172 9016 7777 562 5335 17328 18396 494 2445 6556 5392 7189 15749 15462 1071 16269 15047 11783 7455 7506 1271 17774 264 2674 486 8430 11613 3095 9195 1535 11492 211 8089 246 7632 18057 8448 18092 18233 308 14667 15905 14279 419 6320 433 15424 509 16645 17376 566 4580 175 16513 443 176 15974 14352 15156 16356 14619 17658 4484 6649 13631 1748 18345 6650 2784 16017 179 14475 18145 183 14411 13844 2012 17250 18359 14681 8919 7172 12148 5601 11125 10189 13433 10867 3838 8545 13029 8401 17425 6961 10804 10198 13404 11030 7766 18353 11009 1962 1216 4167 13528 3161 8565 7767 7565 3861 6930 7361 9615 1775 8209 14493 18270 15110 552 18448 1779 9283 3585 6742 16024 17672 2593 18447 4606 5039 8761 18342 10324 12473 3068 3038 1252 11394 13386 3863 1874 16828 2742 467 3430 2917 2280 13498 12419 17488 1421 5582 9069 3970 10894 10578 3636 13400 12978 17867 6135 11055 7836 12460 16621 3017 449 1852 7986 10689 16384 6025 11427 3043 9602 3250 700 14777 12913 13820 1108 18115 15658 5224 14463 15003 16261 12605 12443 16604 7817 1328 17551 15535 12354 16000 16991 10708 16063 11094 914 13556 875 10845 5347 18074 7948 18097 14296 14967 16066 10212 17564 5009 17809 10153 7070 730 18296 1909 4396 3853 18425 10842 16485 11954 13122 7153 16461 2693 10002 2758 395 17796 11260 9748 734 10036 7490 15461 16657 15056 1388 10955 12259 18228 6541 18105 4513 17036 10051 15713 8487 2647 17051 15575 12585 11529 17714 2714 17093 1102 2708 7990 878 17798 681 18051 15266 2314 8752 18366 4088 14700 15952 1672 17941 13858 1546 15894 16591 1373 5754 11044 15928 14718 5248 17640 3684 10995 16564 6534 7838 13399 9859 3083 14168 6208 1860 4881 12094 14361 14191 8370 11320 16693 12654 5663 9066 2745 8812 16121 13470 640 4930 14027 14234 8223 12748 10080 18392 5336 9925 3754 13713 11886 5451 9326 2901 18226 12367 11500 9942 17151 13870 8236 15615 16814 1921 1238 10529 18381 15128 16637 4376 14833 7063 8461 8201 12136 15660 12878 14987 6805 13752 15656 17015 4778 18200 17880 18089 11845 18324 1227 4700 12812 16862 14710 3978 6188 9026 15572 6174 5084 17702 2828 17811 4718 7200 11994 9087 4816 8440 1135 6592 959 14035 14808 17307 1272 16353 12757 17874 16511 6999 11208 9509 15540 15488 4748 10748 9144 17452 7659 4844 9229 6665 12178 6385 7441 6739 10971 15523 15891 6566 17078 3305 11273 16806 14308 7707 13737 7553 13835 13354 6924 13417 4479 10387 10563 17678 12144 13717 8214 18375 11327 17543 9656 16109 13605 14653 18220 5528 14140 13506 17142 8257 13563 17596 10553 6544 18242 14153 10466 18347 14694 17523 3569 12627 11266 1064 2415 3445 18263 14836 6896 7793 18439 2112 6079 7103 7928 6865 17418 3496 11255 18139 5443 7604 11570 3959 12204 13572 13867 5276 10847 1196 17868 15477 7136 995 15810 8288 17630 17287 7725 17169 4759 16702 10794 7816 8766 17227 18318 6026 8034 648 12922 10201 7409 14998 15691 10597 13447 16594 4226 15641 8806 3924 15065 16654 6948 17465 15066 3972 15896 15684 17831 1283 4028 17801 1288 8880 1270 15537 11118 9290 12104 11039 16840 9810 9248 13916 18307 17356 10650 7398 11608 4686 3472 10979 15384 4540 7150 15339 3092 8898 5591 10157 15432 1947 6480 3653 10970 14266 15541 18436 16426 3517 17382 4104 11391 10158 11362 8546 11360 6137 15285 4471 17847 3806 12164 10552 16316 1112 17570 9858 9514 3360 12492 17397 18223 13604 833 7628 5564 15346 4013 18309 9756 17179 17012 14631 14418 12781 10290 16306 6917 13392 2124 11469 6898 11728 2680 3848 10827 8871 4515 11368 14406 15510 17654 8944 5629 2622 4291 8937 16310 11132 16576 15071 18054 16984 3191 4771 6395 18380 17336 15534 9473 12763 18186 12157 1133 17711 10654 8813 4365 3195 9107 8252 10447 5589 10878 10981 17277 11777 17909 12258 12870 13347 11838 11387 9165 16816 2921 11704 8894 8295 8303 7621 3269 17646 8140 9329 8521 7272 14705 2874 13939 15275 6442 6438 5752 12412 3597 10175 6181 5322 11222 6361 9381 5069 17735 12069 4666 7399 12474 16952 5631 6301 13393 15543 12479 4710 9633 9555 3055 13551 11012 17816 4827 3595 5765 9716 18134 10120 14011 8796 1044 18079]
start 1 psup 3 p 9 m 0 [11479 290 1 18213 408 15006 487 16667 159 15625 412 15716 417 7946 460]
start 19 psup 5 p 2 m 0 [18213 408 16667 159 15625 412]
start 17 psup 3 p 4 m 0 [16714 515 18213 408 15971 536 5275 37 6]
start 14 psup 3 p 5 m 3 [18213 408 15006 487 16667 159 14920 172 4161 197 15625 412 15716 417 7946 460]
start 5 psup 3 p 8 m 4 [18213 408 10277 446 15006 487 16667 159 14920 172 4161 197 18478 4286 14393 15338 7691 17003 8389 17316 17468 9790 7654 13515 16334 1923 15259 6050 8031 16083 16548 8171 11067 10419 12586 5306 9933 17944 10411 10630 7439 10247 1186 17775 10551 10220 11793 10256 11699 11228 9614 6250 16467 16473 14916 17639 104 90 13388 13428 136 16363 340 3713 15917 14842 490 12635 532 9385 17246 452 18432 17299 18472 13784 15832 17769 15756 15739 180 147 11890 270 8590 346 17778 392 18396 2445 6556 5392 7189 15749 15462 1071 16269 196 156 18057 18345 6650 2784 18145 17250 18359 14681 8919 7172 12148 5601 11125 10189 13433 10867 3838 8545 13029 8401 17425 6961 10804 10198 13404 11030 18353 11009 1962 1216 4167 13528 3161 8565 9615 18270 15110 552]
start 21 psup 3 p 3 m 2 [18213 408 10277 446 4403 470 15006 487 16667 159 15625 412 15716 417 7946 460 3120 496 9729 534 16045 303 13850 414 5089 462 15833 19 8 9809 33 2830 157 18478 4286 14393 15338 7691 17003 8389 17316 17468 9790 962 7654 13515 16334 1923 15259 6050 8031 16083 16548 8171 11067 10419 12586 5306 9933 17944 10411 10630 7439 10247 17775 10551 10220 11793 10256 11699 11228 9614 6250 16467 16473 14916 17639 104 90 13388 13428 16363 340 3713 15917 14842 490 12635 532 9385 17246 452 18432 17299 18472 13784 15832 17769 15756 15739 180 147 11890 270 8590 346 17778 392 18396 494 2445 6556 5392 7189 15749 15462 1071 16269 18057 18345 6650 2784]
start 18 psup 4 p 3 m 2 [18213 408 10277 446 4403 470 15006 487 16667 159 15625 412 15716 417 7946 460 3120 496 9729 534 16045 303 13850 414 5089 462 15833 19 8 9809 33 2830 157 18478 4286 14393 15338 7691 17003 8389 17316 17468 9790 7654 13515 16334 1923 15259 6050 8031 16083 16548 8171 11067 10419 12586 5306 9933 17944 10411 10630 7439 10247 17775 10551 10220 11793 10256 11699 11228 9614 6250 16467 16473 14916 17639 104 90 13388 13428 16363 340 3713 15917 14842 490 12635 532 9385 17246 452 18432 17299 18472 13784 15832 17769 15756 15739 180 147 11890 270 8590 346 17778 392 18396 494 2445 6556 5392 7189 15749 15462 1071 16269 18057 18345 6650 2784]
start 18 psup 3 p 4 m 1 [18213 408 18382 4042 466 5428 489 15824 568 11413 5364 18253 3973 16377 18435]
start 15 psup 3 p 5 m 4 [16714 515 17603 558 5103 103 9439 319 3468 359 18213 408 18467 18472 13784 17769 17778 392 13747 14794 13882 18396 494 2445 6556 5392 15749 17954 17052 9136 557 9749 14598 15047 11783 17953 17774 10941 17600 18123 8089 7632 18261 2710 13660]
start 12 psup 3 p 6 m 5 [18213 408 10277 446 4403 470 15006 487 16667 159 14920 172 4161 197 14986 338 15625 412 15716 417 7946 460 3120 496 9729 534 14100 558 8097 228 7 12037 274 16045 303 13850 414 5089 462 15833 19 8 9809 33 2830 157 18361 337 14819 339 13946 372 2832 387 8488 438 16921 507 12679 516 8555 527 1817 575 8368 584 6553 139 16 4858 550 2943 95 17 4570 130 17519 190 14130 326 15209 364 8255 10349 17556 428 14092 18344 18275 18152 152 17071 498 10876 249 31 6294 314 11380 7342 423 7270 199 32 5189 332 1452 393 8011 16706 8291 18478 4286 14393 15338 7691 17003 8389 17316 17468 9790 7654 13515 16334 1923 15259 6050 8031 16548 8171 11067 10419 12586 5306 9933 17944 10411 10630 17775 10551 10220 11793 10256 11699 11228 9614 6250 16467 16473 14916 17639 104 90 13388 13428 16363 340 3713 15917 14842 490 12635 532 5782 9385 17246 452 18432 17299 18434 7388 16319 17927 2142 11458 4893 3390 3108 15959 18422 13422 18037 8753 11231 2543 17776 266 4461 447 3769 13381 18472 13784 15832 17769 15756 15739 180 147 11890 270 8590 346 17778 392 9375 514 2487 17328 18396 494 2445 6556 5392 7189 15749 15462 1071 16269 18057 8448 18092 8576 17113 1610 2537 12083 5730 3726 10058 16545 9132 5967 1873 9494 8534 15015 15205 9008 12844 12320 251 18345 6650 2784]
start 1 psup 15 p 2 m 0 [18213 408]
start 2 psup 15 p 2 m 1 [18213 408]
start 1 psup 10 p 3 m 0 [18213 408]
start 2 psup 10 p 3 m 1 [18213 408]
start 24 psup 3 p 3 m 2 [18213 408 15006 487 16667 159 15625 412 15716 417 7946 460 3120 496 9729 534 16045 303 13850 414 5089 462 15833 19 8 9809 33 2830 157 18361 337 14819 339 13946 372 8488 438 16921 507 12679 516 8555 527 1817 575 8368 584 6553 139 16 4858 550 2943 95 17 4570 130 17519 190 14130 326 15209 364 8255 10349 17556 428 14092 18344 18478 4286 14393 15338 7691 17003 8389 17316 17468 9790 962 7654 13515 16334 1923 15259 6050 8031 16083 16548 8171 11067 10419 12586 5306 9933 17944 10411 10630 7439 10247 17775 10551 10220 11793 10256 11699 11228 9614 6250 16467 16473 14916 17639 104 90 13388 13428 16363 340 3713 15917 14842 490 12635 532 9385 17246 452 18432 17299 18472 13784 15832 17769 15756 15739 180 147 11890 270 17778 392 18396 494 2445 6556 5392 15749 15462 18345 6650 2784]
start 21 psup 4 p 3 m 2 [18213 408 15006 487 16667 159 15625 412 15716 417 7946 460 3120 496 9729 534 16045 303 13850 414 5089 462 15833 19 8 9809 33 2830 157 18478 4286 14393 15338 7691 17003 8389 17316 17468 9790 962 7654 13515 16334 1923 15259 6050 8031 16083 16548 8171 11067 10419 12586 5306 9933 17944 10411 10630 7439 10247 17775 10551 10220 11793 10256 11699 11228 9614 6250 16467 16473 14916 17639 104 90 13388 13428 16363 340 3713 15917 14842 490 12635 532 9385 17246 452 18432 17299 18472 13784 15832 17769 15756 15739 180 147 11890 270 17778 392 18396 494 2445 6556 5392 15749 15462 18345 6650 2784]
start 18 psup 5 p 3 m 2 [18213 408 15006 487 16667 159 15625 412 15716 417 7946 460 3120 496 9729 534 16045 303 13850 414 5089 462 15833 19 8 9809 33 2830 157 18478 4286 14393 15338 7691 17003 8389 17316 17468 9790 7654 13515 16334 1923 15259 6050 8031 16083 16548 8171 11067 10419 12586 5306 9933 17944 10411 10630 7439 10247 17775 10551 10220 11793 10256 11699 11228 9614 6250 16467 16473 14916 17639 104 90 13388 13428 16363 340 3713 15917 14842 490 12635 532 9385 17246 452 18432 17299 18472 13784 15832 17769 15756 15739 180 147 11890 270 17778 392 18396 494 2445 6556 5392 15749 15462 18345 6650 2784]
start 12 psup 7 p 3 m 2 [18213 408 15006 487 16667 159 15625 412 15716 417 7946 460 3120 496 9729 534]
start 3 psup 10 p 3 m 2 [18213 408]
start 17 psup 4 p 4 m 0 [18213 408 15971 536 5275 37 6]
start 19 psup 3 p 4 m 2 [11479 290 1 13096 475 10761 561 11618 25 11682 41 15161 82 15699 254 18213 408 15006 487 16667 159 15625 412 15716 417 7946 460 12037 274]
start 11 psup 5 p 4 m 2 [11479 290 1 13096 475 10761 561 11618 25 11682 41 15161 82 15699 254 18213 408 15006 487 16667 159 15625 412 15716 417 7946 460 12037]
start 1 psup 6 p 5 m 0 [18213 408]
start 2 psup 6 p 5 m 1 [18213 408]
start 3 psup 6 p 5 m 2 [18213 408]
start 4 psup 6 p 5 m 3 [18213 408]
start 5 psup 6 p 5 m 4 [18213 408]
start 13 psup 3 p 6 m 0 [18213 408 16667 159 14920 172 4161 197 12331 333 15625 412]
start 14 psup 3 p 6 m 1 [16714 515 18213 408 18219 261 11774 273 17955 383 15395 17370]
start 15 psup 3 p 6 m 2 [11479 290 1 13096 475 10761 561 11618 25 11682 41 15161 82 15699 254 18213 408 15006 487 16667 159 15625 412 15716 417 7946 460 3120 496 9729 534 8097 228 12037]
start 18 psup 3 p 6 m 5 [18213 408 15006 487 16667 159 14920 172 4161 197 15625 412 15716 417 7946 460 3120 496 9729 534 16045 303 13850 414 5089 462 15833 19 8 9809 33 2830 157 17989 571 16486 227 11 12092 376 17528 410 17788 24 15 18361 337 14819 339 13946 372 8488 438 16921 507 12679 516 8555 527 1817 575 8368 584 6553 139 16 4858 550 2943 95 17 4570 130 17519 190 14130 326 15209 364 8255 10349 17556 428 14092 18344 18478 4286 14393 15338 7691 17003 8389 17316 17468 9790 7654 13515 16334 1923 15259 6050 8031 16083 16548 8171 11067 10419 12586 5306 9933 17944 10411 10630 7439 10247 1186 17775 10551 10220 11793 10256 11699 11228 9614 6250 16467 16473 14916 17639 104 90 13388 13428 16363 340 3713 15917 14842 490 12635 532 9385 17246 452 18432 17299 18472 13784 15832 17769 15756 15739 180 147 11890 270 17778 392 18396 494 2445 6556 5392 15749 15462 18345 6650 2784]
start 12 psup 4 p 6 m 5 [18213 408 15006 487 16667 159 14920 172 4161 197 15625 412 15716 417 7946 460 3120 496 9729 534 16045 303 13850 414 5089 462 15833 19 8 9809 33 2830 157 18361 337 14819 339 13946 372 8488 438 16921 507 12679 516 8555 527 1817 575 8368 584 6553 139 16 4858 550 2943 95 17 4570 130 17519 190 14130 326 15209 364 8255 10349 17556 428 14092 18344 18478 4286 14393 15338 7691 17003 8389 17316 17468 9790 7654 13515 16334 1923 15259 6050 8031 16548 8171 11067 10419 12586 5306 9933 17944 10411 10630 17775 10551 10220 11793 10256 11699 11228 9614 6250 16467 16473 14916 17639 104 90 13388 13428 16363 340 3713 15917 14842 490 12635 532 9385 17246 452 18432 17299 18472 13784 15832 17769 15756 15739 180 147 11890 270 17778 392 18396 494 2445 6556 5392 15749 15462 18345 6650 2784]
start 1 psup 5 p 7 m 0 [18213 408]
start 16 psup 3 p 7 m 1 [11479 290 1 13096 475 10761 561 7164 22 2 11618 25 11682 41 10425 79 15161 82 15699 254 17264 404 1070 448 7117 464 8360 497 16714 515 2460 96 3 5103 103 2575 202 9439 319 16672 365 18213 408 15006 487 16667 159 15625 412 15716 417 7946 460 3120 496 9729 534 8097 228 12037 274 16045 303 13850 414 5089 462 15833 19 8 9809 33 2830 157 17989 571 16486 227 11 12092 376 17528 410 15105 451 17788 24 15 17760 42 1518 64 7569 83 10544 178 18361 337 14819 339 13946 372 8488 438 16921 507 12679 516 8555 527 1817 575 8368 584 6553 139 16 4858 550 2943 95 17 4570 130 17519 190 14130 326 15209 364 8255 10349 17556 428 14092 563 18219 261 20 11774 273 10417 342 6533 16068 369 8232 551 5423 6342 13074 15734 1350 7901 9403 5678 480 15386 6694 214 23 13123 465 14275 3078 6967 4931 17770 207 7343 9335 265 10704 17241 830 12936 11621 1915 415 12326 8270 10412 3617 16627 13379 5091 16932 9306 17180 8768 7269 16200 8473 12196 3131 13186 10767 2604 7956 299 27 17955 383 15395 17370 16466 100 28 18344 18478 4286 14393 15338 7691 17003 8389 17316 17468 9790 962 7654 13515 16334 1923 15259 6050 8031 16083 16548 8171 11067 10419 12586 5306 9933 17944 10411 10630 14354 15455 17775 10551 10220 11793 10256 11699 11228 9614 6250 15859 14942 16467 16473 14916 17639 104 90 13388 13428 136 91 16363 340 18282 555 4551 557 7921 15299 13701 18472 13784 14162 15832 17769 15756 15739 180 147 11890 270 17778 392 18396 494 2445 6556 5392 15749 15462 18345 6650 2784 18145 183 14411 13844 17250 14587 6616 18269 3163 15647 531 17715 17965 13912 18359 17230 17425 6961 13404 18353 11009 1962 1216 4167 13528 3161 8565 3839 9615 18270 15110 552 18448 9283 3585 6742 16024 17672 2593 9972 2688 6980 12265 3566 6167 14244 15379 17667 15718 2348 11631 11801 14823 17734 16869 18004 6476 16459 17526 6598 5159 12572 3086 15945 16934 16120 701 3149 9772 17353 478 16707 2451 5949 12649 16633 9296 9073 4087 12881 12662 17222 16967 236 15871]
start 9 psup 4 p 7 m 1 [18213 408 18361 337 14819 339 13946 372 8488 438 17519 190 14130 326 15209 364 17556 428 14092 563 18219 261 11774 273 17955 383 15395 17370 18344]
start 2 psup 5 p 7 m 1 [18213 408 18361 337 14819 339 13946 372 8488 438 17519 190 14130 326 15209 364 17556 428 14092 18344]
start 3 psup 4 p 7 m 2 [18213 408]
start 11 psup 3 p 7 m 3 [18213 408 16667 159 14920 172 4161 197 15625 412]
start 4 psup 4 p 7 m 3 [18213 408]
start 5 psup 4 p 7 m 4 [18213 408]
start 6 psup 4 p 7 m 5 [18213 408]
start 14 psup 3 p 7 m 6 [15465 247 18213 408]
start 7 psup 4 p 7 m 6 [18213 408]
start 9 psup 3 p 8 m 0 [16714 515 17603 558 5103 103 9439 319 3468 359 18213 408 11403 519 7485 108 4 15971 536 5275 37 6 17827 93 10 12456 143 12697 379 16311 508 13524 102 11 13009 16486 227 12092 376 17528 410 17760 42 15 7569 83 18467 18472 13784 17289 14162 11881 15832 13685 468 12230 16767 5315 6347 16722 16119 17769 17778 392 12294 13747 14794 13275 12451 9016 384 149 7777 562 13882 18396 494 2445 6556 5392 15749 9280 17954 17052 9136 557 9749 14598 15047 11783 17953 17774 6752 10941 18123 8089 18261 2710 13660 18145 183 1189 14411 17250 15614 18297 17800 16969 16849 12002 6404 18269 10928 3163 15647 17715 15839 12309 18041 1187 17048 1578 17718 7972 451 9419 9911 3776 18207 5375 4749 17531 10787 11724 15215 9498 16802 10698 5614 13069 15733 12137 4393 16417 18455 13741 11316 18348 10087 6818 803 5939 17839 13468 16125 16680 11209 14963 17801 1288 8880 15537 11118 9290 12104 17090 2327 9896 1930 676 16840 15433 17329 18436 2078 5850 16426 1034 14638 4104 17855 6137 3901 15777 1115 17847]
start 2 psup 4 p 8 m 1 [18213 408 18382 4042 466 5428 489 15824 568 11413 5364 18435]
start 11 psup 3 p 8 m 2 [11479 290 1 13096 475 10761 561 11618 25 11682 41 15161 82 15699 254 18213 408 15006 487 16667 159 15625 412 15716 417 7946 460 12037 274]
start 14 psup 3 p 8 m 5 [18213 408 15006 487 16667 159 14920 172 4161 197 15625 412 15716 417 7946 460 3120 496 9729 534 18478 4286 14393 15338 7691 17003 8389 17316 17468 9790 962 7654 13515 16334 1923 15259 6050 8031 16083 16548 8171 11067 10419 12586 5306 9933 17944 10411 10630 7439 10247 17775 11793 10256 11699 11228 9614 6250 16467 16473 14916 17639 104 90 13388 13428 136 16363 340 3713 15917 14842 490 18432 17299 18472 13784 15832 13685 468 12230 16767 5315 12817 6587 12940 14579 8485 2882 6407 12695 381 16722 16119 17769 15756 15739 180 147 11890 17778 392 18396 494 2445 6556 5392 15749 18345 6650 2784 18145 183 14411 13844 17250 18448]
start 12 psup 3 p 9 m 2 [11479 290 1 13096 475 10761 561 7164 22 2 11618 25 11682 41 10425 79 15161 82 15699 254 18213 408 15006 487 11403 519 16667 159 14920 172 4161 197 7935 292 12331 333 15625 412 15716 417 7946 460 3120 496 9729 534 16045 303 13850 414 5089 462 15833 19 8 9809 33 2830 157 18460 298 18067 6652 210 15219 16973 5418 127 60 14900 347 18382 431 4042 466 5428 489 15824 568 11413 2417 5364 2759 18253 3973 8242 7170 4637 8459 4322 14270 16377 17087 7653 7083 1433 17558 16920 15191 174 6191 18305 3072 17583 8609 14757 13363 11754 1147 12570 16222 2158 8571 6575 1811 8229 17063 10613 2895 17701 129 65 12477 463 8341 15080 9176 1496 67 5599 564 12381 13080 114 9442 8122 14822 3402 277 889 5331 10397 3435 16610 14231 18435 3535 12173 1565 9669 18015 17895 12975 14993 321 1542 386 2651 15296 198 14071 18026 12715 12248 425 11949 499 6132 15861 546 12022 581 15360 17225 4143 18478 4286 14393 15338 7691 17003 8389 17316 13699 12160 7704 1226 16325 11258 3524 7250 4530 17468 9790 962 7654 13515 16334 1923 15259 6050 2534 8031 16548 8171 11067 10419 12586 5306 9933 6545 6659 17944 10411 10630 14354 15455 17775 10551 10220 11793 10256 11699 11228 9614 6250 15859 14942 16467 16473 14916 13211 2135 14712 1007 86 13973 413 14682 11223 8825 10388 9214 11141 7785 16451 17639 104 90 13388 13428 136 91 16363 340 3713 15917 14842 490 12635 532 9385 17246 452 18282 555 4551 557 7921 17779 17540 10812 13732 206 17705 11560 17749 588 5013 17265 7658 16056 6713 17772 916 18405 7394 15519 18432 17299 14184 8051 13890 10367 6432 13733 3259 2028 5464 8941 10307 17206 484 17239 16122 16064 17402 12256 17782 329 10980 16004 504 11953 512 16602 131 18395 15898 13107 18472 13784 14162 15832 13685 468 12230 16767 5315 4895 3586 12817 6587 8989 12940 14579 8485 2882 6407 12695 381 16722 16119 17769 15756 15739 180 147 11890 270 17778 392 18396 494 2445 6556 5392 15749 15462 17954 6244 18345 6650 2784 16285 179 18145 183 14411 13844 17250 14587 6616 18269 3163 15647 531 17715 17965 1699 187 13912 18359 17230 18353 11009 1962 1216 4167 13528 3161 8565 3839 9615 18262 14493 18270 212 15110 552 1298 18448 9283 3585 6742 16024 17672 2593 7655 9972 2688 6980 12265 3566 6167 14244 15218 15379 17667 15718 2348 11631 11801 2443 14823 7683 2910 17734 16869 433 18004 509 6476 16459 13203 6239 7939 17526 6598 5159 12572 3086 15945 16934 16120 701 3149 9772 17353 478 11444 10130 11532 9986 6478 2275 16707 2451 5949 9503 12649 16633 9296 9073 4087 12881 6179 4693 12662 17222 16967 236 11997 5339 15871 17858 12120 18291 17185 17549 13492 4848 2659 15138 14146 10947 3768 6531 15911 2750 11038 8077 6307 14160 4289 1402 14310 2205 4720 14476 5550 15402 14122 10499 8746 3407 4462 16846 16229 11185 6500 11686 17859 9281 8952 1466 14026 5712 15652 16329 6631 10030 13042 2233 4374 2926 5799 3166 14539 17877 3612 7835 2322 16448 9169 5000 15787 17982 8559 4722 17886 6479 12281 398 16720 5608 11668 567 11957 13526 16387 16206 6604 12046 6747 18156 18289 11914 9543 16876 3663 17684 17500 14791 11596 11633 7688 18342 10324 16165 12473 3068 3038 1252 11394 13386 3863 1874 16828 2742 467 3430 2917 2280 6549 13498 12419 17488 8547 5582 9069 18252 363 17867 6135 349 2235 11055 18296 14520 1909 12820 4396 17338 6761 14065 18425 10842 6705 8148 16485 11954 881 13122 7153 12434 1209 16461 2693 10002 2758 395 17796 11260 9748 734 10036 7727 4005 6042 850 16657 15056 1388 10955 12259 16937 6218 16944 15790 10060 2928 7416 3613 4815 17095 5871 5557 10253 3587 5760 12253 11297 10936 599 12019 6653 4975 7639 17036 10051 15713 8487 2647 17051 15575 5414 11529 17714 2714 17093 1102 2708 7990 878 17798 681 18051 15266 2314 8752 18366 4088 14700 17822 2371 17347 12671 14953 16682 11966 9705 9340 2900 12730 14886 17424 7516 8376 10092 14658 15819 14172 14458 18205 4351 11657 13184 11679 17852 6343 16380 4656 18149 17710 10875 1234 15278 7116 17616 11314 4774 15264 921 1848 17918 8198 10235 4039 9634 18235 6428 17853 17129 15176 692 15409 4747 2263 16686 7947 12846 17393 11243 6024 2413 13206 13464 7888 17089 4801 11456 3879 14237 7517 13172 12640 12231 13694 14074 11781 5717 17116 8689 17042 12648 5837 9895 16676 17997 4982 11947 1861 15294 14003 7619 3439 7236 15061 10461 3193 17435 925 16180 15099 9226 18439 2112 7031 7928 17418 3496 11255 18139 17868 15477 15810 17630 17287 7725 17169 4759 10794 7816 18436 16426 15285 4471 17847 12164 10552 17570 17041 9432 9858 9514 3360 12492 16240 8371 17397 18223 13604 833 7628 5564 1451 16671 9525 18309 9756 17179 17012 16306 6917 11309 13392 2124 18054 16984 3191 4771 6395 18380 17336 15534 9473 12763 18186 17711 10654 8813 4365 15499 7292 10878 17277 11777 18134 10120 18079]
start 5 psup 3 p 9 m 4 [18213 408 15006 487 16667 159 14920 172 4161 197 18478 4286 14393 15338 7691 17003 8389 17316 17468 9790 7654 13515 16334 1923 15259 6050 8031 16083 16548 8171 11067 10419 12586 5306 9933 17944 10411 10630 7439 10247 17775 11793 10256 11699 11228 9614 6250 16467 16473 14916 17639 104 90 13388 13428 136 16363 340 3713 15917 14842 490 12635 532 9385 17246 452 18472 13784 15832 17769 15756 15739 180 147 11890 17778 392 17328 18396 2445 6556 5392 15749 18345 6650 2784 18145 17250]
start 8 psup 3 p 9 m 7 [17603 558 5103 103 9439 319 18213 408 15971 536 15625 412 18472 13784 17769 17778 392 12294 13747 14794 13275 12451 9016 7777 18396 494 6556 15749 17954 17052 9136 9749 14598 15047 17953 17774 6752 10941 18123 8089 8119 9275 18297 17800 16969 16849 12002 6404 18269 10928 15647 17715 15839 12309 18041 1187 17718 7972 451 9419 9911 3776 18207 5375 4749 17531 10787 11724 15215 9498 16802 10698 5614 13069 18455 18348 10087 6818 803 18436 2078 5850 16426 1034 17855 15777 1115 17847]
start 9 psup 3 p 9 m 8 [18213 408 18361 337 14819 339 13946 372 8488 438 17519 190 14130 326 15209 364 17556 428 14092 563 18344]
start 1 psup 3 p 10 m 0 [11479 290 1 13096 475 10761 561 7164 22 2 11618 25 11682 41 10425 79 15161 82 5723 126 15699 254 18213 408 10277 446 4403 470 15006 487 11403 519 7485 108 4 9724 301 5815 454 1749 357 5 16667 159 14920 172 4161 197 4192 287 7935 292 12331 333 15625 412 15716 417 7946 460 3120 496 9729 534 16045 303 13850 414 5089 462 15833 19 8 9809 33 2830 157 18478 4286 14393 15338 7691 17003 8389 17316 13699 12160 7704 1226 16325 11258 3524 7250 4530 17468 9790 962 7654 13515 16334 1923 15259 6050 8031 16548 8171 11067 10419 12586 5306 9933 6545 6659 17944 10411 10630 14354 15455 17775 10551 10220 11793 10256 11699 11228 9614 6250 15859 14942 16467 16473 14916 17639 104 90 13388 13428 136 91 16363 340 18282 555 4551 557 7921 18405 7394 15519 18432 17299 14184 8051 13890 10367 6432 13733 3259 2028 5464 8941 10307 17206 484 17239 16122 7907 9118 16064 17782 329 10980 16004 504 11953 512 16602 131 18395 15898 13107 18472 13784 14162 3052 15832 13685 468 12230 16767 5315 4895 3586 12817 6587 12940 14579 8485 2882 6407 4800 145 16722 16119 17769 15756 15739 180 147 11890 270 8590 346 17778 392 18396 494 2445 6556 5392 7189 15749 15462 1071 16269 17954 9136 15047 11783 7455 7506 1271 18057 9275 15853 472 15310 9449 18345 6650 2784 16285 179 17004 578 18145 183 14411 13844 17250 14587 6616 7411 18269 3163 15647 531 17715 17965 13912 18359 14681 8919 12148 5601 11125 10189 13433 13029 8401 17230 17425 6961 10804 10198 13404 11030 18353 11009 1962 1216 4167 13528 3161 8565 3839 9615 18262 14493 18270 212 15110 552 1298 18448 1779 9283 3585 6742 16024 17672 2593 9972 2688 6980 12265 3566 6167 14244 15379 17667 15718 2348 11631 11801 7724 14823 7683 2910 17734 16386 16869 433 18004 509 6476 2733 15753 5139 3799 2347 401 5109 16459 13203 6239 7939 17526 6598 5159 12572 3086 13826 420 15945 16934 16120 701 3149 9772 17353 478 11444 10130 8940 11532 9986 6478 2275 16707 2451 5949 9503 12649 16633 9296 9073 4087 12881 644 6179 4693 12662 17222 16967 236 11997 5339 15871 18291 17185 17549 13492 4848 2659 15138 14146 10947 15911 2750 11038 8077 6307 14160 4289 1402 14310 2205 4720 14476 5550 15402 14122 10499 8746 4462 16846 16229 11185 6500 11686 17859 9281 8952 1466 14026 5712 3196 6815 5945 15652 13479 17877 3612 7835 2322 16448 9169 5000 15787 17982 8559 4722 17886 6479 16720 5608 11957 13526 16387 16206 6604 12046 6747 18156 11647 18289 11914 9543 17684 17500 14791 11596 6594 11633 7688 18342 10324 16165 12473 3068 3038 1252 11394 13386 3863 1874 16828 2742 467 3430 2917 2280 6549 13498 12419 10516 13221 17488 1421 8547 5582 9069 18252 363 17867 6135 349 11055 18296 14520 1909 12820 17338 6761 14065 18425 10842 6705 8148 2954 7360 16485 11954 881 18366 4088 14700 17822 2371 17424 7516 8376 10092 14658 15819 14172 14458 18235 10752 1278 2669 18392 5336 9925 3754 13713 11886 5451 9326 2901 18226 12367 11500 9942 17151 13870 8236 18390 1735 9786 11830 10829 13729 3485 5777 15553 7005 9990 6501 11357 16060 1268 7290 5889 7148 15449 7788 2964 11168 4353 8660 7519 16895 6221 5400 982 9773 12432 12442 8832 17894 8822 2768 4971 9632 16708 11031 17522 2209 10250 12775 15937 12082 18189 3689 4091 6378 16182 10647 8681 2120 12795 17712 13630 14461 3146 6031 15145 10790 16277 17436 18439 2112 6079 7031 7103 7928 6865 17418 3496 11255 18139 5443 7604 11570 3959 7351 4370 1557 8471 12204 13867 5276 10847 1196 17868 15477 15810 17630 17287 7725 17169 4759 10794 7816 17227 7248 3956 18436 16426 17847 3806 12164 10552 17570 17041 9432 9858 9514 3360 12492 16240 8371 9706 17397 18223 13604 833 7628 5564 16671 9525 13864 1876 18309 9756 17179 930 17012 16306 6917 11309 13392 2124 18054 16984 3191 4771 6395 18380 17336 15534 9473 12763 18186 17711 10654 8813 4365 3195 9107 8252 17277 11777 18134 10120 18079]
start 2 psup 3 p 10 m 1 [18213 408 10277 446 4403 470 15006 487 18361 337 14819 339 13946 372 2832 387 8488 438 16921 507 12679 516 8555 527 1817 575 8368 584 6553 139 16 4858 550 2943 95 17 4570 130 17519 190 14130 326 15209 364 8255 10349 17556 428 14092 18344 18275 18152 152 17071 498 10876 6294 11380 7342 423 7270 199 32 5189 332 1452 393 8011 16706 8291 18478 4286 14393 15338 7691 17003 8389 17316 17468 9790 962 7654 13515 16334 1923 15259 6050 8031 16548 8171 11067 10419 12586 5306 9933 17944 10411 10630 17775 10551 10220 11793 10256 11699 11228 9614 6250 16467 16473 14916 17639 104 90 13388 13428 136 16363 340 3713 15917 14842 490 18432 17299 18434 7388 16319 17927 2142 11458 4893 3390 3108 15959 18422 13422 18037 8753 11231 2543 17776 266 4461 447 3769 13381 18472 13784 15832 17769 15756 15739 180 147 11890 270 8590 346 17778 392 9375 514 2487 17328 18396 494 2445 6556 5392 7189 15749 15462 1071 16269 18057 8448 18092 8576 17113 1610 2537 12083 5730 3726 10058 16545 9132 5967 1873 9494 8534 15015 15205 9008 12844 12320 251 18345 6650 2784 18145 183 14411 13844 17250 18359 14681 8919 7172 12148 11125 10189 13433 10867 3838 8545 13029 18353 11009 1962 1216 4167 13528 3161 8565 7767 9615 1775 8209 18270 212 15110 552]
start 5 psup 3 p 10 m 4 [18213 408 16667 159 14920 172 4161 197]
start 9 psup 3 p 10 m 8 [18213 408 18472 13784 17769 17778 392 13747 14794 18396 494 6556 15749 17954 17052 9136 14598 15047 17953 17774 18123 8089 18261 2710]
