start 1 psup 3 p 2 m 0 [18213 408 16667 159 14920 172 4161 197 15625 412]
start 6 psup 3 p 2 m 1 [18213 408 18361 337 14819 339 13946 372 8488 438 17519 190 14130 326 15209 364 17556 428 14092 563 18219 261 11774 273 17955 383 15395 17370 18344]
start 4 psup 4 p 2 m 1 [18213 408]
start 3 psup 3 p 3 m 2 [18213 408 18472 13784 17769 17778 392 13747 14794 18396 494 6556 15749 17954 17052 9136 14598 15047 17953 17774 18123 8089 18261 2710]
start 5 psup 3 p 3 m 1 [18213 408 10277 446 4403 470 15006 487 16667 159 15625 412 15716 417 7946 460 3120 496 9729 534 16045 303 13850 414 5089 462 15833 19 8 9809 33 2830 157 18361 337 14819 339 13946 372 2832 387 8488 438 16921 507 12679 516 8555 527 1817 575 8368 584 6553 139 16 4858 550 2943 95 17 4570 130 13312 328 2658 356 17519 190 14130 326 15209 364 8255 10349 17556 428 14092 563 18344 18275 18152 152 17071 498 10876 249 31 6294 314 11380 7342 423 7270 5189 332 1452 393 8011 16706 8291 18478 4286 14393 15338 7691 17003 8389 17316 17468 9790 962 7654 13515 16334 1923 15259 6050 8031 16548 8171 11067 10419 12586 5306 9933 17944 10411 10630 15455 17775 10551 10220 11793 10256 11699 11228 9614 6250 16467 16473 14916 17639 104 90 13388 13428 136 16363 340 3713 15917 14842 490 18282 555 4551 557 7921 18432 17299 18434 7388 16319 17927 2142 11458 4893 3390 3108 15959 16791 3604 5121 16538 18422 13422 18037 8753 11231 2543 17776 266 4461 447 3769 13381 18472 13784 15832 13685 468 12230 16767 526 5315 4895 297 3586 12817 6587 12940 14579 8485 2882 6407 4800 145 16722 15469 16119 17769 15756 15739 180 147 11890 270 8590 346 17778 392 9375 514 2487 17328 18396 494 2445 6556 5392 7189 15749 15462 1071 16269 18057 8448 18092 18345 6650 2784 18145 183 14411 13844 17250 18359 14681 8919 7172 12148 11125 10189 13433 10867 3838 8545 13029 8401 18353 11009 1962 1216 4167 13528 3161 8565 7767 9615 1775 8209 18270 15110 552 18448 1779 9283 3585 6742 16024 17672 2593]
start 9 psup 4 p 2 m 0 [18213 408]
start 8 psup 3 p 3 m 1 [11479 290 1 13096 475 10761 561 7164 22 2 11618 25 11682 41 10425 79 15161 82 15699 254 17264 404 1070 448 7117 464 8360 497 16714 515 2460 96 3 5103 103 2575 202 9439 319 16672 365 18213 408 15006 487 16667 159 15625 412 15716 417 7946 460 3120 496 9729 534 16045 303 13850 414 5089 462 15833 19 8 9809 33 2830 157 18361 337 14819 339 13946 372 8488 438 16921 507 12679 516 8555 527 1817 575 8368 584 6553 139 16 4858 550 2943 95 17 4570 130 13312 328 2658 356 17519 190 14130 326 15209 364 8255 10349 16519 97 14976 10676 304 4923 17556 428 14092 563 18219 261 20 11774 273 10417 342 6533 16068 369 8232 551 5423 6342 13074 15734 1350 7901 9403 5678 480 15386 6694 214 23 13123 465 14275 3078 6967 4931 7673 17770 207 7343 17241 830 12936 11621 1915 415 12326 8270 10412 3617 16627 13379 5091 16932 9306 17180 8768 7269 16200 8473 12196 3131 13186 10767 2604 7956 299 27 17955 383 15395 17370 16466 100 28 18344 18478 4286 14393 15338 7691 17003 8389 17316 13699 12160 16325 11258 3524 7250 4530 17468 9790 962 7654 13515 16334 1923 15259 6050 8031 16548 8171 11067 10419 12586 5306 9933 6545 6659 17944 10411 10630 15455 17775 10551 10220 11793 10256 11699 11228 9614 6250 15859 14942 16467 16473 14916 13211 2135 17639 104 90 13388 13428 136 91 16363 340 3713 15917 14842 490 12635 532 9385 17246 452 18282 555 4551 557 7921 18405 7394 15519 18432 17299 14184 8051 13890 10367 6432 13733 3259 2028 5464 8941 17206 484 17239 16122 16064 17782 329 10980 16004 504 11953 512 9799 8744 11027 9671 7154 3552 6673 18395 15898 13107 18472 13784 14162 15832 13685 468 12230 16767 5315 4895 297 3586 12817 6587 12940 14579 8485 2882 6407 16722 16119 17769 15756 15739 180 147 11890 270 17778 392 18396 494 2445 6556 5392 15749 15462 17954 18345 6650 2784 18145 183 14411 13844 17250 14587 6616 18269 3163 15647 531 17715 17965 13912 18359 17230 18353 11009 1962 1216 4167 13528 3161 8565 3839 9615 18270 15110 552 18448 9283 3585 6742 16024 17672 2593 9972 2688 6980 12265 3566 6167 14244 15379 17667 15718 2348 11631 11801 14823 7683 2910 17734 16869 433 18004 509 6476 16459 13203 6239 17526 6598 5159 12572 3086 15945 16934 16120 701 3149 9772 17353 478 11444 10130 16707 2451 5949 9503 12649 16633 9296 9073 4087 12881 12662 17222 16967 236 15871 17858 12120 18291 17185 17549 13492 4848 2659 15138 14146 10947 15911 2750 11038 8077 6307 14160 4289 1402 14310 2205 4720 14476 5550 15402 14122 10499 8746 16846 16229 11185 6500 11686 17859 9281 8952 1466 14026 5712 15652 16329 6631 10030 13042 2233 4374 2926 14539 17877 3612 7835 2322 16448 9169 18156 18289 11914 9543 16876 3663]
start 5 psup 4 p 3 m 1 [18213 408 15006 487 16667 159 15625 412 15716 417 7946 460 3120 496 9729 534 16045 303 13850 414 5089 462 15833 19 8 9809 33 2830 157 18361 337 14819 339 13946 372 8488 438 16921 507 12679 516 8555 527 1817 575 8368 584 6553 139 16 4858 550 2943 95 17 4570 130 13312 328 2658 356 17519 190 14130 326 15209 364 8255 10349 17556 428 14092 563 18344 18478 4286 14393 15338 7691 17003 8389 17316 17468 9790 962 7654 13515 16334 1923 15259 6050 8031 16548 8171 11067 10419 12586 5306 9933 17944 10411 10630 15455 17775 10551 10220 11793 10256 11699 11228 9614 6250 16467 16473 14916 17639 104 90 13388 13428 136 16363 340 3713 15917 14842 490 18282 555 4551 557 7921 18432 17299 18472 13784 15832 13685 468 12230 16767 5315 4895 297 3586 12817 6587 12940 14579 8485 2882 6407 16722 16119 17769 15756 15739 180 147 11890 270 17778 392 18396 494 2445 6556 5392 15749 15462 18345 6650 2784 18145 183 14411 13844 17250 18359 18353 11009 1962 1216 4167 13528 3161 8565 9615 18270 15110 552 18448 9283 3585 6742 16024 17672 2593]
start 1 psup 4 p 4 m 0 [18213 408]
start 6 psup 3 p 4 m 1 [18213 408 18361 337 14819 339 13946 372 8488 438 17519 190 14130 326 15209 364 17556 428 14092 563 18219 261 11774 273 17955 383 15395 17370 18344]
start 14 psup 3 p 2 m 1 [13096 475 10761 561 11682 41 18213 408 4403 470 16231 577 7485 108 4 9724 301 15971 536 5275 37 18460 4176 8563 18382 431 4042 466 5428 489 15824 568 18253 8242 8459 14270 17558 98 63 18435 146 71 12173 1565 9669 12862 5946 362 11752 9366 18015 13046 17895 12975 14993 321 1542 386 2651 76]
start 5 psup 3 p 5 m 4 [18213 408 10277 446 4403 470 15006 487 7485 108 4 9724 301 17989 571 16486 227 11 10268 234 10934 285 12092 376 17158 434 6270 573 12551 12081 506 4569 549 15531 99 13 9673 166 14315 421 14407 535 1773 14 16618 193 3121 17528 410 17788 24 15 8717 26 1518 64 7569 83 18361 337 14819 339 13946 372 2832 387 8488 438 16921 507 12679 516 8555 527 1817 575 8368 584 6553 139 16 17519 190 14130 326 15209 364 8255 10349 11121 117 14976 7143 247 10676 304 4923 322 4383 388 17556 428 14092 5178 50 20 18344 18275 3781 102 30 18152 152 17071 498 10876 6294 11380 7342 423 7270 199 32 5189 332 1452 393 8011 16706 8291 18298 3179 10963 8908 2818 16976 9160 11559 17360 9528 16687 4809 6234 12311 939 10492 13806 3877 14620 2521 313 9755 341 4405 366 12756 11256 458 3692 17738 44 16644 310 12345 422 13712 3186 17282 17861 7919 10872 2881 17722 171 46 9808 255 8041 278 13193 294 10993 316 5645 320 8669 374 13757 409 11361 427 15723 440 4849 469 3854 500 2345 522 17365 7693 222 9313 6688 16092 10396 378 3148 418 6922 510 9292 48 6231 49 6036 158 15441 13674 16171 17739 357 6569 380 5417 7234 81 54 14109 450 7803 553 12203 17932 57 8417 18326 16088 2312 281 58 18067 18382 431 4042 466 5428 489 15824 568 11413 2417 5364 2759 18305 3072 17583 8609 12263 12498 4794 14757 13363 11754 1147 12570 16222 2158 8571 6575 1811 8229 17063 10613 2895 17701 8903 12477 8341 15080 17447 13080 9442 8122 14822 3402 277 889 5331 10397 3435 548 5333 9019 8079 12447 11443 6615 14231 15232 368 4793 3370 18435 3535 18026 359 12715 373 18478 4286 14393 4366 15338 7691 17003 8389 17316 16678 11773 13699 12160 1226 16325 11258 3524 17468 9790 962 7654 13515 16334 1923 15259 6050 7073 2534 8031 16083 16548 8171 7497 11067 10419 12586 5306 9933 7664 5149 6545 6659 17944 10411 10630 7439 9604 9056 10247 1186 17775 10551 10220 11793 10256 11699 11228 9614 6250 2771 16467 16473 14916 17271 2894 11460 8617 13211 17639 104 90 13388 13428 136 16363 340 3713 15917 14842 490 18432 17299 18434 7388 191 16319 5622 8687 12777 7312 17927 2142 11458 4893 3390 857 3108 15959 18414 8493 5983 18422 13422 1623 18037 8753 11231 2543 8146 17776 266 4461 447 3769 13381 8520 7223 3869 379 18472 13784 15832 17769 15756 15739 180 147 11890 270 8590 346 17778 392 9375 514 2487 12451 2808 3172 17328 18396 494 2445 6556 5392 7189 15749 15462 1071 16269 15047 11783 7455 7506 1271 17774 264 2674 486 8430 3539 11613 3095 9195 1535 11492 211 8089 246 7632 18057 8448 18092 8576 18233 308 14667 15905 14279 419 6320 433 15424 509 16645 18345 6650 2784 16017 179 14475 18145 183 14411 324 13844 2012 17250 18359 14681 8919 7172 12148 5601 11125 10189 13433 10867 3838 8545 13029 17425 6961 10804 10198 13404 11030 7766 18353 11009 1962 1216 4167 13528 3161 8565 7767 7565 3861 6930 7361 9615 1775 8209 14493 18270 212 15110 552]
start 6 psup 3 p 5 m 0 [18213 408 18361 337 14819 339 13946 372 17519 190 14130 326 15209 364 16519 97 14976 10676 304 4923 17556 428 14092 563 18219 261 11774 273 17955 383 15395 17370 18344]
start 1 psup 4 p 5 m 0 [18213 408]
start 3 psup 3 p 6 m 2 [18213 408]
start 2 psup 4 p 5 m 1 [1 2 3 4 5 6 7 8 9 10 11 12 13 14 15 16 17 18 19 20 21 22 23 24 25 26 27 28 29 30 31 32 33 34 35 36 37 38 39 40 41 42 43 44 45 46 47 48 49 50 51 52 53 54 55 56 57 58 59 60 61 62 63 64 65 66 67 68 69 70 71 72 73 74 75 76 77 78 79 80 81 82 83 84 85 86 87 88 89 90 91 92 93 94 95 96 97 98 99 100 101 102 103 104 105 106 107 108 109 110 111 112 113 114 115 116 117 118 119 120 121 122 123 124 125 126 127 128 129 130 131 132 133 134 135 136 137 138 139 140 141 142 143 144 145 146 147 148 149 150 151 152 153 154 155 156 157 158 159 160 161 162 163 164 165 166 167 168 169 170 171 172 173 174 175 176 177 178 179 180 181 182 183 184 185 186 187 188 189 190 191 192 193 194 195 196 197 198 199 200 201 202 203 204 205 206 207 208 209 210 211 212 213 214 215 216 217 218 219 220 221 222 223 224 225 226 227 228 229 230 231 232 233 234 235 236 237 238 239 240 241 242 243 244 245 246 247 248 249 250 251 252 253 254 255 256 257 258 259 260 261 262 263 264 265 266 267 268 269 270 271 272 273 274 275 276 277 278 279 280 281 282 283 284 285 286 287 288 289 290 291 292 293 294 295 296 297 298 299 300 301 302 303 304 305 306 307 308 309 310 311 312 313 314 315 316 317 318 319 320 321 322 323 324 325 326 327 328 329 330 331 332 333 334 335 336 337 338 339 340 341 342 343 344 345 346 347 348 349 350 351 352 353 354 355 356 357 358 359 360 361 362 363 364 365 366 367 368 369 370 371 372 373 374 375 376 377 378 379 380 381 382 383 384 385 386 387 388 389 390 391 392 393 394 395 396 397 398 399 400 401 402 403 404 405 406 407 408 409 410 411 412 413 414 415 416 417 418 419 420 421 422 423 424 425 426 427 428 429 430 431 432 433 434 435 436 437 438 439 440 441 442 443 444 445 446 447 448 449 450 451 452 453 454 455 456 457 458 459 460 461 462 463 464 465 466 467 468 469 470 471 472 473 474 475 476 477 478 479 480 481 482 483 484 485 486 487 488 489 490 491 492 493 494 495 496 497 498 499 500 501 502 503 504 505 506 507 508 509 510 511 512 513 514 515 516 517 518 519 520 521 522 523 524 525 526 527 528 529 530 531 532 533 534 535 536 537 538 539 540 541 542 543 544 545 546 547 548 549 550 551 552 553 554 555 556 557 558 559 560 561 562 563 564 565 566 567 568 569 570 571 572 573 574 575 576 577 578 579 580 581 582 583 584 585 586 587 588]
start 11 psup 3 p 4 m 2 [18213 408 10277 446 4403 470 15006 487 18361 337 14819 339 13946 372 2832 387 8488 438 16921 507 12679 516 8555 527 1817 575 8368 584 6553 139 16 4858 550 2943 95 17 4570 130 17519 190 14130 326 15209 364 8255 10349 17556 428 14092 18344 18275 18152 152 17071 498 10876 6294 16706 8291 18478 4286 14393 15338 7691 17003 8389 17316 17468 9790 962 7654 13515 16334 1923 15259 6050 8031 16083 16548 8171 11067 10419 12586 5306 9933 17944 10411 10630 7439 10247 17775 10551 10220 11793 10256 11699 11228 9614 6250 16467 16473 14916 17639 104 90 13388 13428 136 91 16363 340 3713 15917 14842 490 12635 532 9385 17246 452 18472 13784 14162 15832 17769 15756 15739 180 147 11890 270 8590 346 17778 392 17328 18396 494 2445 6556 5392 7189 15749 15462 1071 16269 18057 8448 18345 6650 2784 18145 183 14411 13844 17250 18359 14681 8919 7172 12148 5601 11125 10189 13433 10867 3838 8545 13029 17425 6961 10804 10198 13404 11030 7766 18353 11009 1962 1216 4167 13528 3161 8565 9615 1775 8209 18270 15110 552]
start 14 psup 5 p 2 m 1 [18213 408]
start 4 psup 4 p 5 m 3 [18213 408]
start 10 psup 3 p 5 m 4 [18213 408 10277 446 15006 487 9724 301 17989 571 16486 227 11 10268 234 10934 285 12092 376 17158 434 6270 573 12551 12081 506 4569 549 15531 99 13 9673 166 14315 421 14407 535 1773 14 16618 193 3121 17528 410 17788 24 15 8717 26 1518 64 7569 83 18361 337 14819 339 13946 372 2832 387 8488 438 16921 507 12679 516 8555 527 1817 575 8368 584 6553 139 16 17519 190 14130 326 15209 364 8255 10349 11121 117 14976 7143 247 17556 428 14092 5178 50 20 18344 18298 3179 10963 8908 2818 16976 9160 11559 17360 9528 16687 4809 6234 12311 939 10492 13806 3877 17738 44 18326 16088 18067 18382 431 4042 466 5428 489 15824 568 11413 2417 5364 2759 18305 3072 17583 8609 12263 12498 4794 14757 13363 11754 1147 12570 16222 2158 8571 6575 1811 8229 17063 10613 2895 17701 8903 12477 8341 15080 17447 18435 3535 18026 359 12715 373 18478 4286 14393 4366 15338 7691 17003 8389 17316 16678 11773 13699 12160 1226 16325 11258 3524 17468 9790 7654 13515 16334 1923 15259 6050 7073 2534 8031 16083 16548 8171 7497 11067 10419 12586 5306 9933 7664 5149 6545 6659 17944 10411 10630 7439 9604 9056 10247 1186 17775 10551 10220 11793 10256 11699 11228 9614 6250 2771 16467 16473 14916 17271 11460 8617 13211 17639 104 90 13388 13428 136 16363 340 92 3713 15917 14842 490 12635 532 5782 9385 17246 452 18432 17299 18434 7388 191 16319 5622 8687 12777 7312 17927 2142 11458 4893 3390 857 3108 15959 18414 8493 5983 18422 13422 1623 18037 8753 11231 2543 8146 17776 266 4461 447 3769 13381 8520 140 7223 3869 379 18472 13784 15832 17769 15756 15739 180 147 11890 270 8590 346 17778 392 9375 514 2487 12451 3172 17328 18396 2445 6556 5392 7189 15749 15462 1071 16269 15047 11783 7455 7506 1271 17774 264 2674 486 8430 3539 11613 3095 9195 1535 11492 211 18057 8448 18092 8576 18233 308 14667 15905 14279 419 6320 433 15424 509 16645 18345 6650 2784 18145 17250 18359 14681 8919 7172 12148 5601 11125 10189 13433 10867 3838 8545 13029 17425 6961 10804 10198 13404 11030 7766 18353 11009 1962 1216 4167 13528 3161 8565 7767 7565 3861 6930 7361 9615 1775 8209 14493 18270 15110 552]
start 5 psup 4 p 5 m 4 [18213 408 10277 446 15006 487 9724 301 17989 571 16486 227 11 10268 234 10934 285 12092 376 17158 434 6270 573 12551 12081 506 4569 549 15531 99 13 9673 166 14315 421 14407 535 1773 14 16618 193 3121 17528 410 17788 24 15 8717 26 1518 64 7569 83 18361 337 14819 339 13946 372 2832 387 8488 438 16921 507 12679 516 8555 527 1817 575 8368 584 6553 139 16 17519 190 14130 326 15209 364 8255 10349 11121 117 14976 7143 247 17556 428 14092 5178 50 20 18344 18298 3179 10963 8908 2818 16976 9160 11559 17360 9528 16687 4809 6234 12311 939 10492 13806 3877 17738 44 18326 16088 18067 18382 431 4042 466 5428 489 15824 568 11413 2417 5364 2759 18305 3072 17583 8609 12263 12498 4794 14757 13363 11754 1147 12570 16222 2158 8571 6575 1811 8229 17063 10613 2895 17701 8903 12477 8341 15080 17447 18435 3535 18026 359 12715 373 18478 4286 14393 4366 15338 7691 17003 8389 17316 16678 11773 13699 12160 1226 16325 11258 3524 17468 9790 7654 13515 16334 1923 15259 6050 7073 2534 8031 16083 16548 8171 7497 11067 10419 12586 5306 9933 7664 5149 6545 6659 17944 10411 10630 7439 9604 9056 10247 1186 17775 10551 10220 11793 10256 11699 11228 9614 6250 2771 16467 16473 14916 17271 11460 8617 13211 17639 104 90 13388 13428 136 16363 340 3713 15917 14842 490 18432 17299 18434 7388 191 16319 5622 8687 12777 7312 17927 2142 11458 4893 3390 857 3108 15959 18414 8493 5983 18422 13422 1623 18037 8753 11231 2543 8146 17776 266 4461 447 3769 13381 8520 7223 3869 379 18472 13784 15832 17769 15756 15739 180 147 11890 270 8590 346 17778 392 9375 514 2487 12451 3172 17328 18396 2445 6556 5392 7189 15749 15462 1071 16269 15047 11783 7455 7506 1271 17774 264 2674 486 8430 3539 11613 3095 9195 1535 11492 211 18057 8448 18092 8576 18233 308 14667 15905 14279 419 6320 433 15424 509 16645 18345 6650 2784 18145 17250 18359 14681 8919 7172 12148 5601 11125 10189 13433 10867 3838 8545 13029 17425 6961 10804 10198 13404 11030 7766 18353 11009 1962 1216 4167 13528 3161 8565 7767 7565 3861 6930 7361 9615 1775 8209 14493 18270 15110 552]
start 14 psup 3 p 4 m 1 [13096 475 10761 561 11682 41 18213 408 4403 470 16231 577 7485 108 4 9724 301 15971 536 5275 37 18460 4176 8563 18382 431 4042 466 5428 489 15824 568 18253 8242 8459 14270 17558 98 63 18435 146 71 12173 1565 9669 12862 5946 362 11752 9366 18015 13046 17895]
start 8 psup 3 p 6 m 1 [18213 408 15006 487 16667 159 14920 172 4161 197 18361 337 14819 339 13946 372 8488 438 16921 507 12679 516 8555 527 1817 575 8368 584 6553 139 16 4858 550 2943 95 17 4570 130 17519 190 14130 326 15209 364 8255 10349 17556 428 14092 18344 18478 4286 14393 15338 7691 17003 8389 17316 17468 9790 7654 13515 16334 1923 15259 6050 8031 16548 8171 11067 10419 12586 5306 9933 17944 10411 10630 17775 10551 10220 11793 10256 11699 11228 9614 6250 16467 16473 14916 17639 104 90 13388 13428 136 16363 340 3713 15917 14842 490 12635 532 9385 17246 452 18432 17299 18472 13784 15832 17769 15756 15739 180 147 11890 270 17778 392 18396 2445 6556 5392 15749 15462 18345 6650 2784 18145 17250 18359 18353 11009 1962 1216 4167 13528 3161 8565 9615 18270 15110 552]
start 15 psup 3 p 4 m 2 [18213 408 10277 446 4403 470 15006 487 17989 571 16486 227 11 10268 234 10934 285 12092 376 17528 410 17788 24 15 8717 26 18361 337 14819 339 13946 372 2832 387 8488 438 16921 507 12679 516 8555 527 1817 575 8368 584 6553 139 16 4858 550 2943 95 17 4570 130 17519 190 14130 326 15209 364 8255 10349 17556 428 14092 18344 18275 18152 152 17071 498 10876 6294 16706 8291 18478 4286 14393 15338 7691 17003 8389 17316 17468 9790 7654 13515 16334 1923 15259 6050 8031 16083 16548 8171 11067 10419 12586 5306 9933 17944 10411 10630 7439 10247 1186 17775 10551 10220 11793 10256 11699 11228 9614 6250 16467 16473 14916 17639 104 90 13388 13428 136 91 16363 340 3713 15917 14842 490 12635 532 9385 17246 452 18472 13784 15832 17769 15756 15739 180 147 11890 270 8590 346 17778 392 17328 18396 494 2445 6556 5392 7189 15749 15462 1071 16269 196 156 18057 8448 18345 6650 2784 18145 183 14411 13844 17250 18359 14681 8919 7172 12148 5601 11125 10189 13433 10867 3838 8545 13029 17425 6961 10804 10198 13404 11030 7766 18353 11009 1962 1216 4167 13528 3161 8565 9615 1775 8209 18270 212 15110 552]
start 3 psup 3 p 8 m 2 [11479 290 1 13096 475 10761 561 11618 25 11682 41 15161 82 15699 254 18213 408 15006 487 16667 159 15625 412 15716 417 7946 460 12037 274]
start 19 psup 3 p 3 m 0 [11479 290 1 13096 475 10761 561 11618 25 11682 41 15161 82 15465 247 15699 254 6806 385 18213 408 15006 487 11403 519 16667 159 14920 172 4161 197 4192 287 7935 292 12331 333 15625 412 15716 417 7946 460 3120 496 9729 534 8097 228 12037 274 12199 283 18460 298 18067 6652 210 15219 16973 5418 127 60 14900 347 18382 431 4042 466 5428 489 15824 568 11413 5364 2759 18253 3973 8242 7170 4637 5518 4983 8459 4322 14270 16377 17558 16920 15191 174 6191 14941 11553 15622 437 2245 1221 586 9163 7334 18305 3072 17583 8609 16222 2158 8571 6575 1811 8229 17063 10613 2895 17701 129 65 12477 463 8341 15080 9176 18435 146 71 3535 12173 1565 9669 12862 5946 362 11752 9366 18015 17895 18478 4286 14393 15338 7691 17003 8389 17316 13699 12160 7704 1226 16325 11258 3524 7250 4530 17468 9790 962 7654 13515 16334 1923 15259 6050 2534 8031 16548 8171 11067 10419 12586 5306 9933 6545 6659 17944 10411 10630 17775 11793 10256 11699 11228 9614 6250 15859 6110 85 14942 16467 16473 10904 14916 8973 16451 17639 104 90 13388 13428 136 91 16363 340 18472 13784 14162 11881 15832 13685 468 12230 16767 5315 12817 6587 8989 12940 14579 8485 2882 6407 12695 381 10749 16722 16119 17769 15756 15739 180 147 11890 17778 392 14794 12451 9016 384 7777 562 17328 6475 3265 16097 5032 2686 4401 2734 170 151 8804 12526 5743 6515 2532 1793 18396 494 2445 6556 5392 15749 17954 6244 17953 17774 264 10941 17600 2674 486 18261 2710 7159 2902 13660 9007 9855 4008 12249 17832 16155 12618 16320 323 682 3892 3634 17783 6481 17290 825 6804 15298 6363 3715 8176 10052 6938 16994 169 1054 11787 14048 8204 1231 2687 17925 11758 974 14177 17575 17094 14069 11045 204 18092 8576 17113 1610 2537 12083 14747 16545 9132 5967 1873 9494 8534 15015 15205 9008 12844 12320 251 15905 4463 17658 4484 18345 6650 2784 16285 179 14475 16960 6589 309 182 12060 313 18145 183 14411 13844 17250 18448 18004 509 6476 16459 13203 6239 7939 17526 6598 5159 4514 12572 3086 15945 16934 16120 521 701 3149 17353 478 11444 10130 11392 10229 18284 15251 684 6583 4045 16916 10711 3568 12510 11296 6723 17696 15197 7851 13288 17807 18291 17185 17549 13492 4848 2659 15138 9677 2557 5015 7108 2841 14146 10947 3768 6531 15911 11038 8077 6307 14160 4289 1402 14310 2205 4720 14476 5550 15402 14122 10499 8746 3407 4462 16846 16229 11185 6500 11686 9394 17859 17877 3612 7835 2322 16448 9169 5000 15787 17982 15949 8175 4503 15463 18138 18156 18288 15253 16751 12056 11143 16540 17064 10873 1018 10078 14044 9404 2600 15097 12542 10877 13702 10493 8765 16110 14424 559 18030 14016 12359 15124 13902 11935 1704 14075 17037 5713 15019 1408 15102 6333 4935 5536 4611 1423 654 502 10252 13768 13035 3917 14907 11395 18238 7256 12122 18198 16445 2762 13300 18289 11914 9543 17684 17500 14791 11596 6594 11633 7688 18342 10324 16165 12473 3068 3038 1252 11394 16828 2742 3430 2917 2280 6549 13498 12419 18252 363 17867 6135 349 2235 11055 18296 14520 1909 12820 2307 4396 3853 16890 8235 3074 15388 4680 1487 16327 17338 6761 14065 18425 10842 6705 8148 8956 16485 11954 881 18051 15266 2314 8752 18366 4088 14700 744 14972 11489 13858 18439 2112 6079 7031 7103 7928 6865 17418 3496 11255 18139 7604 11570 7351 4370 1557 8471 12204 13867 5276 10847 1196 6251 17868 15477 15810 17630 12554 17287 7725 17169 4759 10794 7816 18436 15882 16426 14638 3517 1501 4104 11391 10158 11362 8546 11360 6137 3901 15285 4471 17847 12164 10552 18309 18054 16984 3191 4771 6395 18380 17336 15534 9473 12763 18186 2033 7017 4030 17711 10654 8813 4365 15499 7292 10878 17277 17974 17956 4938 18134 10120 14011 18079]
start 16 psup 4 p 3 m 0 [11479 290 1 13096 475 10761 561 11618 25 11682 41 15161 82 15699 254 18213 408 15006 487 11403 519 16667 159 14920 172 4161 197 4192 287 7935 292 12331 333 15625 412 15716 417 7946 460 3120 496 9729 534 8097 228 12037 12199 283 18460 298 18067 6652 210 15219 16973 5418 14900 18382 431 4042 466 5428 489 15824 568 11413 18253 8242 8459 14270 17558 18305 3072 17583 8609 16222 17701 129 65 12477 463 15080 9176 18435 146 71 3535 12173 1565 9669 12862 5946 362 11752 9366 18015 17895]
start 10 psup 3 p 6 m 3 [11479 290 1 18213 408 15006 487 16667 159 15625 412 15716 417 7946 460 3120 496 9729 534]
start 23 psup 3 p 2 m 0 [11479 290 1 17264 404 1070 448 7117 464 8360 497 18213 408 10277 446 4403 470 15006 487 16667 159 14920 172 4161 197 15625 412 15716 417 7946 460 3120 496 9729 534 16045 303 13850 414 5089 462 15833 19 8 9809 33 2830 157 18361 337 14819 339 13946 372 2832 387 8488 438 16921 507 12679 516 8555 527 1817 575 8368 584 6553 139 16 4858 550 2943 95 17 4570 130 13312 328 2658 356 17519 190 14130 326 15209 364 8255 10349 17556 428 14092 563 18344 18478 4286 14393 15338 7691 17003 8389 17316 17468 9790 7654 13515 16334 1923 15259 6050 8031 16548 8171 11067 10419 12586 5306 9933 17944 10411 10630 17775 10551 10220 11793 10256 11699 11228 9614 6250 16467 16473 14916 17639 104 90 13388 13428 136 91 16363 340 18282 555 4551 557 7921 18432 17299 14184 8051 13890 10367 13733 3259 2028 5464 8941 17206 484 17782 329 10980 16004 504 11953 512 9799 8744 150 18472 13784 15832 13685 468 12230 16767 5315 4895 297 3586 12817 6587 12940 14579 8485 2882 6407 4800 145 16722 16119 17769 15756 15739 180 147 11890 270 8590 346 17778 392 17328 16097 18396 494 2445 6556 5392 7189 15749 15462 1071 16269 18057 8448 2217 8119 9275 15853 472 4070 15310 18345 6650 2784 18145 183 14411 13844 17250 14587 6616 7411 18269 3163 17715 18359 14681 8919 12148 5601 11125 10189 13433 13029 8401 17425 6961 10804 10198 13404 11030 7766 18353 11009 1962 1216 4167 13528 3161 8565 9615 18270 212 15110 552 18448 1779 9283 3585 6742 16024 17672 2593]
start 20 psup 3 p 3 m 1 [18213 408]
start 8 psup 3 p 7 m 0 [18213 408 15006 487 18478 4286 14393 15338 7691 17003 8389 17316 17468 9790 962 7654 13515 16334 1923 15259 6050 8031 16548 8171 11067 10419 12586 5306 9933 17944 10411 10630 17775 11793 10256 11699 11228 9614 6250 16467 16473 14916 17639 104 90 13388 13428 136 91 16363 340 3713 15917 14842 490 12635 532 9385 17246 452 18432 17299 18472 13784 14162 15832 17769 15756 15739 180 147 11890 17778 392 17328 18396 494 2445 6556 5392 15749 18345 6650 2784 18145 183 14411 13844 17250]
start 1 psup 4 p 7 m 0 [18213 408]
start 15 psup 3 p 5 m 4 [18213 408 10277 446 15006 487 17989 571 16486 227 11 10268 234 10934 285 12092 376 17528 410 17788 24 15 8717 26 18361 337 14819 339 13946 372 2832 387 8488 438 16921 507 12679 516 8555 527 1817 575 8368 584 6553 139 16 4858 550 2943 95 17 4570 130 17519 190 14130 326 15209 364 8255 10349 17556 428 14092 18344 18478 4286 14393 15338 7691 17003 8389 17316 17468 9790 7654 13515 16334 1923 15259 6050 8031 16548 8171 11067 10419 12586 5306 9933 17944 10411 10630 17775 10551 10220 11793 10256 11699 11228 9614 6250 16467 16473 14916 17639 104 90 13388 13428 136 16363 340 18432 17299 18472 13784 15832 17769 15756 15739 180 147 11890 270 8590 346 17778 392 17328 18396 2445 6556 5392 7189 15749 15462 1071 16269 196 156 18057 8448 18345 6650 2784 18145 17250 18359 14681 8919 12148 5601 11125 10189 13433 13029 17425 6961 10804 10198 13404 11030 7766 18353 11009 1962 1216 4167 13528 3161 8565 9615 18270 15110 552]
start 22 psup 3 p 3 m 0 [18213 408 15006 487 16667 159 14920 172 4161 197 15625 412 15716 417 7946 460 3120 496 9729 534 18478 4286 14393 15338 7691 17003 8389 17316 17468 9790 962 7654 13515 16334 1923 15259 6050 8031 16548 8171 11067 10419 12586 5306 9933 17944 10411 10630 17775 11793 10256 11699 11228 9614 6250 16467 16473 14916 17639 104 90 13388 13428 16363 340 18432 17299 18472 13784 15832 17769 15756 15739 180 147 11890 17778 392 17328 18396 494 2445 6556 5392 15749 18345 6650 2784]
start 19 psup 4 p 3 m 0 [18213 408 15006 487 16667 159 14920 172 4161 197 15625 412 15716 417 7946 460 3120 496 9729 534 18478 4286 14393 15338 7691 17003 8389 17316 17468 9790 962 7654 13515 16334 1923 15259 6050 8031 16548 8171 11067 10419 12586 5306 9933 17944 10411 10630 17775 11793 10256 11699 11228 9614 6250 16467 16473 14916 17639 104 90 13388 13428 16363 340 18472 13784 15832 17769 15756 15739 180 147 11890 17778 392 17328 18396 494 2445 6556 5392 15749 18345 6650 2784]
start 16 psup 5 p 3 m 0 [18213 408 15006 487 16667 159 14920 172 4161 197 15625 412 15716 417 7946 460 3120 496 9729 534]
start 19 psup 3 p 4 m 2 [11479 290 1 17264 404 1070 448 7117 464 8360 497 18213 408 10277 446 4403 470 15006 487 16667 159 14920 172 4161 197 15625 412 15716 417 7946 460 3120 496 9729 534 16045 303 13850 414 5089 462 15833 19 8 9809 33 2830 157 18361 337 14819 339 13946 372 2832 387 8488 438 16921 507 12679 516 8555 527 1817 575 8368 584 6553 139 16 4858 550 2943 95 17 4570 130 13312 328 2658 356 17519 190 14130 326 15209 364 8255 10349 17556 428 14092 563 18344 18275 18152 152 9931 17071 498 10876 249 31 6294 314 16706 8291 18478 4286 14393 15338 7691 17003 8389 17316 17468 9790 7654 13515 16334 1923 15259 6050 8031 16083 16548 8171 11067 10419 12586 5306 9933 17944 10411 10630 7439 10247 1186 17775 10551 10220 11793 10256 11699 11228 9614 6250 16467 16473 14916 17639 104 90 13388 13428 136 91 16363 340 3713 15917 14842 490 12635 532 9385 13776 9072 429 17246 452 18282 555 4551 557 7921 18472 13784 15832 13685 468 12230 16767 5315 4895 297 3586 12817 6587 12940 14579 8485 2882 6407 4800 145 16722 16119 17769 15756 15739 180 147 11890 270 8590 346 17778 392 17328 16097 18396 494 2445 6556 5392 7189 15749 15462 1071 16269 18057 8448 2217 8119 9275 15853 472 4070 15310 18345 6650 2784 18145 183 14411 13844 17250 14587 6616 7411 18269 3163 17715 15889 11856 13591 15851 7414 13686 18359 14681 8919 7172 12148 5601 11125 10189 13433 10867 3838 8545 13029 8401 17425 6961 10804 10198 13404 11030 7766 18353 11009 1962 1216 4167 13528 3161 8565 9615 1775 8209 18270 212 15110 552 18448 1779 9283 3585 6742 16024 17672 2593]
start 15 psup 4 p 4 m 2 [18213 408 10277 446 4403 470 15006 487 18361 337 14819 339 13946 372 2832 387 8488 438 16921 507 12679 516 8555 527 1817 575 8368 584 6553 139 16 4858 550 2943 95 17 4570 130 17519 190 14130 326 15209 364 8255 10349 17556 428 14092 18344 18275 18152 152 17071 498 10876 6294 16706 8291 18478 4286 14393 15338 7691 17003 8389 17316 17468 9790 7654 13515 16334 1923 15259 6050 8031 16083 16548 8171 11067 10419 12586 5306 9933 17944 10411 10630 7439 10247 1186 17775 10551 10220 11793 10256 11699 11228 9614 6250 16467 16473 14916 17639 104 90 13388 13428 136 91 16363 340 3713 15917 14842 490 12635 532 9385 17246 452 18472 13784 15832 17769 15756 15739 180 147 11890 270 8590 346 17778 392 17328 18396 494 2445 6556 5392 7189 15749 15462 1071 16269 18057 8448 18345 6650 2784 18145 183 14411 13844 17250 18359 14681 8919 7172 12148 5601 11125 10189 13433 10867 3838 8545 13029 17425 6961 10804 10198 13404 11030 7766 18353 11009 1962 1216 4167 13528 3161 8565 9615 1775 8209 18270 212 15110 552]
start 11 psup 5 p 4 m 2 [18213 408 10277 446 4403 470 15006 487 18361 337 14819 339 13946 372 2832 387 8488 438 16921 507 12679 516 8555 527 1817 575 8368 584 6553 139 16 4858 550 2943 95 17 4570 130 17519 190 14130 326 15209 364 8255 10349 17556 428 14092 18344 18275 18152 152 17071 498 10876 6294 16706 8291 18478 4286 14393 15338 7691 17003 8389 17316 17468 9790 7654 13515 16334 1923 15259 6050 8031 16083 16548 8171 11067 10419 12586 5306 9933 17944 10411 10630 7439 10247 17775 10551 10220 11793 10256 11699 11228 9614 6250 16467 16473 14916 17639 104 90 13388 13428 136 91 16363 340 3713 15917 14842 490 12635 532 9385 17246 452 18472 13784 15832 17769 15756 15739 180 147 11890 270 8590 346 17778 392 17328 18396 494 2445 6556 5392 7189 15749 15462 1071 16269 18057 8448 18345 6650 2784 18145 183 14411 13844 17250 18359 14681 8919 7172 12148 5601 11125 10189 13433 10867 3838 8545 13029 17425 6961 10804 10198 13404 11030 7766 18353 11009 1962 1216 4167 13528 3161 8565 9615 1775 8209 18270 15110 552]
start 11 psup 3 p 7 m 3 [13096 475 10761 561 11682 41 18213 408]
start 5 psup 3 p 9 m 4 [18213 408 15006 487 16667 159 14920 172 4161 197 15625 412 15716 417 7946 460 3120 496 9729 534 16045 303 13850 414 5089 462 15833 19 8 9809 33 2830 157 17989 571 16486 227 11 12092 376 17528 410 17788 24 15 18361 337 14819 339 13946 372 8488 438 16921 507 12679 516 8555 527 1817 575 8368 584 6553 139 16 4858 550 2943 95 17 4570 130 13312 328 2658 356 17519 190 14130 326 15209 364 8255 10349 17556 428 14092 563 18344 18478 4286 14393 15338 7691 17003 8389 17316 17468 9790 7654 13515 16334 1923 15259 6050 8031 16083 16548 8171 11067 10419 12586 5306 9933 17944 10411 10630 7439 10247 1186 17775 10551 10220 11793 10256 11699 11228 9614 6250 16467 16473 14916 17639 104 90 13388 13428 136 16363 340 3713 15917 14842 490 18282 555 4551 557 7921 18432 17299 18472 13784 15832 13685 468 12230 16767 5315 4895 297 3586 12817 6587 12940 14579 8485 2882 6407 12695 381 16722 16119 17769 15756 15739 180 147 11890 270 17778 392 18396 494 2445 6556 5392 15749 15462 18345 6650 2784 18145 183 14411 13844 17250 18359 17425 6961 13404 18353 11009 1962 1216 4167 13528 3161 8565 9615 18270 212 15110 552 18448 9283 3585 6742 16024 17672 2593]
start 26 psup 4 p 2 m 1 [18213 408]
start 10 psup 8 p 3 m 0 [18213 408]
start 6 psup 7 p 4 m 1 [18213 408]
start 10 psup 4 p 6 m 3 [18213 408 15006 487 16667 159 15625 412 15716 417 7946 460 3120 496 9729 534]
start 4 psup 5 p 6 m 3 [18213 408]
start 6 psup 4 p 7 m 5 [18213 408]
start 20 psup 3 p 5 m 4 [18213 408 10277 446 15006 487 16667 159 17989 571 16486 227 11 10268 234 10934 285 12092 376 17528 410 17788 24 15 8717 26 18361 337 14819 339 13946 372 2832 387 8488 438 16921 507 12679 516 8555 527 1817 575 8368 584 6553 139 16 4858 550 2943 95 17 4570 130 17519 190 14130 326 15209 364 8255 10349 17556 428 14092 18344 18478 4286 14393 15338 7691 17003 8389 17316 17468 9790 7654 13515 16334 1923 15259 6050 8031 16548 8171 11067 10419 12586 5306 9933 17944 10411 10630 17775 10551 10220 11793 10256 11699 11228 9614 6250 16467 16473 14916 17639 104 90 13388 13428 136 16363 340 18432 17299 18472 13784 15832 17769 15756 15739 180 147 11890 270 8590 346 17778 392 17328 18396 2445 6556 5392 7189 15749 15462 1071 16269 18057 8448 18345 6650 2784 18145 17250 18359 14681 8919 12148 5601 11125 10189 13433 13029 8401 17425 6961 10804 10198 13404 11030 7766 18353 11009 1962 1216 4167 13528 3161 8565 9615 18270 15110 552]
start 15 psup 4 p 5 m 4 [18213 408 10277 446 15006 487 17989 571 16486 227 11 10268 234 10934 285 12092 376 17528 410 17788 24 15 8717 26 18361 337 14819 339 13946 372 2832 387 8488 438 16921 507 12679 516 8555 527 1817 575 8368 584 6553 139 16 4858 550 2943 95 17 4570 130 17519 190 14130 326 15209 364 8255 10349 17556 428 14092 18344 18478 4286 14393 15338 7691 17003 8389 17316 17468 9790 7654 13515 16334 1923 15259 6050 8031 16548 8171 11067 10419 12586 5306 9933 17944 10411 10630 17775 10551 10220 11793 10256 11699 11228 9614 6250 16467 16473 14916 17639 104 90 13388 13428 136 16363 340 18432 17299 18472 13784 15832 17769 15756 15739 180 147 11890 270 8590 346 17778 392 17328 18396 2445 6556 5392 7189 15749 15462 1071 16269 18057 8448 18345 6650 2784 18145 17250 18359 14681 8919 12148 5601 11125 10189 13433 13029 17425 6961 10804 10198 13404 11030 7766 18353 11009 1962 1216 4167 13528 3161 8565 9615 18270 15110 552]
start 5 psup 6 p 5 m 4 [18213 408 10277 446 15006 487 17989 571 16486 227 11 10268 234 10934 285 12092 376 17528 410 17788 24 15 8717 26 18361 337 14819 339 13946 372 2832 387 8488 438 16921 507 12679 516 8555 527 1817 575 8368 584 6553 139 16 17519 190 14130 326 15209 364 8255 10349 17556 428 14092 18344 18478 4286 14393 15338 7691 17003 8389 17316 17468 9790 7654 13515 16334 1923 15259 6050 8031 16548 8171 11067 10419 12586 5306 9933 17944 10411 10630 17775 10551 10220 11793 10256 11699 11228 9614 6250 16467 16473 14916 17639 104 90 13388 13428 136 16363 340 18432 17299 18472 13784 15832 17769 15756 15739 180 147 11890 270 8590 346 17778 392 17328 18396 2445 6556 5392 7189 15749 15462 1071 16269 18057 8448 18345 6650 2784 18145 17250 18359 14681 8919 12148 5601 11125 10189 13433 13029 17425 6961 10804 10198 13404 11030 7766 18353 11009 1962 1216 4167 13528 3161 8565 9615 18270 15110 552]
start 11 psup 3 p 8 m 2 [11479 290 1 13096 475 10761 561 7164 22 2 11618 25 11682 41 10425 79 15161 82 15699 254 17264 404 1070 448 7117 464 8360 497 16714 515 2460 96 3 5103 103 2575 202 9439 319 16672 365 18213 408 10277 446 4403 470 15006 487 16667 159 15625 412 15716 417 7946 460 3120 496 9729 534 16045 303 13850 414 5089 462 15833 19 8 9809 33 2830 157 18361 337 14819 339 13946 372 2832 387 8488 438 2915 473 16921 507 12679 516 8555 527 1817 575 8368 584 6553 139 16 4858 550 2943 95 17 4570 130 13312 328 2658 356 17519 190 14130 326 15209 364 8255 10349 16519 97 14976 10676 304 4923 4383 388 17556 428 14092 563 18219 261 20 11774 273 10417 342 6533 585 16068 369 8232 551 5423 6342 13074 208 15734 1350 7901 9403 5678 480 15386 4631 505 6694 214 23 13123 465 5771 14275 3078 6967 4931 7673 17770 207 7343 17241 830 12936 11621 1915 415 12326 8270 10412 3617 16627 13379 5091 16932 9306 17180 8768 7269 16200 8473 12196 3131 13186 10767 2604 7956 299 27 17955 383 15395 17370 539 16466 100 28 9196 165 18344 18275 15282 18152 152 9931 17071 498 10876 249 31 6294 314 16706 8291 15524 245 13505 2265 18478 4286 14393 15338 7691 17003 8389 17316 11773 13699 12160 16325 11258 3524 7250 4530 17468 9790 962 7654 13515 16334 1923 15259 6050 8031 16083 16548 8171 11067 10419 12586 5306 9933 5149 6545 6659 17944 10411 10630 7439 10247 15455 17775 10551 10220 11793 10256 11699 11228 9614 6250 15859 14942 16467 16473 14916 17639 104 90 13388 13428 136 91 16363 340 3713 15917 14842 490 12635 532 9385 13776 9072 429 17246 452 18282 555 4551 557 7921 18472 13784 14162 15832 11191 13685 468 12230 16767 5315 4895 297 3586 12817 6587 12940 14579 8485 2882 6407 4800 145 16722 16119 17769 15756 15739 180 147 11890 270 8590 346 17778 392 14794 12451 2808 8791 149 9016 384 7777 562 17328 16097 5032 2686 4401 2734 170 151 8804 12526 3491 6515 18396 494 2445 6556 5392 7189 15749 15462 1071 16269 17954 3408 9136 15047 11783 7455 7506 1271 18057 8448 2217 8119 9275 15853 472 4070 15310 18345 6650 2784 18145 183 14411 13844 17250 14587 6616 7411 18269 3163 15647 531 17715 15889 11856 13591 15851 7414 13686 17965 13912 18359 14681 8919 7172 12148 5601 11125 10189 13433 10867 3838 8545 13029 8401 17230 11028 17425 6961 10804 10198 13404 11030 7766 18353 11009 1962 1216 4167 13528 3161 8565 3839 9615 1775 8209 9880 2092 18270 15110 552 18448 1779 9283 3585 6742 16024 17672 2593 9972 2688 6980 11842 8038 12265 3566 6167 14244 4874 15379 17667 5742 15718 2348 11631 11801 7724 14823 7683 2910 17734 7856 341 16386 16869 433 18004 509 6476 2733 15753 16459 13203 6239 16590 14290 13020 12874 5820 17526 6598 5159 12572 3086 13826 420 15945 16934 16120 701 3149 9772 17353 478 11444 10130 16707 2451 5949 9503 12649 16633 9296 343 9073 4087 12881 644 12662 17222 16967 236 15871 15595 10805 10261 8970 7125 5099 11477 8018 17858 12120 18291 6112 7105 7729 17185 17549 13492 4848 2659 15138 14146 10947 15911 11038 8077 6307 14160 4289 1402 14106 5590 14310 2205 4720 14476 5550 15402 943 14122 10499 8746 16846 10567 16229 11185 6500 11686 17859 9281 8952 1466 14026 5712 3196 6815 5945 15652 16329 6631 10030 13042 2233 4374 2926 14539 17877 3612 7835 2322 16448 9169 18156 11647 18289 11914 9543]
start 3 psup 4 p 8 m 2 [11479 290 1 13096 475 10761 561 11618 25 11682 41 15161 82 15699 254 18213 408 15006 487 16667 159 15625 412 15716 417 7946 460]
start 5 psup 3 p 10 m 4 [18213 408 10277 446 4403 470 15006 487 17989 571 16486 227 11 10268 234 10934 285 12092 376 17528 410 17788 24 15 8717 26 18361 337 14819 339 13946 372 2832 387 8488 438 16921 507 12679 516 8555 527 1817 575 8368 584 6553 139 16 4858 550 2943 95 17 4570 130 17519 190 14130 326 15209 364 8255 10349 17556 428 14092 18344 18478 4286 14393 15338 7691 17003 8389 17316 17468 9790 962 7654 13515 16334 1923 15259 6050 8031 16548 8171 11067 10419 12586 5306 9933 17944 10411 10630 17775 10551 10220 11793 10256 11699 11228 9614 6250 16467 16473 14916 17639 104 90 13388 13428 136 16363 340 18432 17299 18472 13784 15832 17769 15756 15739 180 147 11890 270 8590 346 17778 392 17328 18396 494 2445 6556 5392 7189 15749 15462 1071 16269 196 156 18057 8448 18345 6650 2784 18145 183 14411 13844 17250 18359 14681 8919 12148 5601 11125 10189 13433 13029 17425 6961 10804 10198 13404 11030 7766 18353 11009 1962 1216 4167 13528 3161 8565 9615 18270 212 15110 552]
start 27 psup 3 p 3 m 2 [11479 290 1 13096 475 10761 561 7164 22 2 11618 25 11682 41 10425 79 15161 82 15699 254 18213 408 10277 446 4403 470 15006 487 16667 159 15625 412 15716 417 7946 460 3120 496 9729 534 16045 303 13850 414 5089 462 15833 19 8 9809 33 2830 157 18478 4286 14393 15338 7691 17003 8389 17316 17468 9790 962 7654 13515 16334 1923 15259 6050 8031 16083 16548 8171 11067 10419 12586 5306 9933 17944 10411 10630 14354 15455 17775 10551 10220 11793 10256 11699 11228 9614 6250 15859 14942 16467 16473 14916 13211 2135 17639 104 90 13388 13428 136 91 16363 340 18282 555 4551 557 7921 18405 7394 15519 18432 17299 14184 8051 13890 10367 6432 13733 3259 2028 5464 8941 17206 484 18395 15898 13107 18472 13784 14162 15832 17769 15756 15739 180 147 11890 270 8590 346 17778 392 18396 494 2445 6556 5392 7189 15749 15462 1071 16269 18057 9275 15853 472 15310 18345 6650 2784 18145 183 14411 13844 17250 14587 6616 7411 18269 3163 15647 531 17715 17965 13912 18359 14681 8919 7172 12148 5601 11125 10189 13433 10867 3838 8545 13029 8401 17230 17425 6961 10804 10198 13404 11030 18353 11009 1962 1216 4167 13528 3161 8565 3839 9615 18270 15110 552 18448 1779 9283 3585 6742 16024 17672 2593 9972 2688 6980 12265 3566 6167 14244 15379 17667 15718 2348 11631 11801 7724 14823 17734 7856 16386 16869 18004 6476 2733 15753 16459 17526 6598 5159 12572 3086 13826 15945 16934 16120 701 3149 9772 17353 478 16707 2451 5949 12649 16633 9296 9073 4087 12881 644 12662 17222 16967 236 15871]
start 6 psup 3 p 10 m 5 [17603 558 5103 103 9439 319 18213 408 18472 13784 17769 17778 392 13747 14794 18396 494 6556 15749 17954 17052 9136 9749 14598 15047 17953 17774 10941 18123 8089]
start 16 psup 3 p 7 m 1 [11479 290 1 18213 408 15006 487 16667 159 15625 412 15716 417 7946 460 3120 496 9729 534 18361 337 14819 339 13946 372 17519 190 14130 326 15209 364 17556 428 14092 563 18344]
start 10 psup 3 p 9 m 0 [18213 408 10277 446 4403 470 15006 487 16667 159 15625 412 15716 417 7946 460 3120 496 9729 534 16045 303 13850 414 5089 462 15833 19 8 9809 33 2830 157 17160 98 9 15307 7663 219 16274 529 12456 143 10 14763 439 17989 571 16486 227 11 10268 234 10934 285 12092 376 17528 410 17788 24 15 8717 26 18361 337 14819 339 13946 372 2832 387 8488 438 16921 507 12679 516 8555 527 1817 575 8368 584 6553 139 16 17519 190 14130 326 15209 364 8255 10349 17556 428 14092 18344 18275 18152 152 17071 498 10876 249 31 6294 314 16706 8291 18478 4286 14393 15338 7691 17003 8389 17316 17468 9790 962 7654 13515 16334 1923 15259 6050 8031 16083 16548 8171 11067 10419 12586 5306 9933 17944 10411 10630 7439 10247 1186 17775 10551 10220 11793 10256 11699 11228 9614 6250 16467 16473 14916 17639 104 90 13388 13428 16363 340 3713 15917 14842 490 12635 532 9385 17246 452 18472 13784 15832 17769 15756 15739 180 147 11890 270 8590 346 17778 392 17328 18396 494 2445 6556 5392 7189 15749 15462 1071 16269 18057 8448 18345 6650 2784]
start 1 psup 4 p 9 m 0 [18213 408 16667 159 15625 412]
start 23 psup 3 p 5 m 2 [18213 408 10277 446 4403 470 15006 487 16667 159 14920 172 4161 197 15625 412 15716 417 7946 460 3120 496 9729 534 16045 303 13850 414 5089 462 15833 19 8 9809 33 2830 157 17160 98 9 15307 7663 219 16274 529 12456 143 10 18478 4286 14393 15338 7691 17003 8389 17316 17468 9790 7654 13515 16334 1923 15259 6050 8031 16083 16548 8171 11067 10419 12586 5306 9933 17944 10411 10630 7439 10247 1186 17775 10551 10220 11793 10256 11699 11228 9614 6250 16467 16473 14916 17639 104 90 13388 13428 16363 340 3713 15917 14842 490 12635 532 9385 17246 452 18432 17299 18472 13784 15832 17769 15756 15739 180 147 11890 270 8590 346 17778 392 18396 494 2445 6556 5392 7189 15749 15462 1071 16269 196 156 18057 18345 6650 2784]
start 14 psup 3 p 8 m 5 [11479 290 1 13096 475 10761 561 11618 25 11682 41 15161 82 15699 254 18213 408 15006 487 16667 159 15625 412 15716 417 7946 460 3120 496 9729 534 8097 228 12037 274 18478 4286 14393 15338 7691 17003 8389 17316 17468 9790 962 7654 13515 16334 1923 15259 6050 8031 16083 16548 8171 11067 10419 12586 5306 9933 17944 10411 10630 17775 11793 10256 11699 11228 9614 6250 15859 14942 16467 16473 14916 13211 17639 104 90 13388 13428 136 91 16363 340 18405 7394 15519 18432 17299 14184 8051 13890 10367 6432 13733 3259 18395 15898 13107 18472 13784 14162 15832 17769 15756 15739 180 147 11890 17778 392 18396 494 2445 6556 5392 15749 18345 6650 2784 18145 183 14411 13844 17250 18448 18004 6476 16459 17526 6598 5159 12572 3086 15945 16934 16120 701 3149 17353 478]
start 31 psup 4 p 2 m 0 [18213 408 15971 536]
start 32 psup 3 p 3 m 1 [17603 558 5103 103 18213 408 15971 536 15625 412 18472 13784 17769 17778]
start 30 psup 3 p 3 m 2 [11479 290 1 18213 408 10277 446 4403 470 15006 487 16667 159 15625 412 15716 417 7946 460 3120 496 9729 534 16045 303 13850 414 5089 462 15833 19 8 9809 33 2830 157 17160 98 9 15307 7663 219 14046 312 16274 529 12456 143 10 18478 4286 14393 15338 7691 17003 8389 17316 17468 9790 962 7654 13515 16334 1923 15259 6050 8031 16083 16548 8171 11067 10419 12586 5306 9933 17944 10411 10630 14354 15455 17775 10551 10220 11793 10256 11699 11228 9614 6250 15859 14942 16467 16473 14916 13211 2135 17639 104 90 13388 13428 136 91 16363 340 18282 555 4551 557 7921 15299 13701 18405 7394 15519 18432 17299 14184 8051 13890 10367 6432 13733 3259 2028 5464 8941 17206 484 18395 15898 13107 18472 13784 14162 15832 17769 15756 15739 180 147 11890 270 8590 346 17778 392 18396 494 2445 6556 5392 7189 15749 15462 1071 16269 18057 9275 15853 472 15310 18345 6650 2784 18145 183 14411 13844 17250 14587 6616 7411 18269 3163 15647 531 17715 17965 13912 18359 14681 8919 7172 12148 5601 11125 10189 13433 10867 3838 8545 13029 8401 17230 17425 6961 10804 10198 13404 11030 18353 11009 1962 1216 4167 13528 3161 8565 3839 9615 18270 15110 552 18448 1779 9283 3585 6742 16024 17672 2593 9972 2688 6980 12265 3566 6167 14244]
start 27 psup 4 p 3 m 2 [11479 290 1 18213 408 10277 446 4403 470 15006 487 16667 159 15625 412 15716 417 7946 460 3120 496 9729 534 16045 303 13850 414 5089 462 15833 19 8 9809 33 2830 157 18478 4286 14393 15338 7691 17003 8389 17316 17468 9790 962 7654 13515 16334 1923 15259 6050 8031 16083 16548 8171 11067 10419 12586 5306 9933 17944 10411 10630 14354 15455 17775 10551 10220 11793 10256 11699 11228 9614 6250 15859 14942 16467 16473 14916 13211 2135 17639 104 90 13388 13428 136 91 16363 340 18282 555 4551 557 7921 18405 7394 15519 18432 17299 14184 8051 13890 10367 6432 13733 3259 2028 5464 8941 17206 484 18395 15898 13107 18472 13784 14162 15832 17769 15756 15739 180 147 11890 270 8590 346 17778 392 18396 494 2445 6556 5392 7189 15749 15462 1071 16269 18057 9275 15853 472 15310 18345 6650 2784 18145 183 14411 13844 17250 14587 6616 7411 18269 3163 15647 531 17715 17965 13912 18359 14681 8919 7172 12148 5601 11125 10189 13433 10867 3838 8545 13029 8401 17230 17425 6961 10804 10198 13404 11030 18353 11009 1962 1216 4167 13528 3161 8565 3839 9615 18270 15110 552 18448 1779 9283 3585 6742 16024 17672 2593 9972 2688 6980 12265 3566 6167 14244]
start 11 psup 7 p 4 m 2 [18213 408]
start 28 psup 3 p 4 m 3 [18213 408]
start 26 psup 3 p 5 m 0 [18213 408]
start 22 psup 4 p 5 m 1 [18213 408]
start 3 psup 8 p 5 m 2 [18213 408]
start 24 psup 3 p 5 m 3 [1 2 3 4 5 6 7 8 9 10 11 12 13 14 15 16 17 18 19 20 21 22 23 24 25 26 27 28 29 30 31 32 33 34 35 36 37 38 39 40 41 42 43 44 45 46 47 48 49 50 51 52 53 54 55 56 57 58 59 60 61 62 63 64 65 66 67 68 69 70 71 72 73 74 75 76 77 78 79 80 81 82 83 84 85 86 87 88 89 90 91 92 93 94 95 96 97 98 99 100 101 102 103 104 105 106 107 108 109 110 111 112 113 114 115 116 117 118 119 120 121 122 123 124 125 126 127 128 129 130 131 132 133 134 135 136 137 138 139 140 141 142 143 144 145 146 147 148 149 150 151 152 153 154 155 156 157 158 159 160 161 162 163 164 165 166 167 168 169 170 171 172 173 174 175 176 177 178 179 180 181 182 183 184 185 186 187 188 189 190 191 192 193 194 195 196 197 198 199 200 201 202 203 204 205 206 207 208 209 210 211 212 213 214 215 216 217 218 219 220 221 222 223 224 225 226 227 228 229 230 231 232 233 234 235 236 237 238 239 240 241 242 243 244 245 246 247 248 249 250 251 252 253 254 255 256 257 258 259 260 261 262 263 264 265 266 267 268 269 270 271 272 273 274 275 276 277 278 279 280 281 282 283 284 285 286 287 288 289 290 291 292 293 294 295 296 297 298 299 300 301 302 303 304 305 306 307 308 309 310 311 312 313 314 315 316 317 318 319 320 321 322 323 324 325 326 327 328 329 330 331 332 333 334 335 336 337 338 339 340 341 342 343 344 345 346 347 348 349 350 351 352 353 354 355 356 357 358 359 360 361 362 363 364 365 366 367 368 369 370 371 372 373 374 375 376 377 378 379 380 381 382 383 384 385 386 387 388 389 390 391 392 393 394 395 396 397 398 399 400 401 402 403 404 405 406 407 408 409 410 411 412 413 414 415 416 417 418 419 420 421 422 423 424 425 426 427 428 429 430 431 432 433 434 435 436 437 438 439 440 441 442 443 444 445 446 447 448 449 450 451 452 453 454 455 456 457 458 459 460 461 462 463 464 465 466 467 468 469 470 471 472 473 474 475 476 477 478 479 480 481 482 483 484 485 486 487 488 489 490 491 492 493 494 495 496 497 498 499 500 501 502 503 504 505 506 507 508 509 510 511 512 513 514 515 516 517 518 519 520 521 522 523 524 525 526 527 528 529 530 531 532 533 534 535 536 537 538 539 540 541 542 543 544 545 546 547 548 549 550 551 552 553 554 555 556 557 558 559 560 561 562 563 564 565 566 567 568 569 570 571 572 573 574 575 576 577 578 579 580 581 582 583 584 585 586 587 588]
start 25 psup 3 p 5 m 4 [13096 475 10761 561 11682 41 18213 408]
start 5 psup 7 p 5 m 4 [18213 408]
start 25 psup 3 p 6 m 0 [18213 408 15971 536]
start 13 psup 5 p 6 m 0 [18213 408]
start 26 psup 3 p 6 m 1 [13152 65 13096 475 11682 41 2 12503 87 17603 558 5103 103 3 18213 408 14981 146 13913 368 15971 536 15625 412 17477 8 7 8097 228 15228 365 13215 18472 13784 17769 5775 17778]
start 8 psup 6 p 6 m 1 [18213 408]
start 9 psup 5 p 7 m 1 [18213 408]
start 4 psup 5 p 7 m 3 [18213 408]
start 19 psup 3 p 7 m 4 [18213 408]
start 3 psup 5 p 8 m 2 [13096 475 10761 561 11682 41 18213 408]
start 20 psup 3 p 8 m 3 [18213 408 10277 446 15006 487 16667 159 14920 172 4161 197 17989 571 16486 227 11 10268 234 10934 285 12092 376 17528 410 17788 24 15 8717 26 18361 337 14819 339 13946 372 2832 387 8488 438 16921 507 12679 516 8555 527 1817 575 8368 584 6553 139 16 4858 550 2943 95 17 4570 130 17519 190 14130 326 15209 364 8255 10349 17556 428 14092 18344 18478 4286 14393 15338 7691 17003 8389 17316 17468 9790 7654 13515 16334 1923 15259 6050 8031 16083 16548 8171 11067 10419 12586 5306 9933 17944 10411 10630 7439 10247 1186 17775 10551 10220 11793 10256 11699 11228 9614 6250 16467 16473 14916 17639 104 90 13388 13428 16363 340 3713 15917 14842 490 12635 532 5782 9385 17246 452 18432 17299 18434 7388 16319 12777 7312 17927 2142 15959 18414 8493 5983 18422 13422 18037 8753 11231 2543 8146 17776 266 4461 447 3769 13381 18472 13784 15832 17769 15756 15739 180 147 11890 270 8590 346 17778 392 17328 18396 2445 6556 5392 7189 15749 15462 1071 16269 196 156 18057 8448 18345 6650 2784]
start 6 psup 5 p 8 m 5 [18213 408]
start 1 psup 5 p 9 m 0 [18213 408]
start 4 psup 4 p 9 m 3 [18213 408]
start 5 psup 4 p 9 m 4 [18213 408]
start 9 psup 4 p 9 m 8 [18213 408]
start 6 psup 4 p 10 m 5 [18213 408]
start 10 psup 3 p 10 m 9 [18213 408 10277 446 15006 487 9724 301 16667 159 17989 571 16486 227 11 10268 234 10934 285 12092 376 17158 434 6270 573 15531 99 9673 166 14315 421 14407 535 16618 193 3121 17528 410 17788 24 15 8717 26 18361 337 14819 339 13946 372 2832 387 8488 438 16921 507 12679 516 8555 527 1817 575 8368 584 6553 139 16 17519 190 14130 326 15209 364 8255 10349 11121 117 14976 7143 247 17556 428 14092 18344 18298 16976 9160 11559 17360 9528 16687 4809 12311 939 10492 13806 3877 17738 18326 16088 18067 59 6652 210 18382 431 4042 466 5428 489 15824 568 11413 2417 5364 2759 18305 3072 17583 8609 12263 12498 4794 14757 13363 11754 1147 12570 16222 2158 8571 6575 1811 8229 17063 10613 2895 17701 8903 12477 8341 15080 17447 18435 3535 1565 72 9669 11752 9366 13018 4835 12975 394 14195 537 14253 602 540 14993 321 18026 359 12715 373 17225 4143 18478 4286 14393 15338 7691 17003 8389 17316 16678 11773 13699 12160 1226 16325 11258 3524 17468 9790 7654 13515 16334 1923 15259 6050 7073 2534 8031 16083 16548 8171 11067 10419 12586 5306 9933 7664 5149 6545 6659 17944 10411 10630 17775 10551 10220 11793 10256 11699 11228 9614 6250 2771 16467 16473 14916 17639 104 90 13388 13428 136 16363 340 18432 17299 18434 7388 191 16319 5622 8687 12777 7312 17927 2142 11458 4893 3390 3108 15959 16791 3604 16538 18414 8493 5983 18422 13422 1623 18037 8753 11231 2543 8146 17776 266 4461 447 3769 13381 18472 13784 15832 17769 15756 15739 180 147 11890 270 8590 346 17778 392 9375 514 2487 12451 3172 9016 7777 562 5335 17328 18396 2445 6556 5392 7189 15749 15462 1071 16269 15047 11783 7455 7506 1271 17774 264 2674 486 8430 11613 3095 9195 1535 11492 211 18057 8448 18092 18233 308 14667 15905 14279 419 6320 433 15424 509 16645 18345 6650 2784 18145 17250 18359 14681 8919 7172 12148 5601 11125 10189 13433 10867 3838 8545 13029 8401 17425 6961 10804 10198 13404 11030 7766 18353 11009 1962 1216 4167 13528 3161 8565 7767 7565 3861 6930 7361 9615 1775 8209 14493 18270 15110 552]
