207	1455
770	1455
1991	1455
217	2737
241	2737
3562	2737
3322	2737
2945	2737
3461	2737
1657	2737
2307	2737
1263	2737
3639	2737
778	2737
2046	2737
1438	2737
670	2737
2240	2737
2595	2737
2361	1224
402	1224
2350	1224
855	1224
22	1224
417	1224
362	1224
715	1224
2206	1224
2838	1224
2167	1224
775	1224
4002	2728
948	2728
505	2728
1882	3887
3745	3887
1130	3887
168	3887
3283	1467
1891	1467
1244	1467
693	1467
2001	1467
565	1467
3229	1467
3598	1467
3325	1467
3158	1467
2061	1467
3917	1467
3376	1467
2518	1467
2637	3009
2350	3009
1579	3009
1600	3009
2847	3009
3976	3009
4022	3009
2525	3009
2206	3009
2613	1103
2702	1103
699	1103
3606	1103
1657	665
2952	665
220	665
743	665
1474	665
3749	665
3848	665
3693	665
3175	830
2627	830
3738	830
1868	830
2538	830
345	830
1174	815
2394	815
1508	815
722	815
2232	1383
3159	1383
3880	1383
1721	1383
1972	1383
2064	1383
2938	2808
317	2808
991	2808
21	2808
3965	2808
2069	2808
4025	1833
3267	1833
1030	1833
578	1833
3825	2878
1375	2878
2933	2878
3033	2878
3941	2878
3869	2878
1847	2878
2390	2878
2295	2878
2928	2878
1513	2878
3683	2878
3165	2878
2101	2878
2095	2878
1729	1390
2266	1390
2992	1390
1462	3757
2581	3757
1351	3757
1585	3757
2473	3757
419	3757
2873	410
3437	410
265	410
3592	410
306	410
1103	410
2702	2613
3955	2613
699	2613
3938	2613
3606	2613
2042	2613
4026	2613
2973	341
1931	341
1823	341
2064	341
244	210
3837	210
1746	210
3050	210
2106	210
978	210
2737	210
241	217
3322	217
2671	217
2945	217
1494	217
2307	217
3639	217
2046	217
1438	217
670	217
280	217
2240	217
3147	2378
3021	2378
1251	2378
1848	2378
149	2378
2579	2378
2878	2378
2592	3825
1375	3825
2933	3825
3033	3825
3941	3825
143	3825
1263	3825
3024	3825
3869	3825
1847	3825
2390	3825
3173	3825
1030	3825
1929	3825
2295	3825
2635	3825
1513	3825
3683	3825
3165	3825
2101	3825
2095	3825
2737	3825
217	241
3322	241
2671	241
2945	241
1494	241
2307	241
3639	241
2046	241
1438	241
670	241
280	241
2240	241
3825	241
1375	2592
2933	2592
3033	2592
3941	2592
143	2592
1263	2592
3024	2592
3869	2592
1847	2592
2390	2592
3173	2592
1030	2592
1929	2592
2295	2592
2635	2592
1513	2592
3683	2592
3165	2592
2101	2592
2095	2592
2888	344
2015	344
3965	344
2069	344
1498	89
3050	89
1617	89
875	89
1913	89
1757	3681
2983	3681
3461	3681
2219	3681
3973	3681
1806	3681
784	3681
3349	3681
136	3681
1972	3681
210	3681
1746	244
165	244
764	244
3404	244
2804	244
1913	244
1508	244
2165	244
978	244
283	3246
916	3246
322	3246
10	3246
1002	3246
612	1522
482	1522
2448	1522
3302	1522
1103	1522
2613	2702
699	2702
1174	2702
3201	2702
2847	2702
1268	2702
804	2702
899	2702
3798	1363
3159	1363
728	1363
3973	1363
1332	1363
161	1363
1462	725
3592	725
2152	1372
3826	1372
2756	1372
2406	1372
737	1372
1467	1372
1891	3283
2001	3283
565	3283
3420	3283
3229	3283
3598	3283
3325	3283
2503	3283
3158	3283
2061	3283
3917	3283
3718	3283
720	1199
1872	1199
1846	1199
2928	1199
3414	1199
3681	1199
3776	1757
2379	1757
136	1757
571	803
806	803
2455	803
2493	803
3919	803
2737	803
2671	3562
1657	3562
1175	3562
1263	3562
3925	3562
743	3562
2595	3562
1972	3562
2878	3562
3825	1375
2592	1375
2933	1375
3033	1375
3941	1375
3869	1375
1847	1375
2390	1375
3173	1375
1030	1375
2295	1375
2635	1375
2928	1375
1513	1375
3683	1375
3165	1375
2101	1375
2095	1375
210	1375
1270	3837
77	3837
2804	3837
3234	3837
3789	3837
1508	3837
722	3837
2938	196
3695	196
2781	196
2788	510
3762	510
2242	510
3840	510
207	510
3002	510
2127	510
2415	510
770	510
2078	510
3501	510
3755	510
3077	1179
1718	1179
144	1179
264	1179
33	1179
60	1179
2256	1179
3934	1179
1803	1179
3153	1179
1289	1179
127	1179
1854	1179
1544	2862
2738	2862
2106	2862
2038	2862
1083	2862
2201	507
1991	507
3834	2820
2788	2820
2873	2820
3231	2820
1351	2820
474	2820
1931	2820
2127	2820
2469	2820
2833	2820
1002	3071
2820	3071
2961	3834
1388	3834
3424	3834
728	3834
38	3834
2749	3834
108	108
906	108
2382	108
2858	108
3019	108
334	108
621	108
2691	108
11	108
1717	108
3466	108
63	108
854	108
220	674
2659	674
1468	674
2916	3020
3935	3020
3297	3020
2354	2645
3224	2645
2686	2645
3929	2645
136	2645
3058	2861
1729	2861
2632	2861
2992	2861
1729	946
317	946
1161	946
3965	946
2069	946
2992	946
1462	559
3225	559
1270	559
1351	559
2467	559
1021	559
1257	559
3903	559
1226	559
2671	3891
1494	3891
134	3891
3925	3891
743	3891
3733	3588
1262	3588
181	3588
1255	3588
941	3588
1825	3588
1467	3588
3283	1891
1244	1891
693	1891
2001	1891
565	1891
3229	1891
3598	1891
3325	1891
3158	1891
2061	1891
3917	1891
3376	1891
2518	1891
1467	1891
1891	1244
2001	1244
3229	1244
3325	1244
3158	1244
2061	1244
3917	1244
3376	1244
2518	1244
2924	189
3826	189
2958	189
1806	189
3404	189
737	189
1011	189
3848	189
128	189
2878	189
3825	2933
2592	2933
1375	2933
3033	2933
3941	2933
143	2933
1263	2933
3024	2933
3869	2933
1847	2933
2390	2933
3173	2933
1030	2933
1929	2933
2295	2933
2635	2933
1513	2933
3683	2933
3165	2933
2101	2933
2095	2933
1089	989
3021	989
2015	989
2217	989
3501	989
3681	989
2987	2983
482	2983
2406	2983
784	2983
1716	2983
3848	2983
3058	1290
2981	1290
1937	1290
2961	3355
3593	3355
1388	3355
3424	3355
3147	3355
18	3355
38	3355
1848	3355
2749	3355
149	3355
1383	3355
3880	2232
474	2232
306	2232
803	2232
806	571
810	571
2493	571
3919	571
3711	571
574	571
3954	3877
1002	3877
3834	3877
3355	2961
1388	2961
3424	2961
18	2961
3480	2961
38	2961
2749	2961
149	2961
510	2961
2820	2788
1931	2788
2127	2788
1011	2788
1949	2788
1262	1534
3935	1534
2838	1534
3096	1534
3157	1534
388	3648
35	3648
1311	3648
3995	3648
3267	2264
861	1857
1872	1857
3915	1857
2952	1857
1600	1857
3409	1857
1449	1857
22	1857
362	1857
2238	1857
1690	1857
2498	1857
2167	1857
3157	1857
1957	1857
1134	1857
1609	1300
2714	1300
312	1300
1512	1300
345	1300
2737	1300
217	3322
241	3322
2671	3322
2945	3322
1494	3322
2307	3322
3639	3322
2046	3322
1438	3322
670	3322
280	3322
2240	3322
217	3322
241	2671
3562	2671
3891	2671
3322	2671
2945	2671
3689	2671
3639	2671
743	2671
2046	2671
1438	2671
670	2671
2240	2671
3020	2671
1729	2916
2992	2916
2737	2916
217	2945
241	2945
3322	2945
2671	2945
1494	2945
2307	2945
3639	2945
2046	2945
1438	2945
670	2945
280	2945
2240	2945
2878	2945
3825	3033
2592	3033
1375	3033
2933	3033
3941	3033
143	3033
1263	3033
3024	3033
3869	3033
1847	3033
2390	3033
3173	3033
1030	3033
1929	3033
2295	3033
2635	3033
1513	3033
3683	3033
3165	3033
2101	3033
2095	3033
2983	3033
1708	2987
3798	2987
3159	2987
3689	2987
3973	2987
1474	2987
3096	2987
1972	2987
2987	2987
165	1708
1600	1708
1506	1708
3302	1708
1001	1708
1494	282
1556	282
3096	282
2737	282
3681	3461
1175	3461
3409	3461
1248	3461
417	3461
2238	3461
2926	3461
1363	3461
2987	3798
3826	3798
3880	3798
1276	3798
474	3798
728	3798
1001	3798
2064	3798
174	1576
2659	1576
3745	1576
168	1576
2332	3012
174	3012
2566	76
1356	62
2141	62
3081	62
58	62
1929	62
531	62
2748	62
2152	3865
1374	3865
1153	3865
1690	3865
3888	3865
860	3865
711	3865
128	3865
3955	339
1050	339
1913	339
3157	339
128	339
3757	339
725	1462
559	1462
2581	1462
2873	1462
3225	1462
1351	1462
2473	1462
3903	1462
2833	1462
1226	1462
419	1462
1224	1462
402	2361
1432	2361
2967	2361
3693	2361
711	2361
2613	2361
339	3955
2350	3955
3742	3955
3976	3955
2206	3955
189	3955
317	2924
3420	2924
1514	2924
3642	2924
2808	2924
196	2938
984	2938
2057	2938
3369	2938
436	2938
2	2938
2297	2938
1812	2938
2055	2938
3397	2938
318	2938
2329	2938
89	2938
1617	1498
1857	1498
1872	861
3915	861
2952	861
1600	861
3409	861
1449	861
22	861
362	861
2238	861
1690	861
2498	861
2167	861
3157	861
1957	861
1134	861
210	861
244	1746
764	1746
3201	1746
3938	1746
1508	1746
978	1746
1224	1746
2361	402
855	402
715	402
1913	402
2838	402
3012	402
2454	2332
174	2332
3527	2332
806	442
2900	442
174	442
476	442
312	442
53	442
2938	442
436	984
803	984
571	806
442	806
3115	806
2962	806
3926	806
476	806
1130	806
53	806
1386	806
2728	806
2493	4002
505	4002
3711	4002
2861	4002
1290	3058
1985	3058
1090	3058
1031	2096
3402	2096
3490	2096
720	2694
111	2694
2354	2694
3021	2694
2358	2694
784	2694
3749	2694
2928	2694
1372	2694
3865	2152
3436	2152
2756	2152
737	2152
2838	2152
3848	2152
2938	2152
1954	2057
3355	2057
1388	3593
3424	3593
3480	3593
38	3593
2749	3593
2938	3593
436	3369
1812	3369
1383	3369
1363	3159
2987	3159
482	3159
2903	3159
2928	3159
1318	3159
1972	3159
722	3159
244	3159
1708	165
1872	165
3606	165
3302	165
803	165
2906	2455
393	2455
546	2455
574	2455
4028	2455
571	2455
3954	810
2906	810
1031	403
2152	403
2958	3436
1645	3436
2354	3436
737	3436
3749	3436
2480	3436
2838	3436
1468	3436
2020	1665
1022	1665
1506	1665
1882	1665
3681	1665
1657	2219
55	2219
111	2219
3776	2219
1806	2219
3848	2219
1972	2219
1846	3400
1739	3400
2903	3400
377	3400
3414	3400
1937	2779
2737	2779
665	1657
3562	1657
2219	1657
55	1657
1175	1657
280	1657
2595	1657
3588	1657
806	3733
3201	3115
3693	3115
989	3115
499	1089
2217	1089
3253	1089
3501	1089
776	1089
3757	1089
1462	2581
3225	2581
1351	2581
1585	2581
2473	2581
3903	2581
1226	2581
419	2581
3973	46
482	46
1248	46
417	46
1474	46
2238	46
1199	46
2694	720
2467	720
2354	720
1025	720
2038	720
1468	720
1670	837
2219	837
1657	55
482	55
2158	55
220	55
1401	55
1514	55
1474	55
2969	55
3834	55
3355	1388
2961	1388
3593	1388
317	1388
3424	1388
3480	1388
38	1388
2749	1388
76	1388
2057	2566
2858	1954
2457	1954
1051	1954
217	1954
241	1494
3891	1494
3322	1494
2945	1494
282	1494
3639	1494
2046	1494
1556	1494
1438	1494
670	1494
2240	1494
2601	1494
1390	1494
2861	1729
946	1729
2916	1729
1161	1729
2370	1729
3937	1729
2992	1729
3297	1729
803	1729
571	2493
4002	2493
2627	2493
476	2493
108	2493
906	906
410	906
2820	2873
1462	2873
352	2873
2469	2873
2833	2873
830	2873
1772	3175
1868	3175
345	3175
1468	3175
2808	3175
946	317
2924	317
1388	317
3424	317
38	317
2749	317
3965	317
3157	317
3980	317
2256	3801
3178	3801
3934	3801
842	3801
3877	3801
810	3954
3919	3954
717	3103
3816	3103
2521	3103
1835	2656
474	2656
3776	2656
1949	2656
136	2656
128	2656
1603	2051
3561	2051
559	2051
1462	3225
2581	3225
1351	3225
3592	3225
3903	3225
92	3225
1226	3225
419	3225
1983	2937
2694	2937
2219	111
1670	111
1617	111
3693	111
2455	111
810	2906
322	2906
574	2906
3856	2906
108	2906
2382	2382
1199	2382
1857	1872
861	1872
165	1872
764	1872
3021	1872
1449	1872
3938	1872
2498	1872
1957	1872
1810	2584
2394	2584
2903	2584
92	2584
978	2584
711	2584
722	2584
1103	2584
2613	699
2702	699
2165	699
4026	699
2820	699
3762	3231
2242	3231
302	3231
2127	3231
2415	3231
2135	3231
3755	3231
1467	3231
1891	693
4025	693
565	693
4000	693
728	693
2440	693
3229	693
3598	693
3325	693
3158	693
2061	693
3917	693
3838	693
3837	693
559	1270
1021	1270
2686	1270
1257	1270
2804	1270
3234	1270
3789	1270
92	1270
1372	1270
189	3826
3798	3826
3224	3826
2406	3826
220	3826
1514	3826
737	3826
1011	3826
2480	3826
2064	3826
108	3826
1954	2858
2858	2858
2484	2858
837	2858
111	1670
3021	1670
3693	1670
108	1670
3019	3019
2952	2696
875	2696
2838	2696
2808	2696
21	991
3757	991
2820	1351
559	1351
1462	1351
2581	1351
3225	1351
1585	1351
2473	1351
3903	1351
2469	1351
1226	1351
419	1351
3009	1351
3742	2637
3201	2637
2847	2637
417	2637
2525	2637
4025	3188
4000	3188
728	3188
3838	3188
2937	3188
3297	1983
1179	1983
1718	3077
144	3077
264	3077
33	3077
60	3077
2256	3077
3934	3077
1803	3077
3153	3077
1289	3077
127	3077
1854	3077
1467	3077
3283	2001
1891	2001
1244	2001
565	2001
3440	2001
1276	2001
1332	2001
3229	2001
3598	2001
3325	2001
161	2001
2967	2001
3158	2001
2061	2001
3917	2001
3838	2001
3376	2001
2518	2001
3980	2001
2938	2001
984	436
3369	436
2	436
2297	436
1812	436
2055	436
318	436
189	436
3436	2958
2848	2958
737	2958
3749	2958
128	2958
1812	2459
1665	2459
1882	2020
1090	2020
1121	2020
3834	2020
3355	3424
2961	3424
3593	3424
1388	3424
317	3424
3480	3424
38	3424
2749	3424
2878	3424
3825	3941
2592	3941
1375	3941
2933	3941
3033	3941
3869	3941
1847	3941
2390	3941
3173	3941
1030	3941
2295	3941
2635	3941
2928	3941
1513	3941
3683	3941
3165	3941
2101	3941
2095	3941
2952	300
220	300
2379	300
3349	300
3103	300
3822	717
1265	717
2781	717
946	717
1729	1161
1960	1161
2992	1161
1991	1161
534	3765
1851	3765
174	3765
2050	3765
168	3765
4028	3765
1050	1410
2358	1410
778	1410
3749	1410
244	1410
1746	764
1872	764
1846	764
3938	764
3606	764
395	764
2165	764
2671	764
2987	3689
2120	3689
743	3689
3096	3689
2200	3689
1383	3689
2232	3880
3798	3880
728	3880
1001	3880
2748	3880
1972	3880
1810	882
1645	882
1243	882
3201	882
1268	882
3148	882
2106	882
611	882
559	882
720	2467
578	2467
1318	2467
108	2467
334	334
410	334
265	3437
442	3437
1739	2900
2714	2900
53	2900
1937	460
1833	460
693	4025
3188	4025
4000	4025
1276	4025
3718	4025
1290	4025
21	2981
2861	2981
1937	2632
2584	2632
882	1810
271	1810
560	1810
92	1810
711	1810
1467	1810
3283	565
1891	565
693	565
2001	565
3229	565
3598	565
3325	565
3158	565
2061	565
3917	565
2518	565
1857	565
861	3915
3409	3915
1449	3915
1248	3915
2498	3915
1957	3915
1522	3915
143	612
482	612
1263	612
2448	612
3302	612
2748	612
2455	612
2361	393
2952	1432
2354	1432
2358	1432
3749	1432
611	1432
3693	1432
711	1432
1224	1432
3009	2350
3955	2350
1617	2350
2847	2350
3976	2350
2525	2350
2206	2350
118	2350
567	2350
3626	2350
2656	2350
1718	1835
264	1835
2001	1835
1276	3440
1332	3440
161	3440
2967	3440
1356	3383
2158	3383
1929	3383
2635	3383
2969	3383
3955	3383
2637	3742
3626	3742
3825	3742
2592	143
2933	143
3033	143
612	143
3024	143
3869	143
1847	143
2390	143
3173	143
2635	143
1513	143
3683	143
2748	143
2101	143
2737	143
217	2307
241	2307
3322	2307
2945	2307
3639	2307
2046	2307
1438	2307
670	2307
2240	2307
2601	2307
3436	2307
882	1645
3050	1645
1268	1645
1030	1645
978	1645
3891	1645
1175	134
3925	134
1248	134
777	134
693	134
3188	4000
4025	4000
728	4000
891	4000
3718	4000
1265	1577
1755	1577
210	1577
89	3050
1645	3050
737	3050
578	3050
2480	3050
3693	3050
2378	3050
3355	3147
3021	3147
1251	3147
1848	3147
2579	3147
3798	3147
2001	1276
4025	1276
3440	1276
2440	1276
3838	1276
2820	1276
2232	474
3798	474
2656	474
1931	474
1506	474
3178	474
1803	474
62	474
3383	1356
2158	1356
3081	1356
1929	1356
2969	1356
1363	1356
3834	728
3798	728
693	728
3188	728
3880	728
4000	728
2440	728
3838	728
665	728
1857	2952
861	2952
2696	2952
300	2952
1432	2952
1449	2952
220	2952
2498	2952
3693	2952
1957	2952
1372	2952
2152	2756
3224	2756
3929	2756
1716	2756
875	2756
1468	2756
3445	2461
2060	2461
882	2461
585	1243
2738	1243
1739	1243
2038	1243
2165	1243
1810	1243
1243	271
2848	585
1425	585
3888	585
2393	585
860	585
2454	3989
2627	3989
421	3989
312	3989
1512	3989
3681	3989
1363	3973
2987	3973
46	3973
1579	3973
3776	3973
1600	3973
1248	3973
1262	3973
784	3973
1318	3973
1972	3973
815	3973
2702	1174
3776	1174
2686	1174
804	1174
611	1174
899	1174
3009	1174
3973	1579
3976	1579
377	1579
3349	1579
136	1579
2645	1579
2694	2354
3436	2354
720	2354
1432	2354
2848	2354
875	2354
2312	1396
2038	1396
2340	1396
860	1396
3544	1396
1665	1396
4016	1022
546	1022
574	1022
510	1022
3231	3762
2242	3762
3002	3762
2415	3762
2078	3762
2069	3762
1991	3762
3755	3762
1757	3762
2219	3776
2656	3776
3973	3776
1174	3776
1806	3776
2406	3776
804	3776
2394	3776
560	3776
136	3776
339	3776
1410	1050
3404	1050
2804	1050
395	1050
377	1050
128	1050
717	1050
1265	3822
1537	3822
574	3822
1823	273
2659	273
3745	273
1011	273
2064	273
3562	273
3461	1175
1657	1175
134	1175
3925	1175
417	1175
3642	1175
2595	1175
1972	1175
1300	1175
3738	1609
505	1609
1522	1609
2983	482
3159	482
46	482
55	482
612	482
777	482
2645	482
3826	3224
2756	3224
2406	3224
2627	3224
737	3224
2938	3224
436	2
11	2
720	2
975	1025
3178	1025
1954	1025
2781	2457
1556	2539
3302	2539
3096	2539
2200	2539
2702	2539
1746	3201
3115	3201
2637	3201
882	3201
1268	3201
2165	3201
693	3201
1276	2440
728	2440
3838	2440
2737	2440
3825	1263
2592	1263
3562	1263
2933	1263
3033	1263
612	1263
3869	1263
1847	1263
2503	1263
2390	1263
3173	1263
777	1263
2295	1263
2928	1263
1513	1263
2595	1263
3683	1263
3165	1263
2101	1263
2095	1263
108	1263
621	621
3246	621
3837	283
534	77
220	77
1851	77
2050	77
1318	77
168	77
722	77
2958	77
585	2848
2354	2848
484	2848
62	2848
2158	2141
3081	2141
58	2141
484	2141
531	2141
2969	2141
2938	2141
436	2297
2737	2297
217	3639
241	3639
3322	3639
2671	3639
2945	3639
1494	3639
2307	3639
2046	3639
1438	3639
670	3639
280	3639
2240	3639
1179	3639
3077	1718
1835	1718
144	1718
264	1718
33	1718
60	1718
3934	1718
3153	1718
1289	1718
127	1718
1854	1718
128	1718
3681	1718
189	1806
2219	1806
3776	1806
1248	1806
1716	1806
3848	1806
3562	1806
3891	3925
134	3925
1175	3925
1248	3925
777	3925
1833	3925
2264	3267
813	3267
1539	3267
1755	3267
55	3267
3383	2158
1356	2158
2141	2158
3081	2158
1929	2158
2226	2158
2969	2158
108	2158
2691	2691
341	2691
324	2973
2659	2973
1011	2973
2378	2973
989	3021
2694	3021
1872	3021
1670	3021
3147	3021
2358	3021
484	3021
2579	3021
510	3021
3231	2242
3762	2242
3002	2242
2415	2242
2078	2242
2069	2242
1991	2242
3755	2242
3231	2242
2201	302
3825	302
2592	3024
2933	3024
3033	3024
143	3024
1401	3024
3869	3024
1847	3024
2390	3024
3173	3024
1030	3024
2295	3024
2635	3024
1513	3024
3683	3024
3165	3024
2101	3024
2095	3024
1729	3024
2992	2370
1372	2370
2983	2406
3826	2406
3776	2406
3224	2406
1716	2406
737	2406
3283	2406
2924	3420
2503	3420
3642	3420
3718	3420
2595	3420
3980	3420
89	3420
1498	1617
111	1617
2350	1617
4023	1617
2206	1617
1318	1617
2803	1617
3103	1617
1265	3816
2276	3816
1537	3816
1755	3816
2973	3816
174	324
2659	324
476	324
3648	324
4023	388
3995	388
341	388
2820	1931
2788	1931
474	1931
1011	1931
2064	1931
3009	1931
1857	1600
1708	1600
861	1600
3973	1600
1449	1600
715	1600
2238	1600
1957	1600
1972	1600
1857	1600
3461	3409
861	3409
3915	3409
1449	3409
2926	3409
1957	3409
1134	3409
2938	3409
3369	1812
436	1812
2459	1812
11	1812
2484	1812
1717	1812
3355	1812
2961	18
1179	18
3077	144
1718	144
264	144
33	144
60	144
2256	144
3934	144
1803	144
3153	144
1289	144
127	144
1854	144
1025	144
3178	975
306	975
797	975
510	975
207	3840
2127	3840
770	3840
559	3840
1270	1021
3789	1021
1363	1021
2001	1332
3440	1332
161	1332
2967	1332
3980	1332
3009	1332
2702	2847
2637	2847
2350	2847
1248	2847
417	2847
2525	2847
2206	2847
2096	2847
403	1031
1265	1031
2266	1031
682	1031
3490	1031
1539	1031
2645	1031
1270	2686
1174	2686
1257	2686
778	2686
3404	2686
2804	2686
1508	2686
899	2686
1882	3927
3850	3927
3745	3927
1467	3927
3283	3229
1891	3229
1244	3229
693	3229
2001	3229
565	3229
3598	3229
3325	3229
3158	3229
2061	3229
3917	3229
3376	3229
2518	3229
1954	3229
2484	1051
2781	1051
1708	1051
1665	1506
474	1506
3302	1506
1455	1506
510	207
3840	207
3002	207
770	207
806	207
3926	2962
546	2962
1467	2962
3283	3598
1891	3598
693	3598
2001	3598
565	3598
3229	3598
3325	3598
3158	3598
2061	3598
3917	3598
2518	3598
1199	3598
3400	1846
764	1846
3148	1846
2928	1846
860	1846
3414	1846
1179	1846
3077	264
1835	264
1718	264
144	264
33	264
60	264
3934	264
3153	264
3210	264
352	264
1289	264
127	264
1383	264
777	1721
3718	1721
531	1721
2748	1721
1857	1721
861	1449
1872	1449
3915	1449
2952	1449
1600	1449
3409	1449
22	1449
362	1449
2238	1449
1690	1449
2498	1449
2167	1449
3157	1449
1957	1449
1134	1449
3175	1449
2884	1772
421	1772
1512	1772
345	1772
559	1772
1270	1257
2686	1257
2804	1257
3789	1257
1282	1257
344	1257
5	2888
2378	2888
3147	1251
1514	1251
1848	1251
2579	1251
2728	1251
3738	948
2714	948
505	948
2862	948
2738	1544
2106	1544
2038	1544
1083	1544
3009	1544
3955	3976
2350	3976
1579	3976
715	3976
2206	3976
377	3976
567	3976
3626	3976
2613	3976
1746	3938
1872	3938
764	3938
395	3938
4022	3938
2165	3938
3414	3938
108	3938
2	11
1812	11
11	11
806	11
2962	3926
4016	3926
546	3926
2332	3926
3989	2454
476	2454
4028	2454
3865	2454
2038	1374
1153	1374
860	1374
3765	1374
77	534
2050	534
3888	534
2393	534
3947	534
196	534
510	3695
3762	3002
2242	3002
207	3002
2078	3002
3755	3002
665	3002
674	220
55	220
3826	220
300	220
2952	220
77	220
1514	220
2480	220
3765	220
77	1851
2884	1851
3919	1851
2538	1851
168	1851
3246	1851
3461	916
46	1248
3915	1248
134	1248
3973	1248
1806	1248
3925	1248
2847	1248
417	1248
2238	1248
1318	1248
1179	1248
3077	33
1718	33
144	33
264	33
60	33
2256	33
3934	33
1803	33
3153	33
1289	33
127	33
1854	33
3246	33
2906	322
717	322
1577	1265
3822	1265
3816	1265
1031	1265
1537	1265
461	1265
3490	1265
1755	1265
1224	1265
402	855
715	855
1913	855
3693	855
711	855
1179	855
3077	60
1718	60
144	60
264	60
33	60
2256	60
3934	60
1803	60
3153	60
1289	60
127	60
1854	60
3648	60
4023	35
2803	35
1103	35
2613	3606
165	3606
764	3606
2042	3606
567	3606
2858	3606
1812	2484
1051	2484
2276	2484
2781	2484
2694	2484
1410	2358
1432	2358
3021	2358
3749	2358
2498	351
2926	351
1957	351
1134	351
410	351
3437	265
108	265
1812	1717
1717	1717
3757	1717
2581	1585
1351	1585
2473	1585
2469	1585
419	1585
1089	1585
5	499
2217	499
3253	499
3501	499
2702	499
882	1268
1645	1268
3201	1268
2050	1268
2393	1268
978	1268
3414	1268
722	1268
2938	1268
436	2055
1522	2055
612	2448
58	2448
221	2448
3302	2448
1467	2448
3283	3325
1891	3325
1244	3325
693	3325
2001	3325
565	3325
3229	3325
3598	3325
3158	3325
2061	3325
3917	3325
3376	3325
2518	3325
3816	3325
2484	2276
2521	2276
3096	2930
2200	2930
55	2930
3024	1401
2635	1401
2878	1401
3825	3869
2592	3869
1375	3869
2933	3869
3033	3869
3941	3869
143	3869
1263	3869
3024	3869
1847	3869
2390	3869
3173	3869
1030	3869
1929	3869
2295	3869
2635	3869
1513	3869
3683	3869
3165	3869
2101	3869
2095	3869
1363	3869
2001	161
3440	161
1332	161
2967	161
3980	161
2878	161
3825	1847
2592	1847
1375	1847
2933	1847
3033	1847
3941	1847
143	1847
1263	1847
3024	1847
3869	1847
2390	1847
3173	1847
1030	1847
1929	1847
2295	1847
2635	1847
1513	1847
3683	1847
3165	1847
2101	1847
2095	1847
62	1847
1356	3081
2141	3081
2158	3081
1929	3081
2226	3081
2969	3081
1396	3081
2038	2312
860	2312
3544	2312
341	2312
273	1823
3745	1823
1011	1823
2702	1823
1174	804
3776	804
560	804
3058	804
3267	1985
3402	813
3822	813
3816	1537
1265	1537
2781	1537
3210	1537
3588	1537
1534	1262
3973	1262
875	1262
1265	1262
1755	461
2888	461
499	5
2015	5
2217	5
3253	5
3501	5
3965	5
882	5
1846	3148
2165	3148
3414	3148
2862	3148
1243	2738
1544	2738
1739	2738
2038	2738
737	2738
3689	2738
280	2120
3302	2120
2200	2120
108	2120
3466	3466
2924	3466
55	1514
3826	1514
1251	1514
220	1514
1011	1514
3283	1514
1263	2503
3420	2503
2595	2503
3980	2503
3757	2503
1462	2473
2581	2473
1351	2473
1585	2473
419	2473
1576	2473
3012	174
2332	174
442	174
3765	174
324	174
3527	174
2050	174
2659	174
476	174
53	174
2332	174
174	3527
1224	3527
1857	22
861	22
1449	22
362	22
2238	22
1690	22
2498	22
2167	22
3157	22
1957	22
3887	22
1665	1882
2020	1882
3927	1882
546	1882
3681	1882
2983	784
2694	784
3973	784
2394	784
3929	784
1716	784
2961	784
3593	3480
1388	3480
3424	3480
38	3480
2749	3480
1772	3480
1851	2884
410	2884
725	3592
3225	3592
3903	3592
352	3592
1991	3592
1226	3592
1224	3592
3461	417
46	417
2637	417
1175	417
2847	417
1248	417
136	417
3400	417
2900	1739
1243	1739
2738	1739
2038	1739
3765	1739
77	2050
534	2050
1268	2050
174	2050
505	2050
168	2050
803	2050
571	3919
3954	3919
1851	3919
1002	3919
210	3919
2862	2106
882	2106
1544	2106
2393	2106
1083	2106
3246	2106
3850	3467
1011	3467
2878	3467
3825	2390
2592	2390
1375	2390
2933	2390
3033	2390
3941	2390
143	2390
1263	2390
3024	2390
3869	2390
1847	2390
3173	2390
1030	2390
1929	2390
2295	2390
2635	2390
1513	2390
3683	2390
3165	2390
2101	2390
2095	2390
1224	2390
1857	362
861	362
1449	362
22	362
2238	362
1690	362
2167	362
3157	362
1957	362
1134	362
1179	362
3801	2256
3077	2256
144	2256
33	2256
60	2256
3934	2256
3153	2256
1289	2256
127	2256
49	2256
108	2256
63	63
815	63
2584	2394
3776	2394
784	2394
1508	2394
2645	2394
2756	3929
784	3929
2862	3929
720	2038
1243	2038
1396	2038
1544	2038
1374	2038
2312	2038
2738	2038
1739	2038
1153	2038
1425	2038
1083	2038
2340	2038
3544	2038
830	2038
2493	2627
3989	2627
3224	2627
421	2627
2714	2627
674	2627
1576	2659
273	2659
2973	2659
324	2659
174	2659
1011	2659
3801	2659
474	3178
1025	3178
975	3178
3934	3178
1803	3178
49	3178
797	3178
665	3178
3562	743
3891	743
2671	743
3689	743
1474	743
344	743
989	2015
5	2015
3501	2015
2051	2015
2737	1603
1410	778
2686	778
2967	778
1690	778
3648	778
3995	1311
3825	1311
2592	3173
1375	3173
2933	3173
3033	3173
3941	3173
143	3173
1263	3173
3024	3173
3869	3173
1847	3173
2390	3173
1030	3173
1929	3173
2295	3173
2635	3173
1513	3173
3683	3173
3165	3173
2101	3173
2095	3173
244	3173
189	3404
1050	3404
2686	3404
4026	3404
1810	3404
3776	560
804	560
578	560
136	560
899	560
244	560
3837	2804
1270	2804
1050	2804
2686	2804
1257	2804
2967	2804
2903	2804
722	2804
3837	2804
1270	3234
611	3234
2903	3234
722	3234
3103	3234
2276	2521
367	2521
62	2521
2141	58
2448	58
777	58
510	58
2820	2127
2788	2127
3231	2127
3840	2127
1011	2127
2064	2127
2448	2127
1030	221
578	221
2835	221
3927	221
3467	3850
1011	3850
463	3850
665	3850
2987	1474
46	1474
55	1474
743	1474
3749	1474
1617	1474
388	4023
35	4023
2803	4023
2096	4023
813	3402
764	3402
1050	395
3938	395
4022	395
2165	395
3989	395
1772	421
2627	421
830	421
1609	3738
948	3738
1868	3738
505	3738
2983	3738
2756	1716
1806	1716
2406	1716
784	1716
2737	1716
217	2046
241	2046
3322	2046
2671	2046
2945	2046
1494	2046
2307	2046
3639	2046
1438	2046
670	2046
280	2046
2240	2046
1390	2046
1031	2266
89	2266
2696	875
2756	875
2354	875
1262	875
2967	875
484	875
2928	875
2938	875
1224	3397
402	715
1600	715
3976	715
855	715
2525	715
1179	715
3801	3934
3077	3934
1718	3934
144	3934
264	3934
33	3934
60	3934
2256	3934
3178	3934
3153	3934
1289	3934
842	3934
127	3934
49	3934
797	3934
1833	3934
3825	1030
2592	1030
1375	1030
2933	1030
3033	1030
3941	1030
1645	1030
3024	1030
3869	1030
1847	1030
2390	1030
3173	1030
221	1030
2295	1030
1913	1030
3302	1030
1513	1030
3683	1030
3165	1030
2101	1030
2095	1030
2361	1030
2001	2967
3440	2967
1332	2967
161	2967
778	2967
2804	2967
875	2967
1282	2967
92	2967
1467	2967
3283	3158
1891	3158
1244	3158
693	3158
2001	3158
565	3158
3229	3158
3598	3158
3325	3158
2061	3158
3917	3158
3376	3158
2518	3158
282	3158
1494	1556
2539	1556
2601	1556
3096	1556
3009	1556
3938	4022
395	4022
1508	4022
2165	4022
3825	4022
2592	1929
2933	1929
3033	1929
62	1929
3383	1929
1356	1929
2158	1929
3869	1929
1847	1929
3081	1929
2390	1929
3173	1929
2295	1929
2226	1929
1513	1929
3683	1929
3165	1929
2969	1929
2101	1929
2095	1929
134	1929
482	777
1263	777
3925	777
1721	777
58	777
2748	777
1467	777
3283	2061
1891	2061
1244	2061
693	2061
2001	2061
565	2061
3229	2061
3598	2061
3325	2061
3158	2061
3917	2061
3376	2061
2518	2061
1372	2061
189	737
2152	737
3436	737
3826	737
2958	737
3050	737
3224	737
2406	737
2738	737
3865	737
1374	1153
2038	1153
860	1153
2848	1153
2141	484
3021	484
875	484
1690	484
578	484
2928	484
1318	484
3544	484
2808	484
991	21
2981	21
1121	21
3028	21
196	21
717	2781
2457	2781
1051	2781
2484	2781
1537	2781
3246	2781
3071	1002
3877	1002
3919	1002
941	1002
3834	1002
3355	38
2961	38
3593	38
1388	38
317	38
3424	38
3480	38
2749	38
1857	38
3461	2238
861	2238
46	2238
1600	2238
1449	2238
1248	2238
22	2238
362	2238
2498	2238
2167	2238
1957	2238
665	2238
2694	3749
3436	3749
2958	3749
1410	3749
1432	3749
2358	3749
1474	3749
3848	3749
1179	3749
3077	1803
474	1803
144	1803
33	1803
60	1803
3178	1803
3153	1803
1289	1803
842	1803
127	1803
797	1803
2613	1803
3606	2042
377	2042
4026	2042
1857	2042
3865	1690
861	1690
1449	1690
22	1690
362	1690
778	1690
484	1690
1318	1690
2498	1690
2167	1690
1957	1690
711	1690
442	1690
806	476
2493	476
324	476
2454	476
174	476
53	476
3588	476
510	181
3231	2415
3762	2415
2242	2415
2078	2415
2069	2415
1991	2415
3755	2415
585	2415
2038	1425
860	1425
3544	1425
882	1425
1432	611
1174	611
3234	611
899	611
3887	611
1576	3745
273	3745
3927	3745
1823	3745
1090	3745
3648	3745
388	3995
1311	3995
189	3995
2788	1011
3826	1011
273	1011
2973	1011
1931	1011
1823	1011
1514	1011
3467	1011
2659	1011
2127	1011
3850	1011
2064	1011
2878	1011
3825	2295
2592	2295
1375	2295
2933	2295
3033	2295
3941	2295
1263	2295
3024	2295
3869	2295
1847	2295
2390	2295
3173	2295
1030	2295
1929	2295
2635	2295
1513	2295
3683	2295
3165	2295
2101	2295
2095	2295
830	2295
3175	1868
3738	1868
345	1868
1179	1868
3077	3153
1718	3153
144	3153
264	3153
33	3153
60	3153
2256	3153
3934	3153
1803	3153
1289	3153
127	3153
1854	3153
3837	3153
1270	3789
1021	3789
1257	3789
2924	3789
1175	3642
3420	3642
891	3642
3718	3642
3980	3642
3058	3642
2020	1090
3745	1090
2135	1090
2158	1090
3081	2226
1929	2226
2969	2226
559	2226
1462	3903
2581	3903
3225	3903
1351	3903
3592	3903
92	3903
1226	3903
419	3903
89	3903
244	1913
339	1913
402	1913
855	1913
1030	1913
3302	1913
3157	1913
711	1913
1729	1913
2992	3937
2737	3937
217	1438
241	1438
3322	1438
2671	1438
2945	1438
1494	1438
2307	1438
3639	1438
2046	1438
670	1438
280	1438
2240	1438
1300	1438
2900	2714
948	2714
2627	2714
505	2714
3711	2714
3020	2714
1534	3935
1960	3935
1833	3935
2467	578
3050	578
560	578
221	578
484	578
377	578
3693	578
3865	578
585	3888
534	3888
505	3888
1257	3888
2967	1282
306	1282
1854	1282
2728	1282
4002	505
1609	505
948	505
2050	505
3738	505
2714	505
3888	505
3711	505
4028	505
3850	505
571	463
4002	3711
2714	3711
505	3711
4028	3711
3159	3711
3400	2903
2584	2903
2804	2903
3234	2903
1508	2903
978	2903
722	2903
815	2903
244	1508
3837	1508
1746	1508
2686	1508
2394	1508
4022	1508
2903	1508
978	1508
2020	1508
21	1121
2060	1121
1467	1121
3283	3917
1891	3917
1244	3917
693	3917
2001	3917
565	3917
3229	3917
3598	3917
3325	3917
3158	3917
2061	3917
3376	3917
2518	3917
21	3917
3009	3028
2637	2525
2350	2525
2847	2525
715	2525
2206	2525
989	2525
1089	2217
499	2217
5	2217
3501	2217
3965	2217
2737	2217
217	670
241	670
3322	670
2671	670
2945	670
1494	670
2307	670
3639	670
2046	670
1438	670
280	670
2240	670
2378	670
3355	1848
3147	1848
1251	1848
2579	1848
3588	1848
264	1255
1537	3210
3253	3210
3965	3210
2873	3210
264	352
3592	352
1179	352
3077	1289
1718	1289
144	1289
264	1289
33	1289
60	1289
2256	1289
3934	1289
1803	1289
3153	1289
127	1289
1854	1289
1224	1289
3009	2206
3955	2206
2350	2206
1617	2206
2847	2206
3976	2206
2525	2206
118	2206
567	2206
3626	2206
108	2206
854	854
693	854
3188	3838
2001	3838
1276	3838
728	3838
2440	3838
3825	3838
2592	2635
1375	2635
2933	2635
3033	2635
3941	2635
3383	2635
143	2635
3024	2635
1401	2635
3869	2635
1847	2635
2390	2635
3173	2635
2295	2635
1513	2635
3683	2635
3165	2635
2101	2635
2095	2635
2878	2635
1199	2928
1375	2928
2694	2928
3159	2928
3941	2928
1263	2928
1846	2928
875	2928
484	2928
1455	2928
510	770
3840	770
207	770
3436	770
3826	2480
3050	2480
220	2480
4000	2480
3642	891
3718	891
3980	891
1022	891
3926	4016
574	4016
3834	4016
3355	2749
2961	2749
3593	2749
1388	2749
317	2749
3424	2749
3480	2749
38	2749
217	2749
241	280
3322	280
2945	280
1657	280
3639	280
2120	280
2046	280
1438	280
670	280
2240	280
2601	280
3159	280
2467	1318
3973	1318
77	1318
1617	1318
1248	1318
484	1318
1690	1318
2393	1318
2461	1318
2060	3445
507	3445
302	2201
1991	2201
2455	2201
1022	546
2962	546
3926	546
1882	546
1130	546
3283	546
4025	3718
4000	3718
3420	3718
1721	3718
3642	3718
891	3718
1854	3718
3231	3718
1090	2135
3253	2135
3501	2135
1224	2135
1534	2838
402	2838
2152	2838
3436	2838
2696	2838
2350	2838
2206	118
567	118
3626	118
3588	118
1002	941
62	941
2141	531
1721	531
2748	531
3400	531
1579	377
1050	377
3976	377
2042	377
578	377
899	377
510	377
3762	2078
2242	2078
3002	2078
2415	2078
3755	2078
571	2078
2455	574
2906	574
1022	574
3822	574
4016	574
2906	574
665	3856
189	3848
2983	3848
2152	3848
2219	3848
1806	3848
3749	3848
128	3848
1467	3848
1891	3376
1244	3376
2001	3376
3229	3376
3325	3376
3158	3376
2061	3376
3917	3376
2518	3376
2737	3376
217	2240
241	2240
3322	2240
2671	2240
2945	2240
1494	2240
2307	2240
3639	2240
2046	2240
1438	2240
670	2240
280	2240
244	2240
699	2165
764	2165
1243	2165
3201	2165
3938	2165
3148	2165
395	2165
4022	2165
1857	2165
861	2498
1872	2498
3915	2498
2952	2498
1449	2498
351	2498
22	2498
2238	2498
1690	2498
2167	2498
2926	2498
3157	2498
1957	2498
3801	2498
3934	842
1803	842
49	842
1494	842
2307	2601
1556	2601
280	2601
1031	2601
2096	682
1031	3490
1265	3490
1089	3490
499	3253
5	3253
3210	3253
2135	3253
3501	3253
1522	3253
1708	3302
165	3302
612	3302
2539	3302
1506	3302
2448	3302
2120	3302
1030	3302
1913	3302
1708	3302
3798	1001
3880	1001
2878	1001
3825	1513
2592	1513
1375	1513
2933	1513
3033	1513
3941	1513
143	1513
1263	1513
3024	1513
3869	1513
1847	1513
2390	1513
3173	1513
1030	1513
1929	1513
2295	1513
2635	1513
3683	1513
3165	1513
2101	1513
2095	1513
830	1513
1851	2538
585	2538
534	2393
1268	2393
2106	2393
1318	2393
2862	2393
1544	1083
2106	1083
2038	1083
510	1083
989	3501
1089	3501
499	3501
5	3501
2015	3501
2217	3501
2135	3501
3253	3501
776	3501
1089	3501
3501	776
1300	776
442	312
3989	312
53	312
2521	312
2737	367
3562	2595
1657	2595
1175	2595
1263	2595
3420	2595
2503	2595
1972	2595
2878	2595
3825	3683
2592	3683
1375	3683
2933	3683
3033	3683
3941	3683
143	3683
1263	3683
3024	3683
3869	3683
1847	3683
2390	3683
3173	3683
1030	3683
1929	3683
2295	3683
2635	3683
1513	3683
3165	3683
2101	3683
2095	3683
1534	3683
2987	3096
282	3096
3689	3096
2539	3096
2930	3096
1556	3096
2200	3096
1300	3096
3989	1512
1772	1512
345	1512
1224	1512
1857	2167
861	2167
1449	2167
22	2167
362	2167
2238	2167
1690	2167
2498	2167
3157	2167
1957	2167
2820	2167
2873	2469
1351	2469
1585	2469
1396	2469
2038	2340
860	2340
3544	2340
1179	2340
3077	127
1718	127
144	127
264	127
33	127
60	127
2256	127
3934	127
1803	127
3153	127
1289	127
1854	127
534	127
3887	3947
806	1130
546	1130
1386	1130
1757	1130
300	2379
136	2379
775	2379
2820	2379
1462	2833
2873	2833
2878	2833
3825	3165
2592	3165
1375	3165
2933	3165
3033	3165
3941	3165
1263	3165
3024	3165
3869	3165
1847	3165
2390	3165
3173	3165
1030	3165
1929	3165
2295	3165
2635	3165
1513	3165
3683	3165
2101	3165
2095	3165
221	3165
1468	2835
665	2835
2361	3693
3115	3693
111	3693
1670	3693
1432	3693
3050	3693
2952	3693
855	3693
578	3693
55	3693
3383	2969
1356	2969
2141	2969
2158	2969
3081	2969
1929	2969
2226	2969
3689	2969
2539	2200
2930	2200
2120	2200
3096	2200
62	2200
3880	2748
612	2748
143	2748
1721	2748
777	2748
531	2748
3461	2748
3409	2926
351	2926
2498	2926
1957	2926
1467	2926
1891	2518
1244	2518
2001	2518
565	2518
3229	2518
3598	2518
3325	2518
3158	2518
2061	2518
3917	2518
3376	2518
2808	2518
344	3965
946	3965
317	3965
5	3965
2217	3965
3210	3965
2069	3965
3887	3965
1576	168
3765	168
77	168
1851	168
2050	168
2788	168
2656	1949
3267	1949
1031	1539
2808	1539
344	2069
946	2069
3762	2069
2242	2069
2415	2069
3965	2069
306	2069
3755	2069
1534	2069
1857	3157
339	3157
861	3157
317	3157
1449	3157
22	3157
362	3157
1913	3157
2498	3157
2167	3157
1957	3157
1134	3157
1161	3157
3935	1960
3225	1960
2584	92
1270	92
1810	92
2967	92
3903	92
1226	92
3681	92
300	3349
1579	3349
136	3349
899	3349
3681	3349
1757	136
2645	136
2656	136
1579	136
3776	136
417	136
560	136
2379	136
3349	136
899	136
775	136
2256	136
3178	49
3934	49
842	49
1857	49
861	1957
1872	1957
3915	1957
2952	1957
1600	1957
3409	1957
1449	1957
351	1957
22	1957
362	1957
2238	1957
1690	1957
2498	1957
2167	1957
2926	1957
3157	1957
442	1957
806	53
2900	53
174	53
476	53
312	53
2378	53
3355	149
2961	149
1383	149
3681	1972
3562	1972
2987	1972
3159	1972
2219	1972
3880	1972
3973	1972
1175	1972
1600	1972
2595	1972
1390	1972
2861	2992
946	2992
2916	2992
1729	2992
1161	2992
2370	2992
3937	2992
3297	2992
210	2992
244	978
1746	978
2584	978
1645	978
1268	978
2903	978
1508	978
1577	978
3267	1755
3816	1755
1265	1755
461	1755
3020	1755
1729	3297
1983	3297
2992	3297
410	3297
2232	306
975	306
1282	306
2069	306
1854	306
3865	306
585	860
1396	860
1846	860
1374	860
2312	860
1153	860
1425	860
2340	860
3414	860
3544	860
2702	860
1174	899
2686	899
560	899
611	899
377	899
3349	899
136	899
3865	899
2361	711
2584	711
1810	711
1432	711
855	711
1690	711
1913	711
317	711
2001	3980
3420	3980
1332	3980
161	3980
2503	3980
3642	3980
891	3980
975	3980
3178	797
3934	797
1803	797
1854	797
1199	797
3400	3414
1846	3414
3938	3414
1268	3414
3148	3414
860	3414
1455	3414
507	1991
1161	1991
3762	1991
2242	1991
3592	1991
2415	1991
2201	1991
3755	1991
2051	1991
2613	3561
699	4026
3404	4026
2042	4026
1290	4026
2779	1937
460	1937
2632	1937
2938	1937
436	318
1396	318
2312	3544
2038	3544
484	3544
1425	3544
2340	3544
860	3544
1617	3544
35	2803
4023	2803
3588	2803
510	1825
3231	3755
3762	3755
2242	3755
3002	3755
2415	3755
2078	3755
2069	3755
1991	3755
2350	3755
3976	567
3606	567
2206	567
118	567
3626	567
830	567
1300	345
3175	345
1772	345
1868	345
1512	345
559	345
1462	1226
2581	1226
3225	1226
1351	1226
3592	1226
3903	1226
92	1226
419	1226
815	1226
3837	722
3159	722
2584	722
77	722
1268	722
2804	722
3234	722
2903	722
2378	722
3147	2579
3021	2579
1251	2579
1848	2579
2878	2579
3825	2101
2592	2101
1375	2101
2933	2101
3033	2101
3941	2101
143	2101
1263	2101
3024	2101
3869	2101
1847	2101
2390	2101
3173	2101
1030	2101
1929	2101
2295	2101
2635	2101
1513	2101
3683	2101
3165	2101
2095	2101
3757	2101
1462	419
2581	419
3225	419
1351	419
1585	419
2473	419
3903	419
1226	419
1224	419
2379	775
136	775
2455	775
3765	4028
2454	4028
505	4028
3711	4028
806	4028
1130	1386
674	1386
3436	1468
720	1468
3175	1468
2756	1468
2835	1468
1857	1468
861	1134
3409	1134
1449	1134
351	1134
362	1134
3157	1134
1179	1134
3077	1854
1718	1854
144	1854
33	1854
60	1854
3153	1854
1282	1854
1289	1854
3718	1854
127	1854
306	1854
797	1854
2461	1854
1121	2060
3445	2060
2878	2060
3825	2095
2592	2095
1375	2095
2933	2095
3033	2095
3941	2095
1263	2095
3024	2095
3869	2095
1847	2095
2390	2095
3173	2095
1030	2095
1929	2095
2295	2095
2635	2095
1513	2095
3683	2095
3165	2095
2101	2095
1383	2095
341	2064
3798	2064
3826	2064
273	2064
1931	2064
2127	2064
1011	2064
189	2064
3865	128
339	128
2656	128
2958	128
1050	128
1718	128
3848	128
2350	128
3742	3626
3976	3626
2206	3626
118	3626
567	3626
