3762	1455
2242	1455
207	1455
3002	1455
2415	1455
770	1455
3755	1455
217	2737
241	2737
3322	2737
2945	2737
3639	2737
2046	2737
1438	2737
670	2737
2240	2737
402	1224
855	1224
417	1224
715	1224
1913	1224
2838	1224
948	2728
345	830
1174	815
1050	815
2686	815
2394	815
611	815
722	815
3880	1383
474	1383
1579	1383
1001	1383
1972	1383
2938	2808
991	2808
21	2808
3965	2808
4025	1833
1276	1833
1030	1833
3825	2878
2592	2878
2933	2878
3033	2878
3869	2878
1847	2878
2390	2878
3173	2878
2295	2878
1513	2878
3683	2878
3165	2878
2101	2878
2095	2878
1729	1390
1161	1390
2992	1390
1462	3757
2581	3757
3437	410
265	410
3592	410
1103	410
2702	2613
165	2613
699	2613
1263	2613
2042	2613
4026	2613
3071	341
1931	341
1823	341
3837	210
2862	210
1544	210
2738	210
2106	210
978	210
2737	210
241	217
3562	217
2671	217
2945	217
1494	217
2307	217
3639	217
1438	217
670	217
280	217
2240	217
2601	217
3302	217
3147	2378
1848	2378
2878	2378
2592	3825
1375	3825
2933	3825
3033	3825
3941	3825
3383	3825
143	3825
1263	3825
3024	3825
3869	3825
1847	3825
2390	3825
3173	3825
1030	3825
1929	3825
2295	3825
2635	3825
1513	3825
3683	3825
3165	3825
2101	3825
2095	3825
2737	3825
217	241
3562	241
3322	241
2671	241
2945	241
3383	2592
143	2592
1263	2592
3024	2592
3173	2592
1030	2592
1929	2592
2295	2592
2635	2592
1513	2592
3683	2592
3165	2592
2101	2592
2095	2592
2015	344
3965	344
2069	344
1498	89
1645	89
1972	3681
670	3562
2240	3562
2595	3562
3825	3562
2592	1375
2933	1375
3033	1375
3869	1375
1847	1375
2390	1375
3173	1375
2295	1375
1513	1375
3683	1375
3165	1375
2101	1375
2095	1375
210	1375
2938	196
3965	946
2992	946
1494	3891
1262	3588
181	3588
1255	3588
941	3588
1825	3588
1467	3588
3283	1891
1244	1891
693	1891
2001	1891
565	1891
3440	1891
1276	1891
161	1891
3158	1891
2061	1891
3917	1891
3376	1891
2518	1891
3980	1891
1467	1891
3283	1244
1891	1244
693	1244
2001	1244
565	1244
3440	1244
1276	1244
3229	1244
3598	1244
3325	1244
161	1244
3158	1244
2061	1244
3917	1244
3376	1244
2518	1244
3980	1244
3865	189
2152	189
3826	189
2958	189
220	189
2592	189
1375	2933
3033	2933
3941	2933
3383	2933
143	2933
1263	2933
3024	2933
3869	2933
1847	2933
2390	2933
3173	2933
1030	2933
1929	2933
2295	2933
2635	2933
1513	2933
3683	2933
3165	2933
2101	2933
2095	2933
1089	989
2015	989
2217	989
3681	989
784	2983
1002	2983
2064	2983
3954	3877
1002	3877
22	1857
362	1857
1494	3322
2307	3322
3639	3322
2120	3322
2046	3322
1438	3322
670	3322
280	3322
2240	3322
2601	3322
3302	3322
217	3322
241	2671
3322	2671
2945	2671
3689	2671
3639	2671
2046	2671
1438	2671
670	2671
3020	2671
1729	2916
2992	2916
2737	2916
217	2945
241	2945
3562	2945
3322	2945
2671	2945
1494	2945
2307	2945
3639	2945
2120	2945
2046	2945
1438	2945
670	2945
280	2945
2240	2945
2601	2945
3302	2945
2878	2945
3825	3033
2592	3033
1375	3033
2933	3033
3941	3033
3383	3033
143	3033
1263	3033
3024	3033
1030	3033
1929	3033
2295	3033
2635	3033
1513	3033
3683	3033
3165	3033
2101	3033
2095	3033
3681	3033
3798	2987
3159	2987
3973	2987
1972	2987
1363	2987
3973	1708
1600	1708
1506	1708
4022	1708
2332	3012
174	3012
2566	76
2051	76
3081	62
58	62
1929	62
531	62
2312	339
715	339
4022	339
3757	339
2581	1462
2873	1462
3225	1462
2473	1462
3903	1462
1226	1462
419	1462
1270	2361
1432	2361
2967	2361
1868	2361
1282	2361
3693	2361
92	2361
711	2361
2350	3955
3742	3955
1617	3955
2206	3955
665	3955
2329	2938
89	2938
1617	1498
362	861
244	861
764	1746
3201	1746
3938	1746
1224	1746
3012	402
174	2332
3527	2332
476	442
53	442
436	984
803	984
3071	806
571	806
3115	806
10	806
1386	806
1985	3058
1031	2096
3490	2096
1645	2694
189	2694
3865	2152
534	2152
220	2152
3888	2152
3947	2152
3355	2152
1388	3593
317	3593
3424	3593
3147	3593
18	3593
3480	3593
38	3593
1848	3593
2749	3593
436	3369
1812	3369
2987	3369
482	3159
3234	3159
3693	3159
1972	3159
722	3159
2613	3159
1872	165
2906	2455
393	2455
3926	2455
546	2455
3071	2455
571	810
3954	810
1031	403
3490	403
720	3436
2958	3436
1645	3436
2354	3436
3749	3436
2480	3436
2340	3436
1022	1665
1506	1665
674	1665
2983	2219
55	2219
3776	2219
1806	2219
2406	2219
1716	2219
1011	2219
3976	3400
1739	3400
4022	3400
2903	3400
377	3400
722	3400
10	3115
3693	3115
989	3115
499	1089
2217	1089
3253	1089
776	1089
3757	1089
1462	2581
1657	2581
2900	55
482	55
1514	55
1474	55
3355	55
2961	1388
3593	1388
317	1388
3424	1388
3147	1388
18	1388
3480	1388
38	1388
1848	1388
2749	1388
149	1388
76	1388
2945	2566
282	1494
3639	1494
1438	1494
670	1494
280	1494
2240	1494
1390	1494
946	1729
2916	1729
2937	1729
1983	1729
1161	1729
2370	1729
3937	1729
2992	1729
3297	1729
2454	2493
174	2493
2627	2493
108	2493
906	906
1462	906
810	2873
3919	3954
717	3103
3816	3103
1537	3103
2521	3103
367	3103
1757	3103
1949	2656
722	2656
76	2656
2581	2051
2873	3225
3903	3225
3856	2906
108	2906
2382	2382
1199	2382
165	1872
764	1872
3021	1872
3938	1872
1810	2584
1103	2584
2613	699
4026	699
2820	699
3834	3231
302	3231
2135	3231
1467	3231
1833	693
1891	693
1244	693
4025	693
565	693
4000	693
3598	693
3325	693
161	693
3158	693
2061	693
3917	693
3838	693
3376	693
2518	693
2361	693
1257	1270
2394	1270
3234	1270
611	1270
1372	1270
189	3826
1806	3826
168	3826
1954	3826
2858	2858
2484	2858
837	2858
111	1670
3021	1670
108	1670
3019	3019
2256	3077
3934	3077
1803	3077
3153	3077
1289	3077
842	3077
127	3077
1854	3077
1467	3077
1891	2001
1244	2001
565	2001
3440	2001
1276	2001
1332	2001
3229	2001
3598	2001
3325	2001
161	2001
3158	2001
2061	2001
3917	2001
3376	2001
2518	2001
2938	2001
984	436
3369	436
2	436
2297	436
1812	436
2055	436
318	436
189	436
3436	2958
585	2958
1396	2958
2848	2958
1374	2958
2312	2958
737	2958
1153	2958
1425	2958
2393	2958
2340	2958
3165	3941
2101	3941
2095	3941
875	300
484	300
3349	300
3103	300
2903	1410
1746	1410
1872	764
395	764
2165	764
3562	764
2206	1224
1494	241
2307	241
3639	241
2120	241
2046	241
1438	241
670	241
280	241
2240	241
2601	241
3302	241
2878	241
3825	2592
1375	2592
2933	2592
3033	2592
3941	2592
2888	344
2064	3681
1746	244
111	244
2165	244
283	3246
916	3246
10	3246
1002	3246
612	1522
2448	1522
58	1522
3302	1522
1103	1522
2613	2702
565	3283
1021	559
1332	1891
3229	1891
3598	1891
3325	1891
1332	1244
2525	339
3157	339
2440	693
3229	693
1806	300
220	300
4002	2728
693	1833
3938	2613
3606	2613
3404	2613
3050	3837
1851	3837
2312	3837
1739	3837
4022	3837
1508	3837
1318	3837
3695	196
2781	196
3762	510
2242	510
207	510
3002	510
2415	510
2078	510
3755	510
3077	1179
1718	1179
144	1179
264	1179
33	1179
60	1179
2256	1179
3934	1179
1803	1179
3153	1179
1289	1179
842	1179
127	1179
210	1179
1243	2862
1544	2862
2738	2862
2106	2862
2038	2862
737	2862
1083	2862
1991	507
3834	2820
3231	2820
341	2820
803	3071
3231	3834
174	674
2659	674
1468	674
2916	3020
3935	3020
3297	3020
1757	3020
1729	946
1161	946
3593	3355
1388	3355
3424	3355
3147	3355
18	3355
1848	3355
2749	3355
149	3355
1363	3355
3880	2232
1600	2232
1506	2232
803	2232
806	571
810	571
3919	571
10	571
3071	571
3880	1708
136	2656
1050	1410
2358	1410
778	1410
4022	1410
3749	1410
2637	1410
567	3742
3626	3742
3825	3742
2592	143
2933	143
3033	143
612	143
3024	143
3869	143
1847	143
2390	143
3173	143
1513	143
3683	143
3165	143
2748	143
2101	143
2095	143
217	143
241	2307
3322	2307
2945	2307
3639	2307
2046	2307
1438	2307
670	2307
2240	2307
89	2307
2694	1645
3436	1645
882	1645
3050	1645
1268	1645
3891	1645
1175	134
4025	134
1265	1577
1755	1577
505	2728
10	3887
3745	3887
1130	3887
3283	1467
1891	1467
1244	1467
693	1467
161	1467
3158	1467
2061	1467
3917	1467
3376	1467
2518	1467
3976	3009
4022	3009
2525	3009
2613	1103
2702	1103
699	1103
2924	665
1657	665
2952	665
3693	665
3175	830
1868	830
1854	1179
2983	2645
3776	2645
2686	2645
3929	2645
136	2645
3058	2861
134	3891
2645	3891
2219	2983
1388	2961
3424	2961
38	2961
2749	2961
3798	2788
474	2788
2127	2788
1949	2788
2064	2788
3935	1534
3096	1534
3157	1534
35	3648
2238	1857
2498	1857
2167	1857
2926	1857
1957	1857
1134	1857
1609	1300
1512	1300
345	1300
2737	1300
217	3322
241	3322
3562	3322
2671	3322
2945	3322
860	3865
711	3865
128	3865
217	3865
241	1494
3322	1494
2046	1494
1603	2051
3561	2051
3544	2958
1812	2459
1090	2020
1388	2020
317	3424
38	3424
3825	3424
2592	3941
2390	3941
3173	3941
2295	3941
1513	3941
3683	3941
2295	143
89	143
3837	3050
1645	3050
737	3050
578	3050
2480	3050
2378	3050
3355	3147
2415	207
770	207
2078	207
3755	207
3148	1846
2928	1846
3414	1846
1179	1846
3077	264
1835	264
1718	264
144	264
33	264
60	264
3153	264
3210	264
352	264
1289	264
127	264
1857	264
861	1449
2167	1449
2926	1449
1957	1449
1134	1449
3175	1449
1512	1772
345	1772
1270	1772
2686	1257
2804	1257
344	1257
5	2888
3147	2888
1848	1251
2728	1251
1868	948
2714	948
505	948
210	948
2862	1544
1243	1544
2738	1544
2106	1544
2038	1544
737	1544
1083	1544
3009	1544
339	3976
3400	3976
2350	3976
3973	3976
1579	3976
4022	3976
2525	3976
2206	3976
377	3976
2613	3976
1872	3938
764	3938
3201	3938
395	3938
4022	3938
2165	3938
3414	3938
108	3938
11	11
2455	11
2962	3926
546	3926
3989	3926
174	2454
476	2454
312	2454
2958	2454
2312	1374
2038	1374
1153	1374
860	1374
77	1374
2050	534
3888	534
3947	534
128	534
196	534
3840	3695
207	3002
2415	3002
2078	3002
2803	35
2613	35
2042	3606
2858	3606
2473	1585
2469	1585
882	1585
1645	1268
978	1268
3414	1268
1522	1268
612	2448
58	2448
221	2448
3302	2448
1467	2448
3283	3325
1891	3325
1244	3325
693	3325
161	3325
3158	3325
2061	3325
3917	3325
3376	3325
2518	3325
2061	161
3917	161
3376	161
2518	161
3980	161
2878	161
3825	1847
2592	1847
1375	1847
2933	1847
3033	1847
3383	1847
143	1847
1263	1847
3024	1847
3869	1847
2390	1847
3173	1847
1030	1847
1929	1847
2295	1847
2635	1847
1513	1847
3683	1847
3165	1847
2101	1847
2095	1847
62	1847
2141	3081
58	3081
1929	3081
3837	3081
2038	2312
395	2312
1153	2312
1425	2312
1318	2312
2393	2312
2340	2312
860	2312
3544	2312
341	2312
3071	1823
273	1823
3745	1823
2064	1823
3776	1823
2686	804
2394	804
560	804
3058	804
2264	1985
3267	813
3402	813
1539	813
3103	813
3816	1537
2781	1537
3588	1537
3973	1262
2015	5
3253	5
3965	5
882	5
1846	3148
3414	3148
2862	3148
1243	2738
1544	2738
2106	2738
2038	2738
737	2738
1083	2738
3689	2738
2539	2120
143	2120
1263	2295
3024	2295
1847	2295
2390	2295
3173	2295
1030	2295
1929	2295
2635	2295
1513	2295
3683	2295
3165	2295
2101	2295
2095	2295
830	2295
3865	1868
2361	1868
3175	1868
1609	1868
948	1868
505	1868
345	1868
1179	1868
3077	3153
1718	3153
144	3153
264	3153
33	3153
60	3153
2256	3153
3934	3153
1803	3153
1289	3153
842	3153
127	3153
3980	891
1022	891
3593	4016
1388	2749
317	2749
3424	2749
38	2749
217	2749
241	280
3231	280
1090	2135
1224	2135
62	2838
143	531
510	531
3762	2078
2242	2078
3840	2078
207	2078
3002	2078
2415	2078
403	2078
1031	3490
1265	3490
3402	3490
777	3490
531	2748
1857	2748
861	2926
3409	2926
1449	2926
351	2926
2498	2926
1957	2926
1467	2926
3283	2518
1891	2518
1244	2518
693	2518
3325	2518
161	2518
3158	2518
2061	2518
3917	2518
3376	2518
344	2518
946	3965
5	3965
2217	3965
3210	3965
3826	3965
3765	168
1851	168
2050	168
2788	168
2656	1949
2962	1949
3267	1949
1031	1539
813	1539
2242	1539
3681	2069
1757	136
2645	136
2656	136
2379	136
3349	136
899	136
775	136
2256	136
3178	49
842	49
1857	49
861	1957
3409	1957
1449	1957
351	1957
22	1957
362	1957
2238	1957
2498	1957
2167	1957
2926	1957
1134	1957
442	1957
2987	53
3798	1972
3159	1972
946	1972
2916	2992
1729	2992
2937	2992
1161	2992
2370	2992
3937	2992
3297	2992
210	2992
1983	978
2992	3297
1025	3297
975	306
3865	306
585	860
1396	860
1374	860
2312	860
1153	860
1425	860
2340	860
3414	860
3544	860
1174	860
2686	899
611	899
377	899
3349	899
136	899
3865	899
2361	711
1810	711
1690	711
128	711
161	711
2503	3980
975	3980
1803	797
882	797
1846	3414
3938	3414
1268	3414
3148	3414
860	3414
1455	3414
507	1991
3762	1991
2242	1991
2201	1991
2078	1991
3755	1991
2051	1991
1603	3561
2613	3561
699	4026
1290	4026
2779	1937
460	1937
2632	1937
1396	1937
2312	3544
2038	3544
484	3544
1425	3544
860	3544
388	3544
35	2803
3626	567
830	567
1300	345
1772	345
2050	345
1468	345
2581	345
3225	1226
3592	1226
3903	1226
419	1226
815	1226
3159	722
3400	722
2656	722
2804	722
3234	722
2903	722
3147	722
1848	2579
2878	2579
3825	2101
2592	2101
1375	2101
2933	2101
3033	2101
3941	2101
3383	2101
143	2101
1263	2101
3024	2101
3869	2101
1847	2101
2390	2101
3173	2101
1030	2101
1929	2101
2295	2101
2635	2101
1513	2101
3683	2101
3165	2101
2095	2101
3757	2101
1462	419
2581	419
2473	419
3903	419
2379	419
136	775
3765	775
505	4028
3711	4028
3071	4028
806	1386
2756	1386
345	1468
1857	1468
861	1134
3409	1134
1449	1134
351	1134
22	1134
362	1134
2498	1134
2167	1134
60	1134
3153	1854
1289	1854
127	1854
2461	1854
1121	2060
3445	2060
2878	2060
3825	2095
2592	2095
1375	2095
2933	2095
3033	2095
3941	2095
3383	2095
143	2095
1263	2095
3024	2095
3869	2095
1847	2095
2390	2095
3173	2095
1030	2095
1929	2095
2295	2095
2635	2095
1513	2095
3683	2095
3165	2095
2101	2095
341	2095
3681	2064
2983	2064
2788	2064
3798	2064
273	2064
2127	2064
1011	2064
189	2064
3865	128
534	128
3888	128
711	128
2350	128
3742	3626
2206	3626
118	3626
567	3626
2938	3626
3404	244
1913	244
1383	244
2696	3159
3938	764
2671	764
2539	3689
743	3689
3096	3689
1383	3689
1363	3880
2232	3880
1708	3880
3798	3880
474	3880
3973	3880
1001	3880
3325	3598
3158	3598
2061	3598
3917	3598
3376	3598
2518	3598
1199	3598
3789	1257
1282	1257
1746	1257
2106	534
2781	2484
1432	2484
4022	2358
3749	2358
1857	2358
861	351
2938	351
436	2055
377	4022
3825	4022
2592	1929
2933	1929
3033	1929
62	1929
3383	1929
1356	1929
2158	1929
3024	1929
3869	1929
1847	1929
3081	1929
2390	1929
3173	1929
2295	1929
2226	1929
1513	1929
3683	1929
3165	1929
2969	1929
2101	1929
2095	1929
134	1929
58	777
2748	777
1467	777
3283	2061
1891	2061
1244	2061
693	2061
3917	2061
3376	2061
2518	2061
2152	2061
2958	737
3050	737
2738	737
875	737
1690	484
578	484
2928	484
2484	484
1537	2781
3246	2781
3071	1002
3877	1002
3834	1002
3355	38
2961	38
3593	38
1388	38
317	38
3424	38
22	38
362	2238
2498	2238
2167	2238
1957	2238
665	2238
1410	3749
2358	3749
1179	3749
3077	1803
797	1803
2613	1803
3606	2042
3834	2042
3355	2749
2961	2749
393	2749
322	3856
665	3856
300	3848
77	3848
1806	3848
220	3848
3749	3848
1467	3848
3283	3376
1891	3376
1244	3376
693	3376
3325	3376
2518	3376
2737	3376
217	2240
241	2240
3562	2240
3322	2240
2671	2240
2945	2240
1494	2240
2307	2240
3639	2240
2046	2240
1438	2240
670	2240
280	2240
244	2240
764	2165
3201	2165
3938	2165
1857	2165
861	2498
3409	2498
1449	2498
351	2498
22	2498
362	2498
2238	2498
2167	2498
2926	2498
1179	2498
3801	842
3077	842
144	842
33	842
60	842
1289	842
127	842
49	842
3888	842
3562	1083
1657	2595
1175	2595
2878	2595
3825	3683
2592	3683
1375	3683
2933	3683
3033	3683
2256	3683
3934	127
1803	127
3153	127
1289	127
842	127
1263	127
1847	3165
2390	3165
3173	3165
1030	3165
1929	3165
2295	3165
2635	3165
1513	3165
3683	3165
2101	3165
2095	3165
221	3165
665	2835
2361	3693
2924	3693
3159	3693
3115	3693
2696	3693
1432	3693
2952	3693
2804	3693
3749	3693
2415	3693
2078	2069
1746	2069
882	978
1268	978
1577	978
3888	1755
2393	860
2595	2737
2361	1224
2350	1224
2973	341
2064	341
3322	217
1847	2592
2390	2592
2696	89
3050	89
1617	89
1913	89
2983	3681
3973	3681
2240	2671
3173	3033
2983	3033
2808	2987
196	2938
984	2938
2057	2938
3369	2938
436	2938
2	2938
2297	2938
2055	2938
3397	2938
318	2938
1857	2938
351	861
22	861
2238	861
2498	861
2167	861
2926	861
1957	861
1134	861
978	1746
855	402
417	402
2938	402
3436	2694
720	2694
111	2694
3021	2694
2938	2694
2200	3689
2601	2307
482	134
3925	134
777	134
693	134
1251	3147
1848	3147
2579	3147
1833	3147
2001	1276
4025	1276
3440	1276
2440	1276
3838	1276
1383	1276
3798	474
3880	474
1931	474
1506	474
1929	1356
1383	1356
1363	728
1600	728
665	728
2848	585
2312	585
2038	585
1425	585
2393	585
860	585
2900	585
3224	3989
3681	3989
3880	3973
1579	3973
1600	3973
3976	3973
1262	3973
136	1174
899	1174
3009	1174
1991	1455
3562	2737
2635	2878
2046	217
1806	3681
784	3681
3929	3681
136	3681
165	244
3201	2702
1263	2702
2847	2702
3302	1708
3749	2694
2928	2694
1372	2694
3436	2152
1954	2057
244	2057
482	46
3409	46
1248	46
417	46
2238	46
2038	720
1670	837
410	837
3592	3225
92	3225
1226	3225
419	3225
2804	1270
2967	1270
3798	1270
1514	3826
1011	3826
2480	3826
1972	3880
1645	882
1268	882
3148	882
978	882
1690	2467
578	2467
1318	2467
108	2467
334	334
410	334
1851	2900
1739	2900
1937	460
1833	460
693	4025
3188	4025
4000	4025
1276	4025
3718	4025
1937	2632
3400	2632
2584	1810
560	1810
2967	1810
92	1810
711	1810
1467	1810
3917	565
3376	565
2518	565
1857	565
861	3915
3409	3915
1449	3915
2498	3915
1957	3915
1522	3915
2635	143
531	143
2232	143
2158	1356
3973	1356
3976	1579
377	1579
3349	1579
2645	1579
2694	2354
3436	2354
720	2354
2848	2354
875	2354
484	2354
2312	1396
2038	1396
2340	1396
860	1396
3544	1396
1665	1396
4016	1022
3755	3762
1757	3762
2645	3776
2219	3776
1806	3776
2406	3776
804	3776
2394	3776
560	3776
875	3776
136	3776
815	3776
2804	1050
377	1050
1823	273
134	273
2595	1175
1300	1175
3738	1609
1868	1609
505	1609
134	1609
2406	3224
2627	3224
1011	3224
3955	2613
743	2671
2748	62
189	62
2152	3865
2038	3865
1690	3865
1868	3865
3888	3865
1468	3436
1474	2219
1972	2219
3225	2581
3592	2873
352	2873
2469	2873
2833	2873
830	2873
1772	3175
1868	3175
345	3175
1468	3175
1388	3175
3424	317
38	317
2749	317
3157	317
2256	3801
842	3801
3071	3801
3877	3954
3776	2656
1617	2051
2394	2584
2967	2584
711	2584
1851	77
2312	77
2958	77
585	2848
2354	2848
484	2848
62	2848
2158	2141
3081	2141
58	2141
531	2141
2969	2141
2938	2141
436	2297
2737	2297
217	3639
241	3639
2945	3639
1494	3639
2307	3639
2046	3639
1438	3639
670	3639
280	3639
2240	3639
3302	3639
1179	3639
3077	1718
1835	1718
144	1718
264	1718
33	1718
60	1718
3153	1718
1289	1718
127	1718
3681	1718
300	1806
3776	1806
784	1806
1716	1806
3848	1806
3891	1806
134	3925
2264	3925
813	3267
3402	3267
1539	3267
1755	3267
2415	2242
2078	2242
2069	2242
1991	2242
3755	2242
3231	2242
3825	302
2592	3024
2933	3024
3033	3024
2390	3024
3173	3024
1030	3024
2635	3024
1513	3024
3683	3024
3165	3024
1729	3024
2992	2370
1372	2370
2983	2406
3826	2406
3776	2406
3224	2406
2238	1600
1318	1600
1954	1600
2484	1051
2781	1051
1708	1051
1665	1506
22	1224
362	1224
2167	1224
174	3887
2001	1467
565	1467
3598	1467
3325	1467
2266	1390
2873	410
244	210
3050	210
210	210
3973	1363
3229	3283
3598	3283
3325	3283
2503	3283
3158	3283
2061	3283
3917	3283
3718	3283
3376	3283
2518	3283
720	1199
1872	1199
1846	1199
2928	1199
3414	1199
2379	1757
778	803
2737	803
3891	3562
2390	3033
482	2987
725	2987
2952	300
4028	3765
2748	3880
3188	3880
891	4000
3718	4000
210	4000
2219	3050
2101	3024
2095	3024
1716	2406
737	2406
2503	3420
3642	3420
3718	3420
111	3420
2350	1617
2206	1617
1318	1617
3561	1617
3103	1617
717	3816
1265	3816
1537	3816
474	3816
1011	1931
2064	1931
3009	1931
860	1846
777	1721
531	1721
2748	1721
3915	1721
2952	1449
3157	1449
2884	1772
665	1772
674	220
189	220
3826	220
300	220
2480	220
3848	220
2900	220
77	1851
2884	1851
3919	1851
2538	1851
168	1851
3246	1851
1854	33
2906	33
1031	322
1537	1265
461	1265
3490	1265
1755	1265
1224	1265
402	855
1179	855
3077	60
1718	60
144	60
264	60
33	60
2256	60
3934	60
1803	60
3153	60
1289	60
842	60
127	60
1854	60
3648	60
4023	35
1103	35
165	3606
1717	1717
1265	1717
875	1262
1265	1262
1755	461
2888	461
2200	2120
108	2120
3466	3466
2467	3466
220	1514
419	2473
3887	2473
3009	174
3400	4022
2358	4022
395	4022
1508	4022
3869	4022
1854	3153
2686	3153
1257	3789
2804	3789
3234	3789
3718	3642
3980	3642
1534	3642
1960	3935
1833	3935
2467	578
3050	578
560	578
484	578
3322	578
2945	280
1657	280
3639	280
2120	280
2046	280
1438	280
670	280
2240	280
2601	280
3837	280
2467	1318
3973	1318
1617	1318
1600	1318
1690	1318
1991	2201
2455	2201
1022	546
2962	546
3926	546
1882	546
3283	546
4025	3718
4000	3718
3420	3718
3642	3718
891	3718
2696	3718
1657	2838
2350	118
2206	118
567	118
3626	118
3588	118
2141	941
1721	531
2748	531
3400	531
1579	377
1050	377
3976	377
899	377
189	377
2152	3848
2001	3848
565	3376
3229	3376
3598	3376
3915	3376
2952	2498
3157	2498
1957	2498
1134	2498
1803	2498
3153	842
1494	842
2307	2601
1556	2601
280	2601
1031	2601
2096	682
1089	3490
499	3253
5	3253
3210	3253
3501	3253
217	3253
241	3302
1522	3302
3322	3302
2945	3302
1708	3302
165	3302
612	3302
2539	3302
3639	3302
2448	3302
2046	3302
1030	3302
1438	3302
670	3302
2240	3302
3798	3302
3880	1001
2878	1001
3825	1513
2592	1513
1375	1513
2933	1513
3033	1513
3941	1513
2878	3683
3825	3165
2592	3165
1375	3165
2933	3165
3033	3165
3941	3165
3024	3165
3869	3165
3461	3165
306	2069
3755	2069
1534	2069
1857	3157
339	3157
861	3157
317	3157
1449	3157
22	3157
362	3157
2498	3157
2167	3157
1957	3157
1134	3157
1161	3157
3935	1960
2967	1960
3903	92
1282	92
1226	92
3157	92
2219	1957
3880	1972
2903	1972
3267	978
461	1755
3020	1755
1729	3297
1282	3297
2069	306
1846	306
1617	860
3404	3561
2042	4026
2938	4026
436	318
2958	318
4023	3544
3588	2803
2078	1825
2069	3755
1991	3755
1868	3755
92	345
3225	1226
3157	419
1957	1134
1179	1134
3077	1854
144	1854
33	1854
1757	1854
3826	2064
1931	2064
1823	2064
3467	2064
3850	2064
3745	2064
1251	2378
474	2820
3424	3834
2749	3834
108	108
906	108
2382	108
2858	108
3019	108
334	108
621	108
2691	108
1717	108
3466	108
63	108
854	108
2219	674
220	674
2354	2645
317	946
1257	559
2671	3891
3925	3891
743	3891
3733	3588
2924	189
1806	189
2987	2983
1716	2983
3058	1290
474	2232
3355	2232
149	2961
1931	2788
1311	3648
3267	2264
813	2264
861	1857
3915	1857
2952	1857
3157	1857
1001	1708
1494	282
1556	282
3409	3461
1248	3461
2238	3461
2926	3461
1363	3461
2788	3798
2987	3798
3826	3798
3880	3798
1001	3798
174	1576
2659	1576
3745	1576
402	2361
2613	2361
189	3955
1514	2924
1812	2938
3915	861
2952	861
3157	861
1508	1746
2361	1746
715	402
1913	402
946	402
3178	3801
92	2584
1810	882
3021	3147
3322	3147
2671	3639
189	3639
4023	1617
2803	1617
559	1617
2378	1257
2579	1251
2393	534
1011	1514
3283	1514
3420	2503
3980	2503
3757	2503
1462	2473
2581	2473
1585	2473
402	2473
1600	715
2525	715
1179	715
3077	3934
144	3934
33	3934
60	3934
3153	3934
1289	3934
2095	1030
3283	1030
1891	3158
1244	3158
693	3158
2001	3158
565	3158
3229	3158
3598	3158
3325	3158
3917	3158
3376	3158
2518	3158
282	3158
1494	1556
2539	1556
2601	1556
3096	1556
3938	1556
2001	4022
565	2061
3229	2061
3598	2061
3325	2061
3436	2061
2406	737
1374	737
860	1153
2354	1153
1318	484
3544	484
991	484
2981	21
3028	21
196	21
717	2781
2457	2781
1051	2781
3919	2781
2749	38
1857	38
3461	2238
861	2238
46	2238
1600	2238
1449	2238
1248	2238
2694	2238
3436	3749
2958	3749
1432	3749
3848	3749
144	3749
33	1803
60	1803
3178	1803
3153	1803
1289	1803
842	1803
127	1803
377	2042
4026	2042
3865	2042
2467	1690
143	1690
111	3165
1356	3693
3880	2969
612	2748
143	2748
1721	2748
344	2748
1617	2069
1882	3887
3229	1467
3606	1103
220	665
3404	189
737	189
1011	189
3848	189
128	189
2878	189
3825	2933
18	2961
3480	2961
1011	2788
1600	1857
3409	1857
1449	1857
351	1857
1708	2987
2987	2987
3955	339
1050	339
3976	339
339	339
1600	861
3409	861
1449	861
2820	861
3934	3801
2242	3231
2127	3231
2415	3231
2078	3231
3755	3231
3789	1270
92	1270
3224	3826
2406	3826
220	3826
2064	3826
89	3826
2952	2696
875	2696
2838	2696
3283	2696
3838	2001
3980	2001
3749	2958
128	2958
3834	2958
3355	3424
2961	3424
3593	3424
3480	3424
2749	3424
2878	3424
1375	3941
2933	3941
3033	3941
3869	3941
1847	3941
2635	3941
3201	882
2106	882
728	882
3838	2440
2702	2440
3562	1263
2390	1263
3173	1263
777	1263
2295	1263
2928	1263
1513	1263
3683	1263
3165	1263
2101	1263
2095	1263
108	1263
621	621
3246	621
3837	283
534	77
220	77
1847	3024
2595	3420
3980	3420
89	3420
1498	1617
1755	3816
174	324
2659	324
3995	388
341	388
1857	1931
1708	1600
861	1600
1449	1600
715	1600
1957	1600
1857	1600
3461	3409
861	3409
2498	3409
2926	3409
1957	3409
3789	1021
1363	1021
2001	1332
3440	1332
161	1332
3980	1332
3009	1332
2702	2847
2637	2847
2350	2847
2525	2847
2206	2847
2096	2847
403	1031
1265	1031
3490	1031
1539	1031
815	1031
2645	2686
1270	2686
1174	2686
1257	2686
804	2686
778	2686
3598	3229
3325	3229
3158	3229
2061	3229
3917	3229
3376	3229
2518	3229
1600	3229
3409	1449
351	1449
22	1449
362	1449
2238	1449
2158	1449
2969	3081
1396	3081
3801	2312
2256	3934
3178	3934
842	3934
127	3934
49	3934
797	3934
1833	3934
3825	1030
2592	1030
2933	1030
3033	1030
3869	1030
1847	1030
2390	1030
3173	1030
221	1030
2295	1030
1913	1030
3302	1030
1513	1030
3683	1030
3165	1030
2101	1030
2361	1030
2061	3158
3158	3158
189	2061
3865	737
1121	21
3480	21
362	38
778	1690
484	1690
1318	1690
2167	1690
711	1690
442	1690
2493	476
2242	476
3002	2415
2078	2415
2069	2415
1991	2415
3755	2415
585	2415
2038	1425
860	1425
3544	1425
1432	1425
3826	611
1514	1011
3825	1011
2592	2295
1375	2295
2933	2295
3033	2295
3941	2295
3253	2295
1089	3501
2521	776
2737	367
3420	2595
855	2595
3081	3693
1929	2969
2226	2969
3689	2969
2539	2200
2930	2200
2120	2200
3096	2200
62	2200
2001	2748
565	2518
3229	2518
3598	2518
3934	2518
2415	797
2350	1991
3742	567
3175	567
1263	2737
778	2737
1579	3009
1600	3009
2847	3009
38	3355
3096	2987
559	2987
1462	1462
2581	1351
3225	1351
1585	1351
2473	1351
3903	1351
2469	1351
1226	1351
419	1351
4025	3188
4000	3188
728	3188
1179	3188
1718	3077
144	3077
264	3077
33	3077
60	3077
1991	1161
534	3765
1851	3765
3606	764
1243	882
1248	134
2820	134
3178	474
2969	1356
3834	1356
3798	728
3188	728
3880	728
300	728
1432	2952
1449	2952
220	2952
2498	2952
3693	2952
1957	2952
1372	2952
1363	2756
2987	3973
46	3973
1432	3973
546	1022
574	1022
3231	1022
2242	3762
3002	3762
2415	3762
2078	3762
2069	3762
1991	3762
2656	3762
339	3776
1410	1050
395	1050
3745	273
1011	273
2064	273
3562	273
3925	1175
2737	1175
3825	1263
2592	1263
484	2141
1175	2141
476	324
4023	388
2938	388
3369	1812
436	1812
2459	1812
11	1812
2484	1812
1717	1812
3355	1812
2961	18
1179	18
3077	144
1718	144
264	144
33	144
60	144
2256	144
3934	144
1803	144
3153	144
1289	144
127	144
1854	144
1025	144
3178	975
306	975
797	975
1248	2847
417	2847
764	2847
3757	3606
1351	1585
419	1585
1089	1585
2702	499
3201	1268
2332	1268
442	174
1690	22
2498	22
2167	22
3157	22
1957	22
3681	22
2694	784
3929	784
1716	784
2961	784
3593	3480
1388	3480
3424	3480
38	3480
2749	3480
1772	3480
1851	2884
410	2884
725	3592
3225	3592
3903	3592
352	3592
1226	3592
1224	3592
2847	417
1248	417
3400	417
2900	1739
77	1739
534	2050
174	2050
505	2050
168	2050
571	2050
3954	3919
1851	3919
1002	3919
210	3919
2862	2106
882	2106
1544	2106
2393	2106
1083	2106
3246	2106
3850	3467
3825	3467
2592	2390
1375	2390
2933	2390
3033	2390
3941	2390
143	2390
1263	2390
3024	2390
3869	2390
1847	2390
3173	2390
1030	2390
1929	2390
2295	2390
2635	2390
1513	2390
3683	2390
3165	2390
2101	2390
2095	2390
1224	2390
1857	362
861	362
1449	362
22	362
2238	362
1690	362
2167	362
3157	362
1957	362
1134	362
1179	362
3801	2256
3077	2256
144	2256
33	2256
60	2256
3934	2256
3153	2256
1289	2256
127	2256
49	2256
108	2256
63	63
815	63
2584	2394
3776	2394
2645	2394
2756	3929
784	3929
2862	3929
720	2038
1243	2038
2312	2038
2738	2038
1739	2038
1153	2038
1425	2038
1083	2038
2340	2038
3544	2038
3989	2038
3224	2627
421	2627
1372	2627
2141	737
3021	484
324	484
2454	476
174	476
53	476
3588	476
3762	181
273	2415
2973	1011
1931	1011
1823	1011
2127	1011
2808	1011
77	3965
1854	797
1199	797
3400	3414
1161	3414
720	1991
3175	1468
2656	1468
2958	128
3848	128
2350	3009
3689	2987
168	1576
2838	2152
3848	2152
2938	2152
1474	46
1199	46
2694	720
2354	720
1468	720
2219	720
2057	55
2858	1954
2457	1954
1051	1954
3891	1954
2601	1494
2861	1494
3965	317
3776	3973
510	3973
1248	1806
3283	1806
510	3420
1508	2686
899	2686
1882	3927
3850	3927
3745	3927
1467	3927
3283	3229
1891	3229
1244	3229
693	3229
2001	3229
565	3229
3400	3229
1383	1846
317	1721
2069	3965
3887	3965
1576	168
3965	168
1810	2069
300	92
1579	3349
136	3349
899	3349
3934	3349
806	49
2900	53
174	53
476	53
2378	53
3355	149
2961	149
1383	149
3681	1972
1645	1972
1508	978
3816	978
1265	1755
1854	306
3178	306
2835	797
3903	559
1226	559
3021	989
3834	989
3461	2737
1657	2737
2307	2737
775	1224
168	3887
2627	830
3738	830
2538	830
3501	989
2406	2983
510	2983
4026	2702
1332	1363
3420	3283
3925	3562
1835	2656
2820	2656
559	3225
1351	3225
2694	3225
2219	111
1670	111
3733	111
978	2584
722	2584
2702	2584
2165	699
510	699
3762	3231
728	693
55	693
3050	3826
728	3826
108	3826
2781	1670
417	2696
559	2696
3009	1351
3201	2637
2847	2637
417	2637
2525	2637
3349	2637
3937	1983
3297	1983
2967	2001
1665	2001
1882	2020
1030	3941
1913	1432
2656	1432
1050	1835
1718	1835
264	1835
3934	1835
2001	1835
1276	3440
1332	3440
161	3440
2967	3440
1356	3383
2158	3383
1929	3383
2635	3383
2969	3383
3955	3383
2737	3742
1030	1645
728	4000
3980	2737
1957	1872
1937	2584
2379	1670
3693	1670
1001	2696
2808	2696
21	991
3028	991
3757	991
2820	1351
1121	2020
3865	830
1375	2878
1455	2878
3246	2873
3840	3231
3115	3231
4016	53
3562	53
1175	1972
1390	1972
2861	2992
1251	2992
410	797
302	1991
3592	1991
1746	815
3159	815
574	3103
2394	2656
1617	1410
1318	1410
3848	1410
3409	3689
2930	3689
2120	3689
3302	3689
531	3880
221	2467
265	3437
2714	2900
3711	2900
3210	2900
2440	4025
1251	4025
3838	4025
1001	4025
1290	4025
882	2981
271	1810
1265	1810
3765	1810
2232	53
2370	1972
3681	3297
578	899
989	1455
1600	2737
2106	2737
2525	2737
2833	2467
1282	3437
1243	2900
2276	2900
1537	2900
2781	2900
410	2900
1757	3915
3562	3915
699	3915
4026	3915
2069	1432
711	1432
3938	3742
2930	3742
118	3742
711	3742
1708	3742
722	1645
2983	1645
3973	134
62	134
4016	1577
674	1577
55	3050
220	3050
3801	3050
975	474
1467	474
1891	728
1244	728
693	728
3826	728
565	728
4000	728
2440	728
3229	728
3598	728
3325	728
3158	728
2061	728
3917	728
2518	728
3461	728
2152	2952
3224	2756
2848	2756
3929	2756
1716	2756
1468	2756
1665	2756
3445	2461
2060	2461
2900	2461
585	1243
1243	1243
1609	585
948	585
510	585
2078	2354
2737	2354
3461	1600
2961	1600
2001	3325
728	3325
2900	3325
3816	2276
2484	2276
2521	2276
1534	2276
3689	2930
3742	2930
2393	174
1130	174
168	174
53	174
4028	174
1386	174
1851	174
174	3527
1386	3527
1224	3527
2238	22
3887	22
168	1882
2983	1882
2493	784
2627	3919
2525	2106
1772	2106
322	10
273	10
3937	3467
2878	3467
842	3178
2833	3178
49	3178
797	3178
665	3178
2671	743
3689	743
1050	743
3224	737
1806	737
2358	737
181	1002
941	1002
2983	1002
3934	3749
3742	1803
3938	2042
3148	2042
395	2042
3467	2042
2659	3937
3234	3937
3850	3937
3935	3937
463	3937
3028	3937
3501	3937
2694	3937
221	3935
377	578
3954	2728
3919	2728
1103	3009
417	3009
3009	3009
743	665
1474	665
3718	665
2858	3954
1050	2656
128	2656
2613	2656
62	3689
775	3689
612	3880
1721	3880
2961	3880
220	1645
1332	728
161	728
3409	2952
2906	2952
3148	1243
1810	1243
134	271
3925	3973
1248	3973
1318	3973
3848	3973
3776	1174
1248	1174
2702	1174
2332	3527
2020	3527
46	1882
2952	784
3409	743
770	2015
3501	2015
2051	2015
3028	1603
2737	1603
2686	778
3404	778
1690	778
3648	778
403	1311
2592	1311
3941	3173
244	3173
189	3404
3937	3850
665	3850
2987	1474
46	1474
2838	737
830	737
3865	1002
3157	3937
2992	3937
3297	3937
241	3937
2945	1438
2307	1438
3639	1438
670	1438
2906	1438
2900	2714
1243	2714
3020	2714
463	3935
797	578
571	578
4002	3888
410	3888
3437	1282
1050	1282
265	1282
891	1282
306	1282
1854	1282
4002	1282
3888	505
3937	505
3935	463
2001	463
1949	149
3028	1991
3915	3561
1243	4026
2584	4026
322	1937
1772	318
3028	3544
682	2803
322	2803
510	1825
3231	3755
3762	3755
2242	3755
3840	3755
3002	3755
2415	3755
3976	3755
3606	567
2206	567
118	567
1396	567
2820	345
2820	1226
1351	419
3409	419
377	775
2926	775
2455	775
882	4028
174	4028
1508	2584
3718	699
2060	1410
58	3689
1579	3915
128	1835
3400	1835
2038	3742
2042	3742
1514	4000
2969	3050
1300	3050
3077	1243
264	1506
1882	1506
3153	1506
1001	1506
510	1506
1243	207
1351	3544
1931	1455
1746	2737
3159	2737
3888	3009
1931	410
377	2613
210	341
344	341
460	341
1514	341
776	341
344	210
1746	210
302	210
2888	210
2804	210
2903	210
341	210
210	344
1432	344
306	344
1265	89
891	89
3461	3681
2219	3681
1175	3681
417	3681
560	3681
3527	2702
1130	2702
722	2702
1386	2702
1522	2702
3159	1363
1226	510
419	510
221	507
3757	507
2873	2820
3225	2820
1351	2820
797	559
2748	3891
2938	3588
322	3588
777	189
1455	189
776	989
3738	3877
1467	3877
3283	2961
1891	2961
1244	2961
565	2961
3440	2961
1332	2961
3229	2961
3598	2961
3325	2961
161	2961
3404	2961
3934	2961
2967	2961
3158	2961
2061	2961
3917	2961
3376	2961
2518	2961
302	2788
674	2788
2779	1534
2930	1534
737	1534
2838	1534
403	3648
3028	3648
3926	2264
2001	3798
1276	3798
2440	3798
3927	1576
1985	1576
3742	339
1351	1462
2467	1462
1931	1462
2015	1462
92	1462
797	1462
2232	1462
196	2924
3461	1498
1690	861
815	861
210	1746
2903	1746
324	806
2962	806
3926	806
534	806
174	806
1130	806
2728	806
3738	4002
3888	4002
505	4002
1290	4002
1090	3058
460	2779
2632	2779
2973	2779
196	2779
3588	3733
77	46
3749	720
797	720
2480	837
3626	837
3050	55
1276	55
2158	55
3837	55
510	1270
3840	1270
2686	1270
482	612
1263	612
1718	612
3749	612
1949	612
136	612
611	1432
3480	3440
2635	3440
775	3742
3801	3742
3376	728
2981	728
3028	2461
3157	1050
2906	1050
3467	273
3681	273
3642	1175
1972	1175
585	1175
1255	1609
2983	1609
737	3224
2838	3224
2938	3224
2057	2
11	2
322	2
181	2
804	3201
611	3201
1657	3201
612	1263
2503	1263
2525	1263
2595	1263
2069	1263
3175	1263
322	283
3745	77
1318	77
722	77
2120	2141
2926	2141
322	2297
3283	2297
612	1718
3934	1718
2219	1718
3973	3925
1248	3925
777	3925
1833	3925
2779	3267
324	2973
1931	2973
989	2973
510	3021
3231	2242
3762	2242
3840	2242
3002	2242
210	2242
2788	302
1161	302
2888	302
2448	302
2201	302
2069	302
1991	302
1854	302
143	302
3297	2370
1083	1600
49	1600
1657	149
2455	1972
804	1755
560	899
2584	899
1432	711
3742	711
2120	711
559	711
3402	797
510	3561
510	1226
2833	1455
2503	2737
2060	3887
728	1467
3148	1103
417	1103
4022	1103
1757	665
2219	665
207	2788
1985	1534
2358	2779
1823	2779
1985	2779
2015	2779
3935	2779
1937	2779
2737	2779
1175	1657
1263	1657
3989	3733
1512	3733
442	3733
3201	3115
804	3115
174	3115
682	3115
2916	3115
2	837
1401	1494
1556	1494
803	1494
4002	2493
3919	2493
49	2873
3369	2873
1812	3175
571	3175
18	3103
339	149
341	711
210	1991
2645	1455
2521	2728
3927	3887
948	1103
699	665
300	665
1161	815
2987	1833
339	1833
3267	1833
2962	1833
1539	1833
510	3757
1351	3757
1585	3757
2473	3757
419	3757
1383	3757
3915	410
1854	559
1806	3891
2454	3891
728	1891
2521	810
3738	810
3648	810
1022	403
35	403
682	403
2645	403
2756	3436
1716	46
3801	2873
1739	3175
2503	317
3404	317
221	317
2873	317
3147	3801
1848	3801
1985	2051
3402	2051
510	2051
2232	1833
2903	507
2201	507
2961	1891
1410	189
134	189
2459	3175
283	3175
3888	3103
