17933	232	1
2291	263	1
11479	290	1
16318	311	1
7700	432	1
13096	475	1
16248	569	1
7164	22	2
11618	25	2
10425	79	2
15161	82	2
15699	254	2
17264	404	2
1070	448	2
7117	464	2
8360	497	2
5103	103	3
9439	319	3
16672	365	3
18213	408	3
10277	446	3
15006	487	3
9724	301	4
17989	571	10
16486	227	11
10268	234	11
10934	285	11
12092	376	11
17158	434	11
6270	573	11
4537	186	12
9535	216	12
12551	228	12
12081	506	12
4569	549	12
15531	99	13
9673	166	13
14315	421	13
14407	535	13
16618	193	14
3121	215	14
17528	410	14
17788	24	15
8717	26	15
1518	64	15
7569	83	15
18361	337	15
14819	339	15
13946	372	15
2832	387	15
8488	438	15
16921	507	15
12679	516	15
8555	527	15
1817	575	15
8368	584	15
6553	139	16
1808	181	16
4858	550	16
2943	95	17
4570	130	17
17519	190	18
14130	326	18
15209	364	18
8255	8	19
10349	33	19
11121	117	19
14976	157	19
7143	247	19
17556	428	19
14092	563	19
5178	50	20
11774	273	20
10417	342	20
10510	43	21
7848	47	21
1981	302	21
9251	351	21
16068	369	21
8232	551	21
5423	2	22
6342	25	22
12873	41	22
8397	80	22
9398	82	22
4764	138	22
13074	208	22
15734	254	22
7901	448	22
9403	464	22
5678	480	22
15386	497	22
5950	501	22
4631	505	22
6694	214	23
13123	465	23
5771	15	24
14275	26	24
3078	42	24
6967	64	24
4931	83	24
7673	178	24
13530	205	24
17770	207	24
7343	247	24
9335	265	24
10704	337	24
17241	339	24
830	372	24
12936	387	24
11621	410	24
1915	415	24
12326	438	24
8270	473	24
10412	507	24
3617	516	24
16627	527	24
13379	575	24
5091	584	24
16932	2	25
9306	22	25
16761	41	25
15311	79	25
14087	80	25
8968	82	25
16569	205	26
6009	207	26
887	247	26
4973	265	26
17180	387	26
8768	410	26
7269	415	26
16200	438	26
8473	473	26
12196	507	26
3131	516	26
13186	527	26
10767	575	26
2604	584	26
17955	383	27
15395	535	27
17370	539	27
16466	100	28
16444	209	28
18344	549	29
18298	464	41
3179	497	41
10963	515	41
8908	24	42
2818	26	42
16976	64	42
9160	83	42
11559	337	42
17360	339	42
9528	372	42
16687	387	42
4809	438	42
6234	507	42
12311	516	42
939	527	42
10492	575	42
13806	584	42
3877	21	43
17738	99	44
18326	535	57
16088	550	57
18067	138	59
14900	347	60
18382	431	60
4042	466	60
5428	489	60
15824	568	60
11413	6	61
2417	37	61
5364	62	61
2759	159	61
18253	172	61
3973	197	61
9727	204	61
16029	215	61
11646	338	61
5518	412	61
4983	417	61
8459	460	61
4322	496	61
14270	534	61
5353	558	61
2469	6	62
11216	37	62
16377	61	62
13774	159	62
6134	172	62
9623	197	62
13011	204	62
12352	215	62
13304	287	62
8460	292	62
5280	333	62
16936	338	62
7570	412	62
17087	417	62
7653	460	62
7083	496	62
1433	534	62
4784	558	62
13317	93	63
2695	112	63
16920	161	63
15191	174	63
1543	312	63
18305	26	64
3072	42	64
17583	83	64
8609	178	64
12263	205	64
12498	207	64
4794	247	64
14757	265	64
13363	337	64
11754	339	64
1147	372	64
12570	387	64
16222	410	64
2158	415	64
8571	438	64
6575	473	64
1811	507	64
8229	516	64
17063	527	64
10613	575	64
2895	584	64
17701	129	65
8903	383	65
12477	463	65
8341	29	66
15080	361	66
5977	423	66
17447	585	66
18435	146	71
3535	423	71
18026	359	77
12715	373	77
18478	138	79
4286	208	79
14393	254	79
4366	352	79
15338	404	79
7691	448	79
17003	464	79
8389	480	79
17316	497	79
16678	501	79
11773	505	79
13699	22	80
12160	25	80
1226	79	80
16325	82	80
11258	185	80
3524	254	80
4530	404	80
17468	448	80
9790	464	80
7654	54	81
13515	139	81
16334	550	81
1923	2	82
15259	22	82
6050	25	82
7073	41	82
2534	79	82
8031	80	82
16083	138	82
16548	208	82
8171	254	82
7497	352	82
11067	404	82
10419	448	82
12586	464	82
5306	480	82
9933	497	82
7664	501	82
5149	505	82
6545	15	83
6659	24	83
17944	26	83
10411	42	83
10630	64	83
7439	178	83
9604	205	83
9056	207	83
10247	247	83
1186	265	83
17775	410	83
10551	415	83
10220	438	83
11793	473	83
10256	507	83
11699	516	83
11228	527	83
9614	575	83
6250	584	83
2771	29	84
14942	88	84
16467	116	84
16473	226	84
14916	549	84
17271	34	85
11460	226	85
8617	274	85
13211	289	85
10178	414	85
17639	104	90
13388	357	90
13428	136	91
888	149	91
16363	340	92
3713	393	92
15917	415	92
14842	490	92
18313	341	94
8285	408	94
11037	414	94
13701	17	95
16296	130	95
13708	142	95
4785	150	95
1850	356	95
5652	445	95
3122	572	95
11418	576	95
3184	160	96
2227	201	96
3967	411	96
14589	439	96
5337	453	96
5098	529	96
8591	542	96
2971	557	96
10812	202	97
13732	206	97
7193	269	97
17705	470	97
3346	9	98
17749	588	99
5013	28	100
17265	269	100
17772	373	101
16906	30	102
10401	184	102
2150	245	102
10437	304	102
14943	3	103
16685	90	104
5913	357	104
12063	358	104
14073	430	105
12468	547	105
13977	173	106
14623	40	107
16188	50	107
4502	70	107
17135	128	107
16579	370	107
11916	579	107
15742	344	109
13926	284	110
17107	503	110
11117	209	111
15979	63	112
14944	93	112
5281	309	112
9461	312	112
8477	452	112
6002	523	112
18432	68	114
17299	135	114
17565	144	114
14184	177	114
1308	214	114
4646	277	114
8051	362	114
13890	424	114
8568	465	114
10367	479	114
13733	173	115
3259	276	115
5464	84	116
8941	239	116
11775	391	116
15293	529	116
13625	549	116
3100	573	116
12566	19	117
5711	155	117
10309	153	118
10095	200	118
14142	306	118
17206	484	118
16144	50	119
11417	70	119
14585	146	119
9819	284	120
10129	503	120
17313	132	121
13815	174	121
2133	209	121
6687	229	121
12027	426	121
3635	476	121
8456	521	121
11528	231	122
1122	289	122
13280	53	123
2239	66	123
14679	134	123
17239	233	123
16122	256	123
5507	267	123
18409	403	123
9118	437	123
17553	303	124
8234	366	124
5768	414	124
11852	457	124
9400	491	124
10029	573	124
17513	370	128
16077	529	128
12592	65	129
17782	329	129
10980	463	129
16004	504	129
11953	512	129
9799	17	130
3025	95	130
18434	126	134
7388	191	134
16319	239	134
5622	354	134
8687	397	134
1232	68	135
12777	72	135
7312	114	135
17927	144	135
2142	177	135
4539	214	135
11458	277	135
4893	362	135
3390	424	135
857	465	135
3108	479	135
5543	548	135
15959	91	136
18414	82	138
8493	86	138
5983	254	138
18422	448	138
13422	464	138
1623	480	138
18037	497	138
8753	16	139
11231	57	139
2543	81	139
8146	151	139
6821	170	139
6133	181	139
17776	266	139
4461	447	139
3769	550	139
13381	553	139
8520	307	140
7223	357	140
3869	379	140
18472	52	141
13784	141	141
15832	95	142
17769	119	146
15756	368	146
15739	180	147
11890	270	147
8590	346	147
17778	392	147
9375	514	147
2487	39	148
12451	537	148
3172	573	148
8552	91	149
17328	130	150
17840	142	150
16097	445	150
18396	494	153
2445	52	154
6556	154	154
5392	38	155
7189	117	155
15749	184	155
15462	262	155
1071	304	155
16269	196	156
15047	8	157
11783	19	157
7455	563	157
7506	49	158
1271	51	158
17774	264	158
2674	486	158
8430	6	159
3539	14	159
11613	61	159
3095	62	159
9195	193	159
1535	197	159
11492	211	159
18057	292	159
8448	333	159
17934	338	159
2217	412	159
8119	417	159
9275	460	159
15853	472	159
4070	496	159
15310	534	159
4076	96	160
1146	298	160
4906	376	160
4248	391	160
6014	434	160
7159	36	161
2902	63	161
2597	256	161
11089	536	161
16155	137	162
12618	162	162
16320	323	162
682	133	163
3892	152	163
3634	262	163
17783	52	164
6481	164	164
17925	374	171
11758	409	171
974	427	171
14177	440	171
17575	469	171
14341	500	171
14238	522	171
14635	582	171
12485	6	172
10144	61	172
17094	62	172
14069	197	172
11045	204	172
18092	215	172
8576	282	172
17113	287	172
1610	292	172
2537	333	172
12083	338	172
5730	412	172
3726	417	172
10058	460	172
3870	496	172
1478	534	172
16545	99	173
9132	106	173
5967	115	173
1873	241	173
9494	253	173
8534	276	173
15015	331	173
15205	565	173
9008	63	174
12844	121	174
11691	224	174
9446	230	174
12320	251	174
18233	308	174
14667	341	174
15905	418	174
14279	419	174
6320	433	174
15424	509	174
16645	521	174
18345	527	178
6650	575	178
2784	584	178
17668	406	179
5323	420	179
13956	543	179
13267	147	180
18290	457	183
14587	102	184
6616	155	184
16969	400	184
14185	498	184
3277	41	185
4403	470	3
9104	138	25
10306	208	25
7662	254	25
3428	352	25
12984	404	25
2462	448	25
8899	464	25
6672	480	25
11832	497	25
5993	501	25
10762	505	25
11237	15	26
1030	24	26
10717	42	26
5399	64	26
4319	83	26
9390	178	26
7956	299	27
18275	585	29
3781	102	30
18152	152	30
17071	498	30
10876	249	31
6294	314	31
11380	370	31
7342	423	31
7270	199	32
5189	332	32
1452	393	32
8011	505	32
16706	8	33
8291	19	33
16983	197	37
2312	281	58
5023	282	61
8242	287	61
7170	292	61
4637	333	61
2117	282	62
6472	462	94
6856	540	94
8089	246	159
7632	287	159
16017	256	179
14475	312	179
7485	108	4
1773	159	14
10676	304	19
4923	322	19
4383	388	19
14620	213	43
2521	313	43
9755	341	43
4405	366	43
12756	414	43
11256	458	43
3692	481	43
16644	310	44
12345	422	44
13712	232	45
3186	263	45
17282	290	45
17861	311	45
7919	432	45
10872	492	45
2881	569	45
17722	171	46
9808	255	46
8041	278	46
13193	294	46
10993	316	46
5645	320	46
8669	374	46
13757	409	46
11361	427	46
15723	440	46
4849	469	46
3854	500	46
2345	522	46
17365	21	47
7693	222	47
9313	302	47
6688	351	47
16092	369	47
10396	378	47
3148	418	47
6922	510	47
9292	561	48
6231	51	49
6036	158	49
15441	20	50
13674	40	50
16171	158	51
17739	357	53
6569	380	53
5417	580	53
7234	81	54
14109	450	54
7803	553	54
12203	39	55
17932	139	57
8417	181	57
13080	114	68
9442	135	68
8122	177	68
14822	214	68
3402	277	68
5331	465	68
10397	479	68
3435	548	68
5333	34	69
9019	186	69
8079	274	69
12447	289	69
11443	40	70
6615	107	70
14231	119	70
15232	368	70
4793	370	70
3370	50	71
2894	186	85
2808	544	148
18145	234	183
14411	324	183
13844	385	183
2012	414	183
17250	426	183
18359	168	206
14681	570	206
8919	587	206
7172	24	207
12148	26	207
5601	64	207
11125	83	207
10189	199	207
13433	265	207
10867	337	207
3838	339	207
8545	372	207
13029	387	207
17425	507	207
6961	516	207
10804	527	207
10198	532	207
13404	575	207
11030	584	207
7766	22	208
18353	25	208
11009	79	208
1962	82	208
1216	254	208
4167	404	208
13528	448	208
3161	464	208
8565	497	208
7767	28	209
7565	111	209
3861	121	209
6930	187	209
7361	213	209
9615	330	209
1775	59	210
8209	237	210
14493	193	211
18270	318	212
15110	552	212
5815	454	4
12156	370	5
4674	435	5
11908	524	5
5275	37	6
9595	61	6
2118	62	6
16667	159	6
14986	338	6
15625	412	6
15716	417	6
7946	460	6
3120	496	6
9729	534	6
16045	303	7
13850	414	7
5089	462	7
15833	19	8
9809	33	8
2830	157	8
17160	98	9
15307	126	9
7663	219	9
16274	529	9
12456	143	10
14763	439	10
14672	582	46
17238	66	55
16022	233	55
10455	285	55
11635	377	55
4695	544	55
7109	109	56
6652	210	59
14946	55	66
14919	123	66
1565	135	72
9669	177	72
11752	424	72
9366	479	72
13018	88	73
4835	216	73
12975	394	73
14195	537	73
13779	585	73
10055	450	74
14253	517	74
602	540	74
14993	321	75
12248	425	77
11949	499	77
6132	519	77
14934	533	77
15861	546	77
12022	581	77
15360	238	78
9779	518	78
10851	571	78
5295	2	79
1539	22	79
2889	25	79
3243	41	79
17225	80	79
4143	82	79
18282	555	93
4551	557	93
7921	586	93
16791	22	138
3604	25	138
16538	79	138
12924	404	138
9016	384	149
7777	562	149
17376	566	174
4580	276	175
16513	443	176
15974	135	177
14352	144	177
15156	424	177
16356	24	178
14619	26	178
17658	372	178
4484	387	178
6649	438	178
13631	507	178
1748	516	178
8401	438	207
18448	28	213
1779	43	213
9283	209	213
3585	418	213
6742	451	213
16024	476	213
17672	23	214
2593	68	214
18447	432	290
4606	475	290
5039	492	290
8761	569	290
18342	350	293
10324	474	293
12473	560	293
3068	46	294
3038	171	294
1252	203	294
11394	255	294
13386	278	294
3863	316	294
1874	320	294
16828	440	294
2742	467	294
3430	468	294
2917	469	294
2280	522	294
13498	77	296
12419	101	296
17488	519	296
1421	533	296
5582	546	296
9069	581	296
3970	143	297
10894	518	297
10578	571	297
3636	160	298
13400	285	298
12978	390	298
17867	27	299
6135	349	299
11055	214	300
7836	465	300
12460	4	301
16621	439	301
3017	449	301
1852	454	301
7986	21	302
10689	47	302
16384	222	302
6025	351	302
11427	369	302
3043	378	302
9602	418	302
3250	510	302
700	7	303
14777	94	303
12913	124	303
13820	202	303
1108	226	303
18115	228	303
15658	414	303
5224	462	303
14463	470	303
15003	491	303
16261	19	304
12605	155	304
12443	184	304
16604	245	304
7817	400	304
1328	414	304
17551	498	304
15535	560	304
12354	52	305
16000	305	305
16991	118	306
10708	291	306
16063	484	306
11094	225	307
914	357	307
13556	430	307
875	513	307
10845	174	308
5347	341	308
18074	378	308
7948	419	308
18097	555	308
14296	250	309
14967	367	309
16066	452	309
10212	523	309
17564	586	309
5009	44	310
17809	280	311
10153	290	311
7070	432	311
730	492	311
18296	567	321
1909	19	322
4396	428	322
3853	162	323
18425	356	328
10842	520	328
16485	187	330
11954	209	330
13122	551	330
7153	560	330
16461	32	332
2693	199	332
10002	393	332
2758	395	332
17796	505	332
11260	6	333
9748	37	333
734	61	333
10036	62	333
7490	159	333
15461	338	333
16657	412	333
15056	417	333
1388	460	333
10955	496	333
12259	534	333
18228	417	338
6541	460	338
18105	496	338
4513	534	338
17036	558	338
10051	15	339
15713	24	339
8487	26	339
2647	42	339
17051	64	339
15575	83	339
12585	205	339
11529	207	339
17714	247	339
2714	265	339
17093	337	339
1102	372	339
2708	387	339
7990	410	339
878	415	339
17798	438	339
681	473	339
18051	507	339
15266	516	339
2314	527	339
8752	575	339
18366	584	339
4088	92	340
14700	252	340
15952	393	340
1672	415	340
17941	43	341
13858	378	341
1546	400	341
15894	419	341
16591	433	341
1373	481	341
5754	509	341
11044	521	341
15928	555	341
14718	566	341
5248	20	342
17640	50	342
3684	236	342
10995	435	342
16564	585	342
6534	233	343
7838	285	343
13399	376	343
9859	389	343
3083	109	344
14168	76	345
6208	258	345
1860	399	345
4881	538	345
12094	147	346
14361	270	346
14191	422	346
8370	60	347
11320	226	347
16693	383	349
12654	504	349
5663	535	349
9066	187	350
2745	293	350
8812	560	350
16121	47	351
13470	222	351
640	302	351
4930	369	351
14027	378	351
14234	418	351
8223	510	351
12748	185	352
10080	244	352
18392	207	438
5336	247	438
9925	265	438
13713	339	438
11886	372	438
5451	387	438
9326	410	438
2901	415	438
18226	473	438
12367	507	438
11500	516	438
9942	527	438
17151	575	438
13870	584	438
8236	10	439
15615	93	439
16814	96	439
1921	143	439
1238	238	439
10529	301	439
18381	454	439
15128	571	439
16637	46	440
4376	171	440
14833	255	440
7063	278	440
8461	294	440
8201	316	440
12136	320	440
15660	374	440
12878	409	440
14987	427	440
6805	469	440
13752	500	440
15656	522	440
18375	558	477
11327	231	478
17543	114	479
9656	135	479
16109	144	479
13605	177	479
14653	424	479
18220	22	480
5528	25	480
18242	158	486
14153	443	486
10466	3	487
18347	92	490
14694	207	490
17523	45	492
3569	232	492
12627	263	492
11266	280	492
1064	290	492
2415	311	492
3445	432	492
18263	120	503
14836	284	503
6896	318	503
7793	399	503
18439	416	532
2112	490	532
6079	77	533
7103	101	533
7928	275	533
6865	296	533
17418	325	533
3496	499	533
11255	546	533
18139	6	534
5443	37	534
7604	61	534
11570	62	534
3959	159	534
12204	333	534
13572	338	534
13867	412	534
5276	417	534
10847	460	534
1196	496	534
17868	27	535
15477	57	535
7136	349	535
995	463	535
15810	467	535
8288	161	536
17630	182	536
17287	313	536
7725	367	536
17169	73	537
4759	148	537
16702	291	537
10794	258	538
7816	284	538
8766	345	538
17227	263	539
18318	29	544
6026	39	544
8034	55	544
648	148	544
12922	525	544
10201	543	544
7409	556	544
14998	577	544
15691	374	545
10597	381	545
13447	500	545
16594	77	546
4226	101	546
15641	275	546
8806	296	546
3924	325	546
15065	359	546
16654	373	546
6948	425	546
17465	499	546
15066	519	546
3972	533	546
15896	581	546
15684	105	547
17831	84	549
1283	88	549
4028	116	549
17801	57	550
1288	81	550
8880	139	550
1270	151	550
15537	181	550
11118	266	550
9290	447	550
12104	553	550
11039	21	551
16840	170	553
9810	550	553
9248	242	554
13916	279	554
18307	93	555
17356	224	555
10650	230	555
7398	308	555
11608	341	555
4686	419	555
3472	433	555
10979	521	555
15384	560	555
4540	566	555
7150	227	556
15339	285	556
3092	434	556
8898	491	556
5591	543	556
10157	544	556
15432	93	557
1947	96	557
6480	196	557
3653	429	557
10970	586	557
14266	338	558
15541	355	558
18436	279	559
16426	427	559
17382	187	560
4104	293	560
11391	304	560
10158	330	560
11362	350	560
8546	555	560
11360	1	561
6137	48	561
15285	232	561
4471	263	561
17847	483	561
3806	492	561
12164	569	561
10552	149	562
16316	384	562
1112	19	563
17570	157	563
9858	67	564
9514	125	564
3360	192	564
12492	195	564
17397	230	566
18223	341	566
13604	378	566
833	420	566
7628	433	566
5564	555	566
15346	272	567
4013	321	567
18309	587	570
9756	10	571
17179	78	571
17012	297	571
14631	367	571
14418	580	571
12781	130	572
10290	150	572
16306	364	572
6917	445	572
13392	576	572
2124	11	573
11469	116	573
6898	124	573
11728	148	573
2680	390	573
3848	391	573
10827	457	573
8871	214	574
4515	465	574
11368	15	575
14406	24	575
15510	26	575
17654	42	575
8944	64	575
5629	83	575
2622	178	575
4291	205	575
8937	207	575
16310	247	575
11132	265	575
16576	337	575
15071	339	575
18054	372	575
16984	387	575
3191	410	575
4771	415	575
6395	438	575
18380	473	575
17336	507	575
15534	516	575
9473	527	575
12763	584	575
18186	17	576
12157	95	576
1133	130	576
17711	356	576
10654	445	576
8813	525	577
4365	544	577
3195	182	578
9107	454	578
8252	456	578
10447	50	579
5589	107	579
10878	220	580
10981	571	580
17277	77	581
11777	101	581
17909	275	581
12258	296	581
12870	325	581
13347	359	581
11838	373	581
11387	499	581
9165	519	581
17646	320	582
8140	440	582
9329	469	582
8521	522	582
7272	221	583
14705	459	583
2874	482	583
13939	15	584
15275	24	584
6442	26	584
6438	42	584
5752	64	584
12412	83	584
3597	178	584
10175	205	584
6181	207	584
5322	247	584
11222	265	584
6361	337	584
9381	339	584
5069	372	584
17735	387	584
12069	410	584
4666	415	584
7399	438	584
12474	473	584
16952	507	584
5631	516	584
6301	527	584
13393	575	584
15543	20	585
12479	29	585
4710	66	585
9633	73	585
9555	88	585
3055	236	585
13551	394	585
11012	437	585
17816	63	586
4827	93	586
3595	309	586
5765	452	586
9716	557	586
18134	202	587
10120	206	587
14011	470	587
8796	488	587
1044	570	587
18079	99	588
9931	388	30
5317	446	30
2028	12	116
6336	165	116
7411	304	184
10292	80	185
1500	244	185
18269	382	185
3163	517	185
17715	12	186
15889	34	186
11856	69	186
10346	85	186
13591	88	186
15851	216	186
7414	226	186
13686	506	186
17684	333	292
17500	412	292
14791	417	292
11596	460	292
6594	496	292
11633	534	292
7688	38	293
10978	441	298
1510	453	298
2502	102	304
8060	369	309
15388	422	323
8483	201	324
4031	414	324
9465	426	324
12520	77	325
7282	101	325
12434	99	331
1209	173	331
18376	491	414
10656	24	415
8986	26	415
7720	64	415
10010	83	415
9653	92	415
4974	205	415
12103	217	415
4609	259	415
9155	265	415
12942	337	415
17074	339	415
3451	340	415
16533	372	415
3478	387	415
17480	438	415
4736	444	415
11340	507	415
2266	516	415
1326	527	415
13397	530	415
14687	575	415
10025	584	415
17383	210	416
12868	393	416
11597	532	416
17853	6	417
5415	37	417
4135	61	417
3812	62	417
17129	159	417
16686	460	417
7947	496	417
12846	534	417
17393	112	418
6024	174	418
2413	213	418
13206	351	418
17089	406	420
4801	429	420
11456	451	420
3879	474	420
17116	323	422
8689	346	422
17042	31	423
12648	50	423
5837	71	423
6792	51	424
14323	68	424
10926	72	424
4633	114	424
15430	135	424
15077	144	424
13103	177	424
17997	359	425
4982	373	425
11947	499	425
1861	519	425
15294	546	425
14003	9	426
15061	183	426
3193	324	426
11873	46	427
7528	171	427
17435	559	427
925	19	428
16180	322	428
15943	51	479
8729	68	479
5049	72	479
15357	200	494
1760	317	494
17648	9	495
16711	179	495
13391	250	495
5453	256	495
10774	312	495
4894	426	495
7961	6	496
11151	37	496
15885	61	496
7197	62	496
18066	159	496
13387	333	496
12925	534	496
18230	2	497
13718	22	497
11162	25	497
15884	41	497
1398	79	497
1461	80	497
12450	82	497
5766	138	497
10009	208	497
2507	254	497
12816	404	497
14093	448	497
14376	464	497
7297	480	497
18204	30	498
2511	184	498
2342	245	498
17751	304	498
8162	77	499
7142	101	499
8067	275	499
16357	296	499
15811	325	499
6038	359	499
18009	373	499
7464	425	499
726	519	499
15057	533	499
17226	46	500
8219	145	500
2941	171	500
15737	278	500
8450	316	500
6658	320	500
16279	469	500
10641	522	500
10707	545	500
18390	452	510
13729	41	515
3485	126	515
5777	237	515
6944	15	516
15553	24	516
7005	26	516
9990	42	516
6501	64	516
11357	83	516
17894	374	522
8822	409	522
2768	427	522
4971	440	522
9632	469	522
16708	500	522
18189	247	527
6378	339	527
16182	372	527
10647	387	527
8681	410	527
2120	415	527
12795	438	527
17712	473	527
13630	507	527
14461	516	527
3146	575	527
6031	584	527
15145	395	528
10790	9	529
16277	96	529
16214	98	529
6536	116	529
17436	128	529
14353	165	529
3502	201	529
15956	219	529
13978	390	529
7900	426	529
7248	432	539
3956	492	539
16446	102	551
3685	187	551
14839	330	551
9861	212	552
6398	452	555
2740	509	555
16714	515	2
2460	96	3
2575	202	3
18219	261	20
6533	585	20
2320	79	22
10405	339	26
7818	372	26
9196	165	28
9932	213	28
3033	269	28
6093	446	28
7883	66	29
11133	226	29
962	497	80
15455	387	83
15859	66	84
14477	13	99
14108	44	99
9209	106	99
8789	113	99
3385	115	99
2878	173	99
2201	241	99
12328	253	99
14173	331	99
4203	407	99
4808	565	99
7658	77	101
16694	325	101
3097	359	101
916	425	101
14837	499	101
12824	519	101
7048	533	101
10227	546	101
4122	581	101
14230	551	102
13324	319	103
5665	365	103
11712	99	106
7914	121	111
6104	132	111
4562	152	111
15953	262	111
6432	99	115
15647	531	185
3839	501	208
9880	239	210
2092	257	210
6288	416	210
3341	159	211
9972	300	214
2688	465	214
6980	574	214
11842	14	215
8038	172	215
12265	193	215
3566	204	215
6167	246	215
14244	472	215
4874	12	216
17667	88	216
5742	186	216
15718	273	216
2348	289	216
11801	415	217
7724	12	218
14823	34	218
13053	274	218
2214	9	219
17734	251	224
7856	341	224
16386	378	224
16869	433	224
18004	509	224
6476	555	224
2733	191	225
15753	240	225
16459	29	226
16590	186	226
14290	228	226
13020	274	226
7424	303	226
2190	347	226
17272	544	227
7687	556	227
14436	7	228
10761	561	1
11682	41	2
2915	473	15
1350	404	22
10568	256	29
991	361	29
742	377	29
8158	544	29
15282	117	30
15524	245	33
13505	247	33
2265	283	33
2135	505	85
18405	426	111
7394	474	111
15519	36	112
4944	121	112
15590	137	113
1997	30	117
18395	239	131
11225	275	131
15898	315	131
13107	365	131
5650	425	131
17339	378	132
16878	163	133
14162	18	142
3265	364	150
5032	542	150
2686	572	150
4401	576	150
15539	390	160
13234	411	160
13660	88	161
12249	354	161
4227	437	161
7457	476	161
17965	549	186
13912	209	187
1187	330	187
17048	350	187
14547	551	187
14720	429	188
7972	451	188
5585	481	188
3603	52	189
9419	189	189
9911	18	190
16915	313	191
5302	366	191
13584	564	192
14901	14	193
9746	159	193
17531	169	193
10787	211	193
11724	215	193
10698	485	193
15733	564	195
2781	124	196
16521	156	196
13861	389	196
11365	411	196
11461	542	196
4823	557	196
9224	6	197
14211	460	197
11466	496	197
11336	534	197
17119	77	198
4853	101	198
1728	275	198
14478	296	198
11134	499	198
1473	546	198
15887	32	199
17230	473	207
11028	490	207
15379	69	216
11631	259	217
11800	226	228
14630	303	228
10576	491	228
2229	543	228
10789	55	229
17526	111	229
6598	121	229
5159	132	229
12572	251	229
3086	406	229
13826	420	229
15945	341	230
16934	378	230
16120	521	230
701	555	230
3149	566	230
9772	122	231
17353	478	231
16707	569	232
2451	39	233
3337	55	233
5949	123	233
12649	256	233
16633	267	233
9296	343	233
9073	376	233
4087	389	233
5860	406	233
12881	544	233
644	11	234
12662	390	234
17222	491	234
16967	342	236
15871	210	237
3247	515	237
1654	78	238
6461	402	238
15595	439	238
10805	454	238
10261	210	239
8970	267	240
7125	379	240
5099	437	240
16519	97	19
7250	382	80
12635	532	92
5782	63	93
9385	112	93
13776	378	93
9072	429	93
8819	439	93
17246	452	93
16695	580	121
7907	397	123
16064	549	123
8744	150	130
11191	364	142
13685	468	142
12230	520	142
16767	526	142
5315	10	143
4895	297	143
3586	439	143
12817	571	143
6587	580	143
12940	135	144
14579	177	144
8485	424	144
2882	479	144
6407	540	144
4800	374	145
16722	500	145
15469	50	146
16119	71	146
14794	233	148
8791	269	149
17954	376	156
3408	411	156
9136	557	156
18291	313	250
6112	341	250
7105	174	251
7729	224	251
17185	229	251
17549	420	251
13492	92	252
4848	259	252
2659	340	252
15138	393	252
2557	490	252
1455	530	252
5015	99	253
7108	173	253
2841	2	254
14146	22	254
10947	25	254
15911	82	254
2750	138	254
11038	208	254
8077	404	254
6307	448	254
14160	464	254
4289	480	254
1402	497	254
14106	505	254
5590	46	255
14310	171	255
2205	203	255
4720	278	255
14476	294	255
5550	316	255
15402	320	255
943	440	255
14122	469	255
10499	522	255
8746	29	256
14389	179	256
16846	233	256
10567	361	256
16229	403	256
11185	495	256
6500	59	257
11686	210	257
11293	76	258
2003	345	258
1572	399	258
2730	538	258
9915	552	258
17859	432	263
9281	492	263
8952	539	263
1466	561	263
14026	569	263
5712	158	264
3196	24	265
6815	26	265
5945	64	265
15652	83	265
16329	372	265
6631	387	265
10030	410	265
13042	473	265
2233	507	265
4374	516	265
2926	527	265
14539	139	266
17877	550	266
3612	36	267
7835	66	267
2322	161	267
16448	233	267
9169	240	267
18156	425	274
11647	481	274
18289	137	288
11914	323	288
9543	422	288
16876	85	289
3663	122	289
3468	359	3
13218	373	3
11403	519	3
1749	357	5
14920	172	6
4161	197	6
7935	292	6
12331	333	6
3938	405	16
14586	142	18
14654	30	21
6425	213	21
4187	21	30
17983	226	34
6636	287	37
6989	292	37
2775	333	37
13745	355	37
14485	412	37
9188	417	37
3594	460	37
7571	485	37
6388	496	37
728	534	37
1938	132	38
12371	155	38
12247	293	38
14454	474	38
1872	560	38
13406	525	39
16852	385	40
7249	2	41
7704	59	80
14354	372	83
10619	239	84
3052	35	142
16285	219	179
17004	578	182
12309	532	186
18262	169	211
4445	477	211
4622	485	211
1298	21	213
4462	123	256
5799	575	265
3166	584	265
5000	403	267
15787	418	267
17982	355	268
8559	442	268
4722	485	268
17886	152	269
6479	202	269
16720	470	269
5608	481	269
1718	562	269
11957	147	270
9862	180	270
13526	318	270
16387	346	270
16206	216	273
6604	437	273
12046	585	273
6747	7	274
16165	555	293
6549	416	295
6468	490	295
5948	532	295
10516	198	296
13221	219	296
8547	540	296
18252	363	297
17842	9	312
1517	53	312
3091	63	312
1690	161	312
2959	179	312
14358	476	312
14409	495	312
4852	191	313
8741	250	313
6321	363	313
14956	368	313
12821	508	313
1159	536	313
2824	31	314
15797	582	316
12687	153	317
16482	284	318
6668	346	318
7671	348	318
750	503	318
11218	552	318
4371	3	319
9105	103	319
17784	46	320
2811	171	320
9853	255	320
10391	278	320
5705	294	320
8393	316	320
9130	374	320
9448	409	320
10852	427	320
702	440	320
13523	469	320
11833	500	320
9374	522	320
2359	582	320
17434	75	321
8035	398	321
14520	8	322
12820	117	322
17338	327	327
7480	318	346
14879	406	347
16593	318	348
7973	552	348
4901	299	349
16909	531	352
13059	52	353
15210	353	353
15316	188	354
10421	312	354
14487	576	356
1616	5	357
18235	7	414
4413	124	414
10752	324	414
1278	400	414
2669	458	414
3754	337	438
17015	582	440
8256	285	441
4778	298	441
17586	390	441
3296	391	441
15371	485	442
9891	558	442
18200	74	450
17880	541	450
14854	14	451
16211	188	451
15070	213	451
13750	389	451
6016	420	451
2728	79	480
14140	82	480
8758	126	480
4819	254	480
1489	352	480
6894	404	480
13506	448	480
17142	464	480
8257	497	480
13563	501	480
17596	43	481
10553	188	481
13906	226	481
1072	269	481
6544	274	481
9264	429	481
16962	561	483
5920	118	484
11677	231	484
3673	291	484
15542	306	484
9591	360	484
5531	37	485
17098	193	485
2533	211	485
2842	268	485
12894	442	485
15324	477	485
17269	165	487
1679	126	488
8344	202	488
1293	470	488
16965	570	488
955	587	488
1396	60	489
17020	252	490
12129	295	490
1886	532	490
8566	124	491
6574	228	491
1180	234	491
11779	303	491
15599	556	491
12088	63	495
13975	112	495
5963	172	496
4531	197	496
4372	287	496
10272	292	496
3387	198	499
16151	219	499
17025	540	499
4985	546	499
12026	581	499
9687	427	500
9238	440	500
14652	138	501
11233	208	501
2509	413	501
3230	480	501
1160	284	502
11548	110	503
1976	129	504
8538	329	504
9764	349	504
9618	467	504
6149	511	504
1566	22	505
1602	25	505
14252	32	505
14519	79	505
8374	82	505
17680	85	505
5216	117	505
15711	199	505
10326	244	505
2267	254	505
12086	332	505
12149	404	505
10173	410	505
10715	448	505
16574	464	505
1130	497	505
17612	88	506
9170	186	506
16768	15	507
12061	24	507
17361	26	507
16727	42	507
6963	64	507
5236	83	507
4527	178	516
17522	15	527
2209	24	527
10250	26	527
12775	42	527
15937	64	527
12082	83	527
10135	178	527
3689	265	527
4091	337	527
7031	87	533
15576	554	539
7171	569	539
9462	74	540
13698	77	540
15589	94	540
15507	101	540
3678	144	540
3881	296	540
6700	359	540
14188	373	540
14507	499	540
5050	519	540
7032	546	540
10236	581	540
8624	181	541
5277	450	541
15899	411	542
11005	445	542
9179	453	542
7029	572	542
15244	540	546
16125	123	549
2244	186	549
9044	457	551
17090	258	552
9896	348	552
1930	54	553
676	139	553
2705	453	554
14844	539	554
2139	293	555
17291	269	562
17041	388	563
9432	428	563
16240	99	565
8371	173	565
9706	174	566
7365	398	567
5126	60	568
15042	492	569
16671	539	569
9525	561	569
7281	439	571
11309	542	572
2033	150	576
16816	540	581
2921	546	581
11704	46	582
8894	171	582
8303	278	582
3269	316	582
1615	39	585
14274	161	585
3803	273	585
5729	342	585
14174	371	585
6642	396	585
11423	435	585
9388	300	23
18349	216	49
14807	177	51
16611	479	51
7686	52	52
15185	141	52
12956	154	52
6712	162	52
8189	164	52
14785	189	52
6901	248	52
14284	260	52
7499	327	52
8127	353	52
9323	375	52
12879	471	52
3322	123	53
17887	312	53
9730	229	55
17599	144	57
18460	298	58
7049	80	59
15219	257	59
16973	382	59
5418	127	60
17558	98	63
6191	256	63
7566	84	66
9176	403	66
1496	109	67
16610	216	69
12173	68	72
18015	548	72
17895	273	73
1542	386	75
2651	258	76
7251	345	76
3470	101	77
15296	198	77
14071	219	77
1617	540	77
14712	506	85
1007	138	86
13973	413	86
6304	275	87
12330	315	87
14682	425	87
11223	533	87
8825	34	88
6090	73	88
3258	84	88
2437	161	88
10388	186	88
9214	506	88
11141	357	89
7785	380	89
16451	435	89
17779	103	96
17540	19	97
11560	63	98
3391	354	98
3205	276	99
16056	198	101
6713	219	101
8671	540	101
3316	458	102
16749	96	103
6291	408	103
5691	446	103
8989	57	144
12695	381	145
6244	542	156
1699	196	187
7655	262	214
3768	79	254
6531	80	254
3407	63	256
12281	398	269
11668	567	269
14523	58	298
2235	23	300
1952	574	300
1413	509	309
956	437	354
5127	37	355
11945	268	355
9530	558	355
11611	17	356
7875	95	356
1719	130	356
9577	328	356
18205	103	408
4351	274	408
11657	462	408
13184	46	409
11679	171	409
1450	278	409
17852	316	409
6343	320	409
16380	440	409
4656	469	409
18149	584	410
17710	37	412
10875	61	412
1234	62	412
5900	159	412
15278	172	412
7116	197	412
17616	287	412
11314	292	412
4774	333	412
15264	460	412
921	496	412
1848	534	412
17918	86	413
8198	138	413
10235	244	413
4039	501	413
9634	517	413
6428	304	414
15176	172	417
692	197	417
15409	287	417
4747	292	417
2263	333	417
11243	121	418
7521	267	418
13464	308	419
7888	555	419
15035	229	420
14237	481	420
7517	566	420
13172	166	421
12640	194	421
12231	461	421
13694	44	422
14074	180	422
11781	243	422
5717	288	422
9895	368	423
9686	479	424
6822	77	425
4283	87	425
14367	101	425
1152	131	425
2423	274	425
1928	296	425
16676	315	425
7619	111	426
3439	121	426
7236	174	426
10461	201	426
5118	495	426
8720	278	427
7750	316	427
1838	320	427
2972	381	427
1046	440	427
10914	469	427
6272	500	427
7937	522	427
15099	491	428
9226	563	428
3969	93	429
14784	188	429
15772	207	527
18090	152	529
16479	217	530
17174	186	532
12744	199	532
8378	207	532
6773	295	532
6235	27	539
1451	269	567
13816	360	5
4192	287	6
13518	322	8
14046	312	9
14941	388	63
11553	418	63
15622	437	63
2245	495	63
1221	586	63
9163	15	64
7334	24	64
12862	277	72
5946	362	72
14262	437	73
13359	274	77
12428	275	77
7892	296	77
10669	325	77
6110	85	84
8973	84	85
15299	97	94
9871	234	94
3944	303	94
4108	94	97
14707	274	101
7220	275	101
5579	296	101
11881	49	142
10749	409	145
17953	263	158
10941	394	158
17600	432	158
16305	492	158
2472	569	158
18261	441	160
2710	542	160
9007	240	161
9855	267	161
4008	312	161
17832	585	161
16411	28	165
10204	219	165
4860	406	165
1920	487	165
4652	37	172
10099	472	172
14747	558	172
4463	426	174
4528	586	174
15596	51	177
708	68	177
6207	72	177
12523	114	177
9166	362	177
5272	479	177
15450	15	178
16789	42	178
8056	64	178
10488	83	178
14746	337	178
8064	339	178
11654	473	178
18041	245	187
1578	369	187
18284	218	246
15251	472	246
8921	33	247
4661	41	247
16916	372	247
10711	387	247
3568	416	247
12510	438	247
11296	474	247
6723	507	247
8443	516	247
6787	527	247
6329	575	247
10449	584	247
17696	52	248
15197	248	248
7851	31	249
13288	43	250
17807	309	250
1109	312	250
13479	339	265
15949	515	268
8175	558	268
4503	28	269
15463	100	269
15651	552	270
11076	357	271
3312	380	271
9194	436	272
7915	20	273
15373	77	274
14422	85	274
15018	101	274
18138	296	274
14699	408	274
18288	546	274
15253	77	275
16751	87	275
11545	101	275
9999	499	275
8647	533	275
12056	546	275
18030	441	281
14016	34	282
12359	172	282
15124	204	282
13902	338	282
11935	558	282
1704	7	283
14075	33	283
17037	168	283
5713	202	283
15102	462	283
6333	470	283
4935	110	284
5536	120	284
4611	318	284
10252	503	284
13768	538	284
7834	11	285
13035	55	285
3917	160	285
14907	227	285
11395	298	285
8382	343	285
7741	385	285
18238	292	287
7256	333	287
12122	412	287
18198	417	287
16445	460	287
2762	496	287
13300	534	287
10923	274	296
8437	275	296
604	325	296
6756	359	296
6937	373	296
8021	425	296
744	259	340
14972	530	340
11489	230	341
6809	145	409
15798	374	409
4991	381	409
17300	500	409
4768	522	409
13247	545	409
8638	559	409
14852	14	410
12813	24	410
15565	26	410
11798	64	410
16589	83	410
12283	337	410
13894	339	410
13527	372	410
12131	387	410
7743	395	410
6109	438	410
14651	446	410
10430	505	410
16284	507	410
3037	516	410
3720	527	410
2618	575	410
8887	96	411
7267	417	412
990	412	417
15796	63	418
11343	93	419
2569	459	421
5519	362	424
18017	373	429
12139	385	429
7287	420	429
5476	481	429
5260	519	429
15152	557	429
10836	105	430
14395	140	430
16820	263	432
11370	311	432
16927	492	432
8070	539	432
1258	561	432
10107	569	432
11379	224	433
9240	378	433
7906	555	433
6082	566	433
8121	201	434
17724	161	437
15352	354	437
12845	24	438
7829	26	438
16901	42	438
986	64	438
3825	83	438
14222	178	438
1735	504	511
9786	129	512
11830	392	514
10829	2	515
9200	268	515
7196	319	529
16537	340	530
980	415	530
10044	444	530
12355	185	531
5420	244	531
16170	335	531
1772	352	531
12244	517	531
1889	92	532
7351	172	534
4370	197	534
1557	287	534
8471	292	534
15882	409	559
1720	432	561
13864	202	570
1876	206	570
930	143	571
15465	247	2
6806	385	2
8097	228	7
12037	274	7
12199	283	7
889	424	68
10904	517	84
12486	58	95
17290	95	167
825	130	167
6804	150	167
15298	328	167
6363	356	167
3715	445	167
8176	520	167
10052	572	167
6938	576	167
16994	193	169
1054	211	169
11787	218	169
12021	46	171
5666	255	171
14048	278	171
8204	294	171
1231	316	171
2687	320	171
16960	561	181
6589	309	182
12060	313	182
17800	322	184
9894	222	187
16428	315	210
15218	49	216
3989	381	216
2443	530	217
7683	51	218
2910	88	218
17649	169	218
7821	186	218
16775	179	219
11245	201	219
10119	296	219
9391	312	219
15425	499	219
5232	529	219
1980	546	219
16506	36	220
13203	34	226
6239	84	226
7939	131	226
4514	201	229
11444	484	231
10130	493	231
11392	158	232
10229	263	232
2794	311	232
11532	432	232
9986	492	232
6478	539	232
2275	561	232
9503	148	233
6179	94	234
4693	183	234
1995	400	234
11997	435	236
2517	437	236
1802	585	236
5339	41	237
10901	257	237
684	2	247
6583	24	247
4045	26	247
9677	420	252
9394	237	257
8690	430	271
7512	398	272
11143	99	276
16540	115	276
17064	173	276
10873	175	276
1018	305	276
10078	323	276
14044	327	276
9404	68	277
2600	72	277
2176	46	278
15097	171	278
12542	255	278
6537	294	278
2590	316	278
3943	320	278
2863	374	278
10877	409	278
13702	427	278
10493	440	278
8765	469	278
16110	522	278
13137	582	278
10985	242	279
6608	381	279
1987	554	279
14424	559	279
15019	315	283
1408	365	283
2307	184	322
6761	17	328
14065	167	328
6705	576	328
8148	129	329
8956	33	330
881	245	330
17822	104	357
2371	105	357
17254	429	359
14881	499	359
5172	519	359
14730	540	359
11389	546	359
16864	29	361
14890	111	361
12734	377	361
16941	403	361
17347	72	362
12671	114	362
14953	135	362
16682	177	362
11966	424	362
9705	479	362
9340	297	363
2900	313	363
12730	18	364
14886	35	364
17424	150	364
7516	445	364
8376	468	364
10092	572	364
14658	3	365
14721	283	365
15819	315	365
14172	124	366
14458	191	366
18083	250	367
9058	309	367
4841	357	367
6873	454	367
8859	536	367
17146	70	368
3562	146	368
11438	313	368
8686	423	368
7077	21	369
9743	47	369
15505	187	369
6240	302	369
16656	509	369
3976	510	369
10484	31	370
7559	396	371
16955	24	372
16998	26	372
600	42	372
6939	64	372
16959	83	372
18038	178	372
10903	207	372
14693	247	372
2216	265	372
9995	337	372
11764	339	372
12823	387	372
13579	410	372
1786	415	372
16267	438	372
14329	473	372
17716	507	372
6607	516	372
15291	527	372
11938	575	372
14689	584	372
6576	3	373
1674	77	373
3116	101	373
4297	296	373
14862	359	373
14936	425	373
1560	429	373
12581	519	373
15987	540	373
13673	546	373
14254	581	373
7354	46	374
12601	145	374
2448	171	374
5885	278	374
17390	316	374
10315	320	374
9630	409	374
11866	440	374
595	469	374
11732	522	374
14204	545	374
1551	52	375
7882	375	375
16974	11	376
10161	156	376
7478	233	376
16307	55	377
14835	220	377
1737	361	377
8263	47	378
11731	132	378
11614	222	378
15107	341	378
5340	351	378
13865	366	378
15781	419	378
16409	433	378
11474	510	378
4329	521	378
14812	566	378
14438	225	379
12582	240	379
7389	401	379
12900	36	418
16023	252	420
7974	262	420
15270	271	430
11060	307	430
14577	357	430
6469	547	430
8120	60	431
6357	232	432
14608	236	437
13284	261	437
3158	273	437
10977	342	437
12321	394	437
6251	13	535
12554	250	536
14638	582	559
3517	38	560
1501	124	560
3901	181	561
15499	132	580
7292	143	580
17974	148	586
17956	174	586
4938	495	586
6172	202	7
11301	185	84
14921	536	89
12396	487	112
5181	495	112
2276	99	113
18467	397	131
8914	38	132
7053	111	132
7195	229	132
10651	580	132
12967	123	134
3727	113	137
2979	162	137
8611	243	137
647	288	137
5121	59	138
6027	501	138
3829	56	139
4218	535	144
3765	233	226
8940	45	232
11408	315	256
11542	37	268
7737	45	280
16582	458	285
14669	556	285
5919	360	286
10145	396	286
1581	435	286
7723	6	287
15977	37	287
3710	61	287
13886	62	287
2676	159	287
14421	172	287
12502	197	287
3941	124	293
3770	12	295
11056	144	535
3032	539	535
2221	5	536
2282	89	536
18367	535	539
15231	196	542
16379	179	543
10239	228	543
8174	544	543
9667	556	543
16817	409	545
1502	107	547
8805	191	547
852	357	547
11316	430	547
10087	23	548
6818	68	548
803	72	548
5939	12	549
7552	29	549
17980	209	551
10435	458	551
6028	270	552
2327	318	552
5542	582	554
5850	381	559
8363	528	580
4176	445	58
8563	572	58
10075	262	65
1417	51	72
12503	87	2
5723	126	2
4949	208	2
16231	577	3
15971	536	5
12697	379	10
1366	402	10
16311	508	10
3115	511	65
10183	267	66
13046	45	73
18437	563	33
16773	282	34
16563	268	37
16884	257	41
13747	203	148
13882	49	150
2296	58	150
6475	167	150
8804	111	152
2504	123	152
12526	163	152
12764	127	153
17052	551	156
14598	573	156
1376	33	157
5524	498	157
14085	45	158
12080	232	158
18123	218	159
4007	134	161
5349	213	161
3986	218	161
7468	52	162
10224	422	163
1801	365	165
14256	58	167
12964	7	168
4496	245	168
8156	283	168
10155	365	168
3165	462	168
8947	543	168
12834	447	170
3822	553	170
11557	411	172
13271	122	176
7329	360	176
16432	410	178
18443	446	201
14491	148	203
1691	234	203
835	255	203
1601	294	203
17865	409	203
14911	172	204
6332	215	204
17040	282	204
9949	338	204
8993	411	204
3056	217	205
9361	259	205
9676	415	205
9906	473	205
4550	530	205
8165	97	206
18316	2	208
7495	410	209
11926	218	211
17603	558	2
785	546	155
9749	564	156
17233	525	163
4739	529	163
9824	506	165
3650	13	166
6946	421	166
5884	461	166
1512	17	167
2375	49	167
13323	459	176
17827	93	10
17760	42	15
17289	1	142
6347	31	143
6752	280	158
18455	128	547
18348	478	547
17839	41	549
16680	237	549
11209	16	550
14963	56	550
2078	300	559
17855	18	561
15777	264	561
1115	364	561
13524	102	11
13009	116	11
12294	493	147
13275	376	148
1189	269	183
15614	481	183
18297	495	183
16849	275	185
12002	335	185
6404	352	185
10928	505	185
15839	490	186
17718	395	188
3776	326	190
18207	449	191
5375	456	191
4749	467	191
15215	246	193
9498	300	193
16802	472	193
5614	506	193
13069	67	194
12137	187	196
4393	223	196
16417	318	196
13741	182	547
13468	69	549
15433	266	553
17329	29	556
1034	451	559
13152	65	1
10773	274	2
5198	369	2
11382	462	2
4730	526	188
8492	453	190
13719	222	191
9106	334	191
11025	346	191
9800	422	191
18449	18	198
12430	39	198
2974	41	198
13125	157	198
8287	563	198
5882	539	201
6119	557	201
18271	304	206
17194	335	206
17341	488	206
7815	557	206
4486	85	208
17469	573	209
8772	66	210
6609	226	210
11396	92	211
7383	478	212
15306	53	213
2251	134	213
15986	312	213
15173	145	216
5960	279	216
5646	6	218
9655	61	218
15295	62	218
11780	159	218
17065	161	218
16313	197	218
16345	211	218
6368	246	218
9551	287	218
18236	292	218
17829	333	218
7690	412	218
18369	417	218
5043	460	218
16365	534	218
1924	87	219
17590	112	220
1771	240	220
9353	251	220
14731	377	220
9085	403	220
8794	580	220
13113	122	221
13290	482	221
8613	583	221
11592	191	222
14133	224	222
16282	222	224
10033	238	224
16886	301	224
18278	45	229
10907	492	229
18372	2	274
10282	87	274
12536	72	333
7727	172	333
17746	218	333
15478	191	334
11547	270	334
9113	323	334
9470	392	334
5266	74	335
15773	185	335
12971	206	335
18377	509	357
16843	524	357
2633	536	357
11150	547	357
2741	578	357
6728	579	357
6827	313	358
5115	357	358
17873	579	358
3816	3	359
12261	425	359
3291	5	360
16571	536	360
4970	66	361
18400	140	368
14957	379	368
16243	462	369
13229	297	370
12342	317	370
10217	236	371
4594	447	371
6538	15	372
18371	500	381
9423	526	381
1144	545	381
12147	559	381
17969	9	382
13219	80	382
8076	185	382
18406	234	418
9415	240	418
7885	256	418
12221	324	418
17906	431	423
16531	489	423
12721	66	426
18113	409	427
14637	206	428
9392	304	428
7796	350	428
17544	400	428
18185	371	447
12337	380	447
12797	391	447
2140	396	447
12257	450	447
5245	455	447
15750	461	447
9910	511	447
9126	111	450
17172	395	451
18106	491	451
14981	146	4
13913	368	4
17477	8	7
15228	365	7
13215	7	8
14232	382	9
5458	397	9
4509	485	9
5775	162	146
9900	234	148
713	586	148
13821	19	185
13118	92	185
14553	577	185
10675	199	186
5880	295	186
9263	72	204
4675	312	209
7789	282	218
4524	338	218
2994	275	219
10444	153	222
16099	350	222
14803	196	223
13636	210	226
13852	257	226
7019	315	226
12874	481	226
17410	495	226
14594	233	227
7261	315	227
3051	33	358
948	104	358
3858	176	360
5230	131	361
16908	219	382
11329	275	382
16762	475	383
10927	511	383
16255	149	384
18354	461	384
7680	2	385
9014	285	385
5146	388	385
16094	429	385
13949	75	386
4073	120	386
16674	26	387
15236	178	387
14479	30	388
9177	63	388
17295	447	396
12317	9	397
8949	84	397
11105	131	397
1093	487	418
11615	10	423
2172	93	423
16821	540	447
16055	550	447
7254	553	447
11656	25	448
7447	82	448
12225	208	448
6903	254	448
10246	464	448
13329	153	449
7404	191	449
16535	222	449
15132	54	450
10331	455	450
5296	559	451
16733	70	452
5747	108	452
16792	18	453
17132	190	453
1129	234	453
10480	326	453
8230	477	453
7390	554	453
6094	582	453
11769	108	454
2109	452	454
17690	447	455
17636	450	455
1456	172	548
10470	537	561
18452	461	562
16142	198	563
2723	222	563
7337	156	564
11643	317	565
17713	297	566
5762	461	567
1248	502	567
15148	317	568
10736	45	569
13755	158	569
13597	232	569
2367	263	569
7217	280	569
12068	311	569
3006	432	569
17508	303	570
7391	322	570
6477	470	570
2929	488	570
16652	230	571
15976	49	572
4807	49	576
7017	167	576
12853	275	577
3128	491	577
12758	533	577
14982	118	578
1910	187	578
10625	357	578
13598	458	156
16429	485	157
17223	583	183
6897	393	185
6767	228	198
5503	586	203
17455	124	206
14369	378	206
10802	428	206
15649	354	211
14582	530	213
2891	78	222
13127	171	289
16723	294	289
10792	360	289
17450	440	289
15332	506	289
13873	45	290
11806	222	566
11864	167	572
10943	273	1
8153	102	2
6097	116	2
7123	452	7
18410	273	18
12191	491	19
14272	21	20
8335	27	20
14043	192	20
7369	354	20
17005	512	20
17190	27	21
12954	102	21
13482	264	21
1661	299	21
4936	390	21
2884	457	21
13552	20	27
5361	21	27
8212	201	27
17995	554	27
4084	318	28
10857	477	28
17314	87	29
9457	123	29
15131	237	29
13130	365	29
12920	389	29
18060	358	33
15087	524	33
11563	573	33
1953	579	33
16373	32	34
3449	116	34
18320	572	45
16425	576	45
18471	395	48
6799	17	49
14723	142	49
4685	150	49
1250	167	49
17820	559	58
13954	532	59
8155	99	60
4976	317	60
18386	416	63
16442	1	65
16642	512	65
8682	402	71
13209	6	72
4266	37	72
8179	61	72
11288	62	72
6958	197	72
18075	204	72
2043	282	72
2148	287	72
9752	292	72
11687	333	72
14208	338	72
8554	388	72
1119	409	72
13149	411	72
12789	412	72
9678	417	72
1310	460	72
8125	496	72
16824	534	72
8338	264	73
1913	53	74
11632	125	74
12260	335	74
9648	418	74
6715	487	74
7605	120	75
15609	461	75
5580	306	76
17707	172	88
8312	215	88
14060	246	88
17695	286	89
3714	344	89
17928	206	94
6326	167	95
14307	188	95
16443	273	95
9346	383	95
3859	542	95
15020	559	95
16663	69	98
10100	44	100
13632	87	100
17405	429	101
16741	11	102
10191	21	102
11493	457	102
17740	271	107
17709	291	107
3758	306	107
4483	309	107
5408	357	107
5011	524	107
15705	4	108
14536	402	108
7579	452	108
4787	454	108
14692	67	109
1475	443	109
18407	192	125
9047	195	125
9050	261	125
16740	44	127
5439	60	127
3619	250	131
15417	426	132
14062	559	132
14793	476	133
16460	587	133
4542	213	134
2925	215	134
12910	259	134
1110	43	160
9731	45	160
9753	280	160
1814	285	160
16197	239	199
15334	247	199
13950	255	199
11197	426	199
12235	537	199
14488	544	199
14877	434	201
13979	362	204
7587	473	204
14151	577	206
12365	145	214
4598	496	218
12504	194	221
3379	461	221
18327	540	234
6446	153	235
17001	371	236
6617	29	237
15222	442	237
13320	549	237
8332	224	238
17666	466	238
6023	66	239
14077	418	240
5247	487	240
11477	99	241
10668	113	241
15991	305	241
18096	317	241
16630	431	241
18166	343	245
13340	434	245
17819	126	247
2218	199	247
12877	355	247
4012	462	247
15439	515	247
2648	539	247
18114	143	249
7207	317	249
18330	435	250
16335	481	250
11086	573	250
18140	352	252
4222	533	252
13887	317	253
18184	37	255
5673	199	255
2427	409	255
17381	123	257
841	226	257
16584	315	257
9542	416	257
13614	14	258
18058	125	261
12112	271	261
10162	273	261
17589	65	262
14633	45	263
3826	158	263
10453	232	263
1201	280	263
8904	311	263
12791	21	264
15224	73	264
10637	181	264
4939	299	264
4967	332	264
13996	483	264
7020	539	264
9767	561	264
14325	582	264
6852	207	265
1401	553	266
11034	510	274
18154	545	548
11854	126	549
18091	118	552
15377	343	556
5529	389	556
7936	156	557
10539	201	557
12214	206	557
11378	352	557
18157	58	559
3460	399	562
15456	45	572
1797	45	576
7139	526	1
9943	355	2
15021	583	5
11763	218	6
12493	350	8
8429	365	8
4755	414	8
9696	39	9
10712	123	9
8992	290	73
6972	344	74
14094	324	125
6089	342	125
13357	344	125
5256	383	125
6314	450	125
9255	564	125
9236	2	126
8985	237	126
3030	247	126
18182	225	127
15695	518	127
1633	105	128
16747	245	128
1354	343	128
1755	357	128
3442	502	128
3623	81	129
12183	241	133
18080	336	138
8465	413	138
17156	40	140
5433	108	140
15247	368	140
17331	545	142
14832	115	143
14440	276	143
17155	70	147
12217	277	548
5215	94	557
13461	20	561
15631	21	561
2995	55	1
10384	392	4
6199	286	5
4358	301	8
18340	157	9
6899	179	9
17245	181	11
17694	84	14
2356	94	14
13085	258	14
12218	291	14
3654	538	14
16646	45	17
7296	167	17
13312	328	17
2658	356	17
8551	576	17
15365	12	18
7226	198	18
639	582	58
8178	256	59
3363	307	59
2013	218	61
18221	392	119
13434	402	119
16612	75	120
8582	231	120
16605	321	120
10090	502	120
5244	55	121
12931	220	121
3609	403	131
10341	145	142
17294	366	143
8845	355	144
17170	388	144
6900	395	144
3182	142	145
667	214	145
12937	465	145
18122	344	149
4577	399	149
17199	45	150
15845	69	14
2475	457	48
2286	483	48
15623	72	61
3691	183	63
13060	210	63
12018	175	143
10518	249	143
15978	452	147
5316	69	148
