start 1 psup 10 p 1 m 0 [18213 408 10277 446 15006 487 18361 337 14819 339 13946 372 2832 387 8488 438 16921 507 12679 516 8555 527 1817 575 8368 584 6553 139 16 17519 190 14130 326 15209 364 8255 10349 17556 428 14092 18344 18478 4286 14393 15338 7691 17003 8389 17316 17468 9790 7654 13515 16334 1923 15259 6050 8031 16548 8171 11067 10419 12586 5306 9933 17944 10411 10630 17775 10551 10220 11793 10256 11699 11228 9614 6250 16467 16473 14916 17639 104 90 13388 13428 16363 340 18432 17299 18472 13784 15832 17769 15756 15739 180 147 11890 270 8590 346 17778 392 9375 514 2487 17328 18396 2445 6556 5392 7189 15749 15462 1071 16269 18057 8448 18092 18345 6650 2784]
start 2 psup 10 p 1 m 0 [18213 408 10277 446 4403 470 15006 487 18361 337 14819 339 13946 372 2832 387 8488 438 16921 507 12679 516 8555 527 1817 575 8368 584 6553 139 16 17519 190 14130 326 15209 364 8255 10349 17556 428 14092 18344 18275 18152 152 17071 498 10876 6294 16706 8291 18478 4286 14393 15338 7691 17003 8389 17316 17468 9790 7654 13515 16334 1923 15259 6050 8031 16548 8171 11067 10419 12586 5306 9933 17944 10411 10630 17775 10551 10220 11793 10256 11699 11228 9614 6250 16467 16473 14916 17639 104 90 13388 13428 16363 340 18432 17299 18472 13784 15832 17769 15756 15739 180 147 11890 270 8590 346 17778 392 17328 18396 494 2445 6556 5392 7189 15749 15462 1071 16269 18057 8448 18345 6650 2784]
start 3 psup 10 p 1 m 0 [18213 408 10277 446 4403 470 15006 487 18361 337 14819 339 13946 372 2832 387 8488 438 16921 507 12679 516 8555 527 1817 575 8368 584 6553 139 16 17519 190 14130 326 15209 364 8255 10349 17556 428 14092 18344 18275 18152 152 17071 498 10876 6294 16706 8291 18478 4286 14393 15338 7691 17003 8389 17316 17468 9790 7654 13515 16334 1923 15259 6050 8031 16548 8171 11067 10419 12586 5306 9933 17944 10411 10630 17775 10551 10220 11793 10256 11699 11228 9614 6250 16467 16473 14916 17639 104 90 13388 13428 136 16363 340 18472 13784 15832 17769 15756 15739 180 147 11890 270 8590 346 17778 392 17328 18396 494 2445 6556 5392 7189 15749 15462 1071 16269 18057 8448 18345 6650 2784 18145 183 14411 13844 17250 18359 14681 8919 7172 12148 11125 10189 13433 10867 3838 8545 13029 18353 11009 1962 1216 4167 13528 3161 8565 9615 1775 8209 18270 15110 552]
start 4 psup 10 p 1 m 0 [18213 408 10277 446 4403 470 15006 487 16667 159 15625 412 15716 417 7946 460 3120 496 9729 534 16045 303 13850 414 5089 462 15833 19 8 9809 33 2830 157 18361 337 14819 339 13946 372 2832 387 8488 438 16921 507 12679 516 8555 527 1817 575 8368 584 6553 139 16 17519 190 14130 326 15209 364 8255 10349 17556 428 14092 563 18344 18478 4286 14393 15338 7691 17003 8389 17316 17468 9790 7654 13515 16334 1923 15259 6050 8031 16548 8171 11067 10419 12586 5306 9933 17944 10411 10630 17775 10551 10220 11793 10256 11699 11228 9614 6250 16467 16473 14916 17639 104 90 13388 13428 136 16363 340 18282 555 4551 557 7921 18472 13784 15832 17769 15756 15739 180 147 11890 270 8590 346 17778 392 17328 18396 494 2445 6556 5392 7189 15749 15462 1071 16269 18057 8448 18345 6650 2784 18145 183 14411 13844 17250 18359 14681 8919 12148 11125 10189 13433 13029 8401 18353 11009 1962 1216 4167 13528 3161 8565 9615 18270 15110 552 18448 1779 9283 3585 6742 16024 17672 2593]
start 5 psup 10 p 1 m 0 [11479 290 1 18213 408 10277 446 4403 470 15006 487 16667 159 15625 412 15716 417 7946 460 3120 496 9729 534 16045 303 13850 414 5089 462 15833 19 8 9809 33 2830 157 18478 4286 14393 15338 7691 17003 8389 17316 17468 9790 7654 13515 16334 1923 15259 6050 8031 16548 8171 11067 10419 12586 5306 9933 17944 10411 10630 17775 10551 10220 11793 10256 11699 11228 9614 6250 16467 16473 14916 17639 104 90 13388 13428 136 91 16363 340 18282 555 4551 557 7921 18472 13784 15832 17769 15756 15739 180 147 11890 270 8590 346 17778 392 18396 494 2445 6556 5392 7189 15749 15462 1071 16269 18057 9275 15853 472 15310 18345 6650 2784 18145 183 14411 13844 17250 14587 6616 7411 18269 3163 17715 18359 14681 8919 12148 11125 10189 13433 13029 8401 18353 11009 1962 1216 4167 13528 3161 8565 9615 18270 15110 552 18448 1779 9283 3585 6742 16024 17672 2593]
start 6 psup 10 p 1 m 0 [11479 290 1 18213 408 15006 487 16667 159 15625 412 15716 417 7946 460 3120 496 9729 534 16045 303 13850 414 5089 462 15833 19 8 9809 33 2830 157 18478 4286 14393 15338 7691 17003 8389 17316 17468 9790 962 7654 13515 16334 1923 15259 6050 8031 16548 8171 11067 10419 12586 5306 9933 17944 10411 10630 15455 17775 10551 10220 11793 10256 11699 11228 9614 6250 15859 14942 16467 16473 14916 17639 104 90 13388 13428 136 91 16363 340 18282 555 4551 557 7921 18472 13784 15832 17769 15756 15739 180 147 11890 270 17778 392 18396 494 2445 6556 5392 15749 15462 18345 6650 2784 18145 183 14411 13844 17250 14587 6616 18269 3163 15647 531 17715 18359 18353 11009 1962 1216 4167 13528 3161 8565 3839 9615 18270 15110 552 18448 9283 3585 6742 16024 17672 2593 9972 2688 6980 12265 3566 6167 14244]
start 7 psup 10 p 1 m 0 [11479 290 1 18213 408 15006 487 16667 159 15625 412 15716 417 7946 460 3120 496 9729 534 18478 4286 14393 15338 7691 17003 8389 17316 17468 9790 962 7654 13515 16334 1923 15259 6050 8031 16548 8171 11067 10419 12586 5306 9933 17944 10411 10630 17775 11793 10256 11699 11228 9614 6250 15859 14942 16467 16473 14916 17639 104 90 13388 13428 136 91 16363 340 18472 13784 14162 15832 17769 15756 15739 180 147 11890 17778 392 18396 494 2445 6556 5392 15749 18345 6650 2784 18145 183 14411 13844 17250 18448]
start 9 psup 10 p 1 m 0 [11479 290 1 18213 408 15006 487 11403 519 16667 159 14920 172 4161 197 7935 292 12331 333 15625 412 15716 417 7946 460]
start 10 psup 10 p 1 m 0 [18213 408 18460 18382 431 4042 466 5428 489 15824 568 18253 8242 8459 14270 17558 18435 12173 1565 9669 18015 17895]
start 17 psup 10 p 1 m 0 [18213 408 18472 13784 17769 17778 13747 14794 18396 494 6556 15749 17954 17052 9136 14598 15047 17953 18123 8089]
start 18 psup 10 p 1 m 0 [17603 558 5103 103 9439 319 18213 408 18472 13784 17769 17778 18396 494 6556 15749 17954 17052 9136 9749 14598 15047 17953 18123 8089]
start 19 psup 10 p 1 m 0 [17603 558 5103 103 18213 408 18472 13784 17769 17778 18455 18348 10087 6818 803 18436 2078 5850 16426 17855 15777 17847]
start 21 psup 10 p 1 m 0 [13152 65 13096 475 11682 41 2 12503 87 17603 558 5103 103 3 18213 408 15971 536 18472 13784 17769 17778]
