1 3 3 1
2 4 3 1
1 4 4 1
3 5 3 1
2 5 4 1
1 5 5 1
4 6 3 1
3 6 4 1
2 6 5 1
1 6 6 1
5 7 3 1
4 7 4 1
3 7 5 1
2 7 6 1
1 7 7 1
2 6 3 2
6 8 3 1
5 8 4 1
4 8 5 1
3 8 6 1
2 8 7 1
1 8 8 1
3 7 3 2
7 9 3 1
6 9 4 1
5 9 5 1
4 9 6 1
3 9 7 1
2 9 8 1
1 9 9 1
4 8 3 2
2 8 4 2
8 10 3 1
7 10 4 1
6 10 5 1
5 10 6 1
4 10 7 1
3 10 8 1
2 10 9 1
1 10 10 1
5 9 3 2
3 9 4 2
9 11 3 1
8 11 4 1
7 11 5 1
6 11 6 1
5 11 7 1
4 11 8 1
3 11 9 1
2 11 10 1
1 11 11 1
6 10 3 2
4 10 4 2
2 10 5 2
3 9 3 3
10 12 3 1
9 12 4 1
8 12 5 1
7 12 6 1
6 12 7 1
5 12 8 1
4 12 9 1
3 12 10 1
2 12 11 1
7 11 3 2
5 11 4 2
3 11 5 2
4 10 3 3
11 13 3 1
10 13 4 1
9 13 5 1
8 13 6 1
7 13 7 1
6 13 8 1
5 13 9 1
4 13 10 1
3 13 11 1
2 13 12 1
1 13 13 1
8 12 3 2
6 12 4 2
4 12 5 2
2 12 6 2
5 11 3 3
12 14 3 1
11 14 4 1
10 14 5 1
9 14 6 1
8 14 7 1
7 14 8 1
6 14 9 1
5 14 10 1
4 14 11 1
3 14 12 1
2 14 13 1
1 14 14 1
9 13 3 2
7 13 4 2
5 13 5 2
3 13 6 2
6 12 3 3
3 12 4 3
13 15 3 1
12 15 4 1
11 15 5 1
10 15 6 1
9 15 7 1
8 15 8 1
7 15 9 1
6 15 10 1
5 15 11 1
4 15 12 1
3 15 13 1
2 15 14 1
1 15 15 1
10 14 3 2
8 14 4 2
6 14 5 2
4 14 6 2
2 14 7 2
7 13 3 3
4 13 4 3
4 12 3 4
14 16 3 1
13 16 4 1
12 16 5 1
11 16 6 1
10 16 7 1
9 16 8 1
8 16 9 1
7 16 10 1
6 16 11 1
5 16 12 1
4 16 13 1
3 16 14 1
2 16 15 1
1 16 16 1
11 15 3 2
9 15 4 2
7 15 5 2
5 15 6 2
3 15 7 2
8 14 3 3
5 14 4 3
5 13 3 4
15 17 3 1
14 17 4 1
13 17 5 1
12 17 6 1
11 17 7 1
10 17 8 1
12 16 3 2
10 16 4 2
8 16 5 2
6 16 6 2
4 16 7 2
2 16 8 2
9 15 3 3
6 15 4 3
3 15 5 3
6 14 3 4
16 18 3 1
15 18 4 1
14 18 5 1
12 18 7 1
11 18 8 1
10 18 9 1
9 18 10 1
5 18 14 1
4 18 15 1
1 18 18 1
13 17 3 2
11 17 4 2
9 17 5 2
10 16 3 3
7 16 4 3
4 16 5 3
7 15 3 4
17 19 3 1
16 19 4 1
15 19 5 1
14 19 6 1
12 19 8 1
11 19 9 1
10 19 10 1
14 18 3 2
12 18 4 2
10 18 5 2
8 18 6 2
6 18 7 2
2 18 9 2
11 17 3 3
8 16 3 4
4 16 4 4
5 15 3 5
18 20 3 1
17 20 4 1
16 20 5 1
12 20 9 1
15 19 3 2
13 19 4 2
11 19 5 2
12 18 3 3
9 18 4 3
6 18 5 3
3 18 6 3
9 17 3 4
5 17 4 4
6 16 3 5
19 21 3 1
18 21 4 1
17 21 5 1
16 21 6 1
16 20 3 2
14 20 4 2
10 20 6 2
8 20 7 2
10 19 4 3
7 19 5 3
10 18 3 4
7 17 3 5
20 22 3 1
19 22 4 1
18 22 5 1
17 22 6 1
16 22 7 1
12 22 11 1
9 22 14 1
17 21 3 2
14 20 3 3
11 19 3 4
8 18 3 5
21 23 3 1
20 23 4 1
19 23 5 1
18 23 6 1
17 23 7 1
16 23 8 1
12 23 12 1
9 23 15 1
14 22 5 2
15 21 3 3
12 21 4 3
9 21 5 3
6 21 6 3
3 21 7 3
9 19 3 5
22 24 3 1
21 24 4 1
20 24 5 1
19 24 6 1
18 24 7 1
17 24 8 1
19 23 3 2
17 23 4 2
16 22 3 3
13 21 3 4
10 20 3 5
23 25 3 1
22 25 4 1
21 25 5 1
20 25 6 1
19 25 7 1
18 25 8 1
17 25 9 1
20 24 3 2
18 24 4 2
16 24 5 2
12 24 7 2
10 24 8 2
17 23 3 3
14 23 4 3
14 22 3 4
24 26 3 1
23 26 4 1
22 26 5 1
21 26 6 1
20 26 7 1
19 26 8 1
18 26 9 1
17 26 10 1
16 26 11 1
21 25 3 2
19 25 4 2
17 25 5 2
13 25 7 2
9 25 9 2
18 24 3 3
12 24 5 3
9 24 6 3
12 22 3 5
9 21 3 6
25 27 3 1
24 27 4 1
23 27 5 1
22 27 6 1
21 27 7 1
20 27 8 1
19 27 9 1
18 27 10 1
17 27 11 1
22 26 3 2
20 26 4 2
19 25 3 3
16 25 4 3
13 25 5 3
10 25 6 3
16 24 3 4
13 23 3 5
8 23 4 5
26 28 3 1
25 28 4 1
24 28 5 1
23 28 6 1
22 28 7 1
21 28 8 1
20 28 9 1
19 28 10 1
18 28 11 1
17 28 12 1
12 28 17 1
23 27 3 2
21 27 4 2
20 26 3 3
17 25 3 4
13 25 4 4
5 25 6 4
14 24 3 5
9 24 4 5
11 23 3 6
27 29 3 1
26 29 4 1
25 29 5 1
24 29 6 1
23 29 7 1
22 29 8 1
21 29 9 1
20 29 10 1
19 29 11 1
18 29 12 1
17 29 13 1
9 29 21 1
24 28 3 2
22 28 4 2
20 28 5 2
21 27 3 3
15 25 3 5
5 25 5 5
9 23 3 7
28 30 3 1
27 30 4 1
26 30 5 1
25 30 6 1
24 30 7 1
23 30 8 1
22 30 9 1
21 30 10 1
20 30 11 1
19 30 12 1
18 30 13 1
17 30 14 1
25 29 3 2
23 29 4 2
22 28 3 3
19 27 3 4
10 24 3 7
29 31 3 1
28 31 4 1
27 31 5 1
26 31 6 1
25 31 7 1
24 31 8 1
23 31 9 1
22 31 10 1
21 31 11 1
20 31 12 1
19 31 13 1
18 31 14 1
17 31 15 1
26 30 3 2
24 30 4 2
23 29 3 3
20 29 4 3
20 28 3 4
17 27 3 5
12 27 4 5
14 26 3 6
11 25 3 7
30 32 3 1
29 32 4 1
28 32 5 1
27 32 6 1
26 32 7 1
25 32 8 1
24 32 9 1
22 32 11 1
21 32 12 1
27 31 3 2
25 31 4 2
23 31 5 2
24 30 3 3
21 29 3 4
5 29 7 4
15 27 3 6
9 25 3 8
31 33 3 1
30 33 4 1
29 33 5 1
28 33 6 1
27 33 7 1
26 33 8 1
25 33 9 1
24 33 10 1
22 33 12 1
21 33 13 1
20 33 14 1
26 32 4 2
19 29 3 5
13 27 3 7
32 34 3 1
31 34 4 1
30 34 5 1
29 34 6 1
28 34 7 1
27 34 8 1
26 34 9 1
24 34 11 1
22 34 13 1
27 33 4 2
25 33 5 2
26 32 3 3
23 31 3 4
14 28 3 7
33 35 3 1
32 35 4 1
31 35 5 1
30 35 6 1
29 35 7 1
27 35 9 1
26 35 10 1
24 35 12 1
22 35 14 1
21 35 15 1
9 35 27 1
1 35 35 1
27 33 3 3
24 33 4 3
18 30 3 6
15 29 3 7
34 36 3 1
33 36 4 1
32 36 5 1
31 36 6 1
30 36 7 1
29 36 8 1
27 36 10 1
26 36 11 1
24 36 13 1
27 35 5 2
25 35 6 2
5 33 8 4
13 29 3 8
35 37 3 1
34 37 4 1
33 37 5 1
32 37 6 1
31 37 7 1
30 37 8 1
29 37 9 1
27 37 11 1
26 37 12 1
24 37 14 1
32 36 3 2
26 35 4 3
26 34 3 4
14 32 4 6
17 31 3 7
14 30 3 8
36 38 3 1
35 38 4 1
34 38 5 1
33 38 6 1
32 38 7 1
31 38 8 1
30 38 9 1
29 38 10 1
27 38 12 1
26 38 13 1
24 38 15 1
21 38 18 1
9 38 30 1
33 37 3 2
27 37 6 2
25 37 7 2
27 36 4 3
24 36 5 3
24 34 3 5
37 39 3 1
36 39 4 1
35 39 5 1
34 39 6 1
33 39 7 1
32 39 8 1
31 39 9 1
29 39 11 1
27 39 13 1
26 39 14 1
24 39 16 1
34 38 3 2
32 38 4 2
31 37 3 3
25 35 3 5
5 35 7 5
13 31 3 9
38 40 3 1
37 40 4 1
36 40 5 1
35 40 6 1
34 40 7 1
33 40 8 1
32 40 9 1
31 40 10 1
27 40 14 1
26 40 15 1
24 40 17 1
27 39 7 2
25 39 8 2
32 38 3 3
26 38 5 3
26 36 3 5
14 32 3 9
39 41 3 1
38 41 4 1
37 41 5 1
36 41 6 1
35 41 7 1
34 41 8 1
27 39 5 3
24 39 6 3
26 38 4 4
27 37 3 5
24 36 3 6
40 42 3 1
39 42 4 1
38 42 5 1
37 42 6 1
36 42 7 1
35 42 8 1
33 42 10 1
32 42 11 1
26 42 17 1
37 41 3 2
25 37 3 6
13 33 3 10
41 43 3 1
40 43 4 1
39 43 5 1
38 43 6 1
37 43 7 1
35 41 3 3
32 41 4 3
26 41 6 3
24 39 4 5
42 44 3 1
41 44 4 1
40 44 5 1
39 44 6 1
38 44 7 1
37 44 8 1
36 44 9 1
35 44 10 1
33 44 12 1
32 44 13 1
26 44 19 1
21 44 24 1
37 43 4 2
33 41 3 4
29 41 4 4
21 41 6 4
24 38 3 7
43 45 3 1
42 45 4 1
41 45 5 1
40 45 6 1
39 45 7 1
38 45 8 1
37 45 9 1
36 45 10 1
37 43 3 3
34 42 3 4
26 42 5 4
22 42 6 4
26 41 4 5
21 41 5 5
25 39 3 7
44 46 3 1
43 46 4 1
42 46 5 1
41 46 6 1
40 46 7 1
39 46 8 1
38 46 9 1
37 46 10 1
35 46 12 1
33 46 14 1
32 46 15 1
26 46 21 1
37 45 5 2
38 44 3 3
35 44 4 3
32 44 5 3
26 44 7 3
23 44 8 3
32 42 3 5
27 42 4 5
22 42 5 5
45 47 3 1
44 47 4 1
43 47 5 1
42 47 6 1
41 47 7 1
40 47 8 1
39 47 9 1
37 47 11 1
33 47 15 1
42 46 3 2
33 43 3 5
28 43 4 5
23 43 5 5
30 42 3 6
27 41 3 7
46 48 3 1
45 48 4 1
44 48 5 1
43 48 6 1
42 48 7 1
41 48 8 1
39 48 10 1
37 48 12 1
43 47 3 2
37 46 4 3
37 45 3 4
33 45 4 4
29 45 5 4
28 42 3 7
21 42 4 7
47 49 3 1
46 49 4 1
45 49 5 1
44 49 6 1
43 49 7 1
42 49 8 1
38 47 4 3
35 47 5 3
38 46 3 4
34 46 4 4
26 46 6 4
29 43 3 7
22 43 4 7
48 50 3 1
47 50 4 1
46 50 5 1
45 50 6 1
44 50 7 1
43 50 8 1
42 50 9 1
41 50 10 1
39 50 12 1
45 49 3 2
36 46 3 5
26 46 5 5
30 44 3 7
23 44 4 7
27 43 3 8
49 51 3 1
48 51 4 1
47 51 5 1
46 51 6 1
45 51 7 1
44 51 8 1
43 51 9 1
37 47 3 5
31 45 3 7
28 44 3 8
50 52 3 1
49 52 4 1
48 52 5 1
47 52 6 1
46 52 7 1
45 52 8 1
44 52 9 1
43 52 10 1
42 52 11 1
41 52 12 1
47 51 3 2
38 48 3 5
51 53 3 1
50 53 4 1
49 53 5 1
48 53 6 1
47 53 7 1
46 53 8 1
45 53 9 1
44 53 10 1
43 53 11 1
42 53 12 1
48 52 3 2
27 45 3 9
24 44 3 10
52 54 3 1
51 54 4 1
50 54 5 1
49 54 6 1
48 54 7 1
47 54 8 1
45 54 10 1
44 54 11 1
43 54 12 1
42 54 13 1
41 54 14 1
49 53 3 2
47 53 4 2
46 52 3 3
13 49 7 6
13 48 6 7
28 46 3 9
10 46 5 9
15 45 4 10
53 55 3 1
52 55 4 1
51 55 5 1
50 55 6 1
49 55 7 1
48 55 8 1
50 54 3 2
48 54 4 2
11 53 15 3
11 51 9 5
14 49 6 7
54 56 3 1
53 56 4 1
52 56 5 1
51 56 6 1
50 56 7 1
49 56 8 1
48 56 9 1
47 56 10 1
51 55 3 2
48 54 3 3
5 53 13 4
12 52 9 5
15 50 6 7
55 57 3 1
54 57 4 1
53 57 5 1
52 57 6 1
51 57 7 1
50 57 8 1
49 57 9 1
48 57 10 1
47 57 11 1
52 56 3 2
50 56 4 2
48 56 5 2
10 54 12 4
13 53 9 5
9 51 7 7
56 58 3 1
55 58 4 1
54 58 5 1
53 58 6 1
52 58 7 1
51 58 8 1
49 58 10 1
48 58 11 1
47 58 12 1
53 57 3 2
51 57 4 2
50 56 3 3
10 52 7 7
57 59 3 1
56 59 4 1
55 59 5 1
54 59 6 1
53 59 7 1
52 59 8 1
51 59 9 1
49 59 11 1
48 59 12 1
47 59 13 1
50 58 5 2
51 57 3 3
48 57 4 3
48 56 3 4
12 54 8 6
58 60 3 1
57 60 4 1
56 60 5 1
55 60 6 1
54 60 7 1
53 60 8 1
52 60 9 1
51 60 10 1
49 60 12 1
48 60 13 1
55 59 3 2
51 59 5 2
52 58 3 3
49 57 3 4
40 54 3 7
59 61 3 1
58 61 4 1
57 61 5 1
56 61 6 1
55 61 7 1
54 61 8 1
53 61 9 1
52 61 10 1
51 61 11 1
49 61 13 1
48 61 14 1
56 60 3 2
50 60 6 2
50 59 4 3
60 62 3 1
59 62 4 1
58 62 5 1
57 62 6 1
56 62 7 1
55 62 8 1
54 62 9 1
53 62 10 1
52 62 11 1
51 62 12 1
49 62 14 1
48 62 15 1
47 62 16 1
57 61 3 2
55 61 4 2
53 61 5 2
51 61 6 2
49 61 7 2
39 55 3 8
9 54 6 9
61 63 3 1
60 63 4 1
59 63 5 1
58 63 6 1
57 63 7 1
56 63 8 1
55 63 9 1
54 63 10 1
53 63 11 1
52 63 12 1
51 63 13 1
49 63 15 1
48 63 16 1
47 63 17 1
45 63 19 1
43 63 21 1
42 63 22 1
39 63 25 1
58 62 3 2
56 62 4 2
50 62 7 2
55 61 3 3
52 61 4 3
49 61 5 3
52 60 3 4
40 56 3 8
14 54 5 10
62 64 3 1
61 64 4 1
60 64 5 1
59 64 6 1
58 64 7 1
57 64 8 1
56 64 9 1
55 64 10 1
54 64 11 1
53 64 12 1
52 64 13 1
51 64 14 1
48 64 17 1
59 63 3 2
57 63 4 2
55 63 5 2
56 62 3 3
53 62 4 3
50 62 5 3
50 60 3 5
38 56 3 9
63 65 3 1
62 65 4 1
61 65 5 1
60 65 6 1
59 65 7 1
58 65 8 1
57 65 9 1
56 65 10 1
55 65 11 1
54 65 12 1
53 65 13 1
52 65 14 1
51 65 15 1
48 65 18 1
60 64 3 2
58 64 4 2
56 64 5 2
50 64 8 2
57 63 3 3
54 62 3 4
50 62 4 4
51 61 3 5
39 57 3 9
64 66 3 1
63 66 4 1
62 66 5 1
61 66 6 1
60 66 7 1
59 66 8 1
58 66 9 1
57 66 10 1
56 66 11 1
55 66 12 1
54 66 13 1
53 66 14 1
52 66 15 1
51 66 16 1
48 66 19 1
47 66 20 1
45 66 22 1
61 65 3 2
59 65 4 2
57 65 5 2
55 65 6 2
53 65 7 2
51 65 8 2
49 65 9 2
47 65 10 2
45 65 11 2
43 65 12 2
55 63 3 4
52 62 3 5
37 57 3 10
62 66 3 2
60 66 4 2
50 66 9 2
60 66 3 3
57 66 4 3
54 66 5 3
51 66 6 3
48 66 7 3
45 66 8 3
42 66 9 3
59 65 3 3
56 65 4 3
53 65 5 3
50 65 6 3
47 65 7 3
44 65 8 3
56 64 3 4
52 64 4 4
57 65 3 4
58 66 3 4
54 66 4 4
50 66 5 4
46 66 6 4
42 66 7 4
55 65 3 5
50 65 4 5
45 65 5 5
56 66 3 5
51 66 4 5
46 66 5 5
50 62 3 6
50 64 3 7
51 65 3 7
44 65 4 7
52 66 3 7
45 66 4 7
1 3 3 1
2 4 3 1
1 4 4 1
3 5 3 1
2 5 4 1
1 5 5 1
4 6 3 1
3 6 4 1
2 6 5 1
1 6 6 1
5 7 3 1
4 7 4 1
3 7 5 1
2 7 6 1
1 7 7 1
2 6 3 2
6 8 3 1
5 8 4 1
4 8 5 1
3 8 6 1
2 8 7 1
1 8 8 1
3 7 3 2
7 9 3 1
6 9 4 1
5 9 5 1
4 9 6 1
3 9 7 1
2 9 8 1
1 9 9 1
4 8 3 2
2 8 4 2
8 10 3 1
7 10 4 1
6 10 5 1
5 10 6 1
4 10 7 1
3 10 8 1
2 10 9 1
1 10 10 1
5 9 3 2
3 9 4 2
9 11 3 1
8 11 4 1
7 11 5 1
6 11 6 1
5 11 7 1
4 11 8 1
3 11 9 1
2 11 10 1
1 11 11 1
6 10 3 2
4 10 4 2
2 10 5 2
3 9 3 3
10 12 3 1
9 12 4 1
8 12 5 1
7 12 6 1
6 12 7 1
5 12 8 1
4 12 9 1
3 12 10 1
2 12 11 1
7 11 3 2
5 11 4 2
3 11 5 2
4 10 3 3
11 13 3 1
10 13 4 1
9 13 5 1
8 13 6 1
7 13 7 1
6 13 8 1
5 13 9 1
4 13 10 1
3 13 11 1
2 13 12 1
1 13 13 1
8 12 3 2
6 12 4 2
4 12 5 2
2 12 6 2
5 11 3 3
12 14 3 1
11 14 4 1
10 14 5 1
9 14 6 1
8 14 7 1
7 14 8 1
6 14 9 1
5 14 10 1
4 14 11 1
3 14 12 1
2 14 13 1
1 14 14 1
9 13 3 2
7 13 4 2
5 13 5 2
3 13 6 2
6 12 3 3
3 12 4 3
13 15 3 1
12 15 4 1
11 15 5 1
10 15 6 1
9 15 7 1
8 15 8 1
7 15 9 1
6 15 10 1
5 15 11 1
4 15 12 1
3 15 13 1
2 15 14 1
1 15 15 1
10 14 3 2
8 14 4 2
6 14 5 2
4 14 6 2
2 14 7 2
7 13 3 3
4 13 4 3
4 12 3 4
14 16 3 1
13 16 4 1
12 16 5 1
11 16 6 1
10 16 7 1
9 16 8 1
8 16 9 1
7 16 10 1
6 16 11 1
5 16 12 1
4 16 13 1
3 16 14 1
2 16 15 1
1 16 16 1
11 15 3 2
9 15 4 2
7 15 5 2
5 15 6 2
3 15 7 2
8 14 3 3
5 14 4 3
5 13 3 4
15 17 3 1
14 17 4 1
13 17 5 1
12 17 6 1
11 17 7 1
10 17 8 1
12 16 3 2
10 16 4 2
8 16 5 2
6 16 6 2
4 16 7 2
2 16 8 2
9 15 3 3
6 15 4 3
3 15 5 3
6 14 3 4
16 18 3 1
15 18 4 1
14 18 5 1
12 18 7 1
11 18 8 1
10 18 9 1
9 18 10 1
5 18 14 1
4 18 15 1
1 18 18 1
13 17 3 2
11 17 4 2
9 17 5 2
10 16 3 3
7 16 4 3
4 16 5 3
7 15 3 4
17 19 3 1
16 19 4 1
15 19 5 1
14 19 6 1
12 19 8 1
11 19 9 1
10 19 10 1
14 18 3 2
12 18 4 2
10 18 5 2
8 18 6 2
6 18 7 2
2 18 9 2
11 17 3 3
8 16 3 4
4 16 4 4
5 15 3 5
18 20 3 1
17 20 4 1
16 20 5 1
12 20 9 1
15 19 3 2
13 19 4 2
11 19 5 2
12 18 3 3
9 18 4 3
6 18 5 3
3 18 6 3
9 17 3 4
5 17 4 4
6 16 3 5
19 21 3 1
18 21 4 1
17 21 5 1
16 21 6 1
16 20 3 2
14 20 4 2
10 20 6 2
8 20 7 2
10 19 4 3
7 19 5 3
10 18 3 4
7 17 3 5
20 22 3 1
19 22 4 1
18 22 5 1
17 22 6 1
16 22 7 1
12 22 11 1
9 22 14 1
17 21 3 2
14 20 3 3
11 19 3 4
8 18 3 5
21 23 3 1
20 23 4 1
19 23 5 1
18 23 6 1
17 23 7 1
16 23 8 1
12 23 12 1
9 23 15 1
14 22 5 2
15 21 3 3
12 21 4 3
9 21 5 3
6 21 6 3
3 21 7 3
9 19 3 5
22 24 3 1
21 24 4 1
20 24 5 1
19 24 6 1
18 24 7 1
17 24 8 1
19 23 3 2
17 23 4 2
16 22 3 3
13 21 3 4
10 20 3 5
23 25 3 1
22 25 4 1
21 25 5 1
20 25 6 1
19 25 7 1
18 25 8 1
17 25 9 1
20 24 3 2
18 24 4 2
16 24 5 2
12 24 7 2
10 24 8 2
17 23 3 3
14 23 4 3
14 22 3 4
24 26 3 1
23 26 4 1
22 26 5 1
21 26 6 1
20 26 7 1
19 26 8 1
18 26 9 1
17 26 10 1
16 26 11 1
21 25 3 2
19 25 4 2
17 25 5 2
13 25 7 2
9 25 9 2
18 24 3 3
12 24 5 3
9 24 6 3
12 22 3 5
9 21 3 6
25 27 3 1
24 27 4 1
23 27 5 1
22 27 6 1
21 27 7 1
20 27 8 1
19 27 9 1
18 27 10 1
17 27 11 1
22 26 3 2
20 26 4 2
19 25 3 3
16 25 4 3
13 25 5 3
10 25 6 3
16 24 3 4
13 23 3 5
8 23 4 5
26 28 3 1
25 28 4 1
24 28 5 1
23 28 6 1
22 28 7 1
21 28 8 1
20 28 9 1
19 28 10 1
18 28 11 1
17 28 12 1
12 28 17 1
23 27 3 2
21 27 4 2
20 26 3 3
17 25 3 4
13 25 4 4
5 25 6 4
14 24 3 5
9 24 4 5
11 23 3 6
27 29 3 1
26 29 4 1
25 29 5 1
24 29 6 1
23 29 7 1
22 29 8 1
21 29 9 1
20 29 10 1
19 29 11 1
18 29 12 1
17 29 13 1
9 29 21 1
24 28 3 2
22 28 4 2
20 28 5 2
21 27 3 3
15 25 3 5
5 25 5 5
9 23 3 7
28 30 3 1
27 30 4 1
26 30 5 1
25 30 6 1
24 30 7 1
23 30 8 1
22 30 9 1
21 30 10 1
20 30 11 1
19 30 12 1
18 30 13 1
17 30 14 1
25 29 3 2
23 29 4 2
22 28 3 3
19 27 3 4
10 24 3 7
29 31 3 1
28 31 4 1
27 31 5 1
26 31 6 1
25 31 7 1
24 31 8 1
23 31 9 1
22 31 10 1
21 31 11 1
20 31 12 1
19 31 13 1
18 31 14 1
17 31 15 1
26 30 3 2
24 30 4 2
23 29 3 3
20 29 4 3
20 28 3 4
17 27 3 5
12 27 4 5
14 26 3 6
11 25 3 7
30 32 3 1
29 32 4 1
28 32 5 1
27 32 6 1
26 32 7 1
25 32 8 1
24 32 9 1
22 32 11 1
21 32 12 1
27 31 3 2
25 31 4 2
23 31 5 2
24 30 3 3
21 29 3 4
5 29 7 4
15 27 3 6
9 25 3 8
31 33 3 1
30 33 4 1
29 33 5 1
28 33 6 1
27 33 7 1
26 33 8 1
25 33 9 1
24 33 10 1
22 33 12 1
21 33 13 1
20 33 14 1
26 32 4 2
19 29 3 5
13 27 3 7
32 34 3 1
31 34 4 1
30 34 5 1
29 34 6 1
28 34 7 1
27 34 8 1
26 34 9 1
24 34 11 1
22 34 13 1
27 33 4 2
25 33 5 2
26 32 3 3
23 31 3 4
14 28 3 7
33 35 3 1
32 35 4 1
31 35 5 1
30 35 6 1
29 35 7 1
27 35 9 1
26 35 10 1
24 35 12 1
22 35 14 1
21 35 15 1
9 35 27 1
1 35 35 1
27 33 3 3
24 33 4 3
18 30 3 6
15 29 3 7
34 36 3 1
33 36 4 1
32 36 5 1
31 36 6 1
30 36 7 1
29 36 8 1
27 36 10 1
26 36 11 1
24 36 13 1
27 35 5 2
25 35 6 2
5 33 8 4
13 29 3 8
35 37 3 1
34 37 4 1
33 37 5 1
32 37 6 1
31 37 7 1
30 37 8 1
29 37 9 1
27 37 11 1
26 37 12 1
24 37 14 1
32 36 3 2
26 35 4 3
26 34 3 4
14 32 4 6
17 31 3 7
14 30 3 8
36 38 3 1
35 38 4 1
34 38 5 1
33 38 6 1
32 38 7 1
31 38 8 1
30 38 9 1
29 38 10 1
27 38 12 1
26 38 13 1
24 38 15 1
21 38 18 1
9 38 30 1
33 37 3 2
27 37 6 2
25 37 7 2
27 36 4 3
24 36 5 3
24 34 3 5
37 39 3 1
36 39 4 1
35 39 5 1
34 39 6 1
33 39 7 1
32 39 8 1
31 39 9 1
29 39 11 1
27 39 13 1
26 39 14 1
24 39 16 1
34 38 3 2
32 38 4 2
31 37 3 3
25 35 3 5
5 35 7 5
13 31 3 9
38 40 3 1
37 40 4 1
36 40 5 1
35 40 6 1
34 40 7 1
33 40 8 1
32 40 9 1
31 40 10 1
27 40 14 1
26 40 15 1
24 40 17 1
27 39 7 2
25 39 8 2
32 38 3 3
26 38 5 3
26 36 3 5
14 32 3 9
39 41 3 1
38 41 4 1
37 41 5 1
36 41 6 1
35 41 7 1
34 41 8 1
27 39 5 3
24 39 6 3
26 38 4 4
27 37 3 5
24 36 3 6
40 42 3 1
39 42 4 1
38 42 5 1
37 42 6 1
36 42 7 1
35 42 8 1
33 42 10 1
32 42 11 1
26 42 17 1
37 41 3 2
25 37 3 6
13 33 3 10
41 43 3 1
40 43 4 1
39 43 5 1
38 43 6 1
37 43 7 1
35 41 3 3
32 41 4 3
26 41 6 3
24 39 4 5
42 44 3 1
41 44 4 1
40 44 5 1
39 44 6 1
38 44 7 1
37 44 8 1
36 44 9 1
35 44 10 1
33 44 12 1
32 44 13 1
26 44 19 1
21 44 24 1
37 43 4 2
33 41 3 4
29 41 4 4
21 41 6 4
24 38 3 7
43 45 3 1
42 45 4 1
41 45 5 1
40 45 6 1
39 45 7 1
38 45 8 1
37 45 9 1
36 45 10 1
37 43 3 3
34 42 3 4
26 42 5 4
22 42 6 4
26 41 4 5
21 41 5 5
25 39 3 7
44 46 3 1
43 46 4 1
42 46 5 1
41 46 6 1
40 46 7 1
39 46 8 1
38 46 9 1
37 46 10 1
35 46 12 1
33 46 14 1
32 46 15 1
26 46 21 1
37 45 5 2
38 44 3 3
35 44 4 3
32 44 5 3
26 44 7 3
23 44 8 3
32 42 3 5
27 42 4 5
22 42 5 5
45 47 3 1
44 47 4 1
43 47 5 1
42 47 6 1
41 47 7 1
40 47 8 1
39 47 9 1
37 47 11 1
33 47 15 1
42 46 3 2
33 43 3 5
28 43 4 5
23 43 5 5
30 42 3 6
27 41 3 7
46 48 3 1
45 48 4 1
44 48 5 1
43 48 6 1
42 48 7 1
41 48 8 1
39 48 10 1
37 48 12 1
43 47 3 2
37 46 4 3
37 45 3 4
33 45 4 4
29 45 5 4
28 42 3 7
21 42 4 7
47 49 3 1
46 49 4 1
45 49 5 1
44 49 6 1
43 49 7 1
42 49 8 1
38 47 4 3
35 47 5 3
38 46 3 4
34 46 4 4
26 46 6 4
29 43 3 7
22 43 4 7
48 50 3 1
47 50 4 1
46 50 5 1
45 50 6 1
44 50 7 1
43 50 8 1
42 50 9 1
41 50 10 1
39 50 12 1
45 49 3 2
36 46 3 5
26 46 5 5
30 44 3 7
23 44 4 7
27 43 3 8
49 51 3 1
48 51 4 1
47 51 5 1
46 51 6 1
45 51 7 1
44 51 8 1
43 51 9 1
37 47 3 5
31 45 3 7
28 44 3 8
50 52 3 1
49 52 4 1
48 52 5 1
47 52 6 1
46 52 7 1
45 52 8 1
44 52 9 1
43 52 10 1
42 52 11 1
41 52 12 1
47 51 3 2
38 48 3 5
51 53 3 1
50 53 4 1
49 53 5 1
48 53 6 1
47 53 7 1
46 53 8 1
45 53 9 1
44 53 10 1
43 53 11 1
42 53 12 1
48 52 3 2
27 45 3 9
24 44 3 10
52 54 3 1
51 54 4 1
50 54 5 1
49 54 6 1
48 54 7 1
47 54 8 1
45 54 10 1
44 54 11 1
43 54 12 1
42 54 13 1
41 54 14 1
49 53 3 2
47 53 4 2
46 52 3 3
13 49 7 6
13 48 6 7
28 46 3 9
10 46 5 9
15 45 4 10
53 55 3 1
52 55 4 1
51 55 5 1
50 55 6 1
49 55 7 1
48 55 8 1
50 54 3 2
48 54 4 2
11 53 15 3
11 51 9 5
14 49 6 7
54 56 3 1
53 56 4 1
52 56 5 1
51 56 6 1
50 56 7 1
49 56 8 1
48 56 9 1
47 56 10 1
51 55 3 2
48 54 3 3
5 53 13 4
12 52 9 5
15 50 6 7
55 57 3 1
54 57 4 1
53 57 5 1
52 57 6 1
51 57 7 1
50 57 8 1
49 57 9 1
48 57 10 1
47 57 11 1
52 56 3 2
50 56 4 2
48 56 5 2
10 54 12 4
13 53 9 5
9 51 7 7
56 58 3 1
55 58 4 1
54 58 5 1
53 58 6 1
52 58 7 1
51 58 8 1
49 58 10 1
48 58 11 1
47 58 12 1
53 57 3 2
51 57 4 2
50 56 3 3
10 52 7 7
57 59 3 1
56 59 4 1
55 59 5 1
54 59 6 1
53 59 7 1
52 59 8 1
51 59 9 1
49 59 11 1
48 59 12 1
47 59 13 1
50 58 5 2
51 57 3 3
48 57 4 3
48 56 3 4
12 54 8 6
58 60 3 1
57 60 4 1
56 60 5 1
55 60 6 1
54 60 7 1
53 60 8 1
52 60 9 1
51 60 10 1
49 60 12 1
48 60 13 1
55 59 3 2
51 59 5 2
52 58 3 3
49 57 3 4
40 54 3 7
59 61 3 1
58 61 4 1
57 61 5 1
56 61 6 1
55 61 7 1
54 61 8 1
53 61 9 1
52 61 10 1
51 61 11 1
49 61 13 1
48 61 14 1
56 60 3 2
50 60 6 2
50 59 4 3
60 62 3 1
59 62 4 1
58 62 5 1
57 62 6 1
56 62 7 1
55 62 8 1
54 62 9 1
53 62 10 1
52 62 11 1
51 62 12 1
49 62 14 1
48 62 15 1
47 62 16 1
57 61 3 2
55 61 4 2
53 61 5 2
51 61 6 2
49 61 7 2
39 55 3 8
9 54 6 9
61 63 3 1
60 63 4 1
59 63 5 1
58 63 6 1
57 63 7 1
56 63 8 1
55 63 9 1
54 63 10 1
53 63 11 1
52 63 12 1
51 63 13 1
49 63 15 1
48 63 16 1
47 63 17 1
45 63 19 1
43 63 21 1
42 63 22 1
39 63 25 1
58 62 3 2
56 62 4 2
50 62 7 2
55 61 3 3
52 61 4 3
49 61 5 3
52 60 3 4
40 56 3 8
14 54 5 10
62 64 3 1
61 64 4 1
60 64 5 1
59 64 6 1
58 64 7 1
57 64 8 1
56 64 9 1
55 64 10 1
54 64 11 1
53 64 12 1
52 64 13 1
51 64 14 1
48 64 17 1
59 63 3 2
57 63 4 2
55 63 5 2
56 62 3 3
53 62 4 3
50 62 5 3
50 60 3 5
38 56 3 9
63 65 3 1
62 65 4 1
61 65 5 1
60 65 6 1
59 65 7 1
58 65 8 1
57 65 9 1
56 65 10 1
55 65 11 1
54 65 12 1
53 65 13 1
52 65 14 1
51 65 15 1
48 65 18 1
60 64 3 2
58 64 4 2
56 64 5 2
50 64 8 2
57 63 3 3
54 62 3 4
50 62 4 4
51 61 3 5
39 57 3 9
64 66 3 1
63 66 4 1
62 66 5 1
61 66 6 1
60 66 7 1
59 66 8 1
58 66 9 1
57 66 10 1
56 66 11 1
55 66 12 1
54 66 13 1
53 66 14 1
52 66 15 1
51 66 16 1
48 66 19 1
47 66 20 1
45 66 22 1
61 65 3 2
59 65 4 2
57 65 5 2
55 65 6 2
53 65 7 2
51 65 8 2
49 65 9 2
47 65 10 2
45 65 11 2
43 65 12 2
55 63 3 4
52 62 3 5
37 57 3 10
62 66 3 2
60 66 4 2
50 66 9 2
60 66 3 3
57 66 4 3
54 66 5 3
51 66 6 3
48 66 7 3
45 66 8 3
42 66 9 3
59 65 3 3
56 65 4 3
53 65 5 3
50 65 6 3
47 65 7 3
44 65 8 3
56 64 3 4
52 64 4 4
57 65 3 4
58 66 3 4
54 66 4 4
50 66 5 4
46 66 6 4
42 66 7 4
55 65 3 5
50 65 4 5
45 65 5 5
56 66 3 5
51 66 4 5
46 66 5 5
50 62 3 6
50 64 3 7
51 65 3 7
44 65 4 7
52 66 3 7
45 66 4 7
