715	1224
1913	1224
2838	1224
3869	2878
1847	2878
2390	2878
3173	2878
2295	2878
1513	2878
3683	2878
3165	2878
2101	2878
2095	2878
1729	1390
2992	1390
1462	3757
2581	3757
3437	410
265	410
3592	410
1103	410
2702	2613
2042	2613
4026	2613
1972	3681
670	3562
2933	1375
3033	1375
1847	1375
2390	1375
3173	1375
2295	1375
3683	1375
3165	1375
2101	1375
2095	1375
210	1375
2938	196
3965	946
2992	946
1494	3891
181	3588
1255	3588
941	3588
1825	3588
1467	3588
3283	1891
1244	1891
693	1891
2592	1891
1375	2933
3033	2933
3941	2933
3383	2933
143	2933
1263	2933
3024	2933
3869	2933
1847	2933
2390	2933
3173	2933
1030	2933
1929	2933
2295	2933
2635	2933
1513	2933
3683	2933
3165	2933
2101	2933
2095	2933
1089	989
2015	989
2217	989
3681	989
784	2983
2064	2983
3954	3877
1002	3877
22	1857
362	1857
1494	3322
2307	3322
3639	3322
2046	3322
1438	3322
670	3322
280	3322
2240	3322
1438	2671
670	2671
3020	2671
1729	2916
2992	2916
2737	2916
217	2945
241	2945
3562	2945
3322	2945
2671	2945
1494	2945
2307	2945
3639	2945
2046	2945
1438	2945
670	2945
280	2945
2240	2945
2592	2945
1375	3033
2933	3033
1030	3033
1929	3033
2295	3033
2635	3033
1513	3033
3683	3033
3165	3033
2101	3033
2095	3033
3159	2987
3973	2987
1972	2987
2332	3012
174	3012
2566	76
3081	62
3355	62
1388	3593
108	3593
906	906
1462	906
810	2873
3919	3954
717	3103
3816	3103
1537	3103
2521	3103
367	3103
1757	3103
2581	2656
3856	2906
108	2906
2382	2382
1199	2382
165	1872
764	1872
3021	1872
3938	1872
1810	2584
3598	693
3325	693
1276	2001
3165	3941
2101	3941
2095	3941
1050	1410
3749	1410
2637	1410
567	3742
3626	3742
3825	3742
2592	143
2933	143
3033	143
612	143
3024	143
3869	143
1847	143
2390	143
3173	143
1513	143
3683	143
3165	143
2748	143
2101	143
2095	143
217	143
241	2307
3322	2307
2945	2307
3639	2307
2046	2307
1438	2307
670	2307
2240	2307
89	2307
2694	1645
3436	1645
882	1645
3050	1645
1268	1645
3891	1645
1175	134
1265	1577
1755	1577
2206	1224
693	1467
3158	1467
2061	1467
3917	1467
3376	1467
2518	1467
3976	3009
4022	3009
2525	3009
2613	1103
2702	1103
699	1103
2064	3681
111	244
2165	244
283	3246
916	3246
10	3246
1002	3246
612	1522
2448	1522
58	1522
3302	1522
1103	1522
2613	2702
2240	2671
58	62
1929	62
531	62
1657	62
2900	55
482	55
317	1388
3424	1388
18	1388
3480	1388
38	1388
2749	1388
76	1388
1438	1494
670	1494
2240	1494
1390	1494
946	1729
2916	1729
2370	1729
3937	1729
2992	1729
3297	1729
2358	1410
778	1410
3173	3033
860	3865
711	3865
128	3865
352	2873
2469	2873
2833	2873
830	2873
1772	3175
1868	3175
345	3175
1468	3175
1388	3175
3424	317
38	317
2749	317
3157	317
2256	3801
842	3801
3877	3801
2295	143
89	143
3837	3050
1645	3050
737	3050
578	3050
2480	3050
2378	3050
3355	3147
207	1455
2046	2737
1438	2737
670	2737
2240	2737
3424	3593
3480	3593
38	3593
2749	3593
436	3369
1812	3369
1383	3369
2987	3159
482	3159
546	2455
3903	3225
3158	693
2061	693
3917	693
3838	693
3376	693
2518	693
1746	693
1872	764
3938	764
743	3689
3096	3689
1383	3689
2983	3880
3798	2987
2748	62
2152	3865
2038	3865
1690	3865
3888	3865
2200	3689
2601	2307
1251	3147
1848	3147
2579	3147
4025	3147
3440	1276
2440	1276
3838	1276
3798	1276
1931	474
1506	474
1929	1356
1383	1356
1363	728
2848	585
2312	585
2038	585
1425	585
2393	585
860	585
2900	585
3224	3989
3681	3989
2165	3201
693	3201
1851	77
2354	77
484	2848
2945	2848
2307	3639
2046	3639
1438	3639
670	3639
280	3639
2240	3639
3077	3639
144	1718
264	1718
33	1718
60	1718
1289	1718
127	1718
3776	1718
1716	1806
3848	1806
3891	1806
134	3925
2415	2242
2078	2242
2069	2242
1991	2242
3755	2242
3231	2242
3825	302
2592	3024
2933	3024
3033	3024
2390	3024
3173	3024
1030	3024
1729	3024
2992	2370
1372	2370
3776	2406
3224	2406
2238	1600
1318	1600
1954	1600
2484	1051
2781	1051
2595	2737
2361	1224
402	1224
2350	1224
855	1224
417	1224
2973	341
1931	341
1823	341
2064	341
2106	210
978	210
2737	210
241	217
2307	217
3639	217
2046	217
1438	217
670	217
280	217
2240	217
3147	2378
1848	2378
2592	3825
1375	3825
2933	3825
3033	3825
2015	344
3965	344
2069	344
1498	89
2390	3033
3749	2694
2928	2694
1372	2694
2938	2152
482	46
1248	46
417	46
410	46
1972	3880
1645	882
2635	143
770	1455
1991	1455
241	2737
3562	2737
2945	2737
3639	2737
217	2737
241	2671
2945	2671
3689	2671
3639	2671
743	2671
2046	2671
2878	2671
3825	3033
2394	2584
1363	2584
2987	3973
2694	3973
3436	2354
720	2354
2848	2354
875	2354
2312	1396
2038	1396
2340	1396
860	1396
3544	1396
4016	1022
546	1022
574	1022
62	1022
2158	2141
3081	2141
58	2141
217	2141
241	3639
1835	3639
3681	1718
2983	1806
3826	2406
2167	1224
2001	1467
565	1467
3229	1467
3598	1467
3325	1467
1257	559
134	3891
3925	3891
743	3891
3733	3588
1262	3588
2001	1891
3229	1891
3917	1891
2518	1891
2924	189
1716	2983
3355	2983
1388	2961
3424	2961
149	2961
1931	2788
18	2961
3480	2961
38	2961
2749	2961
2127	2788
35	3648
1311	3648
3267	2264
1835	2656
3776	2656
978	2584
711	2584
722	2584
1103	2584
2242	3231
302	3231
2127	3231
728	693
