6125	290	1
6064	475	1
15828	561	1
18377	22	2
17286	25	2
4368	41	2
9945	79	2
2324	82	2
18101	126	2
5453	254	2
5243	404	2
1479	448	2
11739	464	2
14511	497	2
4163	515	2
3569	96	3
971	103	3
2630	202	3
2533	319	3
4199	359	3
14160	365	3
8671	373	3
6623	408	3
2087	446	3
8006	470	3
4006	487	3
7042	519	3
8088	108	4
8370	301	4
7441	454	4
15167	357	5
9554	435	5
8087	524	5
6964	34	6
4520	37	6
1585	61	6
4078	62	6
12649	159	6
1453	172	6
7725	197	6
9647	282	6
9077	287	6
1139	292	6
18466	333	6
13402	338	6
16922	411	6
16112	412	6
17429	417	6
10891	460	6
7782	496	6
17399	534	6
7469	558	6
9821	228	7
14035	274	7
15130	303	7
5892	414	7
6684	462	7
1500	19	8
4169	33	8
8751	157	8
2311	247	8
9439	322	8
7463	98	9
9373	126	9
14007	219	9
8656	312	9
12729	397	9
12922	426	9
10247	495	9
17320	529	9
16169	143	10
12526	402	10
3938	439	10
15878	508	10
16665	571	10
16885	227	11
5380	234	11
1469	285	11
5231	376	11
8178	434	11
16096	458	11
12008	573	11
5144	116	12
13964	186	12
13924	216	12
4568	218	12
7412	506	12
17073	549	12
1773	99	13
12493	166	13
2942	535	13
8895	193	14
2981	215	14
711	410	14
11600	451	14
850	24	15
6671	26	15
4254	42	15
12709	64	15
11096	83	15
14819	178	15
13136	247	15
6768	337	15
16560	339	15
16147	372	15
16292	387	15
14308	438	15
17445	473	15
13825	507	15
6605	516	15
8623	527	15
6221	575	15
3445	584	15
13537	139	16
13743	405	16
9292	550	16
12383	95	17
11191	130	17
5941	328	17
11307	356	17
11025	576	17
9677	142	18
18376	190	18
3351	326	18
11550	364	18
17137	8	19
7304	33	19
16801	97	19
7893	117	19
3591	157	19
3493	304	19
2902	322	19
7975	388	19
10410	428	19
12799	563	19
4746	261	20
5733	273	20
17185	342	20
2409	585	20
14935	30	21
3274	43	21
2530	213	21
11082	369	21
5576	551	21
1997	2	22
18001	25	22
6704	79	22
9726	80	22
6985	82	22
16060	138	22
15616	208	22
1603	254	22
18212	404	22
11227	448	22
5024	464	22
12079	480	22
9474	497	22
12361	505	22
13932	214	23
10881	300	23
13380	465	23
8156	574	23
16532	15	24
13140	26	24
15370	42	24
8441	64	24
13725	83	24
12357	134	24
17336	178	24
7908	207	24
9863	247	24
11719	265	24
16004	337	24
18022	339	24
7632	372	24
10730	387	24
8817	410	24
11121	415	24
1978	438	24
16581	473	24
1781	507	24
10536	516	24
13545	527	24
17493	575	24
12968	584	24
18427	2	25
15554	22	25
5613	79	25
4553	80	25
8023	82	25
11152	138	25
5167	208	25
17086	254	25
14496	404	25
6433	448	25
1590	464	25
11444	480	25
6890	497	25
11930	505	25
12560	15	26
11842	24	26
8268	42	26
18099	64	26
10230	83	26
4935	134	26
9022	178	26
6862	207	26
6312	247	26
7065	265	26
12336	337	26
13679	339	26
12384	372	26
15798	387	26
18363	410	26
16762	415	26
7600	438	26
6468	473	26
16055	507	26
4069	516	26
4167	527	26
1731	575	26
16590	584	26
6436	299	27
4902	383	27
10323	535	27
16949	539	27
8246	100	28
3717	165	28
13053	209	28
15952	213	28
14355	269	28
9521	446	28
3554	66	29
5700	123	29
13163	226	29
3138	256	29
12458	361	29
17193	377	29
9142	544	29
5277	549	29
2505	585	29
6531	21	30
12780	102	30
4938	117	30
13873	152	30
12375	388	30
2941	390	30
12691	446	30
8719	498	30
6859	249	31
2325	314	31
10461	370	31
14970	423	31
3499	199	32
15651	332	32
15273	393	32
16244	505	32
9359	8	33
12255	19	33
3055	245	33
14899	247	33
17677	283	33
3997	388	33
9037	6	34
8490	51	34
7990	61	34
13291	62	34
2949	88	34
14172	186	34
11394	197	34
7250	218	34
11992	226	34
9316	282	34
15029	287	34
8931	292	34
4786	333	34
10527	338	34
7411	412	34
2395	417	34
6090	460	34
9552	496	34
12130	534	34
10010	142	35
14890	364	35
18098	112	36
14163	161	36
2948	220	36
9698	267	36
9536	403	36
7128	580	36
6883	6	37
17512	61	37
8021	62	37
6698	172	37
18217	197	37
5048	287	37
1240	292	37
4276	333	37
16148	355	37
8362	412	37
9620	417	37
5664	460	37
775	485	37
15447	496	37
14232	534	37
15360	132	38
10226	155	38
16276	293	38
3056	474	38
12133	560	38
13080	55	39
12661	148	39
2075	233	39
14642	525	39
10212	544	39
10417	585	39
7617	70	40
15999	107	40
11564	249	40
2580	385	40
10840	2	41
7315	185	41
8989	237	41
10600	515	41
11014	15	42
8297	24	42
9253	26	42
4468	64	42
15063	83	42
6508	178	42
9612	247	42
10234	337	42
8747	339	42
1422	372	42
6502	387	42
11743	438	42
12387	473	42
17367	507	42
14892	516	42
10303	527	42
12053	575	42
13162	584	42
6030	21	43
9636	213	43
5856	313	43
17470	366	43
17553	390	43
11139	391	43
6256	414	43
17891	458	43
6202	481	43
8168	99	44
1924	310	44
10390	422	44
8516	290	45
4004	311	45
12868	171	46
8703	255	46
16804	278	46
17122	294	46
16208	316	46
597	320	46
5646	374	46
7380	409	46
10262	427	46
8261	440	46
15757	469	46
6177	500	46
16741	522	46
925	582	46
17278	302	47
15732	351	47
18474	369	47
7085	378	47
11652	510	47
1769	561	48
3532	51	49
1715	158	49
12290	216	49
1865	71	50
12910	119	50
8043	146	50
8447	314	50
6072	423	50
11441	34	51
18116	49	51
12664	135	51
5727	158	51
14455	177	51
8962	216	51
10503	218	51
16034	424	51
12873	479	51
8459	52	52
12374	141	52
5228	154	52
17116	162	52
8735	164	52
6345	189	52
18299	248	52
15093	260	52
5030	276	52
8552	305	52
12751	327	52
2410	353	52
4406	375	52
2553	471	52
8082	123	53
12333	312	53
8598	380	53
3834	580	53
8032	81	54
3794	450	54
18025	553	54
1092	39	55
5383	66	55
13727	229	55
7183	233	55
13639	285	55
10921	361	55
1525	377	55
11406	544	55
3297	109	56
14765	195	56
11680	139	57
15107	144	57
2690	181	57
4282	535	57
15706	550	57
5818	160	58
11144	281	58
18463	298	58
4775	80	59
6692	138	59
16489	210	59
6736	257	59
15209	382	59
1450	127	60
13771	347	60
11428	431	60
6423	466	60
13520	489	60
5990	568	60
1377	6	61
16138	34	61
1054	37	61
15956	62	61
13826	159	61
7591	172	61
7723	197	61
17794	287	61
5441	292	61
1234	333	61
4129	411	61
1438	412	61
17986	417	61
13176	460	61
9516	496	61
17371	534	61
11835	558	61
16483	6	62
2678	34	62
2100	37	62
14649	61	62
16195	159	62
6687	172	62
3003	197	62
10542	287	62
16558	292	62
16001	333	62
2591	411	62
4221	412	62
5427	417	62
17084	460	62
13693	496	62
15280	534	62
5653	558	62
12091	93	63
13404	98	63
17673	112	63
17619	161	63
4785	174	63
2475	256	63
10343	312	63
8824	354	63
3577	388	63
4036	437	63
17023	495	63
11725	586	63
3167	15	64
10544	24	64
6287	26	64
5790	42	64
12419	83	64
13174	134	64
2769	178	64
8582	205	64
1753	247	64
7268	265	64
4515	337	64
3399	339	64
10246	372	64
11674	387	64
7330	410	64
15283	415	64
15250	438	64
13816	473	64
11163	507	64
4007	516	64
2924	527	64
13654	575	64
1882	584	64
1737	129	65
7611	383	65
7220	463	65
7520	29	66
6778	55	66
9144	84	66
13689	123	66
6979	267	66
13032	361	66
14080	403	66
10154	109	67
6092	564	67
625	72	68
12002	114	68
5108	135	68
2727	177	68
17870	214	68
663	277	68
13315	424	68
2245	465	68
6378	479	68
6365	548	68
16876	186	69
14237	216	69
9906	289	69
2777	40	70
8849	107	70
1907	119	70
9784	368	70
1809	370	70
16291	50	71
938	146	71
2524	423	71
5187	68	72
11524	135	72
4286	177	72
14068	362	72
5301	424	72
3992	479	72
11372	548	72
13645	88	73
10601	273	73
16072	394	73
9656	537	73
15771	585	73
8650	450	74
1031	517	74
11751	540	74
8621	321	75
11589	386	75
7298	258	76
18196	345	76
15001	101	77
14958	198	77
3312	219	77
15336	275	77
9062	296	77
12700	325	77
9708	359	77
3575	373	77
9641	425	77
15544	499	77
9676	519	77
4823	533	77
15190	540	77
17400	546	77
3928	581	77
13476	238	78
6440	518	78
1029	571	78
16092	2	79
6259	22	79
16846	25	79
16255	80	79
9723	82	79
15148	138	79
4341	208	79
13209	254	79
17043	404	79
4794	448	79
12481	464	79
17161	480	79
12459	497	79
11626	505	79
6218	22	80
862	25	80
14840	59	80
1209	79	80
6528	82	80
3447	185	80
10046	254	80
17529	382	80
9328	404	80
8061	448	80
6471	464	80
6428	497	80
2127	54	81
14747	139	81
5933	550	81
11219	2	82
2226	22	82
2952	25	82
5356	79	82
2740	80	82
4390	208	82
1126	254	82
15207	404	82
3556	448	82
18425	464	82
4072	480	82
9065	497	82
10816	505	82
14198	15	83
6567	24	83
12217	26	83
10485	42	83
16645	64	83
4948	134	83
5403	178	83
8100	207	83
8748	247	83
12373	265	83
17865	337	83
12435	339	83
10517	372	83
9177	387	83
2182	410	83
1642	415	83
13680	438	83
1772	473	83
7749	507	83
11411	516	83
15960	527	83
12316	575	83
10819	584	83
16452	66	84
16214	88	84
9156	116	84
1951	226	84
11960	239	84
4905	549	84
11970	186	85
9501	274	85
10346	289	85
7573	505	85
5550	506	85
15920	138	86
16608	413	86
9361	275	87
9160	315	87
15022	425	87
8142	533	87
6806	34	88
5382	73	88
15438	84	88
909	161	88
13344	186	88
2282	216	88
5351	218	88
15437	394	88
6933	506	88
1410	549	88
15870	585	88
9094	357	89
6683	380	89
15308	435	89
15918	104	90
2945	357	90
5715	136	91
14310	252	92
611	340	92
13841	393	92
1200	415	92
9327	490	92
8186	532	92
18354	63	93
13669	112	93
10711	378	93
14778	429	93
5388	439	93
4986	452	93
8388	555	93
5569	557	93
931	571	93
5720	586	93
6676	234	94
10688	303	94
2152	462	94
8294	540	94
16791	17	95
16684	142	95
5864	356	95
8265	3	96
5579	103	96
7092	128	96
10207	201	96
14121	411	96
10960	439	96
3182	453	96
5468	529	96
4025	542	96
8691	557	96
5994	19	97
2901	202	97
10757	206	97
10157	470	97
10101	9	98
6536	63	98
13509	354	98
3875	13	99
14167	44	99
10260	106	99
1409	113	99
13448	115	99
4588	173	99
1131	241	99
3243	253	99
14680	276	99
4214	331	99
14897	407	99
11098	565	99
15871	588	99
13659	28	100
16029	269	100
9887	77	101
4951	198	101
3885	219	101
2540	275	101
9779	296	101
7898	325	101
11445	359	101
2517	373	101
10377	425	101
2166	499	101
12839	519	101
665	533	101
1522	540	101
5786	546	101
4153	581	101
10731	30	102
15672	184	102
17731	245	102
11528	304	102
6635	458	102
5596	551	102
14228	3	103
12727	96	103
8189	319	103
8739	408	103
3684	446	103
12762	90	104
595	307	104
12767	357	104
12557	358	104
5703	191	105
14573	307	105
11234	357	105
9893	430	105
17992	547	105
8387	99	106
12359	173	106
17162	40	107
8801	70	107
3071	128	107
13856	357	107
9424	524	107
3068	579	107
12528	4	108
7781	454	108
5459	456	108
4837	56	109
6001	67	109
7251	344	109
8056	284	110
17518	318	110
4764	399	110
4987	503	110
4131	121	111
4321	132	111
13650	152	111
6035	229	111
6008	262	111
10434	324	111
14531	361	111
9707	426	111
10124	474	111
6600	36	112
12660	63	112
1528	93	112
16925	121	112
5975	418	112
12719	495	112
10165	523	112
651	99	113
13335	137	113
6573	68	114
11196	135	114
14677	177	114
11115	362	114
12545	424	114
4447	479	114
1081	99	115
18169	173	115
4257	276	115
3346	12	116
10116	84	116
13722	165	116
9081	239	116
9992	474	116
10270	529	116
1806	549	116
11437	573	116
3538	19	117
14103	30	117
9987	155	117
8855	322	117
18060	505	117
4860	153	118
16699	200	118
12035	306	118
6126	484	118
9660	50	119
5821	70	119
10373	146	119
10794	284	120
14230	111	121
3874	112	121
5647	174	121
7460	209	121
8125	229	121
3555	418	121
10799	426	121
16854	476	121
16009	521	121
5738	580	121
15606	231	122
17174	289	122
4400	360	122
9222	29	123
11941	53	123
10752	66	123
9838	134	123
2088	233	123
3032	256	123
10975	397	123
3692	437	123
12663	549	123
12987	196	124
2249	366	124
17037	414	124
1767	457	124
15123	491	124
8776	560	124
8065	573	124
17444	564	125
17483	2	126
8604	9	126
2770	134	126
2415	397	126
2723	480	126
12572	488	126
1319	515	126
5541	60	127
8149	493	127
7968	96	128
16931	107	128
1277	245	128
12049	370	128
4091	529	128
9202	65	129
1222	329	129
14428	463	129
9666	504	129
17192	512	129
8688	17	130
12134	150	130
18105	328	130
15084	356	130
12188	445	130
5224	572	130
6556	576	130
10642	226	131
6442	239	131
17415	275	131
16437	315	131
4949	365	131
9768	425	131
3774	38	132
977	111	132
5642	229	132
4475	378	132
10463	580	132
5536	163	133
3568	24	134
8277	26	134
12379	64	134
5676	83	134
10218	123	134
4303	126	134
8594	191	134
621	239	134
4143	265	134
2096	336	134
1005	337	134
1286	339	134
4756	354	134
1883	372	134
7307	387	134
1835	397	134
6279	438	134
8878	507	134
18202	516	134
16507	527	134
4269	575	134
1891	584	134
5019	51	135
8821	68	135
8782	72	135
12325	114	135
1207	144	135
3859	177	135
12282	277	135
8333	362	135
12546	424	135
8077	479	135
4656	91	136
8211	113	137
12308	162	137
9465	243	137
6785	288	137
11587	22	138
17062	25	138
12126	59	138
5515	79	138
2232	86	138
4145	254	138
3607	404	138
12564	413	138
2063	448	138
14658	464	138
17989	497	138
7734	501	138
15597	16	139
5486	57	139
8734	81	139
8269	181	139
6599	266	139
9902	447	139
18308	550	139
1903	553	139
12981	191	140
15846	307	140
8842	357	140
2333	379	140
3926	430	140
12117	52	141
6624	141	141
6498	18	142
12380	35	142
8990	95	142
11627	364	142
5373	468	142
5447	520	142
18317	526	142
6895	10	143
967	297	143
10430	439	143
11504	571	143
8224	580	143
12389	57	144
10486	135	144
17584	177	144
5425	424	144
7633	479	144
3966	540	144
8903	374	145
2565	381	145
16257	500	145
14661	50	146
8709	71	146
9272	119	146
16744	368	146
2534	180	147
3806	270	147
13150	346	147
1825	392	147
7082	514	147
2217	39	148
8741	233	148
2091	537	148
11475	544	148
16668	269	149
15576	384	149
18383	562	149
2647	130	150
12494	364	150
7472	445	150
9402	542	150
15610	572	150
1571	576	150
7353	170	151
12565	553	151
13124	30	152
15850	111	152
16224	163	152
14371	269	152
1408	529	152
8064	118	153
5076	317	153
3522	494	153
1593	52	154
774	154	154
11854	38	155
5063	117	155
1106	184	155
17461	262	155
16685	304	155
4417	196	156
15399	376	156
13295	411	156
12999	542	156
11682	557	156
1349	8	157
5370	19	157
9837	388	157
2619	563	157
3838	49	158
3633	51	158
6482	264	158
17718	394	158
5352	486	158
13466	6	159
4891	61	159
5555	62	159
11287	193	159
15116	197	159
16690	211	159
17603	246	159
5901	287	159
15995	292	159
7565	333	159
6146	412	159
1391	417	159
5471	460	159
5125	472	159
12328	496	159
14923	534	159
3905	58	160
2164	285	160
15751	298	160
5357	376	160
17258	390	160
15796	391	160
7155	411	160
14744	542	160
16215	36	161
13424	63	161
6866	88	161
6269	240	161
16352	267	161
4412	312	161
5364	354	161
16118	437	161
8350	476	161
8844	585	161
12921	586	161
810	52	162
13009	137	162
13658	162	162
12043	323	162
2314	133	163
7257	152	163
3266	262	163
5126	52	164
7969	164	164
8592	28	165
2758	116	165
16972	219	165
2872	406	165
10237	487	165
14309	529	165
14624	13	166
10337	194	166
14008	421	166
3634	461	166
6514	328	167
10732	520	167
15448	206	168
1520	283	168
8825	365	168
7187	462	168
10604	570	168
11629	587	168
4824	193	169
3249	211	169
8199	246	169
8078	472	169
11239	151	170
9108	553	170
2616	46	171
4939	255	171
3038	278	171
16907	294	171
11831	316	171
6270	320	171
5124	374	171
13889	409	171
8986	427	171
17901	440	171
11415	469	171
10089	500	171
18296	522	171
9692	582	171
9581	6	172
5464	37	172
13043	61	172
15558	62	172
12444	197	172
14519	204	172
14200	215	172
11569	282	172
11242	287	172
3465	292	172
4894	333	172
17560	338	172
7576	412	172
9877	417	172
1952	460	172
8749	472	172
5656	496	172
3917	534	172
2554	558	172
4342	99	173
9171	106	173
16377	115	173
9306	241	173
12697	253	173
14183	276	173
6426	331	173
8558	565	173
14994	63	174
11541	121	174
10114	251	174
11990	418	174
8396	426	174
10948	566	174
13986	586	174
14805	276	175
10970	289	176
5171	443	176
11722	51	177
12485	68	177
16667	72	177
4962	114	177
7375	135	177
17661	144	177
15904	277	177
13896	362	177
17841	424	177
1723	479	177
15776	15	178
16323	24	178
3820	26	178
10243	42	178
11787	64	178
8334	83	178
17266	247	178
16278	337	178
5616	339	178
12694	372	178
898	387	178
5758	438	178
9079	473	178
9894	507	178
14423	516	178
17856	527	178
5589	575	178
908	584	178
7171	219	179
6309	256	179
2292	312	179
11073	543	179
13081	147	180
2907	270	180
17020	318	180
4337	422	180
13242	57	181
14498	139	181
9101	541	181
2570	550	181
5673	313	182
17312	367	182
10875	536	182
18036	578	182
9637	234	183
813	324	183
2349	385	183
10880	426	183
8165	102	184
1159	155	184
12416	304	184
17956	400	184
7242	498	184
2970	41	185
16901	80	185
13875	244	185
11988	335	185
16747	352	185
13763	382	185
10831	517	185
10797	531	185
4018	12	186
6403	34	186
6854	69	186
5706	85	186
16620	88	186
13729	216	186
9493	226	186
8392	303	186
9529	506	186
17123	532	186
11678	549	186
5499	196	187
11194	209	187
14663	330	187
15748	350	187
5598	551	187
12391	354	188
16953	429	188
12522	451	188
8299	481	188
10855	52	189
12959	189	189
13373	18	190
7393	105	191
6805	134	191
16742	140	191
3026	225	191
4138	313	191
2885	366	191
6548	547	191
8636	564	192
2961	14	193
4623	159	193
2434	169	193
9605	211	193
1321	215	193
13401	485	193
1876	166	194
8864	421	194
15083	56	195
11525	564	195
8321	124	196
5657	156	196
18347	187	196
17372	223	196
14588	389	196
7599	411	196
18100	542	196
11238	557	196
2157	6	197
3289	34	197
11167	37	197
16612	61	197
9233	62	197
12675	159	197
7572	172	197
11087	287	197
17405	292	197
12670	333	197
8894	411	197
2846	412	197
7636	417	197
17524	460	197
4436	496	197
3330	534	197
15416	558	197
10075	77	198
17669	101	198
15710	275	198
3592	296	198
6701	499	198
15505	546	198
4181	32	199
5625	207	199
1765	239	199
4233	332	199
9330	505	199
2320	532	199
16621	118	200
15600	291	200
10315	96	201
799	219	201
9725	324	201
2020	385	201
12190	426	201
4363	434	201
3628	529	201
7932	557	201
17687	3	202
2138	97	202
1492	269	202
10832	283	202
9319	303	202
16380	462	202
12272	470	202
17471	488	202
17025	570	202
12260	587	202
12768	255	203
9955	294	203
17351	172	204
1662	215	204
12775	282	204
3291	338	204
729	411	204
6957	64	205
16559	265	205
3968	415	205
8152	473	205
10193	97	206
1433	168	206
1461	570	206
1344	587	206
10914	24	207
3268	26	207
2974	83	207
14967	199	207
5844	265	207
16648	337	207
9687	339	207
3354	372	207
6151	387	207
17184	438	207
15661	473	207
17798	490	207
4408	516	207
6347	527	207
4927	532	207
3199	575	207
2371	584	207
7170	22	208
16217	25	208
3400	79	208
16140	82	208
11099	254	208
2656	404	208
8409	448	208
13423	464	208
10861	497	208
14878	501	208
3788	28	209
4095	121	209
9743	187	209
10965	213	209
7926	330	209
2198	59	210
14209	237	210
18453	239	210
12940	257	210
15721	416	210
13062	159	211
2290	169	211
16327	193	211
7936	477	211
13458	485	211
6668	318	212
3117	552	212
8345	21	213
12791	28	213
890	43	213
16863	209	213
10653	418	213
12174	451	213
9369	476	213
4472	23	214
16015	68	214
5438	262	214
8583	300	214
8660	465	214
13584	574	214
6693	14	215
9504	172	215
4984	193	215
9500	204	215
16538	246	215
6081	472	215
18000	12	216
10030	49	216
13890	51	216
15778	69	216
9842	88	216
15729	186	216
18211	273	216
6756	289	216
15011	259	217
9044	415	217
5407	530	217
14807	12	218
4329	34	218
10001	51	218
666	88	218
1361	274	218
2563	9	219
10162	77	219
1249	101	219
11822	165	219
16940	179	219
8789	201	219
17106	296	219
16554	499	219
12248	529	219
13681	546	219
11257	36	220
10634	240	220
15803	377	220
10451	403	220
4035	406	220
4333	580	220
1346	482	221
4021	583	221
13502	351	222
3092	378	222
15303	196	223
15546	251	224
9881	341	224
4985	378	224
6396	433	224
13206	509	224
4799	555	224
13490	191	225
8856	240	225
4079	307	225
9737	379	225
12963	401	225
9998	513	225
5908	29	226
4958	34	226
12654	84	226
17871	131	226
10937	186	226
18351	228	226
9303	274	226
16631	303	226
9217	347	226
5863	481	226
6545	11	227
5279	285	227
13285	434	227
3624	544	227
1101	556	227
7274	7	228
18074	226	228
2652	303	228
14678	491	228
7158	543	228
6370	55	229
14406	111	229
8965	121	229
13104	132	229
16998	251	229
8432	406	229
3223	420	229
4311	341	230
8177	378	230
15684	521	230
4160	555	230
9143	566	230
6051	122	231
15643	478	231
3062	484	231
10467	493	231
16083	263	232
6015	311	232
14147	432	232
7536	492	232
14410	539	232
8233	561	232
6790	569	232
4918	39	233
6474	55	233
6516	123	233
15202	148	233
9690	256	233
12783	267	233
7722	343	233
8225	376	233
17758	389	233
7177	406	233
17499	544	233
13797	11	234
2095	94	234
1791	183	234
14606	390	234
7314	491	234
13892	318	235
926	368	235
12339	493	235
1066	342	236
7378	435	236
10491	585	236
589	41	237
789	210	237
3221	515	237
18415	78	238
16237	402	238
1979	439	238
9318	454	238
14694	84	239
16637	116	239
15293	131	239
1411	134	239
2094	199	239
13004	210	239
13088	161	240
9148	220	240
11821	225	240
13117	267	240
10623	379	240
1569	437	240
8428	99	241
6175	173	241
15744	279	242
1455	137	243
2117	422	243
15739	185	244
10789	413	244
12834	505	244
2459	517	244
3686	531	244
10441	33	245
17232	102	245
13139	128	245
15957	304	245
7234	330	245
2474	498	245
16875	159	246
1125	169	246
1598	215	246
17340	472	246
16428	8	247
15991	15	247
5004	24	247
12534	26	247
7811	33	247
12324	42	247
3698	64	247
16430	83	247
17406	178	247
18120	262	247
3206	337	247
2242	339	247
7522	372	247
11024	387	247
15738	438	247
5791	474	247
5334	507	247
2430	516	247
4005	527	247
8533	575	247
604	584	247
17935	52	248
17588	248	248
9795	31	249
13031	40	249
8584	314	249
9193	370	249
659	309	250
8847	313	250
15615	341	250
11618	174	251
7533	224	251
14417	229	251
5857	420	251
1637	92	252
17223	259	252
16658	340	252
7302	393	252
1926	490	252
5989	530	252
7096	99	253
4449	173	253
6681	2	254
18067	22	254
9588	25	254
6908	79	254
14247	80	254
16689	82	254
8681	138	254
3205	208	254
1789	404	254
15277	448	254
12160	464	254
13400	480	254
6552	497	254
10227	505	254
3076	46	255
5238	171	255
5420	203	255
11669	278	255
6206	294	255
11093	316	255
4032	320	255
11220	440	255
10744	469	255
8525	522	255
4933	29	256
11998	63	256
746	123	256
840	179	256
8300	233	256
3340	312	256
9466	361	256
15142	403	256
17485	495	256
18097	59	257
872	210	257
9219	76	258
9379	345	258
9681	399	258
6996	538	258
3116	552	258
9254	217	259
719	252	259
13445	336	259
17807	415	259
17656	444	259
9467	530	259
4783	52	260
16960	260	260
11228	20	261
5476	380	261
17948	437	261
3922	111	262
11910	155	262
18219	163	262
12059	214	262
5183	247	262
12519	420	262
8992	232	263
10195	311	263
4909	432	263
3959	492	263
1813	539	263
11933	561	263
2880	569	263
15114	158	264
8882	24	265
14021	26	265
4953	64	265
13240	83	265
5071	134	265
1805	205	265
10135	207	265
16927	336	265
15015	337	265
8759	339	265
4742	372	265
2105	387	265
15177	410	265
13739	415	265
8921	438	265
7035	473	265
10747	507	265
7329	516	265
11497	527	265
641	575	265
14320	584	265
11645	139	266
12399	550	266
8449	36	267
1452	66	267
8766	161	267
8772	233	267
7431	240	267
8352	403	267
4547	418	267
14385	355	268
11207	442	268
15653	485	268
6404	558	268
4757	28	269
15921	100	269
8011	149	269
911	152	269
18009	202	269
2609	384	269
17093	398	269
3635	470	269
1115	481	269
3468	562	269
4000	567	269
10823	147	270
7342	180	270
912	318	270
2657	346	270
7644	357	271
15590	380	271
4825	398	272
7519	436	272
4308	567	272
3545	20	273
4190	73	273
4225	216	273
11545	437	273
16079	585	273
18037	7	274
9869	85	274
17227	218	274
11321	226	274
17733	408	274
6592	425	274
17695	481	274
17197	77	275
3145	87	275
7718	101	275
6580	131	275
15422	198	275
15662	296	275
12274	499	275
15896	533	275
15485	546	275
1505	581	275
12659	52	276
3523	99	276
5759	115	276
10070	173	276
11560	175	276
7980	276	276
15012	305	276
18030	327	276
11944	68	277
3979	135	277
8683	177	277
15200	424	277
11867	479	277
12559	46	278
13709	171	278
2733	255	278
3994	294	278
5534	316	278
11670	320	278
1269	374	278
6566	409	278
4435	427	278
13836	440	278
10060	469	278
13660	500	278
14731	522	278
7529	582	278
7642	242	279
1984	554	279
4988	559	279
2130	290	280
4067	311	280
14943	58	281
6926	441	281
17152	6	282
7550	34	282
17188	172	282
9825	204	282
14504	338	282
3871	411	282
15733	558	282
7784	33	283
13052	168	283
6388	202	283
5836	462	283
14558	470	283
7681	110	284
3185	120	284
10404	318	284
8098	405	284
16296	502	284
2966	503	284
16180	538	284
17212	11	285
7336	55	285
9764	160	285
2968	227	285
2338	343	285
11449	385	285
12353	389	285
4081	390	285
3514	441	285
7733	556	285
9086	291	286
6920	360	286
14889	396	286
7674	6	287
3054	34	287
4527	37	287
3146	61	287
16659	62	287
15843	159	287
11881	172	287
1466	197	287
14720	292	287
3181	333	287
14652	411	287
15833	412	287
8293	417	287
2938	460	287
1628	496	287
10606	534	287
4070	558	287
8960	137	288
10862	323	288
12127	422	288
10254	69	289
9135	85	289
5493	122	289
3460	176	289
14927	216	289
17017	1	290
13040	45	290
12106	280	290
3645	311	290
7532	475	290
3267	200	291
600	286	291
1094	306	291
9257	360	291
7111	484	291
17454	6	292
846	34	292
12790	37	292
8818	61	292
15018	62	292
9658	159	292
10703	172	292
5655	197	292
10602	287	292
15013	333	292
4682	411	292
6123	412	292
4934	417	292
13497	460	292
4514	496	292
10750	534	292
4895	558	292
5136	38	293
3601	350	293
4929	474	293
13663	555	293
14518	560	293
14278	46	294
13111	171	294
10473	203	294
8315	255	294
14974	278	294
2204	316	294
2008	320	294
1888	440	294
8631	467	294
5358	468	294
2317	469	294
11471	522	294
3719	416	295
17742	490	295
8411	532	295
13473	77	296
17836	101	296
10617	198	296
16386	219	296
17697	275	296
3284	325	296
17487	359	296
806	373	296
10458	425	296
9969	499	296
11701	519	296
5804	533	296
2302	540	296
16738	546	296
11261	581	296
9550	143	297
10169	363	297
14924	518	297
13833	571	297
9830	58	298
9061	160	298
2337	390	298
8701	441	298
13604	453	298
3760	27	299
16403	349	299
8657	23	300
12140	214	300
15024	465	300
13008	574	300
10692	4	301
9903	449	301
6462	454	301
16993	47	302
684	351	302
8920	369	302
17597	378	302
4205	510	302
4213	7	303
15386	94	303
1468	186	303
14020	202	303
5296	226	303
14462	228	303
7495	414	303
12742	470	303
15494	491	303
8004	19	304
10376	102	304
2273	155	304
14389	184	304
13631	245	304
17617	400	304
9607	414	304
12489	498	304
4670	560	304
9258	52	305
16548	276	305
4657	305	305
6412	118	306
3186	291	306
5690	484	306
15978	104	307
16468	105	307
3671	140	307
15527	225	307
15680	357	307
2436	358	307
1832	430	307
3506	513	307
15974	547	307
13751	341	308
13407	378	308
4826	419	308
13938	555	308
11887	250	309
10102	367	309
7243	369	309
7180	452	309
15829	509	309
9618	523	309
689	44	310
12189	45	311
13010	232	311
4531	263	311
13045	280	311
14165	290	311
13013	432	311
16833	492	311
1658	561	311
7334	569	311
9273	9	312
3391	53	312
4008	63	312
6068	161	312
8173	179	312
15926	256	312
14634	354	312
14281	476	312
14298	495	312
16334	43	313
17389	182	313
10305	191	313
14491	250	313
10958	363	313
16126	368	313
8404	508	313
11592	536	313
6234	31	314
2781	50	314
13847	249	314
7789	87	315
13066	131	315
2548	365	315
9873	425	315
4038	46	316
11040	171	316
9130	255	316
10459	278	316
5242	294	316
8777	320	316
17436	374	316
11865	409	316
15066	427	316
851	440	316
12501	469	316
1347	500	316
15414	522	316
5252	582	316
14832	153	317
13310	110	318
3898	180	318
16474	212	318
1253	235	318
4080	270	318
7021	284	318
1973	346	318
11641	348	318
7710	503	318
5424	552	318
16115	3	319
14492	103	319
16389	46	320
12916	171	320
1315	255	320
13217	278	320
5455	294	320
17168	316	320
5013	374	320
10076	409	320
2069	427	320
6405	440	320
9406	469	320
2446	500	320
10202	522	320
8066	582	320
4739	75	321
15822	398	321
8517	567	321
15966	8	322
5135	19	322
12561	117	322
13366	428	322
10656	162	323
15628	288	323
7637	334	323
16135	422	323
3010	111	324
12293	183	324
17478	201	324
17744	414	324
13956	426	324
14399	77	325
9871	101	325
9665	296	325
4124	499	325
16498	533	325
4446	546	325
4640	581	325
2299	18	326
6722	52	327
5055	276	327
16990	327	327
17335	17	328
6188	130	328
2350	167	328
2399	356	328
18163	520	328
5027	576	328
3598	129	329
10023	463	329
11285	504	329
17088	511	329
1370	187	330
1557	209	330
4101	245	330
2722	551	330
2684	560	330
15900	99	331
1204	173	331
7764	32	332
11378	199	332
9761	393	332
13974	395	332
13203	505	332
2971	6	333
8413	34	333
15964	37	333
6809	61	333
5627	62	333
7885	159	333
12875	172	333
2494	197	333
6731	287	333
5746	292	333
5571	411	333
14910	412	333
15051	417	333
8796	460	333
3770	496	333
1647	534	333
3955	558	333
10183	323	334
4234	392	334
12907	185	335
3491	517	335
4184	531	335
3328	134	336
6983	259	336
4155	265	336
12832	340	336
13342	444	336
6773	473	336
7511	530	336
9749	15	337
5956	24	337
13151	26	337
6088	42	337
11747	64	337
3939	83	337
8274	134	337
13442	178	337
4917	207	337
5794	247	337
12891	265	337
5608	339	337
18391	372	337
14789	387	337
14369	410	337
7026	415	337
4807	438	337
10758	473	337
8151	507	337
5885	516	337
2503	527	337
17360	575	337
4705	584	337
10072	6	338
864	34	338
16799	172	338
1416	204	338
3448	282	338
4496	411	338
2397	558	338
17173	15	339
9046	24	339
6579	26	339
16273	42	339
1497	64	339
1068	83	339
12148	134	339
13761	178	339
11299	207	339
7771	247	339
11479	265	339
10513	337	339
13094	372	339
10785	387	339
6588	410	339
14018	415	339
13408	438	339
7829	473	339
4377	507	339
6894	516	339
14957	527	339
15382	575	339
9411	584	339
14922	92	340
17920	252	340
2557	336	340
1816	393	340
15992	415	340
8478	224	341
17015	230	341
6744	250	341
2926	308	341
5236	378	341
7602	419	341
12305	433	341
16260	509	341
13200	521	341
8130	555	341
3296	566	341
7136	20	342
17903	236	342
13033	435	342
13767	585	342
14823	233	343
18333	285	343
14977	389	343
15014	109	344
6506	76	345
18373	258	345
2567	399	345
6196	147	346
16638	270	346
14291	318	346
16789	422	346
1402	60	347
18078	226	347
13083	406	347
13479	318	348
5089	552	348
14045	299	349
1714	383	349
9285	504	349
5267	535	349
15086	187	350
17213	293	350
15226	560	350
2150	47	351
16717	222	351
1837	302	351
18459	369	351
8327	378	351
16226	418	351
12616	510	351
4965	185	352
12784	480	352
16673	517	352
1510	531	352
6135	52	353
2915	353	353
13566	63	354
15247	98	354
5648	134	354
17358	161	354
13118	188	354
15548	312	354
10120	437	354
17274	37	355
15403	268	355
16765	558	355
7016	17	356
2932	95	356
15940	130	356
15674	328	356
3474	576	356
16070	5	357
9039	89	357
8083	90	357
11741	104	357
3613	105	357
1259	107	357
6674	140	357
15534	271	357
11529	307	357
2585	358	357
6086	367	357
7518	380	357
13941	430	357
14727	435	357
17393	513	357
9405	524	357
7766	547	357
16222	579	357
7179	104	358
13500	307	358
6856	357	358
7435	3	359
1852	77	359
5963	101	359
3365	296	359
15321	373	359
2864	425	359
13730	499	359
16527	519	359
17526	540	359
12067	546	359
11476	581	359
7327	122	360
15495	286	360
9336	291	360
10489	484	360
5078	29	361
14773	55	361
11145	66	361
14212	111	361
2691	256	361
3911	377	361
14301	403	361
4385	72	362
10713	114	362
9752	135	362
6973	177	362
8645	424	362
16563	479	362
16895	297	363
11079	313	363
2858	508	363
18450	18	364
11278	35	364
9860	142	364
3403	150	364
12505	445	364
5734	468	364
10087	572	364
13703	3	365
4615	131	365
9300	168	365
3537	315	365
10294	43	366
5693	124	366
16610	191	366
3768	378	366
3731	434	366
6341	182	367
15194	309	367
4723	357	367
3513	454	367
8464	536	367
15343	571	367
8046	70	368
9542	146	368
8861	235	368
9274	313	368
8312	423	368
6970	21	369
914	47	369
4978	302	369
2056	309	369
13699	351	369
17905	509	369
9310	510	369
7760	31	370
7954	70	370
10795	128	370
13674	249	370
2587	396	371
13842	455	371
7995	585	371
5867	15	372
16104	24	372
12611	26	372
4216	42	372
16356	64	372
13098	83	372
18294	134	372
16999	178	372
15455	207	372
1326	247	372
10280	265	372
5739	337	372
16056	339	372
7461	387	372
10471	410	372
11663	415	372
12472	438	372
8911	473	372
3001	507	372
6358	516	372
5066	527	372
9218	575	372
11619	584	372
1819	3	373
7941	77	373
14546	101	373
15609	296	373
1746	359	373
11548	425	373
4713	499	373
12872	519	373
14058	540	373
7783	546	373
17749	581	373
18334	46	374
8590	145	374
17233	171	374
695	278	374
12574	316	374
15178	320	374
12460	440	374
5893	469	374
12240	522	374
14270	545	374
17432	52	375
6264	375	375
4345	11	376
12352	156	376
9362	160	376
15443	233	376
13345	29	377
8993	55	377
2996	220	377
1345	361	377
16044	47	378
8477	93	378
2500	132	378
10577	222	378
11314	224	378
5039	230	378
17467	302	378
2233	308	378
12347	341	378
12447	351	378
10829	366	378
2243	419	378
14567	433	378
5965	510	378
7157	521	378
11863	566	378
7078	140	379
8912	225	379
15488	240	379
8213	401	379
17947	53	380
7033	89	380
7211	261	380
9282	271	380
7755	357	380
14331	437	380
10599	145	381
11785	427	381
16264	545	381
1398	59	382
4352	80	382
10357	185	382
17745	397	382
17074	27	383
7413	65	383
4517	349	383
18197	149	384
3252	269	384
9727	562	384
4829	40	385
1198	183	385
13955	201	385
8576	285	385
2221	429	385
5942	75	386
10640	436	386
13983	15	387
4722	24	387
16159	26	387
11544	42	387
11173	64	387
14507	83	387
6133	134	387
9137	178	387
12271	207	387
1026	247	387
9766	265	387
1401	337	387
12478	339	387
8146	372	387
7168	410	387
6381	415	387
10906	438	387
4694	473	387
18046	507	387
5405	516	387
609	527	387
1301	575	387
13929	584	387
802	19	388
16928	30	388
3143	33	388
17513	63	388
4865	157	388
9907	563	388
9417	196	389
11530	233	389
12236	285	389
2156	343	389
9200	451	389
1604	30	390
2943	43	390
3482	160	390
7184	234	390
4959	285	390
7034	298	390
10180	391	390
18328	411	390
14933	441	390
17688	457	390
1374	529	390
17587	573	390
1783	43	391
16035	160	391
10313	390	391
12454	434	391
1417	441	391
16609	457	391
7280	573	391
12566	147	392
13683	334	392
2855	514	392
10329	32	393
18400	92	393
3655	252	393
5601	332	393
5701	340	393
2038	416	393
3419	73	394
4462	88	394
9983	158	394
9745	585	394
12741	332	395
1503	410	395
12512	528	395
15215	286	396
6189	371	396
5177	455	396
2194	585	396
15509	9	397
7503	123	397
18465	126	397
13876	134	397
5141	382	397
7359	269	398
4197	272	398
2863	321	398
1616	567	398
7662	110	399
15837	258	399
2714	345	399
18380	184	400
18123	304	400
1221	414	400
7036	225	401
11711	379	401
13921	513	401
4683	10	402
7486	238	402
12225	439	402
4456	454	402
8068	36	403
14932	66	403
7498	220	403
16840	256	403
7005	267	403
2254	361	403
7173	2	404
5148	22	404
10918	25	404
9229	79	404
5540	80	404
14619	82	404
13914	138	404
7994	208	404
6680	254	404
13859	448	404
10369	464	404
12897	480	404
6301	497	404
16157	505	404
13528	16	405
7659	284	405
18040	165	406
12556	220	406
3492	229	406
6153	233	406
8663	347	406
10422	411	406
10395	420	406
4540	439	406
17582	474	406
790	99	407
4960	3	408
2414	103	408
13109	274	408
1919	462	408
13506	46	409
4901	171	409
18162	278	409
5583	316	409
6905	320	409
5665	440	409
3463	469	409
12215	522	409
17117	14	410
14824	24	410
11181	26	410
18032	64	410
723	83	410
17862	265	410
17014	337	410
11009	339	410
10740	372	410
10972	387	410
9851	395	410
8914	438	410
16851	446	410
6321	505	410
11275	507	410
8596	516	410
3211	527	410
15910	575	410
2191	584	410
12923	6	411
5848	61	411
16639	62	411
15949	96	411
16414	156	411
17691	160	411
10824	196	411
4114	197	411
4878	204	411
16913	282	411
8840	287	411
15484	292	411
9882	333	411
7878	338	411
8203	390	411
916	406	411
7244	412	411
9060	417	411
13027	453	411
15141	460	411
13596	496	411
13462	534	411
8197	542	411
15596	557	411
15172	6	412
9565	34	412
13101	37	412
13131	61	412
1436	62	412
10796	159	412
11744	172	412
1980	197	412
1614	287	412
13720	292	412
1620	333	412
14785	411	412
8164	417	412
14991	460	412
11704	496	412
1780	534	412
8017	558	412
18191	86	413
13919	138	413
6130	244	413
14109	501	413
14175	517	413
10632	7	414
15218	43	414
12524	124	414
12712	303	414
17352	304	414
12906	324	414
8264	400	414
11538	458	414
6469	24	415
1009	26	415
2236	64	415
12786	83	415
2856	92	415
16499	205	415
2883	217	415
13125	259	415
10803	265	415
8427	337	415
9066	339	415
6915	340	415
15601	372	415
10753	387	415
3237	438	415
3176	444	415
8326	507	415
11134	516	415
4384	527	415
6434	530	415
3015	575	415
5419	584	415
11358	210	416
14453	295	416
12434	393	416
13218	532	416
3921	6	417
11888	34	417
13302	37	417
6059	61	417
18316	62	417
9986	159	417
9470	172	417
13190	197	417
5258	287	417
8234	292	417
14866	333	417
2935	411	417
1556	412	417
4973	460	417
11122	496	417
14594	534	417
11263	558	417
12365	112	418
1282	121	418
17990	174	418
8410	213	418
5778	267	418
13920	351	418
10006	308	419
9793	341	419
2283	378	419
3008	555	419
658	229	420
15919	251	420
6076	262	420
1069	406	420
681	429	420
8615	451	420
6224	474	420
17378	481	420
16716	566	420
14651	166	421
17066	194	421
8718	461	421
16712	44	422
2068	180	422
17294	243	422
1103	288	422
8131	323	422
12657	346	422
15679	31	423
2694	50	423
7006	71	423
1702	368	423
17004	51	424
8243	68	424
9381	72	424
10620	114	424
13643	135	424
14704	144	424
4116	177	424
14941	277	424
9799	362	424
8282	479	424
3321	77	425
3870	87	425
7056	101	425
12632	131	425
8802	274	425
15010	296	425
7236	315	425
3742	359	425
10936	373	425
7414	499	425
13465	519	425
2485	546	425
9058	9	426
12937	111	426
6774	121	426
682	174	426
3738	183	426
17181	201	426
3654	324	426
4512	495	426
1378	529	426
5626	46	427
4147	171	427
11671	278	427
12349	316	427
13048	320	427
17708	381	427
1211	440	427
7492	469	427
13903	500	427
5114	522	427
16547	559	427
13677	19	428
2259	322	428
1322	491	428
750	563	428
2227	93	429
14317	188	429
4857	385	429
9031	420	429
3486	481	429
16604	542	429
7976	557	429
8511	105	430
5153	140	430
14596	307	430
7212	357	430
7989	547	430
10228	60	431
1591	232	432
6216	263	432
15292	311	432
12300	492	432
5872	539	432
9370	561	432
14912	569	432
13272	224	433
1095	341	433
3373	378	433
10910	555	433
16016	566	433
8434	11	434
4015	201	434
8839	227	434
12583	366	434
6824	391	434
647	441	434
15823	556	434
8063	5	435
8815	89	435
14612	236	435
1276	342	435
17965	357	435
8984	585	435
8380	272	436
13557	386	436
2326	63	437
10973	123	437
17381	161	437
18182	240	437
10892	261	437
7483	273	437
987	354	437
1660	380	437
17082	585	437
9999	15	438
14139	24	438
16903	26	438
7850	42	438
4770	64	438
2247	83	438
12627	134	438
827	178	438
11636	207	438
6429	247	438
11123	265	438
11624	337	438
11808	339	438
6524	372	438
4945	387	438
7305	410	438
12456	415	438
10856	507	438
6972	516	438
12020	527	438
1104	575	438
12297	584	438
8123	10	439
12539	93	439
14850	96	439
5644	143	439
11506	238	439
6811	402	439
14947	406	439
5443	454	439
5946	571	439
14202	46	440
2343	171	440
11463	255	440
756	278	440
2336	294	440
7535	316	440
17714	320	440
13082	374	440
6393	409	440
9102	427	440
9557	469	440
11215	500	440
16864	522	440
7812	582	440
14576	281	441
3617	285	441
7066	298	441
17376	390	441
3727	391	441
5130	434	441
1901	268	442
10391	485	442
12713	558	442
3918	176	443
11002	486	443
8622	259	444
4851	336	444
3714	415	444
1933	530	444
12331	130	445
11502	150	445
1100	364	445
8295	542	445
9438	572	445
7728	576	445
15704	3	446
8448	28	446
15730	30	446
14118	103	446
13602	410	446
2627	540	446
16843	557	446
9395	139	447
9919	550	447
12548	2	448
11064	22	448
2552	25	448
12315	79	448
11477	80	448
11902	82	448
10643	138	448
636	208	448
9408	254	448
11573	404	448
14347	464	448
14862	480	448
13668	497	448
12715	505	448
5160	301	449
1595	454	449
4970	571	449
2531	54	450
15614	74	450
9958	541	450
811	14	451
11655	188	451
3536	213	451
1982	389	451
14027	420	451
4727	529	451
8857	93	452
705	309	452
12414	454	452
6136	510	452
11161	555	452
4814	586	452
10452	96	453
13678	298	453
3305	411	453
8038	542	453
15511	554	453
7341	4	454
12596	108	454
11409	238	454
4593	301	454
6884	367	454
13165	402	454
3277	439	454
17571	449	454
9941	452	454
11256	456	454
982	578	454
1275	371	455
2145	396	455
1710	585	455
13700	108	456
13313	454	456
16834	578	456
17130	124	457
3413	390	457
8250	391	457
5629	458	457
2080	551	457
9497	573	457
13239	11	458
10291	43	458
14557	102	458
16233	414	458
11755	457	458
4030	583	459
12408	6	460
8551	34	460
9366	37	460
7575	61	460
8963	62	460
6940	159	460
14684	172	460
17239	197	460
10822	287	460
9604	292	460
3269	333	460
13105	411	460
17291	412	460
12704	417	460
2126	496	460
17722	534	460
3600	558	460
1943	166	461
9876	421	461
18327	7	462
15574	94	462
12761	168	462
983	202	462
11819	283	462
15847	408	462
10197	470	462
4641	65	463
1618	129	463
9650	329	463
6527	535	463
5671	2	464
14749	22	464
5132	25	464
8220	79	464
13717	80	464
2425	82	464
15795	138	464
9289	208	464
3582	254	464
2093	404	464
7658	448	464
7604	480	464
17497	497	464
9145	505	464
10589	23	465
17047	68	465
12651	214	465
757	300	465
15203	574	465
13254	60	466
15206	294	467
1947	504	467
5338	535	467
12285	142	468
14936	294	468
1612	364	468
9091	520	468
2172	46	469
9159	171	469
9464	255	469
6594	278	469
1622	294	469
10499	316	469
8549	320	469
15143	374	469
9961	409	469
6071	427	469
17678	440	469
10083	500	469
3846	522	469
7801	582	469
5649	3	470
4658	97	470
6459	202	470
14681	269	470
2906	283	470
17280	303	470
8089	462	470
6830	488	470
17019	570	470
17195	587	470
5137	52	471
4816	471	471
1307	159	472
9245	169	472
16057	172	472
13317	215	472
2363	246	472
16934	15	473
16912	24	473
13622	26	473
18210	42	473
6865	64	473
15175	83	473
2728	178	473
8241	205	473
8916	207	473
14431	265	473
15917	336	473
8445	337	473
12412	339	473
10680	372	473
13446	387	473
3657	507	473
11553	516	473
8110	527	473
8307	575	473
3583	584	473
8785	38	474
5345	111	474
10061	116	474
14354	247	474
18220	293	474
17200	406	474
3162	420	474
13422	1	475
14572	290	475
9153	121	476
4504	161	476
1160	213	476
12089	312	476
3487	509	476
8562	211	477
10257	485	477
2453	558	477
3752	231	478
3603	493	478
853	51	479
14367	68	479
11294	72	479
11634	114	479
7619	135	479
11769	144	479
8902	177	479
16891	277	479
15449	362	479
6491	424	479
15754	22	480
15581	25	480
7229	79	480
13430	82	480
16367	126	480
4179	254	480
1386	352	480
1123	404	480
1690	448	480
17732	464	480
12598	497	480
6952	501	480
4699	43	481
17940	188	481
12469	226	481
16119	269	481
8593	274	481
6581	420	481
777	429	481
7965	509	481
14863	221	482
2870	583	482
7543	561	483
16213	118	484
11779	231	484
5145	291	484
1521	306	484
11026	360	484
1176	37	485
11568	193	485
12569	211	485
17851	268	485
5578	442	485
17531	477	485
12773	158	486
15401	443	486
15928	3	487
12933	165	487
13454	126	488
16880	202	488
7787	470	488
12638	570	488
6066	587	488
9996	60	489
1214	92	490
9015	207	490
3953	252	490
13472	295	490
12652	532	490
979	124	491
14838	228	491
13879	234	491
9651	303	491
16660	428	491
16512	556	491
18130	232	492
2780	263	492
3795	311	492
10591	432	492
15210	539	492
16339	561	492
16835	569	492
10627	127	493
16314	231	493
7139	235	493
12471	478	493
15945	153	494
8942	9	495
17591	63	495
3817	112	495
12237	256	495
643	312	495
16536	426	495
1606	586	495
18279	6	496
17806	34	496
18168	37	496
8298	61	496
16583	62	496
2987	159	496
12045	172	496
9615	197	496
3435	287	496
10903	292	496
14461	333	496
16053	411	496
9502	412	496
7918	417	496
17383	460	496
9632	534	496
11693	558	496
13887	2	497
8051	22	497
8161	25	497
14328	79	497
8022	80	497
15474	82	497
14155	138	497
5599	208	497
12550	254	497
3920	404	497
15675	448	497
5543	464	497
12774	480	497
14225	505	497
12943	30	498
15121	184	498
15067	245	498
5572	304	498
16418	77	499
14272	101	499
12470	198	499
2746	219	499
3449	275	499
7906	296	499
17653	325	499
11086	359	499
4846	373	499
12736	425	499
16321	519	499
12176	533	499
13796	540	499
6302	546	499
15598	581	499
4566	46	500
17534	145	500
13575	171	500
12552	278	500
9646	316	500
2215	320	500
17265	427	500
7135	440	500
6941	469	500
13014	522	500
791	545	500
15311	138	501
5560	208	501
6831	413	501
765	480	501
12882	284	502
2067	110	503
17815	284	503
12781	318	503
9794	129	504
4398	329	504
4979	349	504
15469	467	504
3970	511	504
5999	22	505
2452	25	505
2123	32	505
11301	79	505
10569	82	505
11084	85	505
14138	117	505
17975	199	505
14415	244	505
8819	254	505
5923	332	505
16421	404	505
18119	410	505
8937	448	505
1298	464	505
4173	497	505
13817	12	506
15113	85	506
13898	88	506
5501	186	506
12392	15	507
2321	24	507
3924	26	507
16100	42	507
18445	64	507
8470	83	507
4487	134	507
7394	178	507
3169	247	507
16894	265	507
6271	337	507
783	339	507
1739	372	507
13783	387	507
6618	410	507
13001	415	507
4260	438	507
14529	473	507
1295	516	507
10994	527	507
975	575	507
6197	584	507
10801	10	508
9562	313	508
17615	363	508
16777	224	509
12975	309	509
3946	341	509
3349	369	509
4370	476	509
1004	481	509
8836	555	509
6597	47	510
17561	302	510
785	351	510
12261	369	510
10338	378	510
14590	452	510
10676	329	511
2040	504	511
6207	129	512
12889	225	513
13915	307	513
4268	357	513
11359	401	513
13012	147	514
6267	392	514
8381	2	515
4053	41	515
6643	126	515
1963	237	515
14654	15	516
9810	24	516
18353	26	516
7956	42	516
9363	64	516
3183	83	516
13630	134	516
3170	178	516
16619	207	516
7758	247	516
11052	265	516
5709	337	516
12141	339	516
5801	372	516
14552	387	516
5784	410	516
8436	415	516
1928	438	516
14245	473	516
18124	507	516
17734	527	516
2267	575	516
4730	584	516
15547	74	517
2131	185	517
14706	244	517
12935	335	517
11695	352	517
4093	413	517
6956	531	517
11554	78	518
13834	297	518
4039	571	518
5633	3	519
3345	77	519
4822	101	519
12547	296	519
15726	359	519
6912	373	519
11111	425	519
5798	499	519
1687	540	519
10625	546	519
12201	581	519
12063	142	520
12947	167	520
6371	328	520
5147	468	520
4522	576	520
648	121	521
6880	230	521
17859	341	521
17480	378	521
18396	555	521
1082	46	522
1638	171	522
3222	255	522
11464	278	522
17894	294	522
2832	316	522
13157	320	522
10520	374	522
5875	409	522
3366	427	522
16819	440	522
2374	469	522
2790	500	522
10621	582	522
5098	112	523
8351	309	523
16013	5	524
1161	107	524
2186	357	524
5852	579	524
1652	39	525
6117	544	525
14568	577	525
15523	142	526
10772	15	527
16131	24	527
10895	26	527
2479	42	527
2767	64	527
1925	83	527
8301	134	527
5985	178	527
14267	207	527
4414	247	527
15745	265	527
6797	337	527
10578	339	527
8488	372	527
9715	387	527
8706	410	527
6402	415	527
4655	438	527
13513	473	527
5430	507	527
18150	516	527
2893	575	527
8680	584	527
9388	395	528
12516	9	529
17044	96	529
2089	116	529
14014	128	529
6723	152	529
4700	165	529
13451	201	529
10118	219	529
3353	390	529
14379	426	529
5371	451	529
13348	217	530
11905	252	530
14716	259	530
10842	336	530
1694	415	530
12078	444	530
12551	185	531
16175	244	531
8209	335	531
15560	352	531
10044	517	531
2578	92	532
5889	186	532
7641	199	532
1508	207	532
8959	295	532
5219	416	532
16065	490	532
13787	77	533
9959	87	533
17373	101	533
3533	275	533
1476	296	533
17247	325	533
13962	499	533
16305	546	533
3546	6	534
9528	34	534
11034	37	534
12036	61	534
10474	62	534
3378	159	534
13740	172	534
13965	197	534
11473	287	534
17580	292	534
18183	333	534
7490	411	534
5496	412	534
2274	417	534
12221	460	534
8062	496	534
14135	558	534
7303	13	535
15016	27	535
1685	57	535
12120	349	535
2024	463	535
11946	467	535
15997	182	536
12446	313	536
10217	367	536
14048	73	537
11632	148	537
17344	258	538
10721	284	538
2725	27	539
7512	232	539
17902	263	539
10934	432	539
14393	492	539
14034	554	539
8182	569	539
13600	74	540
5073	77	540
12610	94	540
2248	101	540
6576	144	540
3364	296	540
14499	359	540
4455	373	540
2244	446	540
16478	499	540
3908	519	540
3852	546	540
16477	581	540
6447	181	541
6100	450	541
11270	96	542
9349	150	542
16626	156	542
6455	160	542
6525	196	542
13895	411	542
9331	429	542
9368	445	542
10192	453	542
9814	572	542
1223	179	543
16409	228	543
8169	544	543
1359	556	543
3338	29	544
2114	39	544
11494	55	544
10718	148	544
11758	227	544
1782	233	544
3843	525	544
11963	543	544
3043	556	544
3945	577	544
11424	374	545
6356	381	545
3642	500	545
12107	77	546
18249	101	546
10719	198	546
8136	219	546
8332	275	546
12068	296	546
11074	325	546
5361	359	546
2865	373	546
4231	425	546
2416	499	546
7443	519	546
10951	533	546
9812	540	546
15412	581	546
11923	105	547
9971	191	547
18455	307	547
13806	357	547
5376	430	547
713	68	548
14613	72	548
5291	12	549
17240	29	549
5389	84	549
14503	88	549
1757	116	549
16330	123	549
1763	186	549
13595	16	550
7446	57	550
9721	81	550
9816	139	550
15827	181	550
14830	266	550
14207	447	550
7272	553	550
1881	21	551
9718	102	551
11199	187	551
2897	330	551
15979	457	551
11526	212	552
14143	258	552
17218	318	552
11491	348	552
11805	54	553
3786	139	553
12842	151	553
12113	170	553
18242	550	553
14560	279	554
5920	453	554
11984	539	554
6040	93	555
2695	224	555
16155	230	555
17272	293	555
17049	308	555
17537	341	555
1641	419	555
7095	433	555
4523	452	555
7426	509	555
6292	521	555
4584	560	555
11066	566	555
2954	227	556
8834	285	556
11342	434	556
18439	491	556
1057	543	556
3099	544	556
14549	93	557
11957	96	557
15099	156	557
6850	196	557
1013	201	557
14412	411	557
9247	429	557
5479	446	557
12269	6	558
14806	61	558
14477	62	558
8415	172	558
6944	197	558
4614	268	558
8585	282	558
2006	287	558
18028	292	558
15929	333	558
13186	338	558
7366	355	558
11906	412	558
18121	417	558
11001	442	558
2608	460	558
6570	477	558
13629	496	558
10345	534	558
10550	279	559
2454	427	559
17190	38	560
17413	124	560
4259	293	560
7417	304	560
3636	330	560
9819	350	560
8545	555	560
603	1	561
3972	48	561
16944	232	561
7275	263	561
17957	311	561
5423	432	561
1107	483	561
1218	492	561
4946	569	561
14975	149	562
15162	269	562
5109	384	562
17586	19	563
18452	157	563
15825	388	563
1788	428	563
12341	67	564
17164	125	564
7142	192	564
17768	195	564
15263	99	565
834	173	565
11774	174	566
6329	230	566
8794	341	566
2104	378	566
7521	420	566
9702	433	566
2007	555	566
4534	269	567
13694	272	567
11856	321	567
11999	398	567
10003	60	568
16422	232	569
13628	263	569
11353	311	569
7399	432	569
17040	492	569
9901	539	569
11211	561	569
10142	168	570
12223	202	570
6009	206	570
12499	470	570
4296	488	570
5915	587	570
17652	10	571
7387	78	571
5117	93	571
2411	143	571
15909	297	571
17388	367	571
17741	439	571
3236	449	571
1910	518	571
11127	130	572
11657	150	572
14340	364	572
9047	445	572
9942	542	572
9120	576	572
1946	11	573
13551	116	573
8924	124	573
17089	390	573
6352	391	573
14285	457	573
10759	23	574
10021	214	574
7797	300	574
2997	465	574
14131	15	575
8670	24	575
8075	26	575
3649	42	575
17417	64	575
7587	83	575
644	134	575
9899	178	575
7660	207	575
18411	247	575
14290	265	575
5395	337	575
5959	339	575
8852	372	575
9985	387	575
14662	410	575
7714	415	575
8935	438	575
17988	473	575
18378	507	575
17805	516	575
7028	527	575
4332	584	575
13811	17	576
12092	130	576
16311	150	576
13745	328	576
15660	356	576
9476	445	576
2618	520	576
14640	572	576
4010	525	577
16508	544	577
5516	182	578
1509	454	578
1495	456	578
13777	107	579
5178	357	579
2009	524	579
1530	36	580
7903	53	580
16736	121	580
5202	132	580
10590	143	580
13141	220	580
16933	77	581
9242	101	581
16910	275	581
15087	296	581
7691	325	581
4621	359	581
7914	373	581
15389	499	581
3856	519	581
771	540	581
7741	546	581
16526	46	582
1991	171	582
14186	278	582
9238	316	582
15341	320	582
12739	440	582
5193	469	582
9390	522	582
14028	221	583
18448	459	583
6140	482	583
10658	15	584
15375	24	584
12558	26	584
7830	42	584
12962	64	584
10146	83	584
17776	134	584
9161	178	584
1442	207	584
9053	247	584
15670	265	584
1727	337	584
2768	339	584
15764	372	584
14472	387	584
13884	410	584
18143	415	584
9513	438	584
16423	473	584
1152	507	584
5009	516	584
18115	527	584
4409	575	584
13653	20	585
1942	29	585
7422	39	585
3309	73	585
14905	88	585
9220	161	585
7438	236	585
9018	273	585
2800	342	585
2428	371	585
18419	394	585
13597	396	585
5548	435	585
18311	437	585
13334	455	585
17657	63	586
9682	93	586
3745	161	586
8936	174	586
9624	452	586
4594	495	586
6574	168	587
7167	202	587
5313	206	587
2328	470	587
3758	488	587
1256	570	587
10852	99	588
