11869	290	1
9655	475	1
14245	561	1
3180	22	2
9740	25	2
5873	41	2
3211	79	2
12485	82	2
2344	126	2
15390	247	2
3251	254	2
6322	385	2
3414	404	2
3144	448	2
4219	464	2
7662	497	2
17833	515	2
10743	96	3
6272	103	3
15351	202	3
8085	319	3
15285	359	3
2809	365	3
11161	373	3
16207	408	3
3720	446	3
2576	470	3
11723	487	3
13836	519	3
9948	108	4
14769	301	4
12930	454	4
9788	357	5
3014	360	5
13456	435	5
10092	524	5
2055	536	5
5776	37	6
17940	61	6
8150	62	6
9155	159	6
13138	172	6
3428	197	6
4715	287	6
5760	292	6
15850	333	6
4965	412	6
6152	417	6
9946	460	6
1306	496	6
7438	534	6
5598	202	7
6421	228	7
5357	274	7
8808	283	7
1059	303	7
7325	414	7
12372	462	7
6348	470	7
6132	19	8
8702	33	8
12957	157	8
5237	322	8
3586	98	9
14116	126	9
11501	219	9
14857	312	9
7248	397	9
5195	426	9
14297	495	9
2486	529	9
4935	143	10
4536	402	10
4672	439	10
12435	508	10
2268	571	10
2378	227	11
8093	234	11
1844	285	11
7623	376	11
13302	458	11
16881	573	11
5577	69	12
5333	116	12
18405	186	12
17213	218	12
15018	295	12
7923	549	12
17610	99	13
13193	166	13
12721	535	13
3195	193	14
9025	258	14
2573	410	14
2530	451	14
16963	24	15
7982	26	15
16377	42	15
14268	64	15
16134	83	15
14549	92	15
16667	178	15
6047	247	15
13771	337	15
3173	339	15
6790	372	15
11237	387	15
14377	438	15
10961	473	15
1597	474	15
18289	507	15
16934	516	15
7647	527	15
18233	575	15
6771	584	15
16138	139	16
10760	405	16
10084	550	16
2325	95	17
11136	130	17
4322	167	17
7776	328	17
3764	356	17
15006	576	17
16347	142	18
4930	190	18
11150	326	18
14468	364	18
8836	8	19
17600	33	19
15339	97	19
15023	157	19
18231	304	19
13294	322	19
8791	388	19
2813	428	19
7242	556	19
14205	563	19
7188	261	20
3626	273	20
11972	342	20
17337	585	20
16522	30	21
6068	43	21
10292	213	21
3061	369	21
17158	551	21
5404	2	22
9648	25	22
13620	79	22
7560	80	22
17465	82	22
1771	138	22
13374	208	22
9503	254	22
18206	404	22
10199	448	22
12056	464	22
15649	480	22
15491	497	22
16310	214	23
16003	300	23
17261	465	23
3027	548	23
7024	574	23
4202	15	24
15460	26	24
1565	42	24
1680	64	24
2343	83	24
2608	92	24
8669	178	24
4024	247	24
8729	265	24
3715	337	24
3857	339	24
16165	372	24
11430	387	24
14638	410	24
3155	415	24
2850	438	24
16662	473	24
14896	507	24
6380	516	24
14165	527	24
5972	575	24
16189	584	24
12242	2	25
13820	22	25
673	79	25
1051	80	25
4834	82	25
18237	138	25
11942	208	25
7747	254	25
3845	404	25
6906	448	25
14631	464	25
8523	480	25
7596	497	25
6755	15	26
12282	24	26
13657	42	26
12655	64	26
5710	83	26
15943	92	26
12634	178	26
8642	207	26
15894	247	26
7199	265	26
6641	337	26
4760	339	26
3663	372	26
1940	387	26
10806	410	26
15532	415	26
6304	438	26
8795	473	26
1041	507	26
8919	516	26
16715	527	26
12505	575	26
2324	584	26
1728	299	27
18153	383	27
9072	535	27
8894	539	27
12032	100	28
16245	165	28
1178	213	28
1163	269	28
9018	406	28
8789	446	28
951	39	29
13544	66	29
1497	123	29
17099	226	29
8471	256	29
4721	361	29
2088	377	29
2775	544	29
4679	549	29
14990	21	30
15153	102	30
11958	117	30
3747	152	30
15855	184	30
13435	388	30
2609	390	30
3581	446	30
700	498	30
13013	551	30
18478	249	31
3376	314	31
11322	317	31
3871	370	31
14105	423	31
17391	199	32
4481	239	32
15845	332	32
3655	505	32
5911	8	33
630	19	33
12657	227	33
17919	245	33
5246	247	33
5111	283	33
712	330	33
18275	88	34
6202	218	34
17759	226	34
3237	282	34
18168	338	34
3362	95	35
2064	142	35
12815	364	35
6144	112	36
16721	161	36
6480	220	36
3419	267	36
9736	403	36
5226	418	36
10983	580	36
7999	6	37
12719	61	37
8599	172	37
4988	197	37
17657	268	37
4533	287	37
3013	292	37
1859	333	37
13992	355	37
4785	412	37
3019	417	37
14572	460	37
15171	485	37
8368	496	37
10862	534	37
15650	132	38
3524	155	38
9432	293	38
4435	474	38
1470	560	38
3801	29	39
9916	233	39
8858	525	39
11487	544	39
7229	585	39
2151	70	40
4975	107	40
9982	118	40
12703	385	40
11035	2	41
4999	185	41
15719	237	41
11830	247	41
3417	382	41
12391	515	41
10722	15	42
9759	24	42
17851	26	42
13259	64	42
3832	83	42
5103	92	42
5272	178	42
2668	247	42
9859	337	42
15425	339	42
16339	372	42
7671	387	42
7559	438	42
17849	473	42
11516	474	42
9478	507	42
3703	516	42
9461	527	42
6210	575	42
16015	584	42
3753	21	43
10739	160	43
5946	213	43
2354	250	43
7411	390	43
10963	391	43
8013	458	43
16039	99	44
11401	310	44
18093	422	44
7221	232	45
9138	263	45
6881	280	45
11749	290	45
2815	311	45
14227	432	45
12608	492	45
4836	569	45
6839	171	46
18102	255	46
8852	278	46
6621	294	46
2185	316	46
12612	320	46
12664	374	46
17926	409	46
11684	427	46
9659	440	46
1202	469	46
7344	500	46
5472	522	46
6808	582	46
2966	302	47
1455	351	47
5219	369	47
3811	378	47
7687	510	47
15533	561	48
6288	51	49
3265	142	49
11030	158	49
852	216	49
4292	520	49
7204	526	49
12787	423	50
5444	49	51
6776	135	51
1828	158	51
2402	177	51
16967	218	51
15813	424	51
645	479	51
17454	52	52
5999	141	52
2039	154	52
17129	162	52
2138	164	52
12472	189	52
13422	248	52
8653	260	52
4041	305	52
16023	327	52
2459	353	52
12835	375	52
9356	471	52
1649	123	53
14608	312	53
1719	380	53
16215	580	53
9329	81	54
14636	450	54
8238	553	54
9961	66	55
9852	229	55
17187	240	55
5699	285	55
8671	361	55
4902	377	55
7456	544	55
2002	109	56
12018	139	56
6499	195	56
7692	550	56
2953	139	57
11593	144	57
4125	181	57
10098	535	57
8536	539	57
15286	550	57
6098	95	58
12779	160	58
12266	167	58
18467	188	58
7217	281	58
10524	298	58
4351	80	59
1246	138	59
14305	210	59
13493	257	59
12754	382	59
17111	127	60
5276	347	60
4216	431	60
9309	466	60
14318	489	60
17467	568	60
1685	6	61
14907	37	61
6726	62	61
1576	159	61
2845	172	61
2873	197	61
8306	287	61
16483	292	61
17930	333	61
8643	412	61
12567	417	61
8978	460	61
3647	496	61
2149	534	61
8062	6	62
2967	61	62
8212	159	62
13713	172	62
8606	197	62
7675	287	62
6404	292	62
9252	333	62
16068	412	62
8441	417	62
17451	460	62
2389	496	62
10133	534	62
17079	98	63
15584	161	63
1143	174	63
14273	256	63
5783	312	63
11650	388	63
9716	418	63
1447	437	63
8692	495	63
8855	586	63
11015	15	64
9562	24	64
8369	26	64
6867	42	64
4496	83	64
11452	92	64
11674	178	64
9968	207	64
14489	247	64
4925	265	64
8292	337	64
9062	339	64
2829	372	64
15040	387	64
13951	410	64
12522	415	64
16797	438	64
5125	473	64
2181	507	64
17722	516	64
11118	527	64
18062	575	64
6957	584	64
2701	129	65
5722	383	65
7527	463	65
1078	29	66
10258	55	66
13674	84	66
13562	239	66
18318	267	66
10724	361	66
10373	403	66
14235	495	66
10851	109	67
14328	194	67
18272	195	67
2166	564	67
8757	72	68
17369	114	68
17588	135	68
10383	177	68
16172	214	68
4281	277	68
17989	424	68
12610	465	68
15452	479	68
4434	548	68
14734	12	69
7463	186	69
8604	216	69
12888	274	69
13311	554	69
14319	40	70
6602	107	70
10688	119	70
7854	140	70
16649	368	70
13946	146	71
5596	423	71
8848	68	72
3943	135	72
10664	177	72
5823	277	72
16615	362	72
9923	424	72
1876	479	72
7054	548	72
18247	88	73
9672	273	73
15864	394	73
16440	437	73
11143	537	73
6568	585	73
16169	450	74
5661	487	74
10519	517	74
4091	540	74
18155	321	75
12816	386	75
4185	258	76
3723	345	76
13070	101	77
8971	198	77
1678	219	77
7654	274	77
6703	275	77
14223	296	77
9213	325	77
4558	359	77
14173	373	77
12553	425	77
8031	499	77
13704	519	77
1796	533	77
14317	540	77
2044	546	77
9980	581	77
6391	238	78
16315	449	78
8636	518	78
6566	571	78
15936	2	79
1490	22	79
7741	25	79
10462	80	79
7754	82	79
836	138	79
7718	208	79
16498	254	79
8899	404	79
12177	448	79
2257	464	79
11326	480	79
6020	497	79
1372	22	80
3615	25	80
5211	59	80
13244	79	80
11063	82	80
5466	185	80
17278	254	80
8502	382	80
9005	404	80
2607	448	80
4028	464	80
10474	497	80
15155	54	81
9664	139	81
15380	550	81
1353	2	82
12212	22	82
5341	25	82
11208	79	82
9530	80	82
17586	208	82
11844	254	82
5078	404	82
6358	448	82
15884	464	82
8034	480	82
13091	497	82
1189	15	83
13964	24	83
7553	26	83
16233	42	83
7749	64	83
12806	92	83
1405	178	83
3970	207	83
5562	247	83
7736	265	83
8362	337	83
4837	339	83
5736	372	83
11292	387	83
2913	410	83
11931	415	83
5748	438	83
15957	473	83
4737	507	83
12129	516	83
11585	527	83
18145	575	83
4414	584	83
16246	66	84
5461	85	84
4885	86	84
2812	88	84
1212	116	84
15497	185	84
4731	226	84
17118	239	84
4782	244	84
8605	397	84
14871	517	84
16195	549	84
3601	84	85
11138	274	85
15433	505	85
1043	506	85
14851	84	86
5511	138	86
6801	413	86
13085	275	87
9194	315	87
3367	365	87
6970	425	87
16945	533	87
13991	34	88
6862	73	88
2649	84	88
17180	161	88
18087	186	88
5805	215	88
16007	216	88
4480	218	88
7177	394	88
4082	506	88
4136	585	88
10694	357	89
9034	380	89
16073	435	89
7075	536	89
4498	104	90
11633	357	90
7013	136	91
5353	15	92
15536	24	92
6762	26	92
5566	42	92
10402	64	92
1867	83	92
1694	178	92
10074	205	92
8413	217	92
5137	252	92
2263	259	92
13458	265	92
3759	336	92
2480	337	92
1241	339	92
13369	340	92
15913	372	92
6918	387	92
5792	393	92
11387	415	92
13022	438	92
15263	444	92
16785	473	92
3974	490	92
7363	507	92
9374	516	92
6620	527	92
4272	530	92
9705	532	92
13327	575	92
12748	584	92
3902	112	93
9442	308	93
17582	378	93
16961	419	93
14563	429	93
4763	452	93
11719	555	93
16625	557	93
3496	586	93
9571	97	94
14152	234	94
11508	303	94
7878	540	94
8220	586	94
5030	17	95
16859	35	95
6512	58	95
16454	142	95
14450	167	95
7803	356	95
18347	526	95
6738	3	96
7882	103	96
18380	201	96
9489	411	96
14726	529	96
6284	557	96
17913	19	97
14130	94	97
16128	202	97
14848	206	97
939	470	97
4941	9	98
17387	63	98
8207	354	98
11835	13	99
17505	44	99
1737	106	99
13663	113	99
11970	115	99
11213	173	99
16362	241	99
14723	253	99
11016	276	99
2520	331	99
2562	407	99
8823	565	99
10102	588	99
13213	28	100
13357	269	100
9524	77	101
5379	198	101
13594	219	101
7639	274	101
2774	275	101
2713	296	101
18163	325	101
6795	359	101
6478	373	101
5539	425	101
12322	499	101
14028	519	101
11105	533	101
1925	540	101
4062	546	101
13278	581	101
9776	30	102
8401	184	102
4269	245	102
10441	304	102
12002	458	102
13098	551	102
7613	3	103
3613	96	103
13510	319	103
12781	408	103
4114	446	103
7788	487	103
15789	90	104
3701	357	104
2527	358	104
5679	107	105
10081	191	105
13980	357	105
16892	430	105
7595	547	105
16927	99	106
8459	173	106
8305	40	107
7720	70	107
14742	105	107
1596	128	107
7015	306	107
7773	357	107
13579	430	107
8548	524	107
8815	547	107
1598	579	107
18311	4	108
17423	140	108
2408	454	108
8027	456	108
14047	56	109
6415	67	109
13043	195	109
3796	344	109
17890	443	109
13469	284	110
14996	399	110
3069	503	110
14286	132	111
18479	152	111
1222	229	111
6167	262	111
813	324	111
9453	361	111
1070	426	111
10647	474	111
9348	36	112
3284	93	112
14151	121	112
17841	418	112
5193	487	112
14688	495	112
17732	99	113
18177	137	113
1645	68	114
5796	135	114
10059	177	114
16410	362	114
14982	424	114
12819	479	114
15764	99	115
7063	173	115
16547	276	115
5283	12	116
14531	84	116
12794	239	116
16608	457	116
5923	474	116
12722	549	116
17528	573	116
10734	30	117
2155	155	117
5729	322	117
6290	505	117
6903	40	118
16827	153	118
9753	200	118
4252	306	118
2243	484	118
8830	70	119
13576	146	119
1882	153	119
11859	284	120
12766	112	121
16109	174	121
12126	209	121
10807	229	121
5551	418	121
16296	426	121
13975	476	121
13800	487	121
9887	580	121
9730	176	122
15192	231	122
1431	289	122
8201	360	122
8125	29	123
17145	53	123
6291	134	123
2426	233	123
5014	256	123
11171	397	123
16897	437	123
9867	495	123
11349	549	123
15941	293	124
1768	366	124
6395	414	124
13876	457	124
2058	491	124
16708	560	124
1283	564	125
1297	2	126
11817	9	126
11469	134	126
15026	397	126
10125	480	126
5158	488	126
9965	515	126
4444	60	127
7827	493	127
5271	107	128
13514	245	128
15570	357	128
10295	529	128
13801	65	129
8807	329	129
7304	463	129
11126	504	129
16964	512	129
10628	17	130
11997	150	130
10413	167	130
1176	356	130
10281	445	130
14312	572	130
15450	226	131
16076	239	131
17240	275	131
13572	315	131
7837	365	131
13662	397	131
16557	425	131
15327	38	132
632	111	132
10815	229	132
10153	378	132
11818	580	132
7127	163	133
11222	123	134
18210	126	134
11534	239	134
14558	259	134
5263	312	134
770	336	134
17817	354	134
10180	397	134
9641	444	134
5311	473	134
15225	530	134
6418	51	135
11877	68	135
963	72	135
16677	114	135
14593	144	135
11550	177	135
15863	362	135
1474	424	135
3232	479	135
1552	91	136
1324	113	137
2483	162	137
3877	243	137
5101	288	137
5822	22	138
8519	25	138
8189	59	138
17028	79	138
7913	86	138
1668	254	138
1164	404	138
9086	413	138
2867	448	138
4919	464	138
16889	497	138
10556	501	138
15379	16	139
14706	56	139
16256	57	139
7672	81	139
2886	181	139
16832	266	139
18464	447	139
12544	550	139
7677	553	139
17087	70	140
5259	108	140
923	379	140
8655	430	140
3092	454	140
13792	52	141
13901	141	141
11242	18	142
16365	35	142
11940	49	142
10970	95	142
8063	468	142
8809	520	142
11903	526	142
2327	10	143
14136	297	143
10899	439	143
9575	571	143
5773	580	143
4781	57	144
13135	135	144
2069	177	144
4320	424	144
2467	479	144
10817	535	144
5653	540	144
18430	374	145
13182	381	145
15316	409	145
716	500	145
15296	71	146
17933	119	146
9866	368	146
16028	180	147
12499	270	147
10031	346	147
12803	392	147
15624	233	148
14756	537	148
9927	544	148
17200	586	148
9876	269	149
2028	384	149
5428	562	149
10352	130	150
18438	167	150
6874	364	150
12460	445	150
11195	542	150
11742	572	150
3692	576	150
9202	170	151
3806	553	151
9316	30	152
1970	111	152
18124	163	152
11441	269	152
10043	529	152
11770	118	153
8251	119	153
9682	317	153
3269	493	153
12918	494	153
16878	52	154
16098	154	154
17912	38	155
2759	117	155
13847	184	155
4128	262	155
15692	304	155
747	196	156
1652	376	156
12821	457	156
9028	542	156
14707	557	156
15208	573	156
12240	8	157
4213	19	157
2047	498	157
9649	563	157
16424	49	158
9118	51	158
18170	232	158
3890	263	158
1548	264	158
14119	394	158
16091	432	158
1500	486	158
2259	492	158
5323	569	158
16176	6	159
6159	61	159
12074	62	159
6405	193	159
6139	197	159
10347	211	159
17641	246	159
3170	287	159
3577	292	159
14644	333	159
870	412	159
11047	417	159
10989	460	159
2192	472	159
15909	496	159
15314	534	159
13397	43	160
5680	58	160
985	281	160
1658	285	160
16282	298	160
3798	390	160
12867	391	160
8705	441	160
2749	542	160
4132	36	161
5519	63	161
15276	88	161
7176	240	161
9502	267	161
12531	312	161
14247	354	161
15147	437	161
10994	476	161
8213	585	161
14930	586	161
9225	52	162
18434	137	162
13331	162	162
6342	323	162
9121	133	163
6984	152	163
14092	262	163
17772	52	164
12747	164	164
4154	28	165
2093	219	165
13791	406	165
16890	487	165
4659	529	165
12330	13	166
2907	421	166
1086	461	166
6247	17	167
638	58	167
16008	95	167
1102	130	167
10825	150	167
12564	328	167
4151	356	167
11938	445	167
8764	520	167
7783	572	167
14464	576	167
7746	206	168
6698	245	168
12828	283	168
13911	365	168
1793	462	168
876	193	169
8906	211	169
10931	218	169
4873	246	169
13916	472	169
6729	151	170
3476	553	170
5755	46	171
4733	255	171
5067	278	171
5310	294	171
14565	316	171
12496	320	171
10604	374	171
4656	409	171
1852	427	171
15056	440	171
14881	469	171
6712	500	171
1390	522	171
4947	582	171
16341	6	172
6942	37	172
16850	61	172
6387	62	172
9865	197	172
8999	204	172
12756	215	172
4329	282	172
5017	287	172
9748	292	172
7116	333	172
5548	338	172
17797	412	172
13548	417	172
9777	460	172
1966	472	172
8038	496	172
13222	534	172
3661	558	172
5933	99	173
15922	106	173
14950	115	173
17603	241	173
13816	253	173
14266	276	173
12130	331	173
1628	565	173
6584	63	174
13350	121	174
12519	251	174
16627	418	174
18387	426	174
5268	566	174
12072	586	174
10923	276	175
10643	122	176
14542	289	176
2585	360	176
3253	443	176
12125	459	176
6109	51	177
10329	68	177
7059	72	177
14630	114	177
17530	135	177
13092	144	177
8841	362	177
15803	424	177
11228	479	177
6165	15	178
6383	24	178
3628	26	178
17953	42	178
9638	64	178
16374	83	178
6832	92	178
4791	247	178
8384	337	178
871	339	178
5334	372	178
671	387	178
17970	438	178
4689	473	178
17073	474	178
16474	507	178
6301	516	178
16214	527	178
3287	575	178
7757	584	178
11893	219	179
3200	312	179
10457	543	179
4263	147	180
17094	318	180
15220	422	180
17267	57	181
4909	139	181
5879	541	181
6533	550	181
3752	561	181
16582	309	182
8579	313	182
17975	367	182
7421	536	182
917	578	182
11129	234	183
10176	324	183
12817	385	183
2170	426	183
7591	30	184
2547	102	184
15045	155	184
12663	304	184
12461	322	184
13219	400	184
4164	498	184
6837	41	185
17861	80	185
8325	84	185
8407	352	185
17934	382	185
16591	517	185
10876	531	185
5903	12	186
4718	69	186
903	88	186
17351	216	186
13685	218	186
3361	506	186
12512	532	186
15979	549	186
1834	196	187
16268	209	187
17552	222	187
16626	245	187
13838	330	187
18436	350	187
4954	369	187
15824	58	188
6061	354	188
3980	429	188
7895	451	188
1157	481	188
12735	52	189
15162	189	189
10538	18	190
15476	326	190
15761	105	191
14846	225	191
4459	313	191
17234	366	191
14858	449	191
8295	547	191
8218	564	192
12179	14	193
12221	159	193
9969	169	193
9304	211	193
5720	215	193
3093	485	193
12592	67	194
17836	421	194
13618	56	195
15891	67	195
8313	109	195
3117	564	195
1646	156	196
4350	187	196
9646	223	196
11799	389	196
5830	542	196
8955	557	196
15686	6	197
4066	37	197
2793	61	197
16568	62	197
663	159	197
8749	172	197
8811	287	197
11276	292	197
7719	333	197
3321	412	197
7369	417	197
3815	460	197
4967	496	197
4631	534	197
14959	77	198
3567	101	198
5478	275	198
13441	296	198
3332	315	198
5607	499	198
16441	546	198
10461	32	199
14117	207	199
8985	239	199
13721	247	199
6022	332	199
14494	505	199
16257	532	199
14986	118	200
6384	96	201
6711	219	201
10551	229	201
12870	324	201
9280	385	201
11565	426	201
16792	434	201
6045	529	201
2843	557	201
11488	3	202
16419	7	202
17977	97	202
8297	269	202
5234	283	202
16702	303	202
5036	462	202
7713	470	202
9090	488	202
14887	570	202
7194	587	202
15189	255	203
16603	294	203
8394	172	204
8007	215	204
13561	282	204
14447	338	204
14365	411	204
17283	92	205
7580	415	205
2499	473	205
6956	97	206
17533	168	206
1879	570	206
4884	587	206
2219	26	207
14589	64	207
17787	83	207
3073	199	207
13212	265	207
18422	339	207
5238	372	207
10704	387	207
11438	438	207
5904	473	207
17291	507	207
6029	516	207
17972	527	207
596	532	207
4872	575	207
2733	584	207
15515	22	208
6594	25	208
18399	79	208
4982	82	208
8141	254	208
18064	404	208
12515	448	208
3413	464	208
7869	497	208
10508	501	208
18059	121	209
6088	187	209
12814	213	209
13695	330	209
4422	551	209
2332	59	210
13750	237	210
7328	257	210
603	315	210
12981	416	210
8495	159	211
11525	169	211
2731	193	211
11468	477	211
15887	485	211
10135	318	212
16796	552	212
12557	21	213
13852	28	213
2016	43	213
15905	209	213
6368	418	213
1215	451	213
14412	476	213
6983	23	214
13402	68	214
18353	262	214
11939	300	214
11301	465	214
2333	574	214
17788	88	215
13976	172	215
8106	193	215
5943	204	215
1862	246	215
14762	472	215
3541	49	216
12170	69	216
17751	88	216
2741	186	216
13292	273	216
13051	289	216
3855	381	216
4848	92	217
4685	259	217
15094	415	217
4207	530	217
4345	12	218
8357	34	218
18060	51	218
15821	88	218
14224	169	218
3507	186	218
13478	246	218
12713	274	218
11809	9	219
2742	77	219
13347	101	219
2328	165	219
7464	179	219
17578	201	219
14103	296	219
13352	312	219
4212	499	219
10883	529	219
7385	546	219
2938	36	220
16221	240	220
1613	377	220
14463	403	220
3472	406	220
5018	580	220
10987	482	221
16304	583	221
16910	187	222
14754	224	222
15037	351	222
12098	366	222
18393	378	222
8505	196	223
11460	222	224
16755	251	224
17567	378	224
15105	433	224
7971	509	224
18392	555	224
16270	191	225
11840	240	225
9732	307	225
12599	379	225
7346	401	225
7370	513	225
5752	518	225
4813	29	226
1028	34	226
4796	84	226
11444	131	226
12359	228	226
4921	233	226
9734	274	226
14712	347	226
756	481	226
9498	11	227
10872	33	227
5160	233	227
16674	285	227
15895	434	227
12955	556	227
13485	7	228
17399	226	228
3960	303	228
5317	491	228
8138	543	228
2906	55	229
16709	111	229
5447	121	229
15442	132	229
14872	201	229
13029	251	229
5176	406	229
3922	420	229
8350	341	230
1785	378	230
7391	521	230
1374	555	230
5906	566	230
17059	122	231
13756	478	231
5278	484	231
15616	493	231
3930	45	232
8393	158	232
13290	263	232
12329	311	232
5610	432	232
15389	492	232
11802	539	232
6243	561	232
9610	569	232
738	39	233
1270	123	233
18389	148	233
10533	226	233
12666	227	233
12414	256	233
5114	267	233
11491	343	233
14461	376	233
16758	389	233
7583	544	233
9174	11	234
5802	94	234
12252	183	234
2067	388	234
2710	390	234
5070	400	234
1957	491	234
16487	318	235
6364	368	235
9474	493	235
1125	342	236
10816	435	236
14453	437	236
15255	585	236
15795	41	237
17122	210	237
7961	257	237
11269	442	237
6083	515	237
12674	549	237
12157	78	238
18069	402	238
17466	454	238
9812	32	239
1485	66	239
9518	84	239
13023	116	239
8967	131	239
980	134	239
12327	199	239
2054	416	239
15841	55	240
9336	161	240
4587	220	240
10117	225	240
9883	267	240
10978	379	240
8185	99	241
15382	173	241
2578	305	241
15354	279	242
2600	381	242
3709	137	243
13640	422	243
15181	84	244
1838	413	244
8625	505	244
16972	517	244
17266	531	244
6865	33	245
8622	102	245
3906	128	245
6183	168	245
2309	187	245
17298	330	245
15930	498	245
12324	159	246
9163	169	246
2584	215	246
4890	218	246
12405	472	246
5667	2	247
17100	15	247
5723	24	247
4786	26	247
18372	33	247
16757	41	247
1053	42	247
2061	64	247
12225	83	247
943	178	247
4732	199	247
7323	337	247
3153	339	247
14933	372	247
3552	387	247
3558	416	247
16208	438	247
6935	474	247
6673	507	247
17247	516	247
4879	527	247
10929	575	247
5951	584	247
14111	52	248
5527	248	248
12134	31	249
4852	43	250
3012	309	250
10600	312	250
16732	313	250
16181	341	250
15074	367	250
5700	536	250
16731	174	251
16032	224	251
11567	229	251
15261	420	251
8355	92	252
14514	259	252
13128	340	252
15063	393	252
11093	420	252
13689	490	252
16623	99	253
9176	173	253
14008	2	254
17859	22	254
7665	25	254
4236	79	254
1139	80	254
15685	82	254
15065	138	254
13752	208	254
6746	404	254
6632	448	254
11998	464	254
17527	480	254
11992	497	254
13319	46	255
18035	171	255
6303	203	255
17228	278	255
16776	294	255
3280	316	255
12982	320	255
15847	440	255
1304	469	255
13391	522	255
9479	29	256
18313	63	256
5106	123	256
7202	233	256
9075	315	256
18236	403	256
17027	495	256
15251	59	257
11100	210	257
18142	237	257
17481	416	257
15798	14	258
11415	76	258
1542	345	258
17274	538	258
5899	552	258
4529	92	259
8361	134	259
15428	217	259
5072	252	259
3896	340	259
4304	415	259
7566	444	259
7351	530	259
2997	52	260
13483	260	260
9249	20	261
8552	380	261
8458	437	261
1002	111	262
5129	155	262
15538	163	262
3940	214	262
5739	420	262
10501	45	263
8399	158	263
3543	232	263
18304	311	263
16269	432	263
16239	492	263
8866	539	263
6604	561	263
12988	569	263
17235	158	264
10026	24	265
4761	26	265
15790	64	265
3046	83	265
2472	92	265
8568	207	265
4990	336	265
14029	337	265
16205	339	265
3288	340	265
16118	372	265
6617	387	265
1650	410	265
14430	438	265
2663	473	265
11714	507	265
16366	516	265
15366	527	265
8603	575	265
16368	584	265
18246	139	266
16901	550	266
4911	36	267
1339	66	267
818	161	267
15122	233	267
6470	240	267
2876	403	267
1602	418	267
4805	37	268
7355	355	268
10452	442	268
11045	485	268
10621	515	268
4824	558	268
7983	28	269
12956	100	269
7496	149	269
1545	152	269
16997	202	269
11860	398	269
7565	470	269
4387	481	269
18457	562	269
8981	567	269
2148	147	270
9383	318	270
17945	346	270
16387	552	270
9939	357	271
2074	380	271
1633	430	271
13044	398	272
17397	436	272
13447	567	272
18250	20	273
12508	73	273
10624	216	273
12381	437	273
2552	585	273
13472	7	274
1476	69	274
12070	77	274
2125	85	274
12706	101	274
4337	218	274
3750	226	274
8307	296	274
760	408	274
7327	425	274
4856	481	274
1961	499	274
17132	546	274
1316	77	275
6426	87	275
4665	101	275
9723	131	275
14218	198	275
806	296	275
1880	499	275
8470	533	275
8593	546	275
11271	99	276
8797	115	276
6603	173	276
14026	175	276
9773	305	276
9367	323	276
9983	327	276
16407	68	277
846	72	277
9441	46	278
11307	171	278
12818	255	278
17809	294	278
7329	316	278
15752	320	278
16875	374	278
2496	409	278
16985	427	278
6192	440	278
12117	469	278
11137	500	278
17632	522	278
12243	582	278
9666	242	279
4668	381	279
13396	554	279
4891	559	279
15129	45	280
7133	290	280
16383	311	280
15693	569	280
14758	58	281
18435	160	281
6073	441	281
2224	34	282
17685	172	282
15012	204	282
14849	338	282
11686	411	282
8159	558	282
2781	7	283
18397	33	283
3850	168	283
2695	202	283
16828	315	283
15484	365	283
15932	462	283
11159	470	283
17155	110	284
12942	120	284
1330	318	284
14670	405	284
16397	502	284
9396	503	284
15469	538	284
4037	11	285
3471	55	285
17477	160	285
17037	227	285
11348	298	285
7280	343	285
10485	385	285
10552	388	285
7733	389	285
10787	390	285
9351	441	285
10824	458	285
3058	556	285
1356	360	286
17997	396	286
8415	435	286
637	6	287
15230	37	287
17736	61	287
10432	62	287
16778	159	287
14818	172	287
13732	197	287
4770	292	287
9994	333	287
9617	412	287
9219	417	287
11606	460	287
5626	496	287
17565	534	287
1753	137	288
9129	323	288
7814	422	288
2444	122	289
1404	176	289
17259	216	289
15514	505	289
11857	1	290
13707	45	290
8585	280	290
10113	311	290
13408	475	290
4579	569	290
2531	306	291
14991	484	291
12524	6	292
1350	37	292
9603	61	292
7053	62	292
8199	159	292
15101	172	292
5212	197	292
4479	287	292
5363	333	292
1866	412	292
5389	417	292
10222	460	292
795	496	292
11163	534	292
16294	38	293
2493	124	293
16190	350	293
11367	474	293
12501	555	293
10685	560	293
9747	46	294
13445	171	294
6772	203	294
2030	255	294
16318	278	294
13531	316	294
3939	320	294
6752	440	294
16489	467	294
2470	468	294
15402	469	294
6373	522	294
4352	12	295
5083	416	295
8638	490	295
12628	532	295
14201	77	296
6128	101	296
18341	198	296
6571	219	296
16102	274	296
3733	275	296
16915	325	296
17964	359	296
6593	373	296
5788	425	296
9624	499	296
5781	519	296
4819	533	296
11287	540	296
16101	546	296
2131	581	296
6699	143	297
1360	363	297
11338	518	297
13021	571	297
12665	58	298
9838	160	298
17715	285	298
9839	390	298
14783	441	298
15202	453	298
10094	27	299
5849	349	299
10339	23	300
9094	214	300
4735	465	300
4054	574	300
7990	4	301
6239	449	301
8276	454	301
4445	47	302
18216	351	302
2998	369	302
16323	378	302
12820	510	302
7352	7	303
6658	94	303
14515	202	303
1120	228	303
10032	470	303
17171	491	303
14570	19	304
7516	102	304
14314	155	304
5984	184	304
7386	400	304
742	414	304
17359	498	304
16153	560	304
5235	52	305
9082	241	305
11173	276	305
17862	305	305
7656	107	306
4177	118	306
4841	291	306
17672	478	306
16252	484	306
15655	225	307
13390	430	307
15740	513	307
3719	578	307
15645	93	308
11302	378	308
8632	419	308
7984	555	308
10890	182	309
16760	250	309
14697	330	309
15498	367	309
14323	452	309
15134	509	309
14741	523	309
9422	44	310
14391	45	311
6519	232	311
14024	263	311
2463	280	311
11625	290	311
6578	432	311
14609	569	311
12559	9	312
8787	53	312
4555	63	312
14966	134	312
5224	161	312
12857	179	312
14901	219	312
3350	250	312
3995	354	312
4636	476	312
3196	495	312
5517	182	313
15481	191	313
1022	250	313
5691	363	313
12142	368	313
17013	508	313
869	536	313
11071	31	314
3305	87	315
5495	131	315
827	198	315
11286	210	315
14115	256	315
15651	283	315
13832	365	315
4116	425	315
3202	46	316
3150	171	316
1471	255	316
9128	278	316
15490	294	316
8425	320	316
12738	374	316
11837	409	316
8414	427	316
5117	440	316
5771	469	316
6455	500	316
5537	522	316
14083	582	316
11762	31	317
2204	153	317
10003	180	318
8049	212	318
7311	235	318
18365	270	318
3749	284	318
14637	346	318
9440	348	318
3754	503	318
7674	552	318
15149	3	319
11231	103	319
1179	408	319
864	446	319
14533	529	319
10256	557	319
9801	46	320
11783	171	320
9772	255	320
13995	278	320
7073	294	320
5593	316	320
12127	374	320
7693	409	320
11771	427	320
14493	440	320
18108	469	320
13325	500	320
3033	522	320
10723	582	320
8877	75	321
2550	398	321
1231	567	321
9831	8	322
11470	19	322
17168	117	322
7891	184	322
13285	428	322
9089	162	323
9667	276	323
11630	288	323
3458	334	323
2629	422	323
811	111	324
13269	183	324
975	201	324
6326	414	324
1159	426	324
16806	77	325
9240	101	325
7875	296	325
18367	499	325
18144	533	325
12914	546	325
7860	581	325
5487	18	326
6205	190	326
10904	52	327
9023	276	327
12895	327	327
6892	17	328
13401	167	328
4946	356	328
1709	520	328
14621	576	328
4900	129	329
2443	463	329
13931	504	329
12306	33	330
11385	187	330
4018	209	330
3593	245	330
12848	309	330
8249	509	330
10492	551	330
13382	560	330
2497	573	330
5839	99	331
3790	173	331
15070	32	332
3261	199	332
13684	393	332
1238	395	332
11428	505	332
13194	6	333
16579	37	333
15816	61	333
8003	62	333
15372	159	333
9991	172	333
17231	197	333
13431	287	333
11950	292	333
3735	412	333
8878	417	333
15199	460	333
17103	496	333
17415	534	333
11139	323	334
1486	392	334
9706	517	335
17241	531	335
17690	92	336
12798	134	336
15213	265	336
4691	340	336
7405	473	336
14373	15	337
6596	24	337
11879	26	337
11641	42	337
7715	64	337
18147	83	337
16144	92	337
11910	178	337
16558	247	337
5391	265	337
7851	339	337
12139	372	337
14108	387	337
9975	410	337
10156	415	337
7991	438	337
2974	473	337
13818	507	337
5842	516	337
5352	527	337
18098	575	337
14833	584	337
16433	34	338
17140	172	338
10614	204	338
10225	282	338
4969	411	338
15673	558	338
5982	15	339
5843	24	339
692	26	339
1656	42	339
15724	64	339
9591	83	339
4937	92	339
18027	178	339
18325	207	339
7861	247	339
12150	265	339
6126	337	339
3882	372	339
12287	387	339
15456	410	339
7166	415	339
13465	438	339
4607	473	339
7534	507	339
16941	516	339
9198	527	339
15290	575	339
15146	584	339
14082	92	340
11506	252	340
14064	259	340
17617	265	340
14733	336	340
12109	415	340
8610	444	340
12276	530	340
12245	230	341
17077	250	341
17463	378	341
9300	433	341
10959	521	341
12770	555	341
13960	566	341
7801	20	342
4165	236	342
16004	435	342
14313	437	342
14098	585	342
15877	233	343
14225	285	343
4290	389	343
13587	109	344
5790	76	345
3843	258	345
2803	399	345
1605	147	346
15906	270	346
8774	318	346
5599	422	346
9190	60	347
16170	226	347
727	406	347
10236	318	348
15804	552	348
5586	299	349
15180	383	349
10025	504	349
13454	535	349
17903	187	350
8754	293	350
11505	560	350
6504	47	351
14567	222	351
11639	302	351
1259	366	351
14015	378	351
6070	418	351
15691	185	352
10469	480	352
15159	531	352
17101	52	353
9334	353	353
8230	98	354
10737	134	354
15415	161	354
13428	188	354
7631	312	354
7431	437	354
11204	37	355
14509	268	355
15744	558	355
4017	17	356
8962	95	356
17183	130	356
5829	167	356
14410	328	356
1615	576	356
2433	5	357
8204	89	357
3572	90	357
4983	104	357
1301	105	357
9752	107	357
14678	128	357
1248	271	357
12498	358	357
10539	367	357
16770	380	357
7593	430	357
7307	513	357
8792	524	357
4619	547	357
18157	579	357
2636	104	358
10820	357	358
1774	3	359
5690	77	359
6436	101	359
18075	296	359
14258	373	359
8400	425	359
2534	429	359
15178	499	359
7268	519	359
5908	540	359
13116	546	359
13260	5	360
1056	122	360
3197	176	360
4606	286	360
15510	484	360
5161	29	361
5048	55	361
14331	66	361
7603	111	361
8758	377	361
4299	403	361
5698	72	362
13817	114	362
9393	135	362
6130	177	362
14719	424	362
7512	479	362
2521	297	363
12506	313	363
7094	18	364
12048	35	364
848	150	364
2174	445	364
18295	468	364
1444	572	364
1087	3	365
17160	87	365
14939	131	365
6112	168	365
2481	283	365
3691	315	365
8246	124	366
11535	191	366
4833	222	366
10761	351	366
11560	378	366
11601	434	366
10051	182	367
16564	250	367
6116	309	367
1673	357	367
5120	454	367
6058	536	367
1508	571	367
2203	70	368
8951	146	368
8517	235	368
5139	313	368
7368	423	368
12196	21	369
1029	47	369
1367	187	369
17412	302	369
8155	509	369
14615	510	369
914	31	370
9010	396	371
5744	585	371
2195	15	372
7233	24	372
5727	26	372
8002	42	372
15736	64	372
15150	83	372
12976	92	372
9243	178	372
11181	207	372
16461	247	372
9880	265	372
9746	337	372
18326	339	372
8153	387	372
14200	410	372
1808	415	372
12487	438	372
5985	473	372
11754	507	372
13842	516	372
6930	527	372
1815	575	372
12500	584	372
17355	3	373
13088	77	373
17660	101	373
14660	296	373
13910	359	373
15237	425	373
2005	429	373
9199	499	373
16380	519	373
8793	540	373
5766	546	373
15198	581	373
15079	46	374
4775	145	374
13967	171	374
3983	278	374
9725	316	374
17651	320	374
14841	409	374
17491	440	374
14248	469	374
13961	522	374
17718	545	374
11720	52	375
8538	375	375
1135	11	376
5231	156	376
9770	233	376
7331	29	377
17762	55	377
3292	220	377
4795	361	377
13173	47	378
9807	93	378
18461	132	378
2948	222	378
8553	224	378
14181	230	378
17712	302	378
5514	308	378
13246	341	378
16313	351	378
11390	366	378
4500	419	378
17210	433	378
13705	510	378
5635	521	378
16751	566	378
7032	140	379
1937	225	379
7408	240	379
16542	401	379
1841	53	380
12653	89	380
1720	261	380
2615	271	380
3509	357	380
2633	437	380
12407	145	381
15416	216	381
13989	242	381
9848	279	381
4235	409	381
12376	427	381
6990	545	381
17482	559	381
3304	41	382
9621	59	382
2010	80	382
9201	185	382
5658	397	382
14903	27	383
16593	65	383
18452	349	383
8453	149	384
16085	562	384
2516	2	385
14932	40	385
11274	183	385
862	201	385
4220	285	385
10682	411	385
11588	429	385
928	75	386
3788	436	386
5634	15	387
15866	24	387
1394	26	387
17090	42	387
11083	64	387
13446	83	387
18186	92	387
2417	178	387
14667	207	387
6030	247	387
14125	265	387
9193	337	387
981	339	387
13729	372	387
9874	410	387
17342	415	387
9906	438	387
12119	473	387
3624	507	387
13667	516	387
14345	527	387
3881	575	387
16123	584	387
16141	19	388
15817	30	388
12259	63	388
8947	234	388
3763	285	388
5118	563	388
935	196	389
15373	233	389
3835	285	389
13494	343	389
10846	451	389
3266	544	389
13139	556	389
12520	30	390
1823	43	390
5647	160	390
4571	234	390
17754	285	390
8083	298	390
9891	391	390
6503	411	390
14834	457	390
4598	573	390
1786	43	391
11291	160	391
10676	390	391
3124	434	391
6635	441	391
3863	457	391
10809	573	391
13665	147	392
16237	334	392
15052	514	392
2735	92	393
7789	252	393
13614	332	393
8837	416	393
6113	73	394
13215	88	394
8275	158	394
4799	437	394
11216	585	394
5159	332	395
10506	410	395
1980	528	395
16935	286	396
7585	371	396
11597	437	396
12229	455	396
10745	9	397
5446	84	397
3353	123	397
6024	126	397
14276	131	397
1456	134	397
1058	382	397
1190	529	397
13436	269	398
13176	272	398
3063	321	398
1932	567	398
3911	110	399
6606	345	399
7142	184	400
6946	234	400
6153	304	400
14883	414	400
10005	498	400
15176	225	401
16413	379	401
15623	513	401
4783	10	402
15336	238	402
8398	439	402
2267	454	402
7705	36	403
6900	66	403
11598	220	403
5693	256	403
13887	267	403
5384	361	403
7396	2	404
897	22	404
16428	25	404
18180	79	404
9148	80	404
8549	82	404
14822	138	404
3282	208	404
4526	254	404
10759	448	404
3295	464	404
15405	480	404
659	497	404
5004	16	405
1710	284	405
5075	28	406
4708	165	406
10235	220	406
3174	229	406
16681	347	406
17698	411	406
18130	420	406
6569	474	406
5694	99	407
7353	3	408
5074	103	408
9782	274	408
7201	319	408
8933	462	408
8028	46	409
4279	145	409
9704	171	409
6522	278	409
2707	316	409
7239	320	409
11666	374	409
6416	381	409
9853	440	409
18310	469	409
1638	500	409
7945	522	409
13909	545	409
9181	559	409
2419	14	410
9375	24	410
2423	26	410
5502	64	410
2917	83	410
6038	265	410
9208	337	410
1331	339	410
16768	372	410
6346	387	410
17884	395	410
4699	438	410
10130	446	410
14229	505	410
4178	507	410
5787	516	410
15662	527	410
2369	575	410
18266	584	410
10844	96	411
3062	204	411
11819	282	411
10962	338	411
12936	385	411
9279	390	411
3322	406	411
4767	453	411
17269	542	411
6813	6	412
4583	37	412
14188	61	412
17300	62	412
8288	159	412
16628	172	412
17936	197	412
2657	287	412
7657	292	412
11466	333	412
13621	417	412
4326	460	412
15591	496	412
2375	534	412
10537	86	413
8066	138	413
5597	244	413
10185	501	413
3990	517	413
4674	7	414
2546	124	414
2827	304	414
2789	324	414
11352	400	414
11766	458	414
1783	498	414
17420	24	415
3147	26	415
16336	64	415
7061	83	415
724	92	415
16958	205	415
1162	217	415
14065	259	415
6980	337	415
9556	339	415
4701	340	415
4378	372	415
9423	387	415
15271	438	415
7820	444	415
4924	507	415
2865	516	415
8043	527	415
792	530	415
6760	575	415
17850	584	415
11648	210	416
14886	239	416
6561	247	416
14830	257	416
18074	295	416
17442	393	416
18029	532	416
17485	6	417
4034	37	417
1928	61	417
7872	62	417
18371	159	417
13036	172	417
10193	197	417
16473	287	417
2934	292	417
4245	333	417
10867	412	417
14983	460	417
10866	496	417
2681	534	417
15829	36	418
8167	63	418
14850	112	418
16361	121	418
15920	174	418
5322	213	418
11112	267	418
18474	351	418
6245	93	419
3018	308	419
1611	378	419
1418	555	419
17682	229	420
4492	251	420
7893	252	420
7237	262	420
6234	406	420
2956	429	420
16325	451	420
6334	474	420
12587	481	420
1585	566	420
2021	166	421
15600	194	421
3403	459	421
18084	461	421
18129	44	422
10507	180	422
16411	243	422
4168	288	422
17319	323	422
15885	346	422
11590	31	423
11722	50	423
6715	71	423
14738	368	423
5855	51	424
6700	68	424
14034	72	424
15151	114	424
12737	135	424
1449	144	424
1964	177	424
9789	362	424
10584	479	424
12702	77	425
4301	87	425
10015	101	425
5154	131	425
16928	274	425
11908	296	425
15707	315	425
9104	359	425
7821	373	425
15939	499	425
14143	519	425
11191	546	425
2524	9	426
16925	111	426
1684	121	426
14642	174	426
12763	183	426
12971	201	426
921	324	426
11130	495	426
11933	46	427
8993	171	427
6407	278	427
8356	316	427
7082	320	427
2667	381	427
1845	440	427
3530	469	427
9497	500	427
16951	522	427
12432	559	427
8503	19	428
2221	322	428
11066	491	428
16119	563	428
17961	93	429
15283	188	429
7318	359	429
12403	373	429
15047	385	429
12492	420	429
17915	481	429
15499	519	429
12144	557	429
5503	105	430
17760	107	430
8991	140	430
11481	271	430
16671	307	430
1253	357	430
5947	547	430
5403	60	431
8828	45	432
1373	158	432
11046	232	432
9244	263	432
11944	311	432
10290	492	432
13487	539	432
13241	561	432
12053	569	432
12963	224	433
16364	341	433
3101	378	433
12311	555	433
10777	566	433
13301	201	434
4744	227	434
10802	366	434
12099	391	434
14916	556	434
5202	5	435
1045	89	435
18416	236	435
3528	286	435
13934	342	435
17004	443	435
4458	585	435
9840	272	436
18427	386	436
4565	63	437
9352	73	437
3205	123	437
3319	161	437
13000	236	437
8366	261	437
10166	273	437
4188	342	437
7403	354	437
13730	380	437
2561	394	437
9692	396	437
10751	585	437
10231	15	438
7382	24	438
1960	26	438
6859	42	438
1501	64	438
15374	83	438
7306	92	438
6747	178	438
4079	207	438
17917	247	438
4250	265	438
7874	337	438
2882	339	438
15388	372	438
3560	387	438
8646	410	438
12864	415	438
5556	473	438
7392	507	438
8108	516	438
10671	527	438
17487	575	438
3054	584	438
7698	10	439
6400	143	439
10213	402	439
11676	571	439
8850	46	440
10002	171	440
15982	255	440
2616	278	440
14356	294	440
13767	316	440
2430	320	440
7345	374	440
7689	409	440
17472	427	440
11167	469	440
17947	500	440
11008	522	440
2904	582	440
15551	160	441
5854	281	441
15765	285	441
7401	298	441
10945	391	441
5079	237	442
13873	268	442
8298	477	442
17598	485	442
7616	558	442
2931	109	443
11611	176	443
16767	435	443
14080	486	443
11786	92	444
14749	134	444
5726	259	444
6998	340	444
11442	415	444
9436	530	444
8700	130	445
11994	150	445
4838	167	445
2804	364	445
7753	542	445
6634	572	445
5319	576	445
17212	3	446
3554	28	446
10687	30	446
7612	103	446
1729	319	446
18038	410	446
5418	540	446
6157	557	446
7608	139	447
13345	550	447
13104	2	448
8236	22	448
2659	25	448
12470	79	448
6496	80	448
3067	82	448
13122	138	448
15862	208	448
16738	254	448
13753	404	448
4115	464	448
7300	480	448
6175	497	448
1232	78	449
11391	191	449
6550	301	449
3416	454	449
13920	456	449
9288	54	450
16750	74	450
18003	541	450
13288	14	451
4187	188	451
7315	213	451
4300	389	451
6177	420	451
14237	529	451
1145	93	452
8382	309	452
16962	454	452
14257	510	452
18166	298	453
8672	411	453
13166	542	453
4693	554	453
2612	4	454
6668	108	454
2857	140	454
8949	238	454
7154	301	454
13814	367	454
4126	402	454
11557	449	454
2899	452	454
15365	456	454
5469	578	454
1824	396	455
7198	108	456
11314	449	456
1723	454	456
17371	578	456
5397	116	457
16185	124	457
17185	156	457
8177	390	457
8129	391	457
11995	458	457
10262	551	457
17674	573	457
17825	11	458
4787	43	458
12128	102	458
16722	285	458
15698	414	458
15165	457	458
8290	551	458
6789	176	459
10095	421	459
695	583	459
13821	6	460
9065	37	460
3250	61	460
10564	62	460
8132	159	460
1453	172	460
6257	197	460
9331	287	460
13038	292	460
4443	333	460
17620	412	460
3112	417	460
11230	496	460
7922	534	460
14951	166	461
15699	421	461
15964	7	462
5244	168	462
626	202	462
8009	283	462
5168	408	462
15772	470	462
5659	65	463
15766	129	463
11409	329	463
5449	535	463
8680	2	464
1126	22	464
13835	25	464
4788	79	464
668	80	464
5922	82	464
11285	138	464
6525	208	464
7228	254	464
15392	404	464
13119	448	464
17483	480	464
2946	497	464
8285	23	465
3633	68	465
13287	214	465
8269	300	465
7548	574	465
1332	60	466
14780	294	467
3870	504	467
13550	535	467
7289	142	468
7645	294	468
10294	364	468
9525	46	469
6896	171	469
3082	255	469
16683	278	469
15496	294	469
18401	316	469
14424	320	469
2920	374	469
12218	409	469
1489	427	469
17546	440	469
16680	500	469
12791	522	469
11568	582	469
1081	3	470
10708	7	470
15886	97	470
957	202	470
9957	269	470
11514	283	470
10625	303	470
11243	462	470
7834	488	470
8055	570	470
16063	587	470
2293	52	471
2041	471	471
11902	159	472
910	169	472
15020	172	472
8802	215	472
14230	246	472
14641	15	473
1629	24	473
12024	26	473
11316	42	473
13893	64	473
1982	83	473
1067	92	473
16110	134	473
5264	178	473
6866	205	473
11419	207	473
9357	265	473
4970	336	473
12764	337	473
16672	339	473
8163	372	473
18377	387	473
13086	438	473
10593	507	473
2175	516	473
10771	527	473
3706	575	473
15249	584	473
5685	15	474
8710	38	474
5457	42	474
12912	111	474
11018	116	474
13035	178	474
13843	247	474
1281	293	474
4655	406	474
8000	420	474
15224	1	475
13503	290	475
10148	121	476
11125	161	476
16437	213	476
14135	312	476
12409	211	477
1429	442	477
3447	485	477
11642	558	477
10343	231	478
11635	306	478
6479	493	478
3379	51	479
2494	68	479
2223	72	479
11682	114	479
7097	135	479
13118	144	479
7823	177	479
15393	362	479
10895	424	479
12123	22	480
2279	25	480
2929	79	480
13045	82	480
3705	126	480
3672	254	480
706	352	480
11145	404	480
3427	448	480
5768	464	480
15530	497	480
14488	501	480
6273	188	481
8608	226	481
2503	269	481
4158	274	481
9797	420	481
8939	429	481
2747	509	481
9578	221	482
2197	583	482
8318	561	483
13053	118	484
5738	231	484
14079	291	484
7167	306	484
8658	360	484
14442	524	484
7724	37	485
1983	193	485
10765	211	485
6264	268	485
4644	442	485
6412	477	485
5420	582	485
16605	158	486
1375	443	486
17856	504	486
10896	3	487
12194	74	487
5934	103	487
2807	112	487
4200	121	487
1445	165	487
3592	126	488
5846	202	488
4176	470	488
16740	570	488
11671	587	488
16548	60	489
5304	92	490
1015	252	490
15832	295	490
5019	532	490
6318	124	491
4628	228	491
8626	234	491
14209	303	491
1607	428	491
3395	556	491
7379	45	492
15293	158	492
5473	232	492
14985	263	492
2116	432	492
16837	539	492
17818	561	492
13806	569	492
749	127	493
17642	153	493
5758	231	493
4976	235	493
14087	478	493
13108	153	494
13037	9	495
2706	63	495
12585	66	495
16470	112	495
5784	123	495
17832	256	495
8781	312	495
5978	426	495
2232	586	495
9555	6	496
6786	37	496
3381	61	496
11963	62	496
6739	159	496
6794	172	496
6212	197	496
11574	287	496
9623	292	496
5841	333	496
9911	412	496
3899	417	496
16464	460	496
2883	534	496
9513	2	497
4251	22	497
3500	25	497
1537	79	497
2206	80	497
15826	82	497
14591	138	497
9251	208	497
1130	254	497
8756	404	497
10048	448	497
16599	464	497
3443	480	497
17343	30	498
11048	157	498
5510	184	498
12778	245	498
12675	304	498
12510	400	498
18205	414	498
4513	77	499
14309	101	499
2254	198	499
2912	219	499
14120	274	499
11923	275	499
4182	296	499
10337	325	499
1014	359	499
5604	373	499
17883	425	499
12607	519	499
3491	533	499
9909	540	499
11378	546	499
17727	46	500
9472	145	500
16938	171	500
13495	278	500
9749	316	500
6656	320	500
1133	409	500
10583	427	500
6427	440	500
855	469	500
2460	522	500
13133	545	500
1800	138	501
11778	208	501
15474	413	501
14145	480	501
1036	284	502
16969	110	503
4576	284	503
10517	318	503
18414	129	504
15785	329	504
12877	349	504
6162	467	504
16748	486	504
11990	511	504
15700	32	505
5644	85	505
1648	117	505
14585	199	505
10287	244	505
12878	289	505
6872	332	505
9373	410	505
1487	85	506
12339	88	506
5844	186	506
5225	15	507
8293	24	507
624	26	507
4875	42	507
805	64	507
13714	83	507
906	92	507
6277	178	507
15256	207	507
15013	247	507
17536	265	507
5412	337	507
5893	339	507
9538	372	507
2186	387	507
3816	410	507
12578	415	507
15561	438	507
10985	473	507
12518	516	507
13366	527	507
3827	575	507
11665	584	507
8266	10	508
14296	313	508
1077	224	509
3030	309	509
1802	330	509
18235	369	509
8722	481	509
10108	47	510
14752	302	510
8561	369	510
8428	378	510
13850	452	510
17112	504	511
17780	129	512
6084	225	513
8094	307	513
12247	357	513
15412	401	513
17086	392	514
17622	2	515
13015	41	515
17067	126	515
15143	237	515
1805	268	515
5733	15	516
4877	24	516
17952	26	516
13677	42	516
11160	64	516
3968	83	516
5594	92	516
13826	178	516
1008	207	516
3660	247	516
6615	265	516
5059	337	516
8006	339	516
13233	372	516
4892	387	516
10220	410	516
6442	415	516
5868	438	516
3108	473	516
13195	507	516
3457	527	516
17904	575	516
6270	584	516
11717	74	517
629	84	517
13898	185	517
17324	244	517
13530	335	517
10401	413	517
9156	531	517
15299	78	518
13664	225	518
9540	297	518
9186	571	518
15177	3	519
13978	77	519
7942	101	519
12057	296	519
2593	359	519
2226	373	519
14495	425	519
15552	429	519
11738	499	519
8389	540	519
5912	546	519
12455	49	520
6501	142	520
9284	167	520
6233	328	520
10261	576	520
3579	230	521
3159	341	521
8862	378	521
779	555	521
3728	46	522
4366	171	522
12058	255	522
4985	278	522
13623	294	522
13837	316	522
11182	320	522
10554	374	522
9769	409	522
16223	427	522
5429	440	522
10330	469	522
5313	500	522
3736	582	522
4169	309	523
6564	5	524
6605	107	524
1794	357	524
7550	484	524
12236	579	524
8734	39	525
1894	544	525
9595	577	525
15737	49	526
3521	95	526
12809	142	526
2376	15	527
14763	24	527
18187	26	527
8372	42	527
2182	64	527
3903	83	527
15236	92	527
10927	178	527
8970	207	527
2023	247	527
8381	265	527
2975	337	527
12285	339	527
7969	372	527
10134	387	527
14740	410	527
2619	415	527
7264	438	527
13998	473	527
16042	507	527
6054	516	527
10897	575	527
17275	584	527
14524	395	528
9514	580	528
9285	9	529
8291	96	529
17518	128	529
8514	152	529
17344	165	529
17068	201	529
13899	219	529
16737	319	529
1237	397	529
2621	451	529
16780	92	530
12345	134	530
10526	217	530
7039	259	530
10338	340	530
14219	415	530
7155	444	530
16324	185	531
17372	244	531
15228	335	531
7541	352	531
16637	517	531
10386	92	532
1443	186	532
5430	199	532
10864	207	532
9426	295	532
7064	416	532
764	490	532
4338	77	533
1131	87	533
14051	101	533
3382	275	533
10171	296	533
13829	325	533
13840	499	533
15007	546	533
6375	6	534
13254	37	534
12421	61	534
18139	62	534
11413	159	534
13115	172	534
10361	197	534
10698	287	534
1498	292	534
7581	333	534
13897	412	534
11512	417	534
1877	460	534
14663	496	534
7380	13	535
5891	27	535
16555	57	535
8190	144	535
17739	349	535
14414	463	535
8173	467	535
15687	539	535
3760	5	536
18112	89	536
7425	182	536
817	250	536
5366	313	536
7939	367	536
1580	73	537
1369	148	537
2401	258	538
15041	284	538
17691	27	539
3368	57	539
16856	232	539
8590	263	539
11464	432	539
13197	492	539
7676	535	539
12925	554	539
1975	569	539
17694	74	540
17116	77	540
6397	94	540
8042	101	540
10431	144	540
4853	296	540
5155	359	540
13973	373	540
11435	446	540
11741	499	540
4155	519	540
8619	546	540
5689	581	540
6244	181	541
1337	450	541
13527	150	542
9437	156	542
12283	160	542
2367	196	542
16469	411	542
10362	445	542
7236	453	542
1062	572	542
7292	179	543
10986	228	543
16510	544	543
2921	556	543
11449	29	544
15400	39	544
7742	55	544
11624	148	544
8617	233	544
10178	389	544
682	525	544
5824	543	544
15916	556	544
9380	577	544
15427	374	545
15444	381	545
7909	409	545
3780	500	545
6388	77	546
11493	101	546
14645	198	546
15049	219	546
4748	274	546
14899	275	546
17607	296	546
9582	325	546
12028	359	546
12160	373	546
6186	425	546
7597	499	546
9447	519	546
11120	533	546
16527	540	546
12415	105	547
2350	107	547
8234	191	547
11095	357	547
10233	430	547
16331	23	548
3608	68	548
4183	72	548
11756	574	548
17440	12	549
4025	29	549
18052	84	549
12386	116	549
1715	123	549
12611	186	549
12924	237	549
1725	16	550
13878	56	550
16014	57	550
18090	81	550
18425	139	550
3176	181	550
15507	266	550
10832	447	550
10205	553	550
8215	21	551
5285	30	551
16736	102	551
15332	209	551
17268	330	551
4173	457	551
4528	458	551
9168	212	552
3784	258	552
14772	270	552
10649	318	552
12411	348	552
8888	54	553
4566	139	553
5916	151	553
9457	170	553
13156	550	553
17995	69	554
13449	279	554
13879	453	554
10902	539	554
10780	582	554
11454	93	555
12830	224	555
3673	230	555
6100	293	555
13774	308	555
17978	341	555
16333	419	555
15337	433	555
16816	521	555
5065	560	555
13634	566	555
1886	19	556
14953	227	556
8045	285	556
5222	389	556
932	434	556
4134	491	556
9294	543	556
2836	544	556
11179	93	557
13598	96	557
4137	156	557
3795	196	557
11031	201	557
12267	319	557
14826	429	557
9882	446	557
16235	172	558
5538	268	558
2487	282	558
3078	338	558
11312	355	558
9576	442	558
17194	477	558
4382	279	559
3767	381	559
10527	409	559
11058	427	559
3006	582	559
15089	38	560
14038	124	560
15819	293	560
6733	304	560
7333	330	560
1182	350	560
15708	555	560
17246	1	561
16581	48	561
15229	181	561
987	232	561
11498	263	561
9827	432	561
6335	483	561
11310	492	561
8460	569	561
2196	149	562
18386	269	562
12402	384	562
1354	19	563
4962	157	563
12538	388	563
16991	428	563
13827	67	564
7146	125	564
5948	192	564
5362	195	564
11340	99	565
10123	173	565
14206	174	566
9290	230	566
2894	341	566
10331	378	566
8960	420	566
11543	433	566
8725	555	566
3324	269	567
12152	272	567
7389	321	567
15250	398	567
1530	60	568
15741	45	569
11087	158	569
1904	232	569
8903	263	569
4451	280	569
17824	290	569
18283	311	569
12656	432	569
12014	492	569
14665	539	569
6285	561	569
11418	202	570
14022	206	570
2104	470	570
918	488	570
16526	587	570
3285	10	571
7908	78	571
5821	143	571
17335	297	571
11393	367	571
7410	439	571
14946	518	571
7763	130	572
6799	150	572
7454	167	572
13763	364	572
3690	445	572
16793	542	572
3627	576	572
11277	11	573
12081	116	573
1038	156	573
3640	330	573
17547	390	573
16467	391	573
12337	457	573
5885	23	574
5509	214	574
3851	300	574
9606	465	574
8601	548	574
14353	15	575
12047	24	575
5636	26	575
10433	42	575
2227	64	575
5421	83	575
14721	92	575
5209	178	575
10606	207	575
11575	247	575
7503	265	575
5811	337	575
13592	339	575
10661	372	575
16209	387	575
12554	410	575
3048	415	575
1273	438	575
3999	473	575
11504	507	575
7417	516	575
9234	527	575
3934	584	575
6888	17	576
810	150	576
4543	167	576
9149	328	576
15927	356	576
3052	445	576
905	520	576
12369	572	576
17590	525	577
4692	544	577
10588	182	578
7777	307	578
10184	454	578
1355	456	578
2363	107	579
16957	357	579
14429	524	579
13174	36	580
15317	53	580
5476	121	580
5964	132	580
12086	143	580
17821	220	580
14056	528	580
7855	77	581
12110	101	581
7987	296	581
16167	325	581
5702	373	581
14032	540	581
17845	46	582
2646	171	582
4201	278	582
15755	316	582
13228	320	582
9884	440	582
2253	469	582
11113	485	582
7099	522	582
10405	554	582
1708	559	582
17847	221	583
1096	459	583
4617	482	583
15423	15	584
15664	24	584
4518	26	584
9293	42	584
14132	64	584
10662	83	584
8703	92	584
2698	178	584
12102	207	584
642	247	584
6939	265	584
16122	337	584
10237	339	584
5270	372	584
17829	387	584
4186	410	584
4308	415	584
10086	438	584
16833	473	584
7340	507	584
4413	516	584
16871	527	584
13905	575	584
11702	20	585
1619	39	585
10427	73	585
6382	88	585
7828	161	585
17583	236	585
14496	273	585
2519	342	585
5695	371	585
15472	394	585
12442	435	585
10789	437	585
3774	63	586
17532	93	586
1543	94	586
5825	148	586
13050	161	586
10998	174	586
1817	495	586
17162	202	587
1424	206	587
3773	470	587
9111	488	587
17499	570	587
10796	99	588
