6125	290	1
6064	475	1
15828	561	1
17286	25	2
4368	41	2
2324	82	2
8284	87	2
18101	126	2
10440	208	2
5453	254	2
1583	274	2
2092	385	2
1479	448	2
11739	464	2
14511	497	2
4163	515	2
13015	558	2
3569	96	3
971	103	3
2630	202	3
2533	319	3
4199	359	3
14160	365	3
8671	373	3
6623	408	3
8006	470	3
4006	487	3
7042	519	3
5157	577	3
8088	108	4
8370	301	4
15167	357	5
11574	360	5
9554	435	5
8087	524	5
8644	536	5
4520	37	6
1585	61	6
4078	62	6
12649	159	6
1453	172	6
7725	197	6
9077	287	6
1139	292	6
18466	333	6
16112	412	6
17429	417	6
10891	460	6
7782	496	6
17399	534	6
9777	168	7
1802	198	7
9821	228	7
14035	274	7
11646	283	7
15981	365	7
5892	414	7
6684	462	7
1500	19	8
4169	33	8
8751	157	8
9439	322	8
12311	123	9
14635	179	9
14007	219	9
8656	312	9
15470	382	9
12729	397	9
10247	495	9
17320	529	9
16169	143	10
2738	379	10
12526	402	10
15878	508	10
1332	116	11
16885	227	11
5231	376	11
16096	458	11
12008	573	11
7316	28	12
15259	69	12
13964	186	12
15913	295	12
4628	312	12
6110	416	12
17073	549	12
17065	585	12
1773	99	13
6657	144	13
12493	166	13
6893	421	13
10767	539	13
2306	258	14
711	410	14
11600	451	14
4254	42	15
11096	83	15
14819	178	15
6768	337	15
16560	339	15
16147	372	15
8483	410	15
14308	438	15
17445	473	15
8623	527	15
3445	584	15
13537	139	16
13743	405	16
9292	550	16
12383	95	17
15983	167	17
5941	328	17
11307	356	17
11025	576	17
11055	35	18
9677	142	18
18376	190	18
3351	326	18
11550	364	18
15134	554	18
16787	561	18
17137	8	19
16801	97	19
3591	157	19
3493	304	19
2902	322	19
14885	400	19
10410	428	19
5776	491	19
12799	563	19
4746	261	20
5733	273	20
11400	512	20
2409	585	20
3274	43	21
12902	102	21
2530	213	21
11082	369	21
5062	390	21
5576	551	21
6704	79	22
9726	80	22
16060	138	22
15616	208	22
18212	404	22
12079	480	22
13932	214	23
15722	262	23
10881	300	23
13380	465	23
12044	548	23
8156	574	23
13140	26	24
15370	42	24
8441	64	24
13725	83	24
17336	178	24
16004	337	24
18022	339	24
7632	372	24
10730	387	24
8817	410	24
11121	415	24
1781	507	24
10536	516	24
17493	575	24
18427	2	25
5613	79	25
8023	82	25
5167	208	25
17086	254	25
6433	448	25
1590	464	25
11444	480	25
6890	497	25
11842	24	26
8268	42	26
18099	64	26
9022	178	26
12336	337	26
13679	339	26
12384	372	26
15798	387	26
18363	410	26
16762	415	26
6468	473	26
16055	507	26
4069	516	26
1731	575	26
6436	299	27
4902	383	27
10323	535	27
16949	539	27
10780	554	27
13154	12	28
8246	100	28
15952	213	28
1254	270	28
9521	446	28
3884	39	29
9846	87	29
5700	123	29
13163	226	29
3138	256	29
7628	343	29
607	543	29
9142	544	29
5277	549	29
1430	556	29
12780	102	30
4938	117	30
6251	184	30
12375	388	30
2941	390	30
12691	446	30
10869	458	30
8719	498	30
4299	143	31
6859	249	31
2325	314	31
5227	317	31
10461	370	31
14970	423	31
8939	117	32
3499	199	32
1149	220	32
3839	239	32
15651	332	32
16244	505	32
9359	8	33
4096	157	33
13560	227	33
3055	245	33
17677	283	33
9928	330	33
16674	343	33
4983	556	33
12283	563	33
2949	88	34
7698	116	34
7250	218	34
11992	226	34
2255	267	34
9316	282	34
10527	338	34
3375	18	35
9822	58	35
1165	95	35
10010	142	35
14890	364	35
14363	526	35
18098	112	36
14163	161	36
2948	220	36
9698	267	36
16574	418	36
6883	6	37
17512	61	37
6698	172	37
18217	197	37
10926	268	37
5048	287	37
1240	292	37
6889	295	37
4276	333	37
16148	355	37
8362	412	37
9620	417	37
5664	460	37
775	485	37
2771	585	37
5020	77	38
15360	132	38
10226	155	38
16276	293	38
16855	296	38
3056	474	38
12133	560	38
15725	29	39
2075	233	39
14642	525	39
9055	529	39
10212	544	39
15999	107	40
9004	140	40
4065	368	40
16860	578	40
10840	2	41
11868	80	41
10051	126	41
11266	198	41
8989	237	41
5093	247	41
11954	257	41
10600	515	41
5275	549	41
11014	15	42
8297	24	42
9253	26	42
4468	64	42
15063	83	42
6508	178	42
10234	337	42
8747	339	42
1422	372	42
6502	387	42
7369	410	42
11743	438	42
12387	473	42
11030	474	42
17367	507	42
14892	516	42
10303	527	42
12053	575	42
13162	584	42
6030	21	43
5201	160	43
7300	250	43
11139	391	43
14984	441	43
17891	458	43
8168	99	44
9045	100	44
2054	127	44
1924	310	44
10390	422	44
15939	73	45
10148	158	45
1108	232	45
6911	263	45
9321	280	45
8516	290	45
4004	311	45
13180	394	45
7690	432	45
9429	475	45
14214	487	45
4662	492	45
17094	511	45
7478	569	45
12868	171	46
8703	255	46
15734	289	46
17122	294	46
16208	316	46
597	320	46
7380	409	46
10262	427	46
8261	440	46
15757	469	46
925	582	46
17278	302	47
15732	351	47
18474	369	47
7085	378	47
11652	510	47
2072	483	48
1769	561	48
11189	142	49
9168	150	49
1715	158	49
14061	167	49
14344	273	49
16328	445	49
6437	520	49
5604	526	49
7590	572	49
6072	423	50
7582	72	51
14455	177	51
16034	424	51
7332	437	51
12873	479	51
8459	52	52
12374	141	52
5228	154	52
17116	162	52
8735	164	52
6345	189	52
18299	248	52
15093	260	52
8552	305	52
12751	327	52
2410	353	52
4406	375	52
2553	471	52
14041	74	53
12333	312	53
8598	380	53
18198	476	53
8032	81	54
17843	447	54
3794	450	54
18025	553	54
13727	229	55
3017	240	55
13639	285	55
15378	347	55
1525	377	55
3297	109	56
1038	139	56
14765	195	56
2847	447	56
10817	550	56
11680	139	57
15107	144	57
2690	181	57
4282	535	57
5912	539	57
15706	550	57
1673	35	58
14769	95	58
6208	150	58
5818	160	58
3124	167	58
4861	188	58
11144	281	58
18463	298	58
876	445	58
11964	572	58
6692	138	59
16489	210	59
6736	257	59
15209	382	59
1450	127	60
13771	347	60
11428	431	60
6423	466	60
13520	489	60
5990	568	60
1377	6	61
1054	37	61
7591	172	61
17794	287	61
17986	417	61
13176	460	61
17371	534	61
16483	6	62
6687	172	62
17084	460	62
13693	496	62
15280	534	62
13404	98	63
4785	174	63
2475	256	63
3577	388	63
4036	437	63
17023	495	63
11725	586	63
10544	24	64
6287	26	64
5790	42	64
12419	83	64
2769	178	64
1753	247	64
4515	337	64
3399	339	64
10246	372	64
11674	387	64
7330	410	64
11163	507	64
4007	516	64
13654	575	64
1737	129	65
7057	262	65
7611	383	65
7220	463	65
3778	511	65
9144	84	66
12338	210	66
2756	239	66
6979	267	66
13032	361	66
14080	403	66
3420	426	66
3732	495	66
10154	109	67
9574	194	67
2246	344	67
6092	564	67
625	72	68
12002	114	68
5108	135	68
2727	177	68
17870	214	68
663	277	68
13315	424	68
2245	465	68
6378	479	68
6365	548	68
10664	12	69
16876	186	69
5966	237	69
6631	416	69
2623	515	69
13785	554	69
8849	107	70
1907	119	70
2392	270	70
9784	368	70
1236	456	70
18426	493	70
938	146	71
2524	423	71
5283	51	72
5187	68	72
11524	135	72
4286	177	72
9266	277	72
14068	362	72
16753	409	72
5301	424	72
3992	479	72
11372	548	72
15108	45	73
10601	273	73
16072	394	73
9656	537	73
5771	53	74
17314	347	74
8650	450	74
1173	487	74
11751	540	74
8621	321	75
11589	386	75
7298	258	76
6172	306	76
5292	38	77
15001	101	77
16171	274	77
15336	275	77
9062	296	77
3575	373	77
9676	519	77
15190	540	77
17400	546	77
3928	581	77
13476	238	78
14918	449	78
3697	513	78
6440	518	78
6259	22	79
16846	25	79
16255	80	79
9723	82	79
4341	208	79
13209	254	79
17043	404	79
4794	448	79
12481	464	79
17161	480	79
12459	497	79
6218	22	80
17750	41	80
1209	79	80
3447	185	80
17529	382	80
9328	404	80
2127	54	81
14747	139	81
2551	447	81
5933	550	81
11219	2	82
2952	25	82
5356	79	82
4390	208	82
1126	254	82
3556	448	82
18425	464	82
4072	480	82
9065	497	82
14198	15	83
6567	24	83
10485	42	83
16645	64	83
5403	178	83
8748	247	83
17865	337	83
12435	339	83
10517	372	83
2182	410	83
1642	415	83
13680	438	83
7749	507	83
15960	527	83
10819	584	83
16452	66	84
16214	88	84
10563	185	84
7213	397	84
11056	517	84
17775	117	85
5029	201	85
4458	208	85
9501	274	85
10346	289	85
5442	352	85
17578	410	85
18464	446	85
7573	505	85
5550	506	85
15920	138	86
16608	413	86
6757	517	86
14609	2	87
13137	29	87
13916	219	87
732	237	87
6988	274	87
9361	275	87
9160	315	87
8142	533	87
6806	34	88
15438	84	88
909	161	88
4319	215	88
2282	216	88
5351	218	88
18218	267	88
6933	506	88
15870	585	88
3360	250	89
6225	344	89
9094	357	89
6683	380	89
15308	435	89
15918	104	90
2945	357	90
17668	367	90
1151	484	90
5449	536	90
5715	136	91
17262	399	91
10523	217	92
14310	252	92
611	340	92
13841	393	92
1200	415	92
9327	490	92
8186	532	92
15075	419	93
4986	452	93
6676	234	94
9576	446	94
8294	540	94
6823	586	94
16791	17	95
18203	35	95
17589	58	95
16684	142	95
8721	167	95
6694	188	95
18131	273	95
15339	526	95
17787	542	95
8265	3	96
5579	103	96
10870	319	96
14121	411	96
5468	529	96
5994	19	97
2901	202	97
10757	206	97
10157	470	97
6536	63	98
17338	144	98
16322	237	98
18446	240	98
13509	354	98
16598	355	98
7514	442	98
14643	554	98
3875	13	99
14167	44	99
10260	106	99
1409	113	99
13448	115	99
4588	173	99
1131	241	99
3243	253	99
14680	276	99
4214	331	99
14897	407	99
11098	565	99
15871	588	99
13659	28	100
2542	44	100
16029	269	100
9887	77	101
15775	155	101
4951	198	101
10328	274	101
9779	296	101
11445	359	101
2517	373	101
10377	425	101
12509	429	101
2166	499	101
12839	519	101
1522	540	101
5786	546	101
10375	21	102
10731	30	102
15672	184	102
11528	304	102
2492	369	102
6635	458	102
5596	551	102
14228	3	103
12727	96	103
8189	319	103
8739	408	103
3684	446	103
2793	487	103
12762	90	104
595	307	104
12767	357	104
12557	358	104
3626	524	104
14809	107	105
13804	118	105
5703	191	105
11234	357	105
9893	430	105
9442	478	105
11000	513	105
17992	547	105
8387	99	106
12359	173	106
17162	40	107
8801	70	107
8183	105	107
3071	128	107
7828	291	107
5558	306	107
12795	430	107
9424	524	107
14413	547	107
3068	579	107
12528	4	108
14828	140	108
3347	301	108
6982	452	108
7781	454	108
5459	456	108
4837	56	109
6001	67	109
7251	344	109
6587	443	109
8056	284	110
4764	399	110
4987	503	110
4321	132	111
13650	152	111
6035	229	111
6008	262	111
10434	324	111
14531	361	111
9707	426	111
10124	474	111
6600	36	112
16925	121	112
17508	220	112
5975	418	112
16634	487	112
651	99	113
13335	137	113
12952	241	113
6573	68	114
11196	135	114
14677	177	114
11115	362	114
12545	424	114
4447	479	114
1081	99	115
18169	173	115
4257	276	115
11601	11	116
3444	34	116
9081	239	116
4827	416	116
9555	457	116
9992	474	116
880	481	116
14103	30	117
4856	32	117
13619	85	117
11170	199	117
8855	322	117
18004	410	117
18060	505	117
3022	506	117
15168	105	118
4860	153	118
16699	200	118
8707	235	118
15886	318	118
6126	484	118
13635	493	118
2142	547	118
8654	578	118
5821	70	119
10373	146	119
3384	153	119
10794	284	120
3874	112	121
5647	174	121
7460	209	121
8125	229	121
3555	418	121
10799	426	121
15950	487	121
5738	580	121
2140	176	122
4400	360	122
3242	482	122
17574	9	123
9222	29	123
14319	126	123
6559	152	123
3032	256	123
7831	495	123
12663	549	123
5400	223	124
17198	293	124
2249	366	124
15123	491	124
8776	560	124
13265	192	125
950	195	125
12024	344	125
17444	564	125
17483	2	126
12474	41	126
13110	123	126
6928	237	126
939	247	126
2723	480	126
1319	515	126
2991	44	127
5541	60	127
6394	153	127
16931	107	128
1277	245	128
15265	357	128
4091	529	128
9202	65	129
1222	329	129
14428	463	129
9666	504	129
8649	511	129
17192	512	129
12134	150	130
6902	167	130
15084	356	130
12188	445	130
5224	572	130
10642	226	131
6442	239	131
16437	315	131
4949	365	131
8108	397	131
3774	38	132
977	111	132
16849	188	132
5642	229	132
4784	242	132
17469	559	132
10463	580	132
5536	163	133
16045	161	134
9780	213	134
15239	259	134
2205	312	134
2096	336	134
4756	354	134
2478	476	134
12021	530	134
8821	68	135
8782	72	135
12325	114	135
1207	144	135
3859	177	135
12546	424	135
8077	479	135
4656	91	136
8211	113	137
12308	162	137
9465	243	137
6785	288	137
11587	22	138
12126	59	138
2232	86	138
3607	404	138
12564	413	138
7734	501	138
15597	16	139
18057	56	139
5486	57	139
8734	81	139
8269	181	139
6599	266	139
9902	447	139
18308	550	139
1903	553	139
11249	40	140
2466	108	140
2333	379	140
3926	430	140
12117	52	141
6624	141	141
6498	18	142
12380	35	142
11707	49	142
8990	95	142
5373	468	142
5447	520	142
18317	526	142
6895	10	143
11543	31	143
967	297	143
10430	439	143
11504	571	143
8224	580	143
17821	13	144
12389	57	144
8956	98	144
10486	135	144
17584	177	144
5425	424	144
7633	479	144
7544	535	144
3966	540	144
1807	558	144
8903	374	145
2565	381	145
10358	409	145
16257	500	145
8709	71	146
9272	119	146
2534	180	147
5570	235	147
3806	270	147
1825	392	147
10588	203	148
8741	233	148
2091	537	148
5470	586	148
15576	384	149
18383	562	149
10073	49	150
10790	58	150
2647	130	150
17488	167	150
12494	364	150
7472	445	150
9402	542	150
15610	572	150
1571	576	150
7353	170	151
12104	447	151
15850	111	152
16394	123	152
16224	163	152
14371	269	152
1408	529	152
8064	118	153
3418	119	153
7953	127	153
5076	317	153
6949	334	153
4961	449	153
988	493	153
3522	494	153
1593	52	154
774	154	154
11854	38	155
14265	101	155
1106	184	155
11112	546	155
15399	376	156
12999	542	156
13548	551	156
11682	557	156
8129	564	156
11800	573	156
1349	8	157
5370	19	157
3991	33	157
6367	498	157
2619	563	157
2811	45	158
3838	49	158
2593	232	158
6561	263	158
6482	264	158
17718	394	158
7499	432	158
5352	486	158
16125	569	158
13466	6	159
11287	193	159
15116	197	159
16690	211	159
7479	218	159
17603	246	159
5901	287	159
15995	292	159
7565	333	159
6146	412	159
1391	417	159
5471	460	159
5125	472	159
2964	43	160
3905	58	160
13145	281	160
2164	285	160
15751	298	160
17258	390	160
15796	391	160
7155	411	160
3405	441	160
14744	542	160
16215	36	161
6866	88	161
2673	134	161
11458	213	161
6048	218	161
16352	267	161
4412	312	161
5364	354	161
10068	418	161
8350	476	161
8844	585	161
810	52	162
13009	137	162
13658	162	162
12043	323	162
17611	514	162
2314	133	163
7257	152	163
16517	422	163
10055	525	163
2467	529	163
5126	52	164
7969	164	164
15543	365	165
2872	406	165
10237	487	165
3087	506	165
14624	13	166
14008	421	166
3634	461	166
11866	17	167
14182	49	167
2381	58	167
11922	95	167
12015	130	167
1034	150	167
6514	328	167
16916	356	167
5113	445	167
10732	520	167
1797	572	167
14215	576	167
3256	7	168
12210	245	168
1520	283	168
8825	365	168
7187	462	168
12142	543	168
4824	193	169
3249	211	169
3713	218	169
8199	246	169
8078	472	169
11239	151	170
17748	447	170
9108	553	170
2616	46	171
3038	278	171
7049	289	171
16907	294	171
11831	316	171
6270	320	171
13889	409	171
17901	440	171
11415	469	171
18296	522	171
9581	6	172
5464	37	172
13043	61	172
15558	62	172
12444	197	172
14519	204	172
14200	215	172
11569	282	172
11242	287	172
3465	292	172
4894	333	172
17560	338	172
13860	411	172
7576	412	172
9877	417	172
1952	460	172
8749	472	172
5656	496	172
3917	534	172
2554	558	172
4342	99	173
9171	106	173
16377	115	173
9306	241	173
12697	253	173
14183	276	173
6426	331	173
8558	565	173
14994	63	174
11541	121	174
10114	251	174
11990	418	174
8396	426	174
13986	586	174
14805	276	175
12069	122	176
6274	360	176
6288	459	176
11722	51	177
12485	68	177
16667	72	177
4962	114	177
7375	135	177
17661	144	177
17841	424	177
1723	479	177
15776	15	178
16323	24	178
3820	26	178
10243	42	178
11787	64	178
8334	83	178
16278	337	178
5616	339	178
12694	372	178
898	387	178
2487	410	178
5758	438	178
9079	473	178
3147	474	178
9894	507	178
14423	516	178
17856	527	178
5589	575	178
908	584	178
1090	9	179
2292	312	179
10609	525	179
11073	543	179
13081	147	180
17255	191	180
3895	235	180
10925	243	180
17020	318	180
4337	422	180
12006	467	180
13242	57	181
14498	139	181
4638	264	181
2570	550	181
15199	561	181
10233	309	182
6921	357	182
17312	367	182
10875	536	182
18036	578	182
9637	234	183
17289	269	183
813	324	183
2349	385	183
10880	426	183
10963	481	183
9128	495	183
8530	30	184
8165	102	184
1159	155	184
1892	234	184
18221	293	184
12416	304	184
17254	322	184
17956	400	184
7242	498	184
16901	80	185
11027	84	185
11988	335	185
16747	352	185
13763	382	185
2579	505	185
10831	517	185
10797	531	185
4018	12	186
6854	69	186
12944	312	186
17123	532	186
11678	549	186
16888	585	186
5499	196	187
6871	222	187
5049	245	187
14663	330	187
15748	350	187
5976	369	187
12173	58	188
15402	95	188
3271	132	188
6376	324	188
3802	395	188
12522	451	188
8299	481	188
10855	52	189
12959	189	189
13373	18	190
9255	326	190
7393	105	191
12717	180	191
16906	334	191
7190	346	191
13241	449	191
15161	467	191
6548	547	191
2894	125	192
8636	564	192
4623	159	193
2434	169	193
9605	211	193
1321	215	193
16982	300	193
13401	485	193
14508	67	194
8864	421	194
15083	56	195
13119	125	195
11525	564	195
18347	187	196
17372	223	196
14588	389	196
18100	542	196
2157	6	197
11167	37	197
12675	159	197
7572	172	197
11087	287	197
17405	292	197
12670	333	197
2846	412	197
7636	417	197
17524	460	197
6961	7	198
8218	41	198
17669	101	198
15710	275	198
3592	296	198
4381	315	198
15038	382	198
6701	499	198
15505	546	198
2065	582	198
4181	32	199
1215	117	199
5625	207	199
1765	239	199
11735	247	199
14901	410	199
9330	505	199
16621	118	200
10904	85	201
13393	229	201
12190	426	201
4363	434	201
9883	446	201
3628	529	201
7932	557	201
17687	3	202
2138	97	202
9319	303	202
16380	462	202
12272	470	202
17025	570	202
12260	587	202
17896	148	203
6861	234	203
12768	255	203
9955	294	203
11537	409	203
17351	172	204
1662	215	204
12775	282	204
3291	338	204
729	411	204
15835	217	205
9732	259	205
3968	415	205
4600	444	205
8152	473	205
13368	530	205
10193	97	206
12486	488	206
1344	587	206
14967	199	207
5844	265	207
15661	473	207
17798	490	207
4927	532	207
8157	2	208
7170	22	208
16217	25	208
3400	79	208
16140	82	208
17026	85	208
11099	254	208
2656	404	208
8409	448	208
13423	464	208
10861	497	208
14878	501	208
4095	121	209
10965	213	209
7926	330	209
15970	410	209
18314	551	209
16187	573	209
2198	59	210
1572	66	210
14209	237	210
12940	257	210
15721	416	210
13062	159	211
2290	169	211
16327	193	211
16312	218	211
7936	477	211
6668	318	212
5918	478	212
3117	552	212
8345	21	213
12791	28	213
11330	134	213
17103	161	213
16863	209	213
4317	312	213
10653	418	213
9369	476	213
4472	23	214
16015	68	214
8583	300	214
8660	465	214
13584	574	214
4355	88	215
9504	172	215
4984	193	215
9500	204	215
16538	246	215
6081	472	215
9842	88	216
18211	273	216
6756	289	216
5008	381	216
3485	427	216
6414	437	216
17220	545	216
9252	92	217
17825	205	217
15011	259	217
4112	340	217
9044	415	217
5407	530	217
4329	34	218
666	88	218
8996	159	218
7795	161	218
2112	169	218
17895	211	218
13365	246	218
5780	472	218
2563	9	219
7788	87	219
17234	312	219
12248	529	219
13681	546	219
7887	32	220
11257	36	220
16149	112	220
10634	240	220
15803	377	220
10451	403	220
4333	580	220
1346	482	221
4021	583	221
14888	187	222
4246	224	222
3067	366	222
3092	378	222
8015	498	222
3193	124	223
15303	196	223
12360	222	224
15546	251	224
6396	433	224
13206	509	224
4079	307	225
9737	379	225
12963	401	225
9998	513	225
17098	518	225
5908	29	226
4958	34	226
17871	131	226
15993	233	226
11399	315	226
5863	481	226
11621	549	226
6545	11	227
16271	33	227
5279	285	227
12084	343	227
13285	434	227
1101	556	227
7274	7	228
17443	283	228
2652	303	228
7158	543	228
16624	544	228
6370	55	229
14406	111	229
8965	121	229
13104	132	229
13000	201	229
16998	251	229
8432	406	229
4311	341	230
15684	521	230
9143	566	230
15643	478	231
3062	484	231
10467	493	231
8111	524	231
9744	45	232
17598	158	232
16083	263	232
2060	280	232
6015	311	232
14147	432	232
6622	487	232
7536	492	232
14410	539	232
8233	561	232
6790	569	232
4918	39	233
15202	148	233
2896	226	233
9690	256	233
12783	267	233
7722	343	233
8225	376	233
17758	389	233
5850	543	233
2095	94	234
1791	183	234
17566	184	234
13565	203	234
12436	388	234
9751	446	234
12183	586	234
3888	118	235
6178	147	235
4166	180	235
13892	318	235
5551	346	235
11338	467	235
12339	493	235
1066	342	236
12734	380	236
7378	435	236
18321	447	236
589	41	237
2330	69	237
13655	87	237
1985	98	237
15441	126	237
789	210	237
13762	257	237
7775	365	237
7810	442	237
3221	515	237
9080	549	237
18415	78	238
16237	402	238
8252	32	239
7540	66	239
16637	116	239
15293	131	239
2094	199	239
17323	416	239
5504	55	240
3250	98	240
9148	220	240
10623	379	240
10144	418	240
3620	487	240
8428	99	241
8028	113	241
6175	173	241
6122	305	241
9035	132	242
15744	279	242
17703	381	242
1455	137	243
10574	180	243
2117	422	243
10789	413	244
12834	505	244
2459	517	244
3686	531	244
10441	33	245
13139	128	245
8872	168	245
15353	187	245
7234	330	245
17486	434	245
2474	498	245
9758	509	245
16875	159	246
1125	169	246
1598	215	246
10276	218	246
17340	472	246
6685	41	247
3698	64	247
16430	83	247
3027	126	247
6523	199	247
2242	339	247
7759	355	247
7522	372	247
10504	416	247
15738	438	247
5791	474	247
10203	515	247
4005	527	247
604	584	247
17935	52	248
17588	248	248
9795	31	249
10221	43	250
10342	89	250
659	309	250
8847	313	250
4107	481	250
4224	536	250
12758	573	250
11618	174	251
7533	224	251
14417	229	251
5857	420	251
1637	92	252
17223	259	252
16658	340	252
7302	393	252
1643	420	252
1926	490	252
7096	99	253
4449	173	253
6681	2	254
9588	25	254
6908	79	254
16689	82	254
3205	208	254
15277	448	254
12160	464	254
13400	480	254
6552	497	254
3076	46	255
5420	203	255
6206	294	255
11093	316	255
4032	320	255
8487	409	255
10744	469	255
5064	582	255
18090	586	255
4933	29	256
11998	63	256
746	123	256
8300	233	256
10435	315	256
15142	403	256
17485	495	256
15644	41	257
18097	59	257
872	210	257
4187	237	257
5523	315	257
6453	416	257
4267	14	258
9219	76	258
9379	345	258
6996	538	258
3116	552	258
3200	134	259
10605	205	259
9254	217	259
719	252	259
13445	336	259
4494	340	259
17807	415	259
17656	444	259
9467	530	259
4783	52	260
16960	260	260
11228	20	261
5281	271	261
11114	273	261
5476	380	261
17948	437	261
4791	511	261
4130	23	262
3892	65	262
3922	111	262
1707	324	262
6333	511	262
16347	574	262
13866	45	263
10222	158	263
8992	232	263
9805	280	263
10195	311	263
4909	432	263
2681	487	263
3959	492	263
1813	539	263
11933	561	263
2880	569	263
15114	158	264
8154	181	264
7589	299	264
13037	483	264
11639	539	264
12267	561	264
8527	582	264
10135	207	265
16927	336	265
15177	410	265
7035	473	265
11645	139	266
16329	447	266
3779	541	266
12399	550	266
7703	34	267
8449	36	267
1452	66	267
17967	88	267
8766	161	267
8772	233	267
8352	403	267
4547	418	267
4158	37	268
14385	355	268
8727	416	268
11207	442	268
15653	485	268
4501	515	268
6404	558	268
15921	100	269
911	152	269
16841	183	269
1115	481	269
4000	567	269
3990	28	270
14751	70	270
10823	147	270
912	318	270
3699	334	270
13835	552	270
8079	261	271
15590	380	271
17468	430	271
4825	398	272
7519	436	272
3545	20	273
3688	49	273
4190	73	273
10477	95	273
4225	216	273
8587	261	273
11545	437	273
2662	2	274
18037	7	274
11637	77	274
9869	85	274
15267	87	274
18035	101	274
15948	296	274
6592	425	274
4936	499	274
13207	546	274
8067	549	274
17197	77	275
3145	87	275
15422	198	275
15662	296	275
15896	533	275
15485	546	275
17451	577	275
1505	581	275
3523	99	276
5759	115	276
10070	173	276
11560	175	276
15012	305	276
5944	323	276
18030	327	276
11944	68	277
6033	72	277
9923	289	277
16923	352	277
13709	171	278
14469	289	278
3994	294	278
6566	409	278
13836	440	278
14731	522	278
7642	242	279
4188	381	279
1984	554	279
4988	559	279
16611	45	280
12094	232	280
764	263	280
2130	290	280
4067	311	280
11607	394	280
5176	432	280
2851	475	280
5492	492	280
5711	511	280
3168	569	280
14943	58	281
7793	160	281
6926	441	281
16595	511	281
7550	34	282
17188	172	282
9825	204	282
14504	338	282
15733	558	282
15146	7	283
7784	33	283
13052	168	283
10097	228	283
654	315	283
618	365	283
5836	462	283
7681	110	284
3185	120	284
10404	318	284
8098	405	284
16296	502	284
2966	503	284
16180	538	284
7336	55	285
9764	160	285
2968	227	285
10974	298	285
11449	385	285
3749	388	285
4081	390	285
11661	458	285
6920	360	286
14889	396	286
16968	435	286
18230	461	286
7674	6	287
4527	37	287
3146	61	287
15843	159	287
11881	172	287
1466	197	287
14720	292	287
3181	333	287
15833	412	287
8293	417	287
2938	460	287
10606	534	287
8960	137	288
10862	323	288
12127	422	288
8012	46	289
9135	85	289
5698	171	289
14927	216	289
10442	277	289
4580	278	289
14526	294	289
2016	320	289
9440	360	289
11893	440	289
17715	505	289
2133	506	289
1665	522	289
17017	1	290
13040	45	290
12106	280	290
3645	311	290
7532	475	290
693	107	291
1094	306	291
7111	484	291
17454	6	292
12790	37	292
9658	159	292
10703	172	292
5655	197	292
10602	287	292
15013	333	292
6123	412	292
4934	417	292
13497	460	292
5136	38	293
18172	124	293
8968	184	293
3601	350	293
4929	474	293
13663	555	293
14518	560	293
14278	46	294
13111	171	294
10473	203	294
8315	255	294
14974	278	294
2988	289	294
2204	316	294
2008	320	294
13275	409	294
1888	440	294
8631	467	294
5358	468	294
2317	469	294
11471	522	294
7525	12	295
15692	37	295
14426	485	295
17742	490	295
8411	532	295
15809	38	296
13473	77	296
17836	101	296
10617	198	296
2264	274	296
17697	275	296
806	373	296
11701	519	296
2302	540	296
11261	581	296
9550	143	297
10924	317	297
10169	363	297
13852	370	297
12275	401	297
14924	518	297
9830	58	298
9061	160	298
12093	285	298
2337	390	298
8701	441	298
13604	453	298
3760	27	299
8756	264	299
16403	349	299
8657	23	300
15611	193	300
12140	214	300
1785	354	300
15024	465	300
10692	4	301
6860	108	301
17562	402	301
9903	449	301
16993	47	302
684	351	302
8920	369	302
17597	378	302
4205	510	302
14020	202	303
14462	228	303
15752	408	303
12742	470	303
15494	491	303
16005	570	303
8004	19	304
10376	102	304
14389	184	304
9607	414	304
12489	498	304
4670	560	304
9258	52	305
7091	241	305
16548	276	305
4657	305	305
16275	76	306
12405	107	306
3186	291	306
731	478	306
5690	484	306
15978	104	307
15527	225	307
1832	430	307
16514	578	307
4826	419	308
12665	182	309
11887	250	309
11829	357	309
7180	452	309
15829	509	309
9618	523	309
689	44	310
12189	45	311
13010	232	311
4531	263	311
13045	280	311
14165	290	311
13013	432	311
7334	569	311
9273	9	312
14134	12	312
3391	53	312
2050	134	312
6068	161	312
8173	179	312
6652	186	312
3978	213	312
3070	219	312
14281	476	312
10468	490	312
14491	250	313
16549	358	313
16126	368	313
8404	508	313
11592	536	313
6234	31	314
7789	87	315
13066	131	315
9855	198	315
2721	226	315
14336	256	315
5525	257	315
11651	283	315
2548	365	315
16872	481	315
13036	515	315
4038	46	316
11040	171	316
9130	255	316
5242	294	316
8777	320	316
17436	374	316
11865	409	316
851	440	316
12501	469	316
5252	582	316
13697	31	317
14832	153	317
5526	297	317
11516	568	317
6913	118	318
3898	180	318
16474	212	318
1253	235	318
4080	270	318
7021	284	318
1973	346	318
11641	348	318
7710	503	318
5424	552	318
16115	3	319
17710	96	319
14492	103	319
16530	408	319
13415	487	319
17222	529	319
9661	557	319
16389	46	320
12916	171	320
1315	255	320
1113	289	320
5455	294	320
17168	316	320
5013	374	320
10076	409	320
2069	427	320
6405	440	320
9406	469	320
4739	75	321
15822	398	321
8517	567	321
15966	8	322
5135	19	322
12561	117	322
8809	184	322
13366	428	322
15914	570	322
10656	162	323
2610	276	323
15628	288	323
7637	334	323
16135	422	323
3010	111	324
12293	183	324
17974	188	324
6340	262	324
6214	403	324
17412	418	324
13956	426	324
16156	335	325
4124	499	325
16498	533	325
4640	581	325
2299	18	326
16691	190	326
15668	453	326
6722	52	327
5055	276	327
16990	327	327
17335	17	328
2350	167	328
2399	356	328
18163	520	328
5027	576	328
3598	129	329
10023	463	329
11285	504	329
17088	511	329
6479	33	330
1370	187	330
1557	209	330
4101	245	330
1294	367	330
803	457	330
1543	509	330
2722	551	330
1954	573	330
15900	99	331
1204	173	331
7764	32	332
13974	395	332
13203	505	332
2971	6	333
15964	37	333
7885	159	333
12875	172	333
2494	197	333
6731	287	333
5746	292	333
14910	412	333
15051	417	333
8796	460	333
8026	153	334
1484	191	334
17421	270	334
10183	323	334
4234	392	334
12907	185	335
15040	325	335
3491	517	335
4184	531	335
15594	533	335
3328	134	336
6983	259	336
4155	265	336
13342	444	336
6773	473	336
7511	530	336
9749	15	337
5956	24	337
13151	26	337
6088	42	337
11747	64	337
3939	83	337
13442	178	337
5608	339	337
18391	372	337
14789	387	337
14369	410	337
7026	415	337
4807	438	337
10758	473	337
8151	507	337
5885	516	337
2503	527	337
17360	575	337
4705	584	337
864	34	338
16799	172	338
1416	204	338
3448	282	338
2397	558	338
17173	15	339
9046	24	339
6579	26	339
16273	42	339
1497	64	339
1068	83	339
13761	178	339
7771	247	339
10513	337	339
13094	372	339
10785	387	339
6588	410	339
14018	415	339
13408	438	339
4377	507	339
6894	516	339
14957	527	339
15382	575	339
9411	584	339
14922	92	340
13160	217	340
17920	252	340
7955	259	340
15992	415	340
16407	444	340
3707	530	340
17015	230	341
17903	236	342
8429	380	342
13033	435	342
9990	447	342
10671	455	342
18042	29	343
17958	33	343
13522	227	343
14823	233	343
14977	389	343
9939	434	343
17333	67	344
15916	89	344
15014	109	344
4721	125	344
15885	435	344
1019	443	344
4481	461	344
18373	258	345
2567	399	345
17079	191	346
18479	235	346
14291	318	346
16789	422	346
13030	467	346
6460	55	347
1402	60	347
6484	74	347
13083	406	347
13479	318	348
5089	552	348
14045	299	349
1714	383	349
15409	463	349
9285	504	349
5593	511	349
5267	535	349
15086	187	350
17213	293	350
3334	498	350
15226	560	350
2150	47	351
1837	302	351
8327	378	351
16226	418	351
12616	510	351
7933	85	352
4965	185	352
3751	277	352
16274	501	352
3178	505	352
1510	531	352
6135	52	353
2915	353	353
15247	98	354
5648	134	354
17358	161	354
6817	300	354
10120	437	354
17274	37	355
17616	98	355
7172	247	355
15403	268	355
11324	515	355
16765	558	355
7016	17	356
15940	130	356
4635	167	356
15674	328	356
3474	576	356
16070	5	357
9039	89	357
8083	90	357
11741	104	357
3613	105	357
13587	128	357
1219	182	357
16248	309	357
2585	358	357
13941	430	357
9405	524	357
7766	547	357
7179	104	358
14386	313	358
6856	357	358
7435	3	359
5963	101	359
15321	373	359
2864	425	359
13730	499	359
16527	519	359
12067	546	359
15088	5	360
7327	122	360
9847	176	360
15495	286	360
15491	289	360
10489	484	360
11145	66	361
14212	111	361
8285	376	361
3911	377	361
14301	403	361
4385	72	362
10713	114	362
16895	297	363
18450	18	364
11278	35	364
3403	150	364
12505	445	364
5734	468	364
14734	561	364
10087	572	364
13703	3	365
11190	7	365
4615	131	365
13705	165	365
9300	168	365
11153	237	365
5101	283	365
3537	315	365
6351	515	365
17196	544	365
5693	124	366
2153	222	366
17912	90	367
6341	182	367
14999	330	367
8464	536	367
11522	40	368
8046	70	368
9274	313	368
6017	379	368
6970	21	369
914	47	369
1037	102	369
4752	187	369
4978	302	369
9310	510	369
7760	31	370
18260	297	370
2587	396	371
13840	447	371
5867	15	372
16104	24	372
12611	26	372
4216	42	372
16356	64	372
13098	83	372
16999	178	372
1326	247	372
5739	337	372
16056	339	372
7461	387	372
10471	410	372
11663	415	372
12472	438	372
3001	507	372
6358	516	372
5066	527	372
9218	575	372
11619	584	372
1819	3	373
7941	77	373
14546	101	373
15609	296	373
1746	359	373
11548	425	373
12872	519	373
8590	145	374
12574	316	374
15178	320	374
8632	409	374
12460	440	374
5893	469	374
14270	545	374
17432	52	375
6264	375	375
4345	11	376
12352	156	376
15443	233	376
3053	361	376
11559	458	376
8993	55	377
2996	220	377
1345	361	377
16044	47	378
10577	222	378
17467	302	378
12447	351	378
14567	433	378
5965	510	378
11863	566	378
10041	10	379
7078	140	379
8912	225	379
15488	240	379
14928	368	379
8520	449	379
17947	53	380
7033	89	380
11221	236	380
7211	261	380
9282	271	380
9314	342	380
14331	437	380
14724	447	380
10599	145	381
13246	216	381
14447	242	381
4508	279	381
13330	409	381
11785	427	381
10478	500	381
16264	545	381
10231	559	381
7739	9	382
1398	59	382
4352	80	382
10357	185	382
3650	198	382
17745	397	382
8563	532	382
17074	27	383
7413	65	383
4517	349	383
18349	511	383
18197	149	384
9727	562	384
4710	2	385
1198	183	385
8576	285	385
2221	429	385
5942	75	386
10640	436	386
4722	24	387
16159	26	387
11544	42	387
11173	64	387
9137	178	387
1401	337	387
12478	339	387
8146	372	387
7168	410	387
6381	415	387
4694	473	387
18046	507	387
5405	516	387
1301	575	387
16928	30	388
17513	63	388
8835	234	388
8320	285	388
9907	563	388
9417	196	389
11530	233	389
2156	343	389
15911	556	389
14775	21	390
1604	30	390
3482	160	390
4959	285	390
7034	298	390
18328	411	390
17688	457	390
2873	551	390
17587	573	390
1783	43	391
16035	160	391
12454	434	391
16609	457	391
17822	458	391
15582	551	391
7280	573	391
12566	147	392
13683	334	392
2855	514	392
18400	92	393
3655	252	393
2038	416	393
4473	45	394
3419	73	394
9983	158	394
1515	280	394
8600	188	395
12741	332	395
1503	410	395
6342	451	395
12512	528	395
15215	286	396
6189	371	396
9043	447	396
5177	455	396
15509	9	397
12796	84	397
17107	131	397
5141	382	397
4197	272	398
2863	321	398
1616	567	398
10857	91	399
7662	110	399
2714	345	399
10834	19	400
18380	184	400
17070	498	400
7036	225	401
4149	297	401
4683	10	402
7486	238	402
1033	301	402
12225	439	402
16482	508	402
14932	66	403
7498	220	403
16840	256	403
7005	267	403
17489	324	403
2254	361	403
5148	22	404
9229	79	404
5540	80	404
13914	138	404
7994	208	404
12897	480	404
13528	16	405
7659	284	405
18040	165	406
3492	229	406
8663	347	406
10422	411	406
10395	420	406
17582	474	406
790	99	407
4960	3	408
2414	103	408
11020	303	408
10511	319	408
13506	46	409
8484	72	409
828	145	409
4901	171	409
619	203	409
10735	255	409
18162	278	409
10722	294	409
5583	316	409
6905	320	409
5545	374	409
4452	381	409
17879	427	409
5665	440	409
3463	469	409
13718	500	409
12215	522	409
10695	545	409
2860	559	409
9505	582	409
17117	14	410
5103	15	410
14824	24	410
11181	26	410
17962	42	410
18032	64	410
723	83	410
1551	85	410
6699	117	410
9106	178	410
10200	199	410
13667	209	410
17862	265	410
17014	337	410
11009	339	410
10740	372	410
10972	387	410
9851	395	410
8914	438	410
16851	446	410
11275	507	410
8596	516	410
15910	575	410
2191	584	410
15949	96	411
17691	160	411
3261	172	411
4878	204	411
8203	390	411
916	406	411
13027	453	411
8197	542	411
15172	6	412
13101	37	412
10796	159	412
11744	172	412
1980	197	412
1614	287	412
13720	292	412
1620	333	412
8164	417	412
14991	460	412
18191	86	413
13919	138	413
6130	244	413
14109	501	413
14175	517	413
17719	531	413
10632	7	414
17352	304	414
13848	498	414
6469	24	415
1009	26	415
12786	83	415
2856	92	415
16499	205	415
2883	217	415
13125	259	415
8427	337	415
9066	339	415
6915	340	415
15601	372	415
10753	387	415
3237	438	415
3176	444	415
11134	516	415
4384	527	415
6434	530	415
3015	575	415
5419	584	415
15790	12	416
2319	69	416
17437	116	416
11358	210	416
11320	239	416
913	247	416
17226	257	416
11768	268	416
12434	393	416
12527	442	416
13218	532	416
3921	6	417
13302	37	417
6059	61	417
9986	159	417
9470	172	417
13190	197	417
5258	287	417
8234	292	417
14866	333	417
1556	412	417
4973	460	417
934	36	418
12365	112	418
1282	121	418
10999	161	418
17990	174	418
8410	213	418
16594	240	418
5778	267	418
16670	324	418
13920	351	418
3161	93	419
10006	308	419
15919	251	420
13023	252	420
1069	406	420
681	429	420
6224	474	420
6343	13	421
14651	166	421
17066	194	421
4787	459	421
8718	461	421
16712	44	422
8586	163	422
2068	180	422
17294	243	422
1103	288	422
8131	323	422
12657	346	422
15679	31	423
2694	50	423
7006	71	423
4185	431	423
2752	489	423
17004	51	424
8243	68	424
9381	72	424
10620	114	424
13643	135	424
14704	144	424
4116	177	424
8282	479	424
7056	101	425
8802	274	425
3742	359	425
10936	373	425
13465	519	425
2485	546	425
16064	66	426
12937	111	426
6774	121	426
682	174	426
3738	183	426
17181	201	426
3654	324	426
4512	495	426
5626	46	427
16510	216	427
13048	320	427
17708	381	427
14004	409	427
13903	500	427
16547	559	427
13677	19	428
2259	322	428
1322	491	428
750	563	428
17342	101	429
4857	385	429
9031	420	429
3486	481	429
9287	546	429
8511	105	430
7138	107	430
5153	140	430
2393	271	430
14596	307	430
7212	357	430
7989	547	430
10228	60	431
10573	423	431
12054	45	432
7588	158	432
1591	232	432
6216	263	432
12905	280	432
15292	311	432
6816	487	432
12300	492	432
5872	539	432
14912	569	432
13272	224	433
3373	378	433
16016	566	433
4015	201	434
8839	227	434
7061	245	434
4690	343	434
6824	391	434
3883	509	434
7500	523	434
15823	556	434
8063	5	435
8815	89	435
14612	236	435
8368	286	435
1276	342	435
12984	344	435
15073	443	435
8380	272	436
13557	386	436
14570	51	437
2326	63	437
5630	216	437
10892	261	437
7483	273	437
987	354	437
1660	380	437
17082	585	437
9999	15	438
7850	42	438
2247	83	438
827	178	438
6429	247	438
11624	337	438
11808	339	438
6524	372	438
7305	410	438
12456	415	438
12020	527	438
12297	584	438
5644	143	439
6811	402	439
14202	46	440
2343	171	440
756	278	440
11480	289	440
2336	294	440
7535	316	440
17714	320	440
13082	374	440
6393	409	440
16864	522	440
3131	43	441
8374	160	441
14576	281	441
7066	298	441
10510	511	441
15503	98	442
5268	237	442
1901	268	442
16778	416	442
4360	477	442
10391	485	442
12713	558	442
8419	109	443
13434	344	443
6613	435	443
11002	486	443
14289	205	444
8622	259	444
4851	336	444
15436	340	444
3714	415	444
1933	530	444
3057	49	445
6765	58	445
12331	130	445
11502	150	445
5306	167	445
1100	364	445
8295	542	445
9438	572	445
7728	576	445
8448	28	446
15730	30	446
7436	85	446
10133	94	446
14118	103	446
4051	201	446
13251	234	446
13602	410	446
13354	505	446
2627	540	446
16843	557	446
5005	54	447
3207	56	447
13930	81	447
9395	139	447
8838	151	447
1283	170	447
9817	236	447
3791	266	447
4890	342	447
11688	371	447
2061	380	447
867	396	447
9585	450	447
13258	455	447
9919	550	447
2141	553	447
12548	2	448
2552	25	448
12315	79	448
11902	82	448
636	208	448
9408	254	448
14347	464	448
14862	480	448
13668	497	448
9167	78	449
4055	153	449
6046	191	449
5160	301	449
16177	379	449
10497	456	449
2531	54	450
15614	74	450
801	447	450
9958	541	450
811	14	451
11655	188	451
16204	395	451
8503	487	451
3842	491	451
4727	529	451
8857	93	452
1981	108	452
705	309	452
12414	454	452
13678	298	453
10314	326	453
3305	411	453
15511	554	453
3439	582	453
12596	108	454
9941	452	454
11256	456	454
982	578	454
11344	342	455
2145	396	455
15230	447	455
14141	70	456
13700	108	456
3025	449	456
13313	454	456
16834	578	456
4046	116	457
696	330	457
3413	390	457
8250	391	457
5629	458	457
2080	551	457
9497	573	457
13239	11	458
9032	30	458
10291	43	458
14557	102	458
13064	285	458
4132	376	458
4900	391	458
11755	457	458
11343	551	458
5329	573	458
5537	176	459
10359	421	459
4030	583	459
12408	6	460
9366	37	460
7575	61	460
8963	62	460
6940	159	460
14684	172	460
17239	197	460
10822	287	460
9604	292	460
3269	333	460
17291	412	460
12704	417	460
2126	496	460
17722	534	460
1943	166	461
18084	286	461
18430	344	461
9876	421	461
18327	7	462
12761	168	462
983	202	462
11819	283	462
10197	470	462
707	587	462
4641	65	463
1618	129	463
9650	329	463
14334	349	463
15565	511	463
6527	535	463
5671	2	464
5132	25	464
8220	79	464
2425	82	464
9289	208	464
3582	254	464
7658	448	464
7604	480	464
17497	497	464
10589	23	465
17047	68	465
12651	214	465
757	300	465
15203	574	465
13254	60	466
3395	180	467
10465	191	467
16313	235	467
15206	294	467
13436	346	467
1947	504	467
5338	535	467
12285	142	468
14936	294	468
1612	364	468
4083	526	468
2172	46	469
9159	171	469
9464	255	469
1622	294	469
10499	316	469
8549	320	469
15143	374	469
9961	409	469
7801	582	469
5649	3	470
4658	97	470
6459	202	470
17280	303	470
8089	462	470
6830	488	470
17019	570	470
17195	587	470
5137	52	471
4816	471	471
1307	159	472
9245	169	472
16057	172	472
13317	215	472
12936	218	472
2363	246	472
16934	15	473
13622	26	473
18210	42	473
2728	178	473
8241	205	473
8916	207	473
14431	265	473
15917	336	473
8445	337	473
13446	387	473
11553	516	473
8307	575	473
8785	38	474
3829	42	474
5345	111	474
10061	116	474
6093	178	474
14354	247	474
18220	293	474
17200	406	474
3162	420	474
13422	1	475
12760	45	475
10483	280	475
14572	290	475
6688	53	476
8378	134	476
4504	161	476
1160	213	476
12089	312	476
8562	211	477
14302	442	477
10257	485	477
7859	554	477
2453	558	477
10791	105	478
2223	212	478
3752	231	478
7009	306	478
9183	547	478
853	51	479
14367	68	479
11294	72	479
11634	114	479
7619	135	479
11769	144	479
8902	177	479
6491	424	479
15754	22	480
15581	25	480
7229	79	480
13430	82	480
16367	126	480
4179	254	480
1123	404	480
1690	448	480
17732	464	480
12598	497	480
6952	501	480
14804	116	481
7985	183	481
17940	188	481
12469	226	481
15231	250	481
16119	269	481
15459	315	481
777	429	481
7965	509	481
12738	122	482
14863	221	482
2870	583	482
6443	48	483
2159	264	483
7543	561	483
15104	90	484
16213	118	484
11779	231	484
5145	291	484
1521	306	484
11026	360	484
12083	524	484
1176	37	485
11568	193	485
17851	268	485
2822	295	485
5578	442	485
17531	477	485
728	582	485
8619	585	485
12773	158	486
15401	443	486
921	504	486
9333	511	486
15928	3	487
11991	45	487
6492	74	487
8058	103	487
8201	112	487
7583	121	487
12933	165	487
17672	232	487
15747	240	487
3229	263	487
5997	319	487
14812	432	487
11432	451	487
3808	492	487
12977	569	487
14074	206	488
7787	470	488
12638	570	488
9996	60	489
1749	423	489
1214	92	490
9015	207	490
3953	252	490
13472	295	490
4601	312	490
12652	532	490
3339	19	491
979	124	491
9651	303	491
16660	428	491
18064	451	491
10150	45	492
18130	232	492
2780	263	492
10957	280	492
10591	432	492
9230	487	492
16835	569	492
6705	70	493
15731	118	493
7473	153	493
16314	231	493
7139	235	493
15945	153	494
8942	9	495
17591	63	495
6995	66	495
1268	123	495
17949	183	495
12237	256	495
16536	426	495
1606	586	495
18279	6	496
16583	62	496
12045	172	496
17383	460	496
9632	534	496
13887	2	497
8161	25	497
14328	79	497
15474	82	497
5599	208	497
12550	254	497
15675	448	497
5543	464	497
12774	480	497
12943	30	498
9630	157	498
15121	184	498
12903	222	498
15067	245	498
5572	304	498
11762	350	498
10416	400	498
14630	414	498
14272	101	499
12470	198	499
12102	274	499
17653	325	499
11086	359	499
16321	519	499
12176	533	499
13796	540	499
6302	546	499
17534	145	500
1826	381	500
6262	409	500
17265	427	500
791	545	500
15311	138	501
5560	208	501
1412	352	501
6831	413	501
765	480	501
12882	284	502
2067	110	503
17815	284	503
12781	318	503
9794	129	504
4398	329	504
4979	349	504
15469	467	504
7103	486	504
3970	511	504
2123	32	505
11084	85	505
14138	117	505
18417	185	505
17975	199	505
14415	244	505
14022	289	505
5923	332	505
10515	352	505
4875	446	505
15113	85	506
13898	88	506
860	117	506
10437	165	506
17585	289	506
2321	24	507
3924	26	507
16100	42	507
18445	64	507
8470	83	507
7394	178	507
6271	337	507
783	339	507
1739	372	507
13783	387	507
6618	410	507
1295	516	507
975	575	507
10801	10	508
9562	313	508
9471	402	508
16777	224	509
3507	245	509
12975	309	509
8845	330	509
15765	434	509
1004	481	509
6597	47	510
17561	302	510
785	351	510
12261	369	510
10338	378	510
9791	45	511
14253	65	511
13273	129	511
17241	261	511
14860	262	511
13510	280	511
14971	281	511
10676	329	511
16564	349	511
13405	383	511
15329	441	511
15068	463	511
2613	486	511
2040	504	511
1648	512	511
18259	20	512
6207	129	512
9481	511	512
17667	78	513
15968	105	513
12889	225	513
15137	547	513
13588	162	514
6267	392	514
8381	2	515
4053	41	515
7667	69	515
6643	126	515
1963	237	515
4393	247	515
8092	268	515
14221	315	515
9673	355	515
11410	365	515
9810	24	516
18353	26	516
7956	42	516
9363	64	516
3170	178	516
5709	337	516
12141	339	516
5801	372	516
14552	387	516
5784	410	516
8436	415	516
14245	473	516
18124	507	516
2267	575	516
15004	84	517
11070	86	517
2131	185	517
14706	244	517
12935	335	517
4093	413	517
6956	531	517
11554	78	518
7692	225	518
13834	297	518
5633	3	519
3345	77	519
4822	101	519
12547	296	519
15726	359	519
6912	373	519
11111	425	519
5798	499	519
10625	546	519
14382	49	520
12063	142	520
12947	167	520
6371	328	520
4522	576	520
6880	230	521
1638	171	522
11464	278	522
15126	289	522
17894	294	522
5875	409	522
16819	440	522
8351	309	523
1251	434	523
10306	536	523
16013	5	524
9107	104	524
1161	107	524
4340	231	524
2186	357	524
4855	484	524
5852	579	524
1652	39	525
18048	163	525
13252	179	525
6117	544	525
14568	577	525
5977	35	526
13411	49	526
14460	95	526
15523	142	526
2986	468	526
6991	542	526
10772	15	527
2479	42	527
1925	83	527
5985	178	527
4414	247	527
6797	337	527
10578	339	527
8488	372	527
6402	415	527
4655	438	527
8680	584	527
9388	395	528
17474	580	528
12516	9	529
15384	39	529
17044	96	529
14014	128	529
6723	152	529
14647	163	529
13451	201	529
10118	219	529
5834	319	529
5371	451	529
16197	134	530
11562	205	530
13348	217	530
14716	259	530
10842	336	530
1547	340	530
1694	415	530
12078	444	530
12551	185	531
16175	244	531
8209	335	531
15560	352	531
6888	413	531
10044	517	531
2578	92	532
5889	186	532
1508	207	532
8959	295	532
649	382	532
5219	416	532
16065	490	532
9959	87	533
3533	275	533
17247	325	533
5775	335	533
13962	499	533
5742	577	533
3546	6	534
12036	61	534
10474	62	534
13740	172	534
11473	287	534
12221	460	534
8062	496	534
15016	27	535
1685	57	535
10720	144	535
12120	349	535
2024	463	535
11946	467	535
12860	539	535
16533	5	536
7840	90	536
15997	182	536
6586	250	536
12446	313	536
10217	367	536
18329	523	536
14048	73	537
11632	148	537
17344	258	538
10721	284	538
1893	13	539
2725	27	539
8235	57	539
7512	232	539
17902	263	539
1623	264	539
10934	432	539
17583	535	539
14034	554	539
8182	569	539
13600	74	540
5073	77	540
12610	94	540
2248	101	540
6576	144	540
3364	296	540
2244	446	540
16478	499	540
3852	546	540
16477	581	540
13385	266	541
6100	450	541
13798	95	542
9349	150	542
16626	156	542
6455	160	542
6525	196	542
13895	411	542
9368	445	542
1699	526	542
9814	572	542
11872	29	543
17315	168	543
1223	179	543
16409	228	543
18136	233	543
8169	544	543
1359	556	543
3338	29	544
2114	39	544
10888	228	544
1859	365	544
3843	525	544
11963	543	544
3945	577	544
13585	216	545
11424	374	545
6356	381	545
12175	409	545
3642	500	545
12107	77	546
18249	101	546
6171	155	546
10719	198	546
8136	219	546
16387	274	546
8332	275	546
5361	359	546
4231	425	546
3887	429	546
2416	499	546
7443	519	546
9812	540	546
11923	105	547
4980	107	547
11361	118	547
9971	191	547
13806	357	547
5376	430	547
15042	478	547
4665	513	547
7586	23	548
713	68	548
14613	72	548
5291	12	549
17240	29	549
16238	41	549
16330	123	549
1763	186	549
14380	226	549
15958	237	549
9551	274	549
13595	16	550
13172	56	550
7446	57	550
9721	81	550
9816	139	550
15827	181	550
14830	266	550
14207	447	550
7272	553	550
1881	21	551
9718	102	551
14763	156	551
12948	209	551
2897	330	551
16870	390	551
17713	391	551
15979	457	551
1287	458	551
13377	573	551
11526	212	552
14143	258	552
6833	270	552
17218	318	552
11491	348	552
11805	54	553
3786	139	553
12113	170	553
10670	447	553
18242	550	553
4011	18	554
7098	27	554
9265	69	554
2071	98	554
14560	279	554
5920	453	554
4207	477	554
11984	539	554
12533	582	554
17272	293	555
4584	560	555
2011	29	556
14515	33	556
2954	227	556
14637	389	556
11342	434	556
1057	543	556
15099	156	557
1013	201	557
5059	319	557
5479	446	557
5245	2	558
1586	144	558
8415	172	558
4614	268	558
8585	282	558
13186	338	558
7366	355	558
11001	442	558
6570	477	558
1533	132	559
10550	279	559
8526	381	559
6633	409	559
2454	427	559
11660	582	559
17190	38	560
17413	124	560
4259	293	560
7417	304	560
9819	350	560
8545	555	560
603	1	561
1480	18	561
3972	48	561
1896	181	561
16944	232	561
7275	263	561
5681	264	561
18298	364	561
1107	483	561
4946	569	561
14975	149	562
5109	384	562
17586	19	563
15741	33	563
18452	157	563
15825	388	563
1788	428	563
12341	67	564
17164	125	564
15320	156	564
7142	192	564
17768	195	564
15263	99	565
834	173	565
6329	230	566
2104	378	566
9702	433	566
4744	586	566
4534	269	567
11856	321	567
11999	398	567
10003	60	568
16382	317	568
5133	45	569
2824	158	569
16422	232	569
13628	263	569
11223	280	569
11353	311	569
7399	432	569
12672	487	569
17040	492	569
9901	539	569
11211	561	569
12223	202	570
4899	303	570
5344	322	570
12499	470	570
4296	488	570
5915	587	570
2411	143	571
9678	49	572
16748	58	572
11127	130	572
11657	150	572
17569	167	572
14340	364	572
9047	445	572
9942	542	572
9120	576	572
1946	11	573
11339	156	573
14972	209	573
13815	250	573
16426	330	573
17089	390	573
6352	391	573
14285	457	573
17778	458	573
933	551	573
10759	23	574
10021	214	574
3125	262	574
2997	465	574
8670	24	575
8075	26	575
3649	42	575
17417	64	575
9899	178	575
5395	337	575
5959	339	575
8852	372	575
9985	387	575
14662	410	575
7714	415	575
17988	473	575
18378	507	575
17805	516	575
13811	17	576
16311	150	576
17039	167	576
13745	328	576
15660	356	576
9476	445	576
2618	520	576
14640	572	576
12722	3	577
9991	275	577
4010	525	577
10751	533	577
16508	544	577
14844	40	578
12801	118	578
5516	182	578
14854	307	578
1509	454	578
1495	456	578
13777	107	579
2009	524	579
16736	121	580
5202	132	580
10590	143	580
13141	220	580
18422	528	580
16933	77	581
16910	275	581
15087	296	581
7691	325	581
771	540	581
16526	46	582
12831	198	582
7104	255	582
14605	264	582
9238	316	582
7773	409	582
14159	453	582
5193	469	582
17751	485	582
6761	554	582
2256	559	582
14028	221	583
18448	459	583
6140	482	583
10658	15	584
7830	42	584
10146	83	584
9161	178	584
9053	247	584
1727	337	584
2768	339	584
15764	372	584
13884	410	584
18143	415	584
9513	438	584
18115	527	584
18252	12	585
13653	20	585
6061	37	585
14905	88	585
9220	161	585
10864	186	585
18311	437	585
780	485	585
17657	63	586
18142	94	586
13664	148	586
8936	174	586
3217	234	586
6738	255	586
4594	495	586
2605	566	586
7167	202	587
5313	206	587
886	462	587
2328	470	587
1256	570	587
10852	99	588
