11877	142	1
11479	290	1
9681	298	1
13096	475	1
10761	561	1
11682	41	2
12503	87	2
5723	126	2
4949	208	2
10773	274	2
6806	385	2
11382	462	2
16714	515	2
17603	558	2
2460	96	3
5103	103	3
9439	319	3
3468	359	3
13218	373	3
18213	408	3
11403	519	3
7485	108	4
9724	301	4
13913	368	4
14207	122	5
1749	357	5
13816	360	5
4674	435	5
767	461	5
11908	524	5
15971	536	5
5275	37	6
9595	61	6
14920	172	6
4161	197	6
4192	287	6
7935	292	6
12331	333	6
15625	412	6
1752	168	7
6136	198	7
8097	228	7
12037	274	7
12199	283	7
15228	365	7
13850	414	7
5089	462	7
9809	33	8
2830	157	8
13518	322	8
4755	414	8
10712	123	9
6899	179	9
7663	219	9
2335	295	9
14046	312	9
14232	382	9
5458	397	9
5169	495	9
16274	529	9
17827	93	10
12456	143	10
12697	379	10
1366	402	10
16311	508	10
13524	102	11
13009	116	11
16486	227	11
12092	376	11
6920	458	11
6270	573	11
7751	28	12
7371	69	12
4537	186	12
8489	295	12
5440	416	12
8866	477	12
4569	549	12
10046	585	12
15531	99	13
15146	144	13
9673	166	13
14315	421	13
4571	539	13
2356	94	14
13085	258	14
17528	410	14
17760	42	15
1518	64	15
7569	83	15
14819	339	15
13946	372	15
8488	438	15
8555	527	15
8368	584	15
6553	139	16
3938	405	16
4858	550	16
1171	49	17
2943	95	17
7296	167	17
13312	328	17
2658	356	17
8551	576	17
1536	35	18
14586	142	18
17519	190	18
14130	326	18
15209	364	18
9578	453	18
3787	485	18
10591	537	18
2467	554	18
12362	561	18
15820	582	18
16519	97	19
14976	157	19
10676	304	19
4923	322	19
2021	400	19
17556	428	19
12191	491	19
14092	563	19
8335	27	20
18219	261	20
11774	273	20
17005	512	20
10510	43	21
12954	102	21
16068	369	21
4936	390	21
15769	437	21
8232	551	21
2320	79	22
8397	80	22
4764	138	22
13074	208	22
1350	404	22
15386	497	22
6694	214	23
5290	262	23
9388	300	23
4914	381	23
13123	465	23
13025	548	23
3862	574	23
14275	26	24
3078	42	24
6967	64	24
7343	247	24
10704	337	24
1915	415	24
10365	476	24
10412	507	24
3617	516	24
13379	575	24
15311	79	25
8968	82	25
10306	208	25
7662	254	25
2462	448	25
8899	464	25
11832	497	25
1030	24	26
10717	42	26
9390	178	26
887	247	26
17180	387	26
8768	410	26
7269	415	26
9215	476	26
13552	20	27
7956	299	27
17955	383	27
15395	535	27
17370	539	27
17995	554	27
6101	12	28
16466	100	28
2650	270	28
4084	318	28
6093	446	28
10857	477	28
17314	87	29
9457	123	29
11133	226	29
10568	256	29
6703	343	29
12360	434	29
9336	543	29
8158	544	29
18344	549	29
3857	556	29
15282	117	30
3887	234	30
9931	388	30
9600	390	30
5317	446	30
16381	458	30
17071	498	30
4281	143	31
10876	249	31
6294	314	31
13301	317	31
11380	370	31
7342	423	31
6433	34	32
10524	85	32
12436	117	32
7270	199	32
11267	220	32
629	239	32
5189	332	32
8011	505	32
16706	8	33
13557	157	33
699	227	33
15524	245	33
2265	283	33
15774	315	33
15343	330	33
2492	343	33
13780	556	33
18437	563	33
11563	573	33
16373	32	34
16220	84	34
3449	116	34
2793	218	34
16773	282	34
2453	338	34
12951	355	34
6095	18	35
3284	58	35
650	95	35
4309	188	35
9768	364	35
16966	526	35
9533	112	36
8557	220	36
3865	267	36
908	418	36
1033	6	37
11042	172	37
16983	197	37
16563	268	37
6636	287	37
6989	292	37
14983	295	37
2775	333	37
13745	355	37
14485	412	37
9188	417	37
3594	460	37
7571	485	37
4988	585	37
11289	77	38
4960	101	38
12371	155	38
12247	293	38
2905	296	38
14454	474	38
1872	560	38
12067	198	39
8453	233	39
13406	525	39
7950	529	39
8567	544	39
8982	107	40
16312	118	40
14548	140	40
6075	306	40
8692	368	40
10369	578	40
7249	2	41
4285	80	41
5587	126	41
14212	198	41
1330	237	41
7208	247	41
16884	257	41
10963	515	41
16639	549	41
13263	15	42
8908	24	42
2818	26	42
16976	64	42
9160	83	42
3531	178	42
11559	337	42
17360	339	42
9528	372	42
16687	387	42
4024	410	42
4809	438	42
9865	473	42
3665	474	42
6234	507	42
12311	516	42
939	527	42
10492	575	42
13806	584	42
3877	21	43
6648	160	43
5512	391	43
16179	441	43
11256	458	43
15970	511	43
17738	99	44
17748	100	44
8506	127	44
16644	310	44
12345	422	44
11770	73	45
9259	158	45
13539	229	45
13712	232	45
3186	263	45
16492	280	45
17282	290	45
17861	311	45
12668	394	45
7919	432	45
15581	475	45
3202	487	45
10872	492	45
17568	511	45
11156	539	45
2881	569	45
9808	255	46
8971	289	46
10993	316	46
5645	320	46
8669	374	46
13757	409	46
4849	469	46
14672	582	46
9313	302	47
6688	351	47
16092	369	47
10396	378	47
6922	510	47
2286	483	48
9292	561	48
6799	17	49
968	130	49
14723	142	49
4685	150	49
1250	167	49
8394	273	49
9813	328	49
2123	356	49
3773	445	49
1956	520	49
12788	526	49
4015	572	49
759	576	49
8302	423	50
3927	72	51
14807	177	51
1871	437	51
16611	479	51
7686	52	52
15185	141	52
12956	154	52
6712	162	52
8189	164	52
14785	189	52
6901	248	52
14284	260	52
3173	305	52
7499	327	52
8127	353	52
9323	375	52
12879	471	52
9869	74	53
13833	234	53
17887	312	53
6569	380	53
8246	447	53
15410	476	53
7234	81	54
8017	447	54
14109	450	54
7803	553	54
9730	229	55
5151	240	55
10455	285	55
4444	347	55
11635	377	55
7109	109	56
11976	139	56
3596	166	56
912	195	56
11097	344	56
17478	376	56
8195	447	56
9936	550	56
17932	139	57
17599	144	57
8417	181	57
5761	539	57
16088	550	57
2246	35	58
10342	95	58
2887	150	58
670	167	58
5839	188	58
2312	281	58
4176	445	58
8563	572	58
6652	210	59
15219	257	59
16973	382	59
8155	99	60
5418	127	60
4976	317	60
14900	347	60
18382	431	60
4042	466	60
5428	489	60
15824	568	60
11413	6	61
5364	62	61
18253	172	61
3973	197	61
8242	287	61
7170	292	61
4637	333	61
5518	412	61
4983	417	61
8459	460	61
4322	496	61
14270	534	61
16377	61	62
6134	172	62
7083	496	62
1433	534	62
17558	98	63
15191	174	63
6191	256	63
14941	388	63
15622	437	63
2245	495	63
1221	586	63
9163	15	64
7334	24	64
3072	42	64
17583	83	64
8609	178	64
4794	247	64
13363	337	64
11754	339	64
1147	372	64
16222	410	64
2158	415	64
6518	476	64
1811	507	64
17701	129	65
10075	262	65
8903	383	65
12477	463	65
1710	475	65
3115	511	65
7566	84	66
866	210	66
3238	239	66
10183	267	66
15080	361	66
9176	403	66
17882	426	66
1496	109	67
3755	194	67
8150	344	67
5599	564	67
12381	72	68
13080	114	68
14822	214	68
3402	277	68
5331	465	68
3435	548	68
10642	12	69
8722	237	69
15923	416	69
5122	515	69
3851	549	69
4869	554	69
6615	107	70
14231	119	70
12917	270	70
15232	368	70
4591	452	70
15997	456	70
9426	493	70
18435	146	71
8381	162	71
8682	402	71
3535	423	71
1417	51	72
12173	68	72
1565	135	72
9669	177	72
12862	277	72
5946	362	72
1119	409	72
11752	424	72
9366	479	72
18015	548	72
13046	45	73
17895	273	73
12975	394	73
14195	537	73
1913	53	74
10055	450	74
6715	487	74
602	540	74
14993	321	75
1542	386	75
2651	258	76
5580	306	76
1657	38	77
3470	101	77
14071	219	77
13359	274	77
12428	275	77
7892	296	77
18026	359	77
12715	373	77
9055	429	77
6132	519	77
14934	533	77
15861	546	77
12022	581	77
15360	238	78
16597	449	78
8343	456	78
862	513	78
9779	518	78
1539	22	79
2889	25	79
4143	82	79
4286	208	79
14393	254	79
15338	404	79
7691	448	79
17003	464	79
17316	497	79
13699	22	80
7102	41	80
11258	185	80
7250	382	80
4530	404	80
2704	490	80
9842	532	80
7654	54	81
13515	139	81
4137	447	81
16334	550	81
6050	25	82
2534	79	82
16548	208	82
8171	254	82
10419	448	82
12586	464	82
5306	480	82
9933	497	82
6545	15	83
10411	42	83
10630	64	83
10247	247	83
6237	339	83
14354	372	83
17775	410	83
10551	415	83
5929	34	84
15859	66	84
14942	88	84
11301	185	84
7667	393	84
6514	397	84
10904	517	84
3565	32	85
8787	117	85
9589	201	85
3557	208	85
13211	289	85
12074	352	85
11130	410	85
16321	446	85
2135	505	85
14712	506	85
1007	138	86
13973	413	86
4442	517	86
6464	2	87
5401	29	87
4476	168	87
2607	219	87
12533	237	87
11535	274	87
6304	275	87
12330	315	87
11223	533	87
3258	84	88
2437	161	88
17707	172	88
8312	215	88
3686	216	88
1156	218	88
9214	506	88
5517	585	88
11648	250	89
17695	286	89
3714	344	89
7785	380	89
16451	435	89
17639	104	90
13388	357	90
11888	367	90
770	484	90
2069	523	90
6867	536	90
13428	136	91
17152	399	91
9573	185	92
4772	193	92
5017	217	92
3275	252	92
16363	340	92
3713	393	92
15917	415	92
14842	490	92
12635	532	92
15744	10	93
8061	419	93
8819	439	93
17246	452	93
10617	508	93
11102	14	94
9871	234	94
3618	446	94
6856	540	94
8346	586	94
13701	17	95
1198	35	95
12486	58	95
13708	142	95
6326	167	95
14307	188	95
16443	273	95
4578	279	95
1364	526	95
3859	542	95
1597	3	96
17779	103	96
4842	319	96
3967	411	96
5098	529	96
17540	19	97
10812	202	97
13732	206	97
17705	470	97
11560	63	98
16942	144	98
11043	237	98
1593	240	98
9654	268	98
3391	354	98
17358	355	98
12685	388	98
13072	442	98
14639	554	98
14477	13	99
14108	44	99
6582	60	99
9209	106	99
8789	113	99
3385	115	99
2878	173	99
2201	241	99
12328	253	99
3205	276	99
14173	331	99
4203	407	99
4808	565	99
17749	588	99
5013	28	100
10100	44	100
17265	269	100
8167	38	101
7658	77	101
6713	219	101
5579	296	101
3097	359	101
17772	373	101
916	425	101
17405	429	101
14837	499	101
12824	519	101
7048	533	101
8671	540	101
10227	546	101
4122	581	101
16741	11	102
10191	21	102
5148	117	102
10401	184	102
10437	304	102
6362	369	102
3316	458	102
14230	551	102
14943	3	103
16749	96	103
13324	319	103
6291	408	103
5691	446	103
16399	487	103
16685	90	104
1818	307	104
5913	357	104
12063	358	104
2132	524	104
4280	107	105
6114	118	105
14082	128	105
7074	182	105
2665	191	105
919	357	105
14073	430	105
11591	478	105
12468	547	105
11712	99	106
13977	173	106
14623	40	107
4502	70	107
4880	105	107
17709	291	107
3758	306	107
5408	357	107
16863	430	107
5011	524	107
9308	547	107
11916	579	107
15705	4	108
920	140	108
7579	452	108
4787	454	108
14666	456	108
10949	56	109
14692	67	109
15742	344	109
1475	443	109
13926	284	110
6941	399	110
17107	503	110
6104	132	111
4562	152	111
14018	229	111
15953	262	111
5844	324	111
6808	361	111
18405	426	111
4965	450	111
15519	36	112
4944	121	112
4321	220	112
2914	418	112
12396	487	112
2276	99	113
15590	137	113
9314	241	113
18432	68	114
17299	135	114
14184	177	114
8051	362	114
10367	479	114
6432	99	115
13733	173	115
3259	276	115
12818	11	116
4066	34	116
8941	239	116
3453	247	116
18234	416	116
1426	457	116
10307	474	116
1969	481	116
1997	30	117
7840	32	117
16114	85	117
17509	102	117
11095	199	117
7423	410	117
4581	505	117
16507	506	117
3244	40	118
5486	105	118
10309	153	118
10095	200	118
16498	235	118
2461	318	118
17206	484	118
6764	493	118
655	547	118
9661	578	118
11417	70	119
14585	146	119
5600	301	119
9819	284	120
5992	112	121
2133	209	121
6687	229	121
1547	418	121
12027	426	121
16695	580	121
7009	5	122
7874	176	122
9989	360	122
5556	482	122
12177	9	123
2294	29	123
16439	126	123
7608	152	123
16122	256	123
6866	495	123
16064	549	123
1968	223	124
1675	293	124
8234	366	124
9400	491	124
16123	156	125
18407	192	125
9047	195	125
13357	344	125
9255	564	125
9236	2	126
7833	41	126
16929	123	126
8985	237	126
3030	247	126
8523	515	126
16740	44	127
5439	60	127
5658	153	127
15695	518	127
1633	105	128
16747	245	128
1755	357	128
16077	529	128
2099	547	128
12592	65	129
17782	329	129
10980	463	129
16004	504	129
4472	511	129
11953	512	129
8136	49	130
8744	150	130
1750	167	130
11027	328	130
9671	356	130
7154	445	130
3552	572	130
6673	576	130
16602	226	131
18395	239	131
15898	315	131
18467	397	131
18142	573	131
7053	111	132
7195	229	132
12402	242	132
15335	347	132
14062	559	132
10651	580	132
16878	163	133
14793	476	133
16460	587	133
6465	161	134
4542	213	134
12910	259	134
2325	312	134
9495	336	134
16135	340	134
5622	354	134
12777	72	135
7312	114	135
17927	144	135
2142	177	135
3390	424	135
3108	479	135
15959	91	136
3727	113	137
2979	162	137
8611	243	137
647	288	137
16791	22	138
8493	86	138
12924	404	138
8465	413	138
6027	501	138
8753	16	139
3829	56	139
11231	57	139
2543	81	139
6133	181	139
17776	266	139
4461	447	139
3769	550	139
13381	553	139
17156	40	140
5433	108	140
3869	379	140
18472	52	141
13784	141	141
17289	1	142
14162	18	142
11881	49	142
15832	95	142
13685	468	142
12230	520	142
16767	526	142
5315	10	143
6347	31	143
4895	297	143
3586	439	143
12817	571	143
2268	13	144
8989	57	144
10321	98	144
12940	135	144
14579	177	144
8845	355	144
8485	424	144
2882	479	144
4218	535	144
6407	540	144
6455	558	144
10501	216	145
4800	374	145
12695	381	145
10749	409	145
16722	500	145
16119	71	146
17769	119	146
13483	235	147
11890	270	147
17778	392	147
12294	493	147
13747	203	148
14794	233	148
13275	376	148
12451	537	148
713	586	148
9016	384	149
7777	562	149
13882	49	150
2296	58	150
17328	130	150
6475	167	150
3265	364	150
16097	445	150
5032	542	150
2686	572	150
4401	576	150
2734	170	151
1299	447	151
8804	111	152
2504	123	152
12526	163	152
7613	212	152
5743	529	152
6515	118	153
12764	127	153
12167	180	153
16132	235	153
1793	317	153
3515	334	153
4667	346	153
14829	449	153
3949	467	153
9436	493	153
18396	494	153
2445	52	154
6556	154	154
5392	38	155
15749	184	155
785	546	155
9280	125	156
17954	376	156
6244	542	156
17052	551	156
9136	557	156
9749	564	156
14598	573	156
15047	8	157
11783	19	157
1376	33	157
5524	498	157
7455	563	157
14085	45	158
12080	232	158
17953	263	158
17774	264	158
6752	280	158
10941	394	158
2674	486	158
2472	569	158
9195	193	159
11492	211	159
18123	218	159
8089	246	159
7632	287	159
8119	417	159
9275	460	159
15853	472	159
1110	43	160
9753	280	160
1814	285	160
1146	298	160
15539	390	160
4248	391	160
13234	411	160
18261	441	160
2710	542	160
13660	88	161
4007	134	161
5349	213	161
3986	218	161
4008	312	161
12249	354	161
7457	476	161
17832	585	161
7468	52	162
6502	71	162
16155	137	162
12618	162	162
16320	323	162
2558	514	162
682	133	163
3892	152	163
10224	422	163
17233	525	163
4739	529	163
17783	52	164
6481	164	164
1801	365	165
4860	406	165
1920	487	165
9824	506	165
3650	13	166
4147	56	166
6946	421	166
5884	461	166
1512	17	167
2375	49	167
14256	58	167
17290	95	167
825	130	167
6804	150	167
15298	328	167
6363	356	167
3715	445	167
8176	520	167
10052	572	167
6938	576	167
12964	7	168
1851	87	168
1612	228	168
4496	245	168
8156	283	168
10155	365	168
3165	462	168
8947	543	168
16994	193	169
1054	211	169
11787	218	169
2183	472	169
9617	151	170
12834	447	170
3822	553	170
10264	289	171
8204	294	171
17925	374	171
11758	409	171
14177	440	171
14635	582	171
12485	6	172
4652	37	172
10144	61	172
17094	62	172
6466	88	172
14069	197	172
11045	204	172
18092	215	172
8576	282	172
17113	287	172
1610	292	172
2537	333	172
12083	338	172
11557	411	172
5730	412	172
3726	417	172
10058	460	172
10099	472	172
3870	496	172
1478	534	172
14747	558	172
16545	99	173
9132	106	173
5967	115	173
1873	241	173
9494	253	173
8534	276	173
4181	317	173
15015	331	173
15205	565	173
9008	63	174
15905	418	174
4463	426	174
4528	586	174
4580	276	175
13271	122	176
7329	360	176
13323	459	176
15983	461	176
15596	51	177
6207	72	177
12523	114	177
15974	135	177
14352	144	177
15156	424	177
5272	479	177
14619	26	178
16789	42	178
8056	64	178
17658	372	178
4484	387	178
16432	410	178
11654	473	178
1748	516	178
6650	575	178
11891	9	179
14475	312	179
16044	525	179
13956	543	179
6447	153	180
17620	191	180
8284	235	180
13998	243	180
2935	467	180
5740	57	181
13678	139	181
11019	264	181
10844	550	181
16960	561	181
6423	105	182
6589	309	182
17743	357	182
15838	509	182
2554	536	182
6173	547	182
17004	578	182
18145	234	183
1189	269	183
14411	324	183
13844	385	183
17250	426	183
15614	481	183
18297	495	183
14587	102	184
6616	155	184
12270	234	184
10999	293	184
7411	304	184
17800	322	184
16969	400	184
10292	80	185
10439	84	185
13118	92	185
16849	275	185
12002	335	185
6404	352	185
18269	382	185
10928	505	185
3163	517	185
15647	531	185
17715	12	186
5880	295	186
8071	312	186
15839	490	186
12309	532	186
17965	549	186
15973	585	186
1699	196	187
9894	222	187
18041	245	187
1187	330	187
17048	350	187
1578	369	187
2146	578	187
13150	35	188
6195	58	188
8243	95	188
5962	324	188
17718	395	188
7972	451	188
5585	481	188
4730	526	188
3603	52	189
9419	189	189
9911	18	190
3776	326	190
13081	105	191
12379	180	191
9106	334	191
11025	346	191
18207	449	191
5375	456	191
4749	467	191
12865	547	191
9484	125	192
13584	564	192
8022	92	193
9746	159	193
17531	169	193
10787	211	193
11724	215	193
15215	246	193
9498	300	193
16802	472	193
10698	485	193
5614	506	193
13069	67	194
7306	421	194
8731	461	194
2056	56	195
2490	125	195
15733	564	195
12137	187	196
4393	223	196
16417	318	196
18012	343	196
13861	389	196
11317	556	196
9224	6	197
7092	37	197
11481	61	197
3240	172	197
4412	287	197
1344	292	197
12201	333	197
683	412	197
7989	7	198
12430	39	198
2974	41	198
1728	275	198
2725	315	198
18277	582	198
15887	32	199
12837	117	199
14423	207	199
16197	239	199
15334	247	199
5027	403	199
4144	410	199
11197	426	199
2121	505	199
4068	118	200
7255	85	201
977	229	201
7599	426	201
14877	434	201
18443	446	201
6119	557	201
5698	97	202
10911	303	202
8655	470	202
3878	570	202
10779	587	202
14491	148	203
1691	234	203
835	255	203
1601	294	203
17865	409	203
14911	172	204
6332	215	204
17040	282	204
9949	338	204
8993	411	204
3056	217	205
9361	259	205
9676	415	205
9906	473	205
4550	530	205
8165	97	206
18271	304	206
10802	428	206
17341	488	206
8919	587	206
10189	199	207
13433	265	207
17230	473	207
11028	490	207
10198	532	207
18316	2	208
7766	22	208
18353	25	208
11009	79	208
1962	82	208
4486	85	208
1216	254	208
4167	404	208
13528	448	208
3161	464	208
8565	497	208
3839	501	208
3861	121	209
7361	213	209
9615	330	209
7495	410	209
17469	573	209
1775	59	210
8772	66	210
6609	226	210
8209	237	210
2092	257	210
6288	416	210
3341	159	211
18262	169	211
14493	193	211
11926	218	211
4622	485	211
11366	152	212
18270	318	212
7383	478	212
15110	552	212
2251	134	213
18003	161	213
9283	209	213
15986	312	213
16024	476	213
17672	23	214
2593	68	214
9972	300	214
2688	465	214
6980	574	214
917	88	215
8038	172	215
12265	193	215
3566	204	215
6167	246	215
14244	472	215
17667	88	216
15173	145	216
15718	273	216
5960	279	216
2348	289	216
3989	381	216
10301	427	216
636	545	216
5620	92	217
8309	205	217
5459	340	217
11801	415	217
2443	530	217
14823	34	218
2910	88	218
11780	159	218
17065	161	218
17649	169	218
16345	211	218
6368	246	218
2214	9	219
5547	77	219
1924	87	219
12487	101	219
10119	296	219
9391	312	219
15425	499	219
5232	529	219
1980	546	219
11144	32	220
16506	36	220
17590	112	220
1771	240	220
9353	251	220
14731	377	220
9085	403	220
8794	580	220
3379	461	221
13290	482	221
8613	583	221
4727	187	222
14133	224	222
3377	366	222
10016	378	222
11638	449	222
2539	498	222
9782	124	223
14803	196	223
16282	222	224
17734	251	224
16869	433	224
18004	509	224
5139	307	225
2347	401	225
5109	513	225
1307	518	225
16459	29	226
7939	131	226
13636	210	226
3765	233	226
7019	315	226
12874	481	226
17410	495	226
5820	11	227
2046	33	227
2466	285	227
3599	343	227
7687	556	227
14436	7	228
12610	168	228
9881	283	228
14630	303	228
2229	543	228
6013	544	228
18278	45	229
10789	55	229
17526	111	229
6598	121	229
5159	132	229
4514	201	229
12572	251	229
3086	406	229
10907	492	229
15945	341	230
16120	521	230
3149	566	230
17353	478	231
11444	484	231
10130	493	231
4648	524	231
8940	45	232
11392	158	232
10229	263	232
11853	280	232
2794	311	232
11532	432	232
16910	487	232
6478	539	232
2275	561	232
16707	569	232
2451	39	233
9503	148	233
5467	226	233
12649	256	233
16633	267	233
9296	343	233
9073	376	233
4087	389	233
1791	543	233
10839	30	234
999	53	234
6179	94	234
4693	183	234
5986	184	234
8990	203	234
5915	388	234
596	418	234
877	446	234
16078	453	234
4629	586	234
12568	118	235
9554	147	235
6446	153	235
13689	180	235
13679	318	235
5484	346	235
1488	422	235
12952	493	235
16967	342	236
17001	371	236
1357	380	236
1191	447	236
5339	41	237
11693	69	237
14865	87	237
11241	98	237
6417	126	237
15871	210	237
10901	257	237
17601	365	237
1529	382	237
15222	442	237
3247	515	237
13320	549	237
1654	78	238
6461	402	238
3872	32	239
6023	66	239
5843	116	239
1010	131	239
2334	199	239
2587	416	239
7038	55	240
2498	98	240
5086	220	240
7125	379	240
14077	418	240
5247	487	240
11477	99	241
10668	113	241
8018	173	241
15991	305	241
1828	132	242
10416	279	242
4163	381	242
16189	554	242
15359	559	242
1780	137	243
4900	180	243
6647	422	243
1751	413	244
8652	505	244
6274	517	244
5450	531	244
3766	33	245
9793	128	245
17529	168	245
758	187	245
2875	330	245
13340	434	245
17858	498	245
8685	509	245
12120	159	246
15926	193	246
6443	215	246
18284	218	246
15251	472	246
6583	24	247
4045	26	247
4661	41	247
12673	64	247
10723	83	247
15082	116	247
17819	126	247
2218	199	247
4040	337	247
9040	339	247
12877	355	247
16916	372	247
10711	387	247
3568	416	247
12510	438	247
11296	474	247
6723	507	247
15439	515	247
8443	516	247
6787	527	247
2648	539	247
6329	575	247
10449	584	247
17696	52	248
15197	248	248
7851	31	249
15783	89	250
11898	286	250
17807	309	250
16335	481	250
5607	536	250
11086	573	250
13942	220	251
7729	224	251
17185	229	251
17549	420	251
13492	92	252
4848	259	252
2659	340	252
15138	393	252
9677	420	252
2557	490	252
5015	99	253
7108	173	253
10947	25	254
3768	79	254
15911	82	254
11038	208	254
6307	448	254
14160	464	254
1402	497	254
5590	46	255
2205	203	255
5550	316	255
2427	409	255
14122	469	255
6959	582	255
8444	586	255
8746	29	256
3407	63	256
4462	123	256
16846	233	256
7586	269	256
11408	315	256
16229	403	256
11185	495	256
4178	41	257
6500	59	257
11686	210	257
9394	237	257
16584	315	257
9542	416	257
9211	495	257
13614	14	258
11293	76	258
2003	345	258
2730	538	258
9915	552	258
7520	134	259
15355	205	259
11875	252	259
6956	340	259
6374	415	259
4742	530	259
4148	52	260
4789	260	260
7863	20	261
12112	271	261
10162	273	261
10448	342	261
9769	380	261
9009	475	261
5062	511	261
14115	23	262
17589	65	262
8365	111	262
6085	324	262
4263	511	262
8490	574	262
14633	45	263
3826	158	263
10453	232	263
1201	280	263
8904	311	263
17859	432	263
17618	487	263
8952	539	263
1466	561	263
14026	569	263
5712	158	264
10637	181	264
4939	299	264
13996	483	264
7020	539	264
9767	561	264
14325	582	264
6852	207	265
8726	336	265
13042	473	265
14539	139	266
7536	447	266
14545	541	266
17877	550	266
1401	553	266
3612	36	267
7835	66	267
16448	233	267
5000	403	267
15787	418	267
11542	37	268
10214	98	268
17982	355	268
8559	442	268
15949	515	268
8175	558	268
15463	100	269
1182	183	269
9376	256	269
5608	481	269
11668	567	269
6947	28	270
14873	70	270
11957	147	270
13526	318	270
8187	334	270
6779	261	271
3312	380	271
8690	430	271
7512	398	272
9194	436	272
7915	20	273
15741	49	273
14469	73	273
14116	95	273
16206	216	273
3156	261	273
18372	2	274
6747	7	274
15373	77	274
10282	87	274
18138	296	274
5029	315	274
18156	425	274
15253	77	275
16751	87	275
16130	185	275
3194	198	275
6522	296	275
17789	382	275
8647	533	275
12056	546	275
7679	577	275
1742	581	275
11143	99	276
16540	115	276
17064	173	276
10873	175	276
1018	305	276
10078	323	276
14044	327	276
9404	68	277
2600	72	277
13457	289	277
8773	352	277
10281	289	278
10877	409	278
16110	522	278
13137	582	278
9254	95	279
2008	216	279
10985	242	279
6608	381	279
1987	554	279
14424	559	279
7737	45	280
1763	158	280
2219	160	280
16619	232	280
14698	263	280
4056	290	280
1723	311	280
16046	394	280
9067	432	280
12843	475	280
3071	492	280
8608	511	280
15880	569	280
14437	58	281
18030	441	281
6000	511	281
14016	34	282
12359	172	282
15124	204	282
13902	338	282
11935	558	282
1704	7	283
14075	33	283
17037	168	283
8431	228	283
15019	315	283
1408	365	283
15102	462	283
4935	110	284
5536	120	284
4611	318	284
1423	405	284
654	502	284
10252	503	284
13768	538	284
13035	55	285
3917	160	285
14907	227	285
11395	298	285
7741	385	285
1385	388	285
2873	390	285
16582	458	285
13425	89	286
8135	250	286
5919	360	286
10145	396	286
1581	435	286
15667	461	286
7723	6	287
15977	37	287
3710	61	287
2676	159	287
14421	172	287
12502	197	287
18238	292	287
7256	333	287
12122	412	287
18198	417	287
16445	460	287
18289	137	288
11914	323	288
9543	422	288
9210	46	289
16876	85	289
13127	171	289
1727	216	289
8577	277	289
15547	278	289
16723	294	289
11928	316	289
13848	320	289
10792	360	289
17450	440	289
16691	469	289
15332	506	289
8197	522	289
12847	1	290
13873	45	290
7674	280	290
2449	311	290
3775	107	291
9235	306	291
5539	484	291
7024	6	292
4711	37	292
8514	61	292
4773	172	292
7799	197	292
4325	287	292
17684	333	292
17500	412	292
7688	38	293
3941	124	293
6346	184	293
18342	350	293
16165	555	293
12473	560	293
3038	171	294
1252	203	294
8082	289	294
9074	409	294
16828	440	294
2742	467	294
3430	468	294
2917	469	294
18397	9	295
3770	12	295
4505	37	295
10126	186	295
9882	485	295
6468	490	295
5948	532	295
10141	38	296
13498	77	296
12419	101	296
13221	219	296
10923	274	296
8437	275	296
6937	373	296
15301	429	296
1421	533	296
9069	581	296
3970	143	297
11867	317	297
18252	363	297
12097	370	297
17767	401	297
10894	518	297
4671	566	297
10810	1	298
3636	160	298
13400	285	298
12978	390	298
10978	441	298
14856	475	298
17867	27	299
12190	264	299
6135	349	299
2235	23	300
17501	193	300
11055	214	300
18211	354	300
7836	465	300
17936	559	300
12460	4	301
8795	119	301
4082	402	301
3017	449	301
11968	452	301
10689	47	302
6025	351	302
11427	369	302
3043	378	302
3250	510	302
13820	202	303
18115	228	303
14463	470	303
5923	570	303
16261	19	304
2502	102	304
12443	184	304
3888	206	304
1328	414	304
6597	428	304
17551	498	304
15535	560	304
12354	52	305
12602	241	305
11737	276	305
16000	305	305
11429	40	306
10394	76	306
14373	107	306
10708	291	306
722	478	306
16063	484	306
11603	104	307
11094	225	307
13556	430	307
13441	578	307
7948	419	308
14973	182	309
14296	250	309
17326	357	309
16066	452	309
1413	509	309
10212	523	309
5009	44	310
4431	45	311
8301	232	311
8958	263	311
17809	280	311
10153	290	311
7070	432	311
12525	569	311
17842	9	312
1517	53	312
8132	134	312
1690	161	312
2959	179	312
8116	186	312
6949	213	312
6264	219	312
10471	354	312
14358	476	312
9145	490	312
13761	330	313
11006	358	313
4443	367	313
14956	368	313
15703	457	313
1159	536	313
2824	31	314
6895	33	315
10731	87	315
7844	131	315
10122	198	315
14309	226	315
14293	256	315
7317	257	315
5307	274	315
15661	283	315
11165	365	315
9854	481	315
7774	515	315
7034	46	316
6190	255	316
6330	289	316
15023	409	316
2430	469	316
15797	582	316
4259	31	317
6206	60	317
12687	153	317
14028	173	317
10828	297	317
5012	370	317
5687	568	317
14659	28	318
8192	118	318
5855	196	318
4441	212	318
12475	235	318
4336	270	318
16482	284	318
7671	348	318
750	503	318
11218	552	318
4371	3	319
15192	96	319
9105	103	319
14192	408	319
17594	557	319
17784	46	320
16164	289	320
9130	374	320
9448	409	320
13523	469	320
2359	582	320
17434	75	321
18296	567	321
14520	8	322
1909	19	322
2307	184	322
4396	428	322
3777	570	322
3853	162	323
16890	276	323
8235	288	323
3074	334	323
15388	422	323
4680	111	324
1487	183	324
10765	188	324
14872	262	324
11315	403	324
4687	418	324
9465	426	324
9846	335	325
12624	499	325
8620	533	325
8093	581	325
12969	18	326
1841	190	326
14733	453	326
2376	52	327
16327	276	327
17338	327	327
6761	17	328
12947	49	328
11388	130	328
14065	167	328
18425	356	328
10842	520	328
6705	576	328
8148	129	329
7360	504	329
6056	511	329
8956	33	330
16485	187	330
11954	209	330
881	245	330
1998	313	330
5388	367	330
10814	457	330
5209	573	330
12434	99	331
1209	173	331
16461	32	332
2758	395	332
17796	505	332
11260	6	333
9748	37	333
734	61	333
7727	172	333
4005	197	333
6042	287	333
850	292	333
16657	412	333
6281	153	334
15478	191	334
11547	270	334
9113	323	334
9470	392	334
15773	185	335
9241	325	335
3480	352	335
12970	517	335
5895	531	335
3530	533	335
13145	134	336
12028	265	336
4979	444	336
8679	473	336
2591	24	337
16937	42	337
6218	64	337
2928	247	337
5557	415	337
2085	476	337
5760	507	337
12253	516	337
10936	575	337
12019	34	338
6653	172	338
4975	204	338
7639	282	338
17036	558	338
10051	15	339
2647	42	339
17051	64	339
15575	83	339
17714	247	339
1102	372	339
7990	410	339
878	415	339
18051	507	339
4088	92	340
7526	134	340
7324	217	340
14700	252	340
744	259	340
1672	415	340
7513	444	340
14972	530	340
11489	230	341
3684	236	342
11026	261	342
10536	380	342
10995	435	342
1317	447	342
2523	455	342
7920	29	343
5510	33	343
6125	196	343
10027	227	343
6534	233	343
9859	389	343
9237	434	343
14268	56	344
4213	67	344
15130	89	344
3083	109	344
2701	125	344
10408	435	344
2252	443	344
3413	461	344
6208	258	345
1860	399	345
7602	153	346
16241	191	346
17752	235	346
14191	422	346
5007	467	346
8271	55	347
8370	60	347
2890	132	347
14879	406	347
4025	580	347
16593	318	348
7973	552	348
4901	299	349
16693	383	349
13308	463	349
12654	504	349
3192	511	349
5663	535	349
9066	187	350
2745	293	350
2763	498	350
8812	560	350
16121	47	351
640	302	351
14234	418	351
18331	85	352
12748	185	352
14843	277	352
6215	335	352
17935	501	352
12986	505	352
16909	531	352
5498	557	352
13059	52	353
15210	353	353
1439	98	354
4721	134	354
4034	161	354
1853	300	354
10421	312	354
956	437	354
12395	34	355
5127	37	355
14164	98	355
8840	144	355
1705	247	355
11945	268	355
11998	442	355
14928	515	355
9530	558	355
11611	17	356
6458	49	356
1719	130	356
4613	167	356
9577	328	356
14487	576	356
1616	5	357
16134	90	357
17822	104	357
2371	105	357
15466	107	357
10803	128	357
3224	182	357
11113	309	357
9379	358	357
7364	367	357
13662	430	357
9101	484	357
18377	509	357
16843	524	357
2633	536	357
11150	547	357
2741	578	357
6728	579	357
948	104	358
6827	313	358
5115	357	358
17873	579	358
3816	3	359
6335	77	359
907	101	359
7344	373	359
12261	425	359
14881	499	359
5172	519	359
11389	546	359
3291	5	360
1019	122	360
3858	176	360
15886	286	360
6323	289	360
8948	461	360
2418	484	360
4970	66	361
14890	111	361
1858	376	361
12734	377	361
16941	403	361
17347	72	362
12671	114	362
9340	297	363
12730	18	364
14886	35	364
17424	150	364
7516	445	364
8376	468	364
9886	561	364
10092	572	364
8260	7	365
10005	165	365
3894	168	365
4688	237	365
14721	283	365
15819	315	365
15269	515	365
11640	544	365
14172	124	366
17084	222	366
3293	90	367
671	313	367
727	330	367
4841	357	367
8859	536	367
2253	4	368
14740	40	368
17146	70	368
11438	313	368
14957	379	368
7077	21	369
9743	47	369
5793	102	369
15505	187	369
6240	302	369
16243	462	369
3976	510	369
10484	31	370
13229	297	370
12342	317	370
10217	236	371
7559	396	371
4594	447	371
6538	15	372
600	42	372
6939	64	372
16959	83	372
18038	178	372
14693	247	372
11764	339	372
13579	410	372
1786	415	372
17716	507	372
6576	3	373
1674	77	373
3116	101	373
4297	296	373
14862	359	373
12581	519	373
7354	46	374
12601	145	374
2448	171	374
10315	320	374
9630	409	374
14204	545	374
1551	52	375
7882	375	375
16974	11	376
4079	56	376
3203	148	376
10161	156	376
7478	233	376
9912	361	376
16038	458	376
16307	55	377
14835	220	377
1737	361	377
8263	47	378
11614	222	378
5984	302	378
11909	10	379
3703	140	379
12582	240	379
14496	368	379
16837	449	379
11187	53	380
16804	89	380
2767	236	380
12107	261	380
14759	271	380
15518	342	380
3110	447	380
4628	23	381
7052	145	381
7966	216	381
6354	242	381
679	279	381
9476	409	381
12629	427	381
18371	500	381
1144	545	381
12147	559	381
3987	574	381
17969	9	382
3723	59	382
13219	80	382
8076	185	382
13188	237	382
11329	275	382
3779	529	382
15001	532	382
2042	27	383
16212	65	383
9710	349	383
10927	511	383
16255	149	384
7680	2	385
3447	183	385
9014	285	385
5146	388	385
16094	429	385
13949	75	386
6345	436	386
16674	26	387
6889	42	387
15236	178	387
9260	247	387
6170	410	387
2996	415	387
10686	476	387
9396	516	387
6708	575	387
14479	30	388
9177	63	388
9531	98	388
1596	234	388
15254	285	388
15333	385	388
5332	563	388
15024	196	389
972	233	389
12669	343	389
6633	556	389
4588	21	390
7061	30	390
5262	160	390
11070	285	390
12806	298	390
4323	457	390
13952	551	390
15585	43	391
13490	160	391
4418	434	391
11434	458	391
12297	551	391
13140	573	391
16301	147	392
3256	334	392
12353	514	392
13084	84	393
10813	92	393
12694	252	393
11109	416	393
14131	45	394
14008	73	394
3219	158	394
6849	280	394
1295	188	395
12154	332	395
7535	410	395
14020	451	395
5907	528	395
9611	580	395
8966	286	396
14375	371	396
17295	447	396
846	455	396
12317	9	397
8949	84	397
11105	131	397
9626	272	398
14439	567	398
2077	91	399
9852	110	399
13303	345	399
16362	19	400
3130	184	400
6120	428	400
14124	498	400
6277	225	401
3080	297	401
2400	10	402
3085	71	402
4093	238	402
11590	301	402
6970	508	402
16286	66	403
1266	199	403
12532	220	403
16681	256	403
5619	267	403
8364	324	403
17660	361	403
9316	426	403
8774	580	403
7415	22	404
2488	79	404
9141	80	404
10478	138	404
1888	208	404
4696	497	404
16483	16	405
2500	284	405
9098	165	406
3150	229	406
13477	347	406
9872	411	406
4397	420	406
12955	474	406
14101	99	407
17164	3	408
18205	103	408
3508	319	408
13184	46	409
6602	72	409
6809	145	409
11679	171	409
5706	203	409
15975	255	409
1450	278	409
1632	294	409
17852	316	409
6343	320	409
15798	374	409
4991	381	409
14388	427	409
16380	440	409
4656	469	409
17300	500	409
4768	522	409
13247	545	409
8638	559	409
5928	582	409
14852	14	410
15565	26	410
15348	42	410
11798	64	410
16589	83	410
8491	85	410
14939	117	410
7934	178	410
4552	199	410
11803	209	410
13894	339	410
13527	372	410
12131	387	410
7743	395	410
14651	446	410
16284	507	410
11882	523	410
8887	96	411
689	160	411
16140	172	411
15500	204	411
1945	406	411
12997	542	411
9935	6	412
17710	37	412
10875	61	412
15278	172	412
7116	197	412
17616	287	412
11314	292	412
4774	333	412
17918	86	413
8198	138	413
10235	244	413
4039	501	413
9634	517	413
17463	531	413
13817	581	413
18235	7	414
1290	8	414
6428	304	414
17726	498	414
10656	24	415
8986	26	415
7720	64	415
10010	83	415
9653	92	415
4974	205	415
12103	217	415
4609	259	415
12942	337	415
17074	339	415
3451	340	415
16533	372	415
3478	387	415
17480	438	415
4736	444	415
11340	507	415
2266	516	415
1326	527	415
13397	530	415
14687	575	415
10025	584	415
6679	12	416
5075	69	416
9537	116	416
17383	210	416
11319	239	416
6292	247	416
16813	257	416
12868	393	416
11119	442	416
11597	532	416
5415	37	417
4135	61	417
17129	159	417
15176	172	417
15409	287	417
16686	460	417
12900	36	418
17393	112	418
11243	121	418
6024	174	418
18406	234	418
9415	240	418
7521	267	418
12221	324	418
13206	351	418
1093	487	418
11343	93	419
13464	308	419
5974	251	420
16023	252	420
17089	406	420
3879	474	420
9017	13	421
13172	166	421
12640	194	421
12231	461	421
13694	44	422
6925	163	422
10956	235	422
11781	243	422
5717	288	422
17116	323	422
8689	346	422
17042	31	423
12648	50	423
5837	71	423
17906	431	423
16531	489	423
10926	72	424
15430	135	424
15077	144	424
13103	177	424
9686	479	424
14367	101	425
2423	274	425
17997	359	425
1861	519	425
15294	546	425
12721	66	426
7619	111	426
3439	121	426
7236	174	426
15061	183	426
5097	199	426
10461	201	426
3193	324	426
14595	403	426
5118	495	426
15732	216	427
2972	381	427
18113	409	427
6272	500	427
17435	559	427
925	19	428
14637	206	428
9392	304	428
16180	322	428
17544	400	428
15099	491	428
9226	563	428
11671	77	429
10013	101	429
8339	296	429
12139	385	429
5476	481	429
2531	499	429
4231	546	429
10836	105	430
9150	107	430
15270	271	430
11060	307	430
14577	357	430
6469	547	430
8120	60	431
11409	423	431
4758	45	432
6357	232	432
16820	263	432
1400	280	432
11370	311	432
8809	487	432
16927	492	432
8070	539	432
10107	569	432
11379	224	433
6082	566	433
2203	29	434
8121	201	434
13058	245	434
7402	343	434
11515	391	434
2328	509	434
5704	523	434
3541	573	434
6735	5	435
1670	89	435
7098	286	435
11868	342	435
1595	344	435
14260	443	435
3728	272	436
9878	386	436
15932	21	437
12746	51	437
7756	63	437
15352	354	437
13377	582	437
10946	585	437
7616	15	438
16901	42	438
5336	247	438
2901	415	438
9942	527	438
13870	584	438
15615	93	439
1921	143	439
4376	171	440
4099	289	440
8461	294	440
12878	409	440
17015	582	440
1214	43	441
8086	160	441
3711	281	441
4778	298	441
5252	511	441
4701	98	442
2196	237	442
6003	268	442
13797	355	442
10809	416	442
4102	477	442
15371	485	442
13805	554	442
17010	109	443
15616	344	443
12121	435	443
16754	336	444
12282	340	444
12552	415	444
1687	530	444
4532	49	445
3309	58	445
15364	130	445
1304	150	445
3606	167	445
2041	364	445
4620	572	445
12357	576	445
14743	28	446
17343	30	446
10697	85	446
16827	94	446
1712	103	446
1537	201	446
14513	234	446
11872	410	446
2861	505	446
3429	540	446
3147	557	446
4345	53	447
6180	54	447
17591	56	447
3998	81	447
13561	139	447
9980	151	447
17494	170	447
3458	236	447
18127	266	447
14381	342	447
18185	371	447
12337	380	447
2140	396	447
12257	450	447
5245	455	447
16055	550	447
7254	553	447
11656	25	448
12110	79	448
7447	82	448
12225	208	448
6903	254	448
10246	464	448
14714	497	448
9733	78	449
13329	153	449
7404	191	449
16535	222	449
3335	301	449
1741	379	449
7905	456	449
15132	54	450
18200	74	450
9126	111	450
3501	447	450
17880	541	450
16211	188	451
17172	395	451
10520	487	451
18106	491	451
18368	529	451
5296	559	451
16733	70	452
11348	93	452
5747	108	452
14603	301	452
9553	309	452
6372	454	452
12930	456	452
16792	18	453
1129	234	453
10480	326	453
7390	554	453
6094	582	453
11769	108	454
2109	452	454
12344	456	454
1882	342	455
8166	396	455
17690	447	455
8699	70	456
996	78	456
8656	108	456
8115	191	456
5908	449	456
12385	452	456
3546	454	456
1331	578	456
2913	116	457
14850	313	457
4400	330	457
2169	390	457
7410	458	457
3396	551	457
6415	573	457
13094	11	458
17309	30	458
15755	43	458
14076	102	458
16223	285	458
14084	376	458
6912	391	458
6157	457	458
13666	551	458
5947	573	458
9080	176	459
12241	461	459
1394	583	459
18324	37	460
1227	61	460
12812	159	460
6741	172	460
13935	287	460
4559	417	460
16330	5	461
8865	166	461
17420	176	461
5721	194	461
6955	221	461
1787	286	461
3127	344	461
12224	360	461
10216	421	461
14895	459	461
11812	482	461
12448	583	461
8220	2	462
12145	7	462
17079	168	462
8511	283	462
13909	369	462
16862	65	463
14710	129	463
5592	349	463
13824	511	463
9026	535	463
5084	25	464
2828	79	464
4718	82	464
11994	208	464
9087	254	464
1135	448	464
959	497	464
14808	23	465
17307	68	465
1789	214	465
16353	300	465
5299	574	465
12757	60	466
11430	153	467
11921	180	467
3545	191	467
9574	294	467
18403	346	467
11236	504	467
17874	535	467
16511	142	468
6999	294	468
11208	364	468
16583	526	468
15540	46	469
4748	255	469
11588	289	469
9144	294	469
17452	316	469
7659	320	469
9229	409	469
6739	582	469
15523	97	470
2634	202	470
6566	303	470
9598	488	470
6091	570	470
3336	587	470
2791	52	471
11598	471	471
17078	159	472
11655	169	472
16712	172	472
12494	193	472
3305	215	472
8052	246	472
9409	42	473
5834	178	473
2556	205	473
2210	207	473
11874	265	473
1068	336	473
4479	38	474
4592	42	474
17115	116	474
10563	247	474
8103	406	474
12144	420	474
13717	1	475
14701	45	475
13704	65	475
2390	261	475
11824	280	475
17621	298	475
16529	24	476
13401	26	476
1996	53	476
15544	64	476
14766	133	476
6462	161	476
14526	213	476
11937	312	476
11880	337	476
7041	387	476
12075	507	476
17301	516	476
3388	575	476
7678	12	477
17901	28	477
12408	442	477
5206	485	477
14414	554	477
18375	558	477
11188	105	478
1897	212	478
11327	231	478
15980	306	478
11470	484	478
17872	547	478
15943	51	479
5049	72	479
17543	114	479
9656	135	479
16109	144	479
13605	177	479
14653	424	479
14140	82	480
8257	497	480
13563	501	480
9175	116	481
17826	183	481
10553	188	481
13906	226	481
12644	250	481
1072	269	481
12849	315	481
9264	429	481
16629	536	481
15906	122	482
6781	221	482
15404	461	482
3735	583	482
13700	48	483
1781	264	483
16962	561	483
5093	90	484
5920	118	484
11677	231	484
3673	291	484
15542	306	484
1002	357	484
9591	360	484
13322	478	484
1416	18	485
5531	37	485
17098	193	485
2533	211	485
10105	295	485
12894	442	485
15324	477	485
8995	532	485
11726	582	485
10357	585	485
18242	158	486
1371	504	486
10062	511	486
9174	45	487
7649	74	487
4020	103	487
9206	112	487
17269	165	487
1533	232	487
17197	240	487
16400	263	487
1729	418	487
4332	432	487
16471	451	487
9456	492	487
3073	569	487
16030	206	488
1293	470	488
16965	570	488
1396	60	489
6557	423	489
16007	80	490
18347	92	490
15862	186	490
14694	207	490
17020	252	490
12129	295	490
12858	312	490
1886	532	490
12906	19	491
8566	124	491
3760	428	491
6928	451	491
9057	577	491
17523	45	492
3559	229	492
11266	280	492
3445	432	492
1089	487	492
3227	539	492
4607	70	493
5495	118	493
6096	147	493
2287	153	493
5158	231	493
928	235	493
5054	153	494
17648	9	495
12088	63	495
8512	123	495
7997	183	495
9483	226	495
5453	256	495
3744	257	495
4894	426	495
4621	586	495
15885	61	496
7197	62	496
5963	172	496
12925	534	496
13718	22	497
11162	25	497
1398	79	497
12450	82	497
10009	208	497
2507	254	497
12816	404	497
14093	448	497
14376	464	497
7297	480	497
18204	30	498
14240	157	498
14904	222	498
2342	245	498
17751	304	498
8910	350	498
12500	400	498
2627	414	498
7142	101	499
16151	219	499
15811	325	499
6038	359	499
16859	429	499
726	519	499
15057	533	499
4985	546	499
12026	581	499
8219	145	500
9978	381	500
4612	409	500
9687	427	500
10707	545	500
14652	138	501
11233	208	501
7362	352	501
2509	413	501
3230	480	501
1160	284	502
11548	110	503
14836	284	503
6896	318	503
1976	129	504
8538	329	504
9764	349	504
9618	467	504
18193	486	504
6149	511	504
14252	32	505
17680	85	505
5216	117	505
10791	185	505
15711	199	505
10326	244	505
12086	332	505
14971	352	505
4470	446	505
10889	85	506
17612	88	506
14739	117	506
15876	165	506
3059	193	506
16393	289	506
12061	24	507
16727	42	507
6963	64	507
1236	247	507
8562	337	507
16006	339	507
1532	372	507
6857	410	507
13054	415	507
6017	476	507
14217	10	508
7846	93	508
13522	402	508
3729	182	509
12151	224	509
16758	245	509
6486	309	509
17961	357	509
13269	434	509
17576	47	510
3164	302	510
12150	369	510
10799	43	511
12736	45	511
14590	65	511
621	129	511
8221	261	511
7744	262	511
4204	280	511
2797	281	511
11933	329	511
3241	349	511
3876	383	511
3177	441	511
18276	463	511
2969	486	511
1735	504	511
2023	512	511
17611	20	512
9786	129	512
7866	511	512
4909	78	513
9688	225	513
10912	162	514
11830	392	514
10829	2	515
13729	41	515
5489	69	515
3485	126	515
5777	237	515
8792	247	515
9200	268	515
6245	315	515
5731	355	515
15484	365	515
15553	24	516
9990	42	516
4527	178	516
1268	247	516
5889	337	516
7788	387	516
11168	415	516
1377	476	516
6221	575	516
8419	84	517
1689	86	517
4296	185	517
3378	244	517
9773	335	517
12432	413	517
12442	531	517
8832	78	518
985	127	518
17676	225	518
2072	297	518
5436	3	519
10258	77	519
2538	101	519
11811	359	519
12378	373	519
11899	425	519
2518	499	519
10166	546	519
13244	49	520
12288	142	520
11944	167	520
3697	328	520
5568	230	521
15319	278	522
11960	289	522
8822	409	522
11031	582	522
14574	90	523
11004	309	523
17644	410	523
4138	434	523
7435	536	523
13169	5	524
656	104	524
8196	107	524
11344	231	524
12540	357	524
3054	579	524
3061	39	525
10610	163	525
5552	179	525
18408	533	525
14286	544	525
12938	577	525
7204	35	526
14874	49	526
5134	95	526
8069	142	526
4433	188	526
12348	468	526
1176	542	526
17522	15	527
12775	42	527
18189	247	527
2120	415	527
12795	438	527
6031	584	527
15145	395	528
1726	580	528
10790	9	529
3745	39	529
16277	96	529
17436	128	529
18090	152	529
14959	163	529
15956	219	529
15515	382	529
7124	451	529
4047	205	530
16479	217	530
3210	259	530
16537	340	530
980	415	530
10044	444	530
12355	185	531
5420	244	531
16170	335	531
1772	352	531
17642	413	531
12244	517	531
3446	80	532
1889	92	532
17174	186	532
8378	207	532
6773	295	532
6584	382	532
18439	416	532
1589	485	532
2112	490	532
6079	77	533
7031	87	533
7103	101	533
7928	275	533
6865	296	533
17418	325	533
1627	335	533
3496	499	533
3494	525	533
11255	546	533
13034	577	533
7604	61	534
11570	62	534
7351	172	534
1196	496	534
17868	27	535
11056	144	535
7136	349	535
995	463	535
15810	467	535
3032	539	535
2221	5	536
8495	90	536
17630	182	536
12554	250	536
17287	313	536
11007	357	536
7725	367	536
3405	481	536
17904	523	536
1206	18	537
17169	73	537
4759	148	537
10794	258	538
7816	284	538
17348	13	539
6235	27	539
9760	45	539
8194	57	539
6868	232	539
17986	247	539
17227	263	539
1116	264	539
7248	432	539
3956	492	539
18367	535	539
15576	554	539
7171	569	539
9462	74	540
15589	94	540
15507	101	540
3678	144	540
6057	446	540
13767	266	541
5277	450	541
9950	95	542
1292	150	542
10037	156	542
12534	160	542
15899	411	542
9492	526	542
7029	572	542
1647	29	543
10664	168	543
16379	179	543
10239	228	543
12705	233	543
8174	544	543
9667	556	543
18318	29	544
6026	39	544
1175	228	544
12574	365	544
12922	525	544
10201	543	544
15816	216	545
15691	374	545
10597	381	545
16817	409	545
13447	500	545
16594	77	546
4226	101	546
13327	155	546
6171	219	546
15641	275	546
15065	359	546
6948	425	546
5741	429	546
17465	499	546
15066	519	546
3972	533	546
15896	581	546
15684	105	547
1502	107	547
16567	118	547
18455	128	547
13741	182	547
8805	191	547
852	357	547
11316	430	547
18348	478	547
10087	23	548
6818	68	548
803	72	548
5939	12	549
7552	29	549
17839	41	549
13468	69	549
16125	123	549
2244	186	549
16680	237	549
11209	16	550
14963	56	550
17801	57	550
1288	81	550
8880	139	550
15537	181	550
11118	266	550
9290	447	550
12104	553	550
11039	21	551
16446	102	551
14386	156	551
11426	390	551
13373	391	551
9044	457	551
10435	458	551
6280	573	551
9861	212	552
17090	258	552
2327	318	552
9896	348	552
1930	54	553
676	139	553
16840	170	553
15433	266	553
8529	447	553
9810	550	553
13974	18	554
11660	27	554
3487	69	554
2149	98	554
9248	242	554
13916	279	554
4097	442	554
2705	453	554
10432	477	554
14844	539	554
5542	582	554
2139	293	555
17329	29	556
12290	33	556
1340	196	556
7150	227	556
5529	389	556
5591	543	556
7936	156	557
10539	201	557
15579	319	557
11378	352	557
15548	446	557
5164	2	558
11424	144	558
11857	172	558
13182	268	558
4113	282	558
14266	338	558
15541	355	558
1918	477	558
10123	132	559
3844	242	559
18436	279	559
2078	300	559
5850	381	559
15882	409	559
16426	427	559
1034	451	559
14638	582	559
3517	38	560
4104	293	560
11391	304	560
11362	350	560
11360	1	561
17855	18	561
6137	48	561
3901	181	561
15285	232	561
4471	263	561
15777	264	561
1115	364	561
17847	483	561
12164	569	561
10552	149	562
1112	19	563
18280	33	563
17570	157	563
17041	388	563
9432	428	563
9858	67	564
9514	125	564
7337	156	564
3360	192	564
12492	195	564
16240	99	565
8371	173	565
17397	230	566
17713	297	566
7628	433	566
1451	269	567
4013	321	567
7365	398	567
5126	60	568
15148	317	568
10736	45	569
13755	158	569
13597	232	569
2367	263	569
7217	280	569
12068	311	569
3006	432	569
14528	487	569
16671	539	569
9525	561	569
13864	202	570
17508	303	570
7391	322	570
6477	470	570
2929	488	570
18309	587	570
930	143	571
15976	49	572
16199	58	572
12781	130	572
10290	150	572
11864	167	572
16306	364	572
6917	445	572
11309	542	572
13392	576	572
2124	11	573
2814	33	573
15280	131	573
10485	156	573
863	209	573
9289	250	573
13205	330	573
3848	391	573
4864	434	573
10827	457	573
15666	458	573
1607	551	573
11433	23	574
8871	214	574
9771	262	574
7978	381	574
4515	465	574
14406	24	575
17654	42	575
2622	178	575
16310	247	575
16576	337	575
16984	387	575
4771	415	575
12380	476	575
15534	516	575
18186	17	576
4807	49	576
1133	130	576
2033	150	576
7017	167	576
4030	328	576
17711	356	576
10654	445	576
6678	572	576
12853	275	577
3128	491	577
8813	525	577
12758	533	577
6683	40	578
14982	118	578
3195	182	578
1910	187	578
2435	307	578
10625	357	578
8252	456	578
5589	107	579
10151	357	579
4910	358	579
958	524	579
4105	121	580
15499	132	580
10878	220	580
4449	347	580
12717	395	580
2776	403	580
8363	528	580
17277	77	581
11777	101	581
17909	275	581
12258	296	581
12870	325	581
18071	413	581
11387	499	581
2921	546	581
15114	18	582
11704	46	582
8894	171	582
13590	198	582
13869	255	582
17674	264	582
8303	278	582
3269	316	582
17646	320	582
2388	409	582
7629	437	582
8140	440	582
7959	453	582
9329	469	582
3542	485	582
8521	522	582
4208	554	582
2854	559	582
7272	221	583
14705	459	583
6450	461	583
2874	482	583
13939	15	584
6438	42	584
5322	247	584
4666	415	584
7399	438	584
6301	527	584
7998	12	585
9979	37	585
9555	88	585
14274	161	585
6707	186	585
11012	437	585
13165	485	585
17816	63	586
17123	94	586
17974	148	586
17956	174	586
2619	234	586
2724	255	586
4938	495	586
12318	133	587
18134	202	587
10120	206	587
14011	470	587
1044	570	587
18079	99	588
5919	142	1
10080	290	1
5068	298	1
1516	475	1
2843	561	1
15534	41	2
6225	87	2
5918	126	2
15027	208	2
17583	274	2
13565	385	2
10624	462	2
2936	515	2
6205	558	2
17218	96	3
12074	103	3
4650	319	3
1692	359	3
11533	373	3
3297	408	3
17573	519	3
3519	108	4
10343	301	4
1561	368	4
12513	122	5
8728	357	5
1355	360	5
1161	435	5
16947	461	5
703	524	5
623	536	5
1060	37	6
2663	61	6
5146	172	6
17289	197	6
10698	287	6
17673	292	6
5669	333	6
12666	412	6
11621	168	7
10074	198	7
15411	228	7
16394	274	7
4142	283	7
1072	365	7
7929	414	7
16332	462	7
8801	33	8
10511	157	8
9349	322	8
8675	414	8
16981	123	9
9032	179	9
17123	219	9
8902	295	9
7003	312	9
11549	382	9
4350	397	9
5768	495	9
12601	529	9
12959	93	10
11047	143	10
15301	379	10
10204	402	10
1021	508	10
2404	102	11
15229	116	11
3979	227	11
2593	376	11
1658	458	11
16791	573	11
1823	28	12
673	69	12
4038	186	12
9403	295	12
12642	416	12
15764	477	12
18124	549	12
4973	585	12
7732	99	13
15759	144	13
6067	166	13
16481	421	13
17918	539	13
1569	94	14
4477	258	14
18360	410	14
15712	42	15
8947	64	15
14652	83	15
9996	339	15
17551	372	15
9125	438	15
3787	527	15
7498	584	15
5172	139	16
7156	405	16
11748	550	16
14435	49	17
2052	95	17
15743	167	17
5545	328	17
3072	356	17
11379	576	17
17316	35	18
10484	142	18
14358	190	18
16934	326	18
10640	364	18
17459	453	18
10383	485	18
17556	537	18
2313	554	18
6509	561	18
9572	582	18
11417	97	19
14836	157	19
13999	304	19
3970	322	19
15425	400	19
3049	428	19
14999	491	19
3100	563	19
10362	27	20
16082	261	20
14491	273	20
17297	512	20
8541	43	21
11130	102	21
11264	369	21
5344	390	21
3932	437	21
7575	551	21
3557	79	22
17593	80	22
10773	138	22
9281	208	22
5374	404	22
13519	497	22
6489	214	23
4239	262	23
14339	300	23
3528	381	23
4869	465	23
4654	548	23
13460	574	23
2623	26	24
7823	42	24
14803	64	24
10466	247	24
5448	337	24
9217	415	24
7121	476	24
13396	507	24
9981	516	24
1401	575	24
17897	79	25
16274	82	25
10390	208	25
4395	254	25
16078	448	25
13133	464	25
6663	497	25
3128	24	26
13391	42	26
8558	178	26
5978	247	26
5015	387	26
6637	410	26
7456	415	26
9470	476	26
1348	20	27
16919	299	27
13772	383	27
11331	535	27
5455	539	27
2355	554	27
12515	12	28
9508	100	28
3865	270	28
3487	318	28
17515	446	28
9287	477	28
5741	87	29
15788	123	29
5476	226	29
2342	256	29
4852	343	29
16839	434	29
4588	543	29
7882	544	29
7076	549	29
5873	556	29
7839	117	30
8131	234	30
13405	388	30
3268	390	30
7671	446	30
14052	458	30
9778	498	30
1002	143	31
2824	249	31
9107	314	31
12731	317	31
1469	370	31
1652	423	31
5301	34	32
8389	85	32
638	117	32
7430	199	32
16240	220	32
7131	239	32
9803	332	32
17307	505	32
17301	8	33
18450	157	33
16261	227	33
7781	245	33
9982	283	33
5367	315	33
6859	330	33
5705	343	33
16384	556	33
10172	563	33
14676	573	33
6406	32	34
13211	84	34
10759	116	34
17898	218	34
7798	282	34
6963	338	34
8073	355	34
3534	18	35
12411	58	35
15915	95	35
13729	188	35
7548	364	35
7389	526	35
871	112	36
10237	220	36
12930	267	36
3397	418	36
15232	6	37
17246	172	37
7047	197	37
17447	268	37
6731	287	37
14031	292	37
15209	295	37
8290	333	37
12850	355	37
12276	412	37
8491	417	37
4890	460	37
10846	485	37
17527	585	37
13464	77	38
8354	101	38
15061	155	38
10706	293	38
18198	296	38
17465	474	38
12663	560	38
10178	198	39
2004	233	39
2300	525	39
17511	529	39
8237	544	39
6113	107	40
12313	118	40
2228	140	40
15108	306	40
11310	368	40
1976	578	40
11609	2	41
3785	80	41
5980	126	41
10836	198	41
14307	237	41
3501	247	41
6812	257	41
17109	515	41
2796	549	41
14213	15	42
1207	24	42
4497	26	42
17233	64	42
13679	83	42
2875	178	42
15948	337	42
17648	339	42
16652	372	42
15526	387	42
6789	410	42
12428	438	42
18346	473	42
11717	474	42
12919	507	42
2717	516	42
7565	527	42
2546	575	42
15112	584	42
14768	21	43
6267	160	43
5929	391	43
13587	441	43
12811	458	43
9747	511	43
9745	99	44
14608	100	44
13351	127	44
7820	310	44
12824	422	44
3740	73	45
7586	158	45
1164	229	45
5021	232	45
1046	263	45
8674	280	45
16366	290	45
3848	311	45
12519	394	45
15293	432	45
1949	475	45
6993	487	45
6664	492	45
17401	511	45
1493	539	45
12062	569	45
2056	255	46
4533	289	46
4372	316	46
6653	320	46
12603	374	46
10790	409	46
15632	469	46
14376	582	46
2470	302	47
7261	351	47
15118	369	47
14872	378	47
13621	510	47
2635	483	48
2647	561	48
5266	17	49
4535	130	49
10018	142	49
13147	150	49
4351	167	49
3609	273	49
2087	328	49
12375	356	49
834	445	49
16443	520	49
17714	526	49
16471	572	49
4346	576	49
10856	423	50
14174	72	51
9292	177	51
15316	437	51
5982	479	51
16544	52	52
17451	141	52
2151	154	52
6404	162	52
10641	164	52
3544	189	52
11012	248	52
16109	260	52
13743	305	52
11889	327	52
13246	353	52
12891	375	52
14954	471	52
11750	74	53
3975	234	53
16638	312	53
5394	380	53
13801	447	53
7457	476	53
16071	81	54
13167	447	54
6728	450	54
1359	553	54
14025	229	55
6938	240	55
16853	285	55
15452	347	55
14931	377	55
5178	109	56
8937	139	56
8919	166	56
13560	195	56
12830	344	56
16836	376	56
16777	447	56
10721	550	56
13251	139	57
11955	144	57
881	181	57
1751	539	57
15090	550	57
5011	35	58
7313	95	58
17269	150	58
7943	167	58
6718	188	58
11354	281	58
8045	445	58
17379	572	58
5530	210	59
9480	257	59
8394	382	59
17125	99	60
17087	127	60
12818	317	60
5569	347	60
7114	431	60
5540	466	60
4155	489	60
13353	568	60
10197	6	61
14284	62	61
14545	172	61
10123	197	61
9183	287	61
3447	292	61
15384	333	61
15611	412	61
3185	417	61
18149	460	61
9139	496	61
5287	534	61
14986	61	62
982	172	62
17946	496	62
9309	534	62
6112	98	63
5595	174	63
7610	256	63
7399	388	63
5934	437	63
13727	495	63
16067	586	63
7590	15	64
1925	24	64
9644	42	64
9978	83	64
14877	178	64
12687	247	64
4726	337	64
17829	339	64
8452	372	64
7852	410	64
4186	415	64
3706	476	64
3789	507	64
7312	129	65
17371	262	65
16673	383	65
17942	463	65
13527	475	65
9954	511	65
12006	84	66
17167	210	66
18133	239	66
15536	267	66
13550	361	66
17564	403	66
16691	426	66
15610	109	67
1875	194	67
11883	344	67
18159	564	67
7595	72	68
15435	114	68
17419	214	68
6306	277	68
2718	465	68
16779	548	68
2693	12	69
11600	237	69
905	416	69
12207	515	69
17876	549	69
3771	554	69
17890	107	70
5118	119	70
14641	270	70
17974	368	70
17304	452	70
14634	456	70
16169	493	70
3605	146	71
18064	162	71
3377	402	71
5217	423	71
4016	51	72
10367	68	72
13964	135	72
16736	177	72
3225	277	72
7299	362	72
15275	409	72
12235	424	72
10186	479	72
12647	548	72
3155	45	73
2703	273	73
11335	394	73
4705	537	73
17894	53	74
6128	450	74
11823	487	74
16277	540	74
3236	321	75
12834	386	75
10556	258	76
2037	306	76
9184	38	77
8772	101	77
16682	219	77
8388	274	77
4962	275	77
4263	296	77
4168	359	77
7830	373	77
6495	429	77
9027	519	77
13476	533	77
1276	546	77
10406	581	77
6058	238	78
11663	449	78
9402	456	78
10334	513	78
5416	518	78
1492	22	79
2016	25	79
3870	82	79
14682	208	79
11610	254	79
17554	404	79
4634	448	79
8216	464	79
10719	497	79
6183	22	80
5463	41	80
1224	185	80
7696	382	80
8099	404	80
17572	490	80
7263	532	80
5291	54	81
8682	139	81
9835	447	81
1982	550	81
10029	25	82
6802	79	82
10148	208	82
1440	254	82
13186	448	82
840	464	82
12448	480	82
7127	497	82
9133	15	83
6826	42	83
3191	64	83
5337	247	83
8522	339	83
3054	372	83
7570	410	83
13553	415	83
15827	34	84
6925	66	84
12258	88	84
1571	185	84
6621	393	84
18280	397	84
9276	517	84
14965	32	85
1257	117	85
4439	201	85
10939	208	85
9466	289	85
13379	352	85
12605	410	85
12840	446	85
10747	505	85
11709	506	85
17613	138	86
7703	413	86
9622	517	86
3146	2	87
1891	29	87
6026	168	87
17627	219	87
14176	237	87
12035	274	87
7007	275	87
16706	315	87
2516	533	87
12269	84	88
6034	161	88
18328	172	88
17591	215	88
16021	216	88
15450	218	88
7227	506	88
16875	585	88
14217	250	89
6439	286	89
11120	344	89
18014	380	89
12958	435	89
15521	104	90
5625	357	90
15307	367	90
5345	484	90
9569	523	90
15633	536	90
1375	136	91
14643	399	91
7331	185	92
4006	193	92
2464	217	92
5988	252	92
5805	340	92
14779	393	92
15923	415	92
17750	490	92
6967	532	92
14721	10	93
6230	419	93
17469	439	93
17295	452	93
2445	508	93
14804	14	94
3667	234	94
18175	446	94
8603	540	94
1330	586	94
8654	17	95
5398	35	95
16027	58	95
8932	142	95
7077	167	95
13701	188	95
15826	273	95
12557	279	95
10771	526	95
16576	542	95
5270	3	96
9327	103	96
4339	319	96
1415	411	96
2600	529	96
2320	19	97
7082	202	97
14510	206	97
17640	470	97
3319	63	98
16912	144	98
12535	237	98
7341	240	98
14649	268	98
6265	354	98
773	355	98
4720	388	98
13665	442	98
8032	554	98
8068	13	99
4368	44	99
15478	60	99
12639	106	99
3264	113	99
2159	115	99
8282	173	99
14145	241	99
1421	253	99
17002	276	99
711	331	99
11233	407	99
9194	565	99
4145	588	99
4952	28	100
3889	44	100
9593	269	100
2563	38	101
649	77	101
3431	219	101
8523	296	101
1218	359	101
12886	373	101
8390	425	101
11165	429	101
4732	499	101
11884	519	101
13062	533	101
18258	540	101
16627	546	101
3772	581	101
8665	11	102
15746	21	102
7719	117	102
12265	184	102
9502	304	102
10128	369	102
2712	458	102
15576	551	102
15789	3	103
5927	96	103
7930	319	103
3983	408	103
5213	446	103
17391	487	103
11025	90	104
14239	307	104
5755	357	104
9363	358	104
18200	524	104
12014	107	105
5326	118	105
12299	128	105
17668	182	105
3935	191	105
11090	357	105
9201	430	105
6787	478	105
5726	547	105
7645	99	106
15250	173	106
16931	40	107
4014	70	107
7972	105	107
2944	291	107
13365	306	107
16629	357	107
4948	430	107
14187	524	107
11536	547	107
12122	579	107
4629	4	108
7107	140	108
15077	452	108
18011	454	108
17598	456	108
6593	56	109
9909	67	109
16584	344	109
12432	443	109
7188	284	110
7026	399	110
1117	503	110
14687	132	111
3271	152	111
14626	229	111
16589	262	111
7002	324	111
2213	361	111
1653	426	111
8269	450	111
17677	36	112
16873	121	112
12132	220	112
9293	418	112
14913	487	112
924	99	113
10328	137	113
3272	241	113
5037	68	114
13904	135	114
10407	177	114
10692	362	114
8849	479	114
2514	99	115
16477	173	115
9934	276	115
11896	11	116
10505	34	116
6192	239	116
11958	247	116
17992	416	116
14978	457	116
12631	474	116
3533	481	116
10455	30	117
3161	32	117
9629	85	117
14835	102	117
4197	199	117
5190	410	117
15254	505	117
13660	506	117
6065	40	118
16663	105	118
3071	153	118
16157	200	118
3422	235	118
13325	318	118
10552	484	118
11248	493	118
8783	547	118
10476	578	118
15631	70	119
12192	146	119
7378	301	119
16574	284	120
12434	112	121
10862	209	121
16248	229	121
8167	418	121
18311	426	121
18400	580	121
17927	5	122
1417	176	122
6417	360	122
15146	482	122
11349	9	123
17966	29	123
11230	126	123
5395	152	123
12721	256	123
16268	495	123
13682	549	123
3385	223	124
654	293	124
18152	366	124
10085	491	124
4990	156	125
15013	192	125
5619	195	125
18274	344	125
17144	564	125
15152	2	126
13873	41	126
13690	123	126
2513	237	126
4420	247	126
1497	515	126
8329	44	127
3047	60	127
11920	153	127
16743	518	127
5613	105	128
11984	245	128
13868	357	128
18384	529	128
2373	547	128
2315	65	129
7049	329	129
16356	463	129
3256	504	129
15704	511	129
8461	512	129
10442	49	130
16182	150	130
3760	167	130
10723	328	130
2884	356	130
14282	445	130
2043	572	130
13151	576	130
726	226	131
16968	239	131
10872	315	131
15037	397	131
6422	573	131
17839	111	132
5868	229	132
9494	242	132
12290	347	132
967	559	132
10445	580	132
11778	163	133
12727	476	133
4900	587	133
16487	161	134
12685	213	134
6285	259	134
16546	312	134
9245	336	134
8270	340	134
18464	354	134
2903	72	135
10467	114	135
7569	144	135
3900	177	135
14813	424	135
17091	479	135
17442	91	136
4283	113	137
2757	162	137
1282	243	137
16246	288	137
5098	22	138
11624	86	138
1337	404	138
3286	413	138
10635	501	138
5933	16	139
4488	56	139
15757	57	139
4905	81	139
14693	181	139
15103	266	139
7917	447	139
11313	550	139
10169	553	139
9777	40	140
4253	108	140
15518	379	140
11443	52	141
8431	141	141
13921	1	142
8034	18	142
1332	49	142
3261	95	142
14900	468	142
15388	520	142
18227	526	142
10544	10	143
9369	31	143
5386	297	143
3056	439	143
16830	571	143
13006	13	144
2098	57	144
16137	98	144
17435	135	144
8268	177	144
5972	355	144
5537	424	144
7168	479	144
6891	535	144
7137	540	144
5969	558	144
2264	216	145
962	374	145
7145	381	145
16328	409	145
3265	500	145
8623	71	146
6077	119	146
15386	235	147
9529	270	147
3301	392	147
2883	493	147
8656	203	148
16140	233	148
5683	376	148
15905	537	148
13108	586	148
13178	384	149
8884	562	149
2997	49	150
16923	58	150
9966	130	150
15542	167	150
14957	364	150
11810	445	150
9019	542	150
11842	572	150
9303	576	150
6371	170	151
16727	447	151
4520	111	152
5495	123	152
15578	163	152
9729	212	152
7615	529	152
8927	118	153
13048	127	153
12155	180	153
13988	235	153
7102	317	153
2784	334	153
7813	346	153
13302	449	153
9015	467	153
9395	493	153
14982	494	153
4596	52	154
4737	154	154
12170	38	155
5168	184	155
9621	546	155
5241	125	156
1857	376	156
15134	542	156
16081	551	156
1960	557	156
10718	564	156
9807	573	156
18236	8	157
5597	19	157
3212	33	157
11874	498	157
6352	563	157
4994	45	158
11802	232	158
5549	263	158
937	264	158
3624	280	158
14817	394	158
8361	486	158
7319	569	158
8907	193	159
17255	211	159
5832	218	159
6494	246	159
807	287	159
6129	417	159
8496	460	159
7199	472	159
14712	43	160
4882	280	160
11280	285	160
6668	298	160
9976	390	160
7063	391	160
10022	411	160
683	441	160
12159	542	160
7676	88	161
13102	134	161
17065	213	161
17039	218	161
798	312	161
3020	354	161
15861	476	161
6358	585	161
3220	52	162
10152	71	162
7195	137	162
7641	162	162
11820	323	162
18164	514	162
8136	133	163
13820	152	163
4696	422	163
9672	525	163
17220	529	163
4492	52	164
2680	164	164
1088	365	165
13724	406	165
11646	487	165
6827	506	165
8799	13	166
7179	56	166
15546	421	166
4135	461	166
1322	17	167
1641	49	167
12444	58	167
7881	95	167
3375	130	167
15550	150	167
17121	328	167
5025	356	167
5945	445	167
3920	520	167
16761	572	167
17818	576	167
6709	7	168
7035	87	168
16505	228	168
5626	245	168
1887	283	168
17850	365	168
5426	462	168
12289	543	168
1679	193	169
18197	211	169
13035	218	169
6712	472	169
16548	151	170
3168	447	170
4264	553	170
4216	289	171
4306	294	171
6651	374	171
11696	409	171
1357	440	171
2573	582	171
11960	6	172
8198	37	172
11141	61	172
7022	62	172
11952	88	172
17157	197	172
10668	204	172
14666	215	172
11353	282	172
14120	287	172
15514	292	172
14992	333	172
15455	338	172
13320	411	172
6019	412	172
15909	417	172
10567	460	172
5508	472	172
9618	496	172
4338	534	172
6022	558	172
5212	99	173
12046	106	173
2058	115	173
4543	241	173
1771	253	173
9343	276	173
2164	317	173
1888	331	173
1657	565	173
5877	63	174
11136	418	174
2583	426	174
9753	586	174
10857	276	175
8830	122	176
7269	360	176
7015	459	176
15004	461	176
14107	51	177
9496	72	177
8515	114	177
10161	135	177
14317	144	177
6376	424	177
16286	479	177
17351	26	178
1326	42	178
2529	64	178
17768	372	178
1063	387	178
6605	410	178
15340	473	178
7862	516	178
13495	575	178
14115	9	179
1585	312	179
5238	525	179
15277	543	179
17912	153	180
17531	191	180
7573	235	180
15744	243	180
6935	467	180
9901	57	181
15970	139	181
9296	264	181
2347	550	181
1552	561	181
15598	105	182
11290	309	182
15604	357	182
7607	509	182
5884	536	182
12920	547	182
9158	578	182
10572	234	183
11553	269	183
17209	324	183
7330	385	183
1789	426	183
13959	481	183
11173	495	183
11389	102	184
14597	155	184
1883	234	184
10337	293	184
11703	304	184
6060	322	184
17223	400	184
1671	80	185
9405	84	185
16502	92	185
11107	275	185
11807	335	185
12371	352	185
6719	382	185
6988	505	185
14441	517	185
6507	531	185
17833	12	186
10717	295	186
9485	312	186
11800	490	186
8995	532	186
3669	549	186
2505	585	186
14645	196	187
6105	222	187
7479	245	187
12372	330	187
5620	350	187
4920	369	187
10859	578	187
11027	35	188
18226	58	188
8968	95	188
12323	324	188
17230	395	188
8344	451	188
15166	481	188
8580	526	188
16590	52	189
8188	189	189
14313	18	190
7100	326	190
3708	105	191
11803	180	191
13963	334	191
4215	346	191
15184	449	191
10933	456	191
15986	467	191
9626	547	191
4631	125	192
15582	564	192
14728	92	193
12697	159	193
1994	169	193
15894	211	193
611	215	193
11697	246	193
4879	300	193
16132	472	193
5156	485	193
18073	506	193
4753	67	194
10268	421	194
2668	461	194
4498	56	195
2468	125	195
13377	564	195
7298	187	196
8667	223	196
14453	318	196
7526	343	196
3023	389	196
17202	556	196
5554	6	197
12771	37	197
14807	61	197
9300	172	197
10785	287	197
8338	292	197
15310	333	197
9458	412	197
7725	7	198
9682	39	198
14730	41	198
7316	275	198
1232	315	198
1501	582	198
16195	32	199
10329	117	199
15642	207	199
10399	239	199
2652	247	199
9756	403	199
17163	410	199
9055	426	199
12264	505	199
5563	118	200
606	85	201
12054	229	201
4241	426	201
8110	434	201
18341	446	201
6946	557	201
15947	97	202
18375	303	202
17853	470	202
7602	570	202
6152	587	202
9347	148	203
4160	234	203
15327	255	203
10020	294	203
2442	409	203
14130	172	204
14832	215	204
13798	282	204
6638	338	204
8928	411	204
15005	217	205
18446	259	205
7617	415	205
2537	473	205
9330	530	205
17180	97	206
12633	304	206
3418	428	206
6777	488	206
6952	587	206
5601	199	207
13980	265	207
11265	473	207
1024	490	207
4088	532	207
9892	2	208
15220	22	208
4743	25	208
14732	79	208
12393	82	208
8508	85	208
14479	254	208
10549	404	208
11426	448	208
12503	464	208
2805	497	208
5410	501	208
13395	121	209
8628	213	209
8413	330	209
7485	410	209
12186	573	209
12467	59	210
11362	66	210
15292	226	210
9916	237	210
15494	257	210
9284	416	210
1411	159	211
12861	169	211
2271	193	211
3583	218	211
3883	485	211
14379	152	212
3136	318	212
3589	478	212
15811	552	212
2018	134	213
13625	161	213
1457	209	213
10351	312	213
12168	476	213
17214	23	214
13927	68	214
7206	300	214
14799	465	214
12224	574	214
11228	88	215
4325	172	215
18296	193	215
18253	204	215
9451	246	215
10311	472	215
10456	88	216
12945	145	216
8824	273	216
12255	279	216
13380	289	216
15904	381	216
13678	427	216
8649	545	216
14445	92	217
10397	205	217
17383	340	217
12178	415	217
16767	530	217
14250	34	218
1732	88	218
1081	159	218
10688	161	218
7733	169	218
6293	211	218
15397	246	218
18319	9	219
6974	77	219
1418	87	219
8526	101	219
17388	296	219
2169	312	219
8322	499	219
16097	529	219
13406	546	219
11805	32	220
12057	36	220
5134	112	220
9108	240	220
11647	251	220
2474	377	220
12693	403	220
2964	580	220
15466	461	221
12055	482	221
13075	583	221
17279	187	222
17010	224	222
16065	366	222
5560	378	222
3189	449	222
10497	498	222
10562	124	223
3004	196	223
15290	222	224
3493	251	224
16143	433	224
1780	509	224
7503	307	225
17798	401	225
12740	513	225
14562	518	225
6193	29	226
15000	131	226
15561	210	226
13165	233	226
637	315	226
16410	481	226
2927	495	226
18432	11	227
6440	33	227
3134	285	227
8226	343	227
15925	556	227
15361	7	228
6983	168	228
17860	283	228
9066	303	228
17166	543	228
15409	544	228
15492	45	229
9891	55	229
5456	111	229
15687	121	229
3980	132	229
9705	201	229
13863	251	229
4559	406	229
18008	492	229
8102	341	230
13972	521	230
3277	566	230
7283	478	231
8448	484	231
11689	493	231
2012	524	231
7834	45	232
7745	158	232
8420	263	232
14347	280	232
15892	311	232
2747	432	232
11718	487	232
14118	539	232
1642	561	232
10465	569	232
10683	39	233
6277	148	233
12897	226	233
13982	256	233
7189	267	233
9497	343	233
14748	376	233
2612	389	233
7783	543	233
2749	30	234
15842	53	234
3625	94	234
17429	183	234
18334	184	234
10949	203	234
9585	388	234
13874	418	234
1628	446	234
1576	453	234
13557	586	234
8203	118	235
17344	147	235
10960	153	235
3115	180	235
1406	318	235
15936	346	235
12822	422	235
12177	493	235
17887	342	236
16497	371	236
15052	380	236
17028	447	236
5996	41	237
18447	69	237
8089	87	237
12993	98	237
3368	126	237
10951	210	237
8414	257	237
17261	365	237
9560	382	237
18373	442	237
1496	515	237
3754	549	237
6500	78	238
1777	402	238
13180	32	239
2500	66	239
15657	116	239
7700	131	239
10787	199	239
9007	416	239
9959	55	240
6973	98	240
14051	220	240
17491	379	240
11440	418	240
11112	487	240
17629	99	241
13364	113	241
3941	173	241
11751	305	241
18045	132	242
5618	279	242
7352	381	242
2047	554	242
11124	559	242
11625	137	243
16360	180	243
3874	422	243
9989	413	244
18459	505	244
4988	517	244
8145	531	244
4585	33	245
8402	128	245
2911	168	245
12544	187	245
13576	330	245
15953	434	245
8439	498	245
3101	509	245
4781	159	246
6587	193	246
8737	215	246
15705	218	246
5477	472	246
10767	24	247
2980	26	247
13602	41	247
5248	64	247
3290	83	247
9527	116	247
3531	126	247
2624	199	247
12008	337	247
7786	339	247
14386	355	247
6253	372	247
7665	387	247
16375	416	247
2552	438	247
595	474	247
6212	507	247
12004	515	247
4370	516	247
4429	527	247
966	539	247
10815	575	247
2349	584	247
14054	52	248
8915	248	248
13026	31	249
9613	89	250
5062	286	250
1797	309	250
12208	481	250
14507	536	250
9817	573	250
1084	220	251
3317	224	251
7277	229	251
9734	420	251
6841	92	252
14475	259	252
2672	340	252
11408	393	252
9492	420	252
16012	490	252
2253	99	253
15985	173	253
12679	25	254
18372	79	254
13867	82	254
16387	208	254
14017	448	254
13289	464	254
13457	497	254
16902	46	255
16152	203	255
7458	316	255
13577	409	255
7292	469	255
15126	582	255
2040	586	255
5604	29	256
15625	63	256
7325	123	256
15801	233	256
11074	269	256
12292	315	256
1083	403	256
17347	495	256
8551	41	257
2100	59	257
9189	210	257
969	237	257
11190	315	257
2385	416	257
8914	495	257
15928	14	258
2410	76	258
7907	345	258
14987	538	258
13778	552	258
3067	134	259
2920	205	259
5209	252	259
16265	340	259
2679	415	259
8042	530	259
9526	52	260
12420	260	260
17389	20	261
17762	271	261
12622	273	261
6641	342	261
8698	380	261
17670	475	261
13826	511	261
9225	23	262
13981	65	262
6872	111	262
6344	324	262
6727	511	262
4665	574	262
15358	45	263
604	158	263
14942	232	263
17267	280	263
10595	311	263
8416	432	263
17971	487	263
13836	539	263
12495	561	263
985	569	263
16657	158	264
11360	181	264
1189	299	264
9079	483	264
959	539	264
9810	561	264
6580	582	264
18004	207	265
9661	336	265
10574	473	265
1712	139	266
5220	447	266
8128	541	266
14844	550	266
15448	553	266
18166	36	267
7720	66	267
8483	233	267
2454	403	267
4132	418	267
5131	37	268
12548	98	268
5714	355	268
15870	442	268
1327	515	268
5245	558	268
4870	100	269
15122	183	269
10193	256	269
18060	481	269
17229	567	269
11430	28	270
17811	70	270
7449	147	270
5334	318	270
10508	334	270
801	261	271
9089	380	271
13252	430	271
5242	398	272
8480	436	272
9676	20	273
8479	49	273
15086	73	273
9136	95	273
9060	216	273
3929	261	273
17791	2	274
1758	7	274
5699	77	274
13272	87	274
10738	296	274
17066	315	274
16129	425	274
4685	77	275
12626	87	275
15416	185	275
5341	198	275
814	296	275
13482	382	275
10034	533	275
17058	546	275
4601	577	275
3335	581	275
16920	99	276
5848	115	276
1428	173	276
9379	175	276
7105	305	276
11651	323	276
4864	327	276
14269	68	277
6555	72	277
7723	289	277
7184	352	277
7668	289	278
10513	409	278
9270	522	278
18096	582	278
5598	95	279
1001	216	279
5876	242	279
10230	381	279
7949	554	279
18169	559	279
10228	45	280
5811	158	280
2292	160	280
2814	232	280
5289	263	280
5399	290	280
7618	311	280
3635	394	280
10495	432	280
1114	475	280
783	492	280
17374	511	280
10696	569	280
16197	58	281
17658	441	281
14044	511	281
3496	34	282
16288	172	282
2295	204	282
4546	338	282
722	558	282
16972	7	283
4430	33	283
16675	168	283
11587	228	283
4220	315	283
5005	365	283
6231	462	283
12684	110	284
5592	120	284
18230	318	284
6245	405	284
2158	502	284
6322	503	284
11169	538	284
16941	55	285
9233	160	285
4955	227	285
17970	298	285
7255	385	285
15205	388	285
15461	390	285
9950	458	285
18176	89	286
11678	250	286
8978	360	286
15325	396	286
15046	435	286
8477	461	286
1455	6	287
5590	37	287
5257	61	287
9998	159	287
9665	172	287
6204	197	287
13117	292	287
2440	333	287
12142	412	287
3407	417	287
2575	460	287
11377	137	288
14216	323	288
10246	422	288
15002	46	289
13192	85	289
3285	171	289
11804	216	289
10648	277	289
3592	278	289
3999	294	289
8664	316	289
9779	320	289
14801	360	289
5962	440	289
5251	469	289
11954	506	289
7642	522	289
10298	1	290
11653	45	290
17147	280	290
5690	311	290
16730	107	291
8025	306	291
4985	484	291
14690	6	292
16064	37	292
4957	61	292
8456	172	292
10147	197	292
12766	287	292
10958	333	292
15745	412	292
10715	38	293
3389	124	293
9926	184	293
4271	350	293
7572	555	293
10110	560	293
17142	171	294
17309	203	294
3815	289	294
13477	409	294
16617	440	294
1067	467	294
7797	468	294
8026	469	294
11926	9	295
10944	12	295
2720	37	295
9945	186	295
10878	485	295
11780	490	295
17480	532	295
4496	38	296
7524	77	296
3695	101	296
7290	219	296
3561	274	296
9462	275	296
17188	373	296
14808	429	296
15362	533	296
8346	581	296
5582	143	297
1038	317	297
10062	363	297
4398	370	297
5611	401	297
4376	518	297
16762	566	297
13463	1	298
1996	160	298
17410	285	298
10191	390	298
14369	441	298
12668	475	298
12606	27	299
5211	264	299
10768	349	299
9948	23	300
8904	193	300
13908	214	300
8531	354	300
13707	465	300
4513	559	300
16646	4	301
1336	119	301
6884	402	301
12118	449	301
7699	452	301
13627	47	302
17365	351	302
12196	369	302
6563	378	302
15991	510	302
10971	202	303
15431	228	303
8015	470	303
6023	570	303
16460	19	304
12349	102	304
4468	184	304
18325	206	304
4342	414	304
7687	428	304
16565	498	304
4467	560	304
6892	52	305
13403	241	305
17500	276	305
16322	305	305
17250	40	306
5208	76	306
4769	107	306
9318	291	306
16245	478	306
17273	484	306
5468	104	307
5440	225	307
1564	430	307
8250	578	307
16436	419	308
5264	182	309
10102	250	309
11326	357	309
11370	452	309
2424	509	309
3957	523	309
2771	44	310
12938	45	311
14314	232	311
7766	263	311
5194	280	311
766	290	311
2483	432	311
951	569	311
5271	9	312
4792	53	312
3352	134	312
14452	161	312
7005	179	312
13911	186	312
18340	213	312
17824	219	312
3731	354	312
6541	476	312
7018	490	312
6241	330	313
13611	358	313
17905	367	313
15032	368	313
14050	457	313
11862	536	313
3485	31	314
6907	33	315
12872	87	315
13328	131	315
17122	198	315
4458	226	315
4590	256	315
3331	257	315
3148	274	315
11003	283	315
8170	365	315
3257	481	315
656	515	315
17461	46	316
6682	255	316
13899	289	316
12475	409	316
12514	469	316
8212	582	316
15580	31	317
10098	60	317
17902	153	317
2068	173	317
6421	297	317
17519	370	317
12534	568	317
15733	28	318
15278	118	318
3488	196	318
16404	212	318
18235	235	318
13763	270	318
1106	284	318
2512	348	318
3863	503	318
792	552	318
10842	3	319
4201	96	319
10807	103	319
7886	408	319
4873	557	319
11231	46	320
13983	289	320
16325	374	320
11674	409	320
14429	469	320
16802	582	320
3850	75	321
14097	567	321
15609	8	322
13680	19	322
742	184	322
5512	428	322
8218	570	322
1971	162	323
8505	276	323
4305	288	323
4767	334	323
3213	422	323
16299	111	324
11108	183	324
5135	188	324
16558	262	324
6097	403	324
5910	418	324
10105	426	324
16693	335	325
4531	499	325
3477	533	325
2885	581	325
10919	18	326
12033	190	326
13021	453	326
7769	52	327
17663	276	327
1756	327	327
9925	17	328
3854	49	328
5500	130	328
8336	167	328
14760	356	328
8093	520	328
1577	576	328
17682	129	329
1266	504	329
2535	511	329
15906	33	330
12990	187	330
12659	209	330
8972	245	330
9147	313	330
5255	367	330
7180	457	330
16430	573	330
3014	99	331
10904	173	331
13091	32	332
9662	395	332
13173	505	332
5774	6	333
12772	37	333
10408	61	333
16989	172	333
12061	197	333
11612	287	333
13735	292	333
7889	412	333
11006	153	334
7623	191	334
5784	270	334
12439	323	334
13785	392	334
7901	185	335
12301	325	335
7459	352	335
4356	517	335
12552	531	335
15872	533	335
16166	134	336
15487	265	336
16068	444	336
10847	473	336
964	24	337
7073	42	337
1396	64	337
15017	247	337
10139	415	337
11327	476	337
10732	507	337
9814	516	337
2811	575	337
12136	34	338
7176	172	338
3576	204	338
7494	282	338
780	558	338
3013	15	339
5139	42	339
10176	64	339
17342	83	339
6600	247	339
9684	372	339
15063	410	339
13269	415	339
1972	507	339
14157	92	340
1572	134	340
616	217	340
16798	252	340
6331	259	340
16428	415	340
13009	444	340
12978	530	340
5258	230	341
17623	236	342
16121	261	342
8624	380	342
1155	435	342
2861	447	342
5022	455	342
12087	29	343
18156	33	343
2491	196	343
15214	227	343
825	233	343
4164	389	343
12845	434	343
15100	56	344
713	67	344
9800	89	344
12063	109	344
3794	125	344
3620	435	344
18024	443	344
4909	461	344
9058	258	345
11153	399	345
11084	153	346
3548	191	346
3246	235	346
18303	422	346
8266	467	346
10606	55	347
9905	60	347
15421	132	347
8946	406	347
5531	580	347
16491	318	348
11569	552	348
1899	299	349
6020	383	349
2531	463	349
11453	504	349
4157	511	349
18050	535	349
16503	187	350
15959	293	350
7983	498	350
653	560	350
15355	47	351
15913	302	351
9930	418	351
16343	85	352
15838	185	352
13559	277	352
1140	335	352
7467	501	352
14550	505	352
14607	531	352
5387	557	352
1523	52	353
1237	353	353
3350	98	354
11042	134	354
18113	161	354
13504	300	354
5113	312	354
7380	437	354
17746	34	355
10258	37	355
10739	98	355
10558	144	355
8301	247	355
1048	268	355
1169	442	355
17891	515	355
14716	558	355
10175	17	356
11719	49	356
12902	130	356
12119	167	356
5961	328	356
2359	576	356
6723	5	357
613	90	357
11323	104	357
2872	105	357
971	107	357
1160	128	357
1442	182	357
5286	309	357
8688	358	357
17760	367	357
15603	430	357
6434	484	357
6540	509	357
11661	524	357
15457	536	357
10333	547	357
18205	578	357
1487	579	357
7374	104	358
7339	313	358
14040	357	358
4109	579	358
17045	3	359
7920	77	359
14528	101	359
5920	373	359
11733	425	359
5538	499	359
4638	519	359
17398	546	359
17119	5	360
2527	122	360
17303	176	360
8172	286	360
3968	289	360
12133	461	360
10596	484	360
5584	66	361
13862	111	361
12828	376	361
5017	377	361
15488	403	361
11667	72	362
18225	114	362
1672	297	363
11870	18	364
10845	35	364
13888	150	364
5355	445	364
2384	468	364
12492	561	364
2779	572	364
7282	7	365
16658	165	365
13209	168	365
827	237	365
1845	283	365
9694	315	365
4380	515	365
16060	544	365
11235	124	366
15871	222	366
17544	90	367
12590	313	367
3125	330	367
10943	357	367
3811	536	367
18476	4	368
10144	40	368
9719	70	368
596	313	368
4947	379	368
6870	21	369
7244	47	369
15545	102	369
4604	187	369
5055	302	369
4231	462	369
17154	510	369
14208	31	370
9631	297	370
10082	317	370
10677	236	371
10799	396	371
15330	447	371
3366	15	372
10557	42	372
4778	64	372
2123	83	372
5243	178	372
2450	247	372
1583	339	372
13152	410	372
2576	415	372
1280	507	372
11432	3	373
6408	77	373
8384	101	373
17201	296	373
11204	359	373
16938	519	373
8744	46	374
18165	145	374
1427	171	374
9775	320	374
5844	409	374
2651	545	374
17409	52	375
16750	375	375
11476	11	376
8403	56	376
9237	148	376
6498	156	376
5514	233	376
5129	361	376
10945	458	376
837	55	377
6748	220	377
8238	361	377
2897	47	378
7465	222	378
14021	302	378
17845	10	379
5244	140	379
11685	240	379
2376	368	379
2080	449	379
2765	53	380
3449	89	380
6989	236	380
9160	261	380
5361	271	380
8130	342	380
4566	447	380
14190	23	381
15288	145	381
7740	216	381
12577	242	381
12593	279	381
12070	409	381
15337	427	381
3690	500	381
1940	545	381
13620	559	381
16301	574	381
6620	9	382
5175	59	382
2369	80	382
7441	185	382
15064	237	382
2455	275	382
4940	529	382
2775	532	382
7640	27	383
3439	65	383
3039	349	383
948	511	383
5655	149	384
8589	2	385
14923	183	385
16793	285	385
1850	388	385
17706	429	385
9512	75	386
10684	436	386
10097	26	387
3181	42	387
12047	178	387
4573	247	387
13823	410	387
7643	415	387
16175	476	387
16631	516	387
14377	575	387
9612	30	388
2262	63	388
12558	98	388
1188	234	388
6199	285	388
17160	385	388
16709	563	388
1405	196	389
7555	233	389
12908	343	389
12749	556	389
12599	21	390
15496	30	390
3211	160	390
1225	285	390
9499	298	390
12569	457	390
16032	551	390
12950	43	391
10030	160	391
14901	434	391
6001	458	391
913	551	391
4773	573	391
2886	147	392
12426	334	392
12734	514	392
9868	84	393
10171	92	393
2640	252	393
13906	416	393
3923	45	394
2606	73	394
18100	158	394
12163	280	394
685	188	395
17764	332	395
9673	410	395
3114	451	395
5773	528	395
12455	580	395
4335	286	396
8158	371	396
2633	447	396
4921	455	396
12785	9	397
9821	84	397
18452	131	397
5155	272	398
10678	567	398
1240	91	399
18286	110	399
11592	345	399
15132	19	400
4524	184	400
7996	428	400
14590	498	400
3943	225	401
16564	297	401
8086	10	402
6676	71	402
5188	238	402
5024	301	402
14786	508	402
14575	66	403
2817	199	403
17420	220	403
10300	256	403
4824	267	403
15786	324	403
7875	361	403
14571	426	403
2634	580	403
5449	22	404
9490	79	404
14680	80	404
11495	138	404
2526	208	404
17086	497	404
14343	16	405
6950	284	405
5232	165	406
3552	229	406
3104	347	406
16302	411	406
4671	420	406
13930	474	406
9543	99	407
5040	3	408
11650	103	408
6804	319	408
940	46	409
7877	72	409
7942	145	409
7433	171	409
11466	203	409
13036	255	409
9391	278	409
2316	294	409
13258	316	409
7419	320	409
2532	374	409
11922	381	409
11487	427	409
14616	440	409
15670	469	409
8442	500	409
14288	522	409
3201	545	409
16445	559	409
18380	582	409
12073	14	410
11720	26	410
3438	42	410
5548	64	410
18189	83	410
3461	85	410
14811	117	410
1483	178	410
1864	199	410
6556	209	410
16193	339	410
16437	372	410
1662	387	410
11844	395	410
3406	446	410
2254	507	410
3374	523	410
9544	96	411
17661	160	411
17743	172	411
13796	204	411
10280	406	411
15731	542	411
4745	6	412
15804	37	412
1068	61	412
18479	172	412
14557	197	412
15009	287	412
12219	292	412
17691	333	412
3036	86	413
2755	138	413
8894	244	413
8895	501	413
1610	517	413
18327	531	413
3835	581	413
10290	7	414
15222	8	414
7809	304	414
10493	498	414
3878	24	415
9727	26	415
14420	64	415
16459	83	415
14885	92	415
11218	205	415
12901	217	415
14383	259	415
13878	337	415
9474	339	415
10811	340	415
13052	372	415
9078	387	415
14503	438	415
6021	444	415
1613	507	415
5027	516	415
8011	527	415
4184	530	415
15363	575	415
14287	584	415
18264	12	416
15410	69	416
17156	116	416
7817	210	416
18370	239	416
8653	247	416
6108	257	416
13045	393	416
4478	442	416
5346	532	416
15018	37	417
8632	61	417
4716	159	417
10777	172	417
1017	287	417
16688	460	417
12369	36	418
10587	112	418
2925	121	418
10918	174	418
4436	234	418
6616	240	418
15680	267	418
10576	324	418
11814	351	418
2201	487	418
2194	93	419
6353	308	419
5283	251	420
16518	252	420
14305	406	420
16263	474	420
12095	13	421
7064	166	421
800	194	421
9848	461	421
3419	44	422
11416	163	422
4195	235	422
17537	243	422
17874	288	422
1529	323	422
4664	346	422
11746	31	423
13832	50	423
12956	71	423
2179	431	423
5845	489	423
4956	72	424
17440	135	424
11859	144	424
12338	177	424
4895	479	424
3122	101	425
17810	274	425
11633	359	425
12545	519	425
17484	546	425
18355	66	426
11544	111	426
5235	121	426
12148	174	426
11170	183	426
17752	199	426
11038	201	426
10067	324	426
16739	403	426
11219	495	426
4316	216	427
1898	381	427
2561	409	427
12568	500	427
16595	559	427
16556	19	428
17951	206	428
3258	304	428
5060	322	428
3028	400	428
5006	491	428
1819	563	428
10216	77	429
10033	101	429
12762	296	429
10992	385	429
1107	481	429
11238	499	429
7818	546	429
15654	105	430
9243	107	430
18267	271	430
13318	307	430
5881	357	430
7216	547	430
17649	60	431
7975	423	431
15516	45	432
13285	232	432
3466	263	432
4448	280	432
5863	311	432
14949	487	432
1320	492	432
11605	539	432
3964	569	432
15681	224	433
6822	566	433
9246	29	434
11318	201	434
11916	245	434
10134	343	434
18022	391	434
16611	509	434
1683	523	434
14440	573	434
4453	5	435
10749	89	435
8987	286	435
2685	342	435
11503	344	435
15527	443	435
2405	272	436
15148	386	436
5452	21	437
2287	51	437
12874	63	437
8256	354	437
15977	582	437
11093	585	437
5381	15	438
9411	42	438
10990	247	438
11914	415	438
14254	527	438
17104	584	438
6237	93	439
3026	143	439
13740	171	440
14141	289	440
10046	294	440
15273	409	440
11459	582	440
14256	43	441
14927	160	441
13007	281	441
10597	298	441
14544	511	441
9035	98	442
3818	237	442
15767	268	442
6197	355	442
5490	416	442
11847	477	442
10733	485	442
11411	554	442
6210	109	443
10802	344	443
11626	435	443
2346	336	444
10273	340	444
9923	415	444
7053	530	444
3510	49	445
14478	58	445
14857	130	445
1786	150	445
3037	167	445
13940	364	445
1157	572	445
6666	576	445
11078	28	446
10341	30	446
15460	85	446
4903	94	446
15130	103	446
4967	201	446
1056	234	446
10222	410	446
9257	505	446
1570	540	446
10601	557	446
16768	53	447
14988	54	447
11767	56	447
17345	81	447
15343	139	447
1437	151	447
11664	170	447
17088	236	447
8562	266	447
10948	342	447
11852	371	447
13784	380	447
2890	396	447
2882	450	447
3643	455	447
2810	550	447
10293	553	447
5340	25	448
14589	79	448
17510	82	448
5891	208	448
14402	254	448
14490	464	448
4096	497	448
11850	78	449
3521	153	449
13324	191	449
1086	222	449
14771	301	449
16747	379	449
11541	456	449
10982	54	450
16434	74	450
9230	111	450
6887	447	450
14170	541	450
9685	188	451
3991	395	451
6364	487	451
4018	491	451
3408	529	451
5534	559	451
18368	70	452
18339	93	452
13079	108	452
8283	301	452
12081	309	452
9607	454	452
4030	456	452
16566	18	453
4020	234	453
1926	326	453
10437	554	453
10707	582	453
11508	108	454
8161	452	454
6363	456	454
5008	342	455
7927	396	455
11069	447	455
6156	70	456
8327	78	456
8366	108	456
15950	191	456
15430	449	456
6359	452	456
8923	454	456
6259	578	456
6314	116	457
11734	313	457
11655	330	457
13700	390	457
7713	458	457
14929	551	457
11126	573	457
15939	11	458
11157	30	458
7765	43	458
17346	102	458
11670	285	458
4362	376	458
601	391	458
6790	457	458
15106	551	458
3457	573	458
9140	176	459
14502	461	459
8958	583	459
8341	37	460
4802	61	460
13613	159	460
17219	172	460
12414	287	460
12947	417	460
7879	5	461
2337	166	461
8762	176	461
8092	194	461
12357	221	461
6032	286	461
6457	344	461
12138	360	461
13005	421	461
4100	459	461
11679	482	461
15554	583	461
14897	2	462
3064	7	462
3456	168	462
12458	283	462
7638	369	462
14122	65	463
8295	129	463
3307	349	463
10323	511	463
2536	535	463
16492	25	464
7863	79	464
15003	82	464
15963	208	464
10909	254	464
897	448	464
6799	497	464
4443	23	465
17993	68	465
15800	214	465
11875	300	465
4700	574	465
4328	60	466
15116	153	467
3914	180	467
11332	191	467
4576	294	467
1589	346	467
17325	504	467
13095	535	467
15852	142	468
5446	294	468
4333	364	468
9449	526	468
3924	46	469
11607	255	469
14754	289	469
4966	294	469
7140	316	469
5734	320	469
10897	409	469
1990	582	469
2904	97	470
9279	202	470
13842	303	470
2147	488	470
16692	570	470
9883	587	470
3675	52	471
7239	471	471
8680	159	472
9212	169	472
16096	172	472
2092	193	472
11729	215	472
9799	246	472
9105	42	473
4373	178	473
9113	205	473
15967	207	473
11634	265	473
10770	336	473
4330	38	474
3927	42	474
13699	116	474
2965	247	474
4536	406	474
7305	420	474
4703	1	475
18009	45	475
8910	65	475
2893	261	475
14667	280	475
10401	298	475
2074	24	476
4970	26	476
2571	53	476
17731	64	476
14076	133	476
12867	161	476
10502	213	476
1362	312	476
986	337	476
15693	387	476
17924	507	476
3546	516	476
8168	575	476
5671	12	477
10004	28	477
11644	442	477
16385	485	477
11039	554	477
15615	558	477
11177	105	478
11873	212	478
1303	231	478
14529	306	478
15284	484	478
5840	547	478
11858	51	479
1775	72	479
15700	114	479
13215	135	479
8524	144	479
8906	177	479
9550	424	479
17105	82	480
7600	497	480
12896	501	480
2354	116	481
9051	183	481
12273	188	481
18160	226	481
13041	250	481
9340	269	481
15616	315	481
3921	429	481
5177	536	481
13794	122	482
16330	221	482
16618	461	482
1018	583	482
12000	48	483
709	264	483
13639	561	483
10965	90	484
5166	118	484
15389	231	484
4845	291	484
4219	306	484
9350	357	484
6553	360	484
6801	478	484
4484	18	485
13471	37	485
4997	193	485
6525	211	485
11304	295	485
1473	442	485
18338	477	485
16326	532	485
1361	582	485
5716	585	485
12141	158	486
8062	504	486
3892	511	486
13447	45	487
5894	74	487
11253	103	487
8208	112	487
9047	165	487
4547	232	487
9162	240	487
15796	263	487
12788	418	487
2020	432	487
7436	451	487
589	492	487
15040	569	487
4915	206	488
6031	470	488
8534	570	488
5047	60	489
7771	423	489
6784	80	490
12421	92	490
3915	186	490
13300	207	490
12913	252	490
3517	295	490
15462	312	490
17064	532	490
8748	19	491
2891	124	491
8543	428	491
14636	451	491
18092	577	491
1542	45	492
6368	229	492
13957	280	492
9586	432	492
7782	487	492
1260	539	492
13615	70	493
15479	118	493
9274	147	493
1993	153	493
11560	231	493
6255	235	493
4684	153	494
1450	9	495
8298	63	495
9638	123	495
12007	183	495
18331	226	495
3421	256	495
10680	257	495
7960	426	495
17284	586	495
14096	61	496
16458	62	496
15379	172	496
1100	534	496
4454	22	497
13154	25	497
13932	79	497
5111	82	497
6312	208	497
3981	254	497
1790	404	497
8759	448	497
5262	464	497
5521	480	497
1740	30	498
7836	157	498
4822	222	498
15315	245	498
16025	304	498
11980	350	498
10672	400	498
13516	414	498
10697	101	499
16764	219	499
2584	325	499
757	359	499
5033	429	499
7031	519	499
8671	533	499
16493	546	499
11861	581	499
12723	145	500
18084	381	500
10140	409	500
1909	427	500
13286	545	500
14588	138	501
1573	208	501
4633	352	501
2019	413	501
6296	480	501
13358	284	502
15975	110	503
1206	284	503
3846	318	503
6379	129	504
10843	329	504
7985	349	504
3473	467	504
1920	486	504
12404	511	504
16855	32	505
9653	85	505
9917	117	505
16416	185	505
5908	199	505
17730	244	505
9864	332	505
15029	352	505
2719	446	505
7957	85	506
8836	88	506
7345	117	506
8532	165	506
5325	193	506
13834	289	506
2166	24	507
2121	42	507
1137	64	507
3982	247	507
12708	337	507
11488	339	507
12064	372	507
1800	410	507
17343	415	507
7222	476	507
9175	10	508
13401	93	508
3299	402	508
9322	182	509
4036	224	509
9874	245	509
11386	309	509
4698	357	509
15385	434	509
4245	47	510
15608	302	510
11841	369	510
10219	43	511
2972	45	511
5382	65	511
5892	129	511
8173	261	511
13265	262	511
8181	280	511
14875	281	511
13051	329	511
11856	349	511
4954	383	511
12113	441	511
9407	463	511
12422	486	511
1876	504	511
7811	512	511
4713	20	512
12314	129	512
11273	511	512
5141	78	513
13502	225	513
14111	162	514
17709	392	514
15274	2	515
4984	41	515
13033	69	515
13960	126	515
7043	237	515
11142	247	515
8774	268	515
5523	315	515
15706	355	515
10342	365	515
4597	24	516
10914	42	516
10614	178	516
18256	247	516
4015	337	516
13965	387	516
4265	415	516
10523	476	516
7540	575	516
12317	84	517
3133	86	517
12483	185	517
1307	244	517
1598	335	517
4848	413	517
8462	531	517
8545	78	518
3446	127	518
1737	225	518
5204	297	518
2215	3	519
10010	77	519
712	101	519
15790	359	519
12623	373	519
13659	425	519
13711	499	519
15957	546	519
9029	49	520
16702	142	520
12151	167	520
12037	328	520
2493	230	521
12306	278	522
17761	289	522
4252	409	522
6147	582	522
3334	90	523
13720	309	523
15154	410	523
2828	434	523
18342	536	523
5114	5	524
12496	104	524
17314	107	524
11770	231	524
8378	357	524
650	579	524
3019	39	525
12107	163	525
11481	179	525
14405	533	525
14368	544	525
13624	577	525
11936	35	526
12080	49	526
1526	95	526
3435	142	526
16225	188	526
11036	468	526
1611	542	526
10985	15	527
10780	42	527
14671	247	527
4562	415	527
2072	438	527
16371	584	527
14296	395	528
4935	580	528
8484	9	529
8037	39	529
2724	96	529
16845	128	529
7303	152	529
954	163	529
7172	219	529
14049	382	529
12664	451	529
16172	205	530
9090	217	530
13617	259	530
5749	340	530
3079	415	530
15822	444	530
8427	185	531
15715	244	531
845	335	531
8397	352	531
18263	413	531
3241	517	531
16974	80	532
16409	92	532
12541	186	532
10980	207	532
4428	295	532
16701	382	532
6215	416	532
15774	485	532
9643	490	532
894	77	533
15157	87	533
13343	101	533
3580	275	533
1474	296	533
8242	325	533
2767	335	533
11682	499	533
10712	525	533
12027	546	533
16555	577	533
5427	61	534
10496	62	534
1178	172	534
3108	496	534
14853	27	535
14333	144	535
7265	349	535
5073	463	535
17705	467	535
5065	539	535
4152	5	536
4615	90	536
4086	182	536
4910	250	536
9098	313	536
3791	357	536
15844	367	536
16130	481	536
9509	523	536
8189	18	537
3638	73	537
4719	148	537
3612	258	538
5504	284	538
12802	13	539
8087	27	539
5777	45	539
7196	57	539
2496	232	539
16312	247	539
2163	263	539
16808	264	539
9794	432	539
17965	492	539
5727	535	539
9419	554	539
8979	569	539
17097	74	540
6868	94	540
6468	101	540
10041	144	540
14823	446	540
13561	266	541
6419	450	541
2892	95	542
11138	150	542
15762	156	542
6780	160	542
16725	411	542
7829	526	542
12674	572	542
5007	29	543
18474	168	543
7329	179	543
9196	228	543
2750	233	543
7588	544	543
12350	556	543
9785	29	544
15352	39	544
15446	228	544
17042	365	544
10069	525	544
8844	543	544
17502	216	545
13766	374	545
5909	381	545
7718	409	545
6200	500	545
8061	77	546
16740	101	546
8138	155	546
12169	219	546
8474	275	546
10285	359	546
2498	425	546
15538	429	546
16041	499	546
3535	519	546
10481	533	546
15606	581	546
14617	105	547
2984	107	547
3086	118	547
1884	128	547
10369	182	547
3960	191	547
15239	357	547
14963	430	547
10892	478	547
14434	23	548
6137	68	548
15707	72	548
11468	12	549
11149	29	549
12602	41	549
675	69	549
5687	123	549
6617	186	549
16760	237	549
8074	16	550
16162	56	550
15422	57	550
13998	81	550
15451	139	550
15517	181	550
5648	266	550
749	447	550
13717	553	550
16610	21	551
13839	102	551
15283	156	551
10236	390	551
7253	391	551
4324	457	551
10075	458	551
5363	573	551
17116	212	552
16580	258	552
11961	318	552
16083	348	552
1323	54	553
11822	139	553
6260	170	553
5673	266	553
8342	447	553
9253	550	553
9061	18	554
3216	27	554
676	69	554
16411	98	554
1258	242	554
1904	279	554
3814	442	554
15777	453	554
2799	477	554
16289	539	554
3819	582	554
8903	293	555
2773	29	556
4175	33	556
1785	196	556
2551	227	556
2306	389	556
4579	543	556
17975	156	557
7508	201	557
3841	319	557
7999	352	557
17911	446	557
6890	2	558
12673	144	558
5016	172	558
14205	268	558
12126	282	558
6579	338	558
8446	355	558
14831	477	558
14796	132	559
1923	242	559
11163	279	559
3044	300	559
3540	381	559
18415	409	559
17382	427	559
8985	451	559
16988	582	559
3853	38	560
1894	293	560
8195	304	560
16147	350	560
10631	1	561
9262	18	561
1211	48	561
15665	181	561
3387	232	561
13188	263	561
5338	264	561
9633	364	561
1165	483	561
12068	569	561
14764	149	562
12724	19	563
772	33	563
16846	157	563
10245	388	563
9963	428	563
14567	67	564
14244	125	564
4628	156	564
15845	192	564
9232	195	564
2207	99	565
8757	173	565
4099	230	566
12452	297	566
3852	433	566
18294	269	567
18436	321	567
1275	398	567
3707	60	568
9106	317	568
11683	45	569
3207	158	569
14533	232	569
7661	263	569
15562	280	569
8132	311	569
17688	432	569
5376	487	569
1036	539	569
14240	561	569
15699	202	570
5778	303	570
16975	322	570
16915	470	570
8371	488	570
1637	587	570
15198	143	571
2222	49	572
3963	58	572
17928	130	572
6064	150	572
11296	167	572
1933	364	572
17436	445	572
12852	542	572
5366	576	572
15643	11	573
1392	33	573
9091	131	573
15718	156	573
17595	209	573
9828	250	573
16613	330	573
11548	391	573
12596	434	573
8832	457	573
7966	458	573
12670	551	573
1346	23	574
4266	214	574
4529	262	574
4656	381	574
12336	465	574
11821	24	575
16099	42	575
14469	178	575
12149	247	575
17155	337	575
12085	387	575
5279	415	575
15377	476	575
13329	516	575
1539	17	576
12403	49	576
1776	130	576
17848	150	576
11167	167	576
17739	328	576
18404	356	576
9229	445	576
13162	572	576
8337	275	577
14772	491	577
5478	525	577
13819	533	577
16678	40	578
8084	118	578
8791	182	578
14971	187	578
2219	307	578
11470	357	578
3688	456	578
10023	107	579
2041	357	579
9769	358	579
17326	524	579
12783	121	580
2603	132	580
804	220	580
15883	347	580
14705	395	580
1855	403	580
11254	528	580
3479	77	581
17120	101	581
1424	275	581
14862	296	581
8533	325	581
6029	413	581
5826	499	581
5127	546	581
4188	18	582
16575	46	582
3989	171	582
10141	198	582
16321	255	582
925	264	582
13347	278	582
16605	316	582
6290	320	582
12450	409	582
9385	437	582
15605	440	582
9893	453	582
10778	469	582
16929	485	582
10187	522	582
4204	554	582
3129	559	582
3547	221	583
3043	459	583
2106	461	583
15298	482	583
9294	15	584
8300	42	584
9456	247	584
18451	415	584
12376	438	584
14483	527	584
1975	12	585
5765	37	585
8193	88	585
2699	161	585
15401	186	585
18362	437	585
3790	485	585
6908	63	586
6323	94	586
9809	148	586
2587	174	586
5542	234	586
11410	255	586
18017	495	586
1127	133	587
12836	202	587
1645	206	587
17516	470	587
10907	570	587
12115	99	588
