13152	65	1
11877	142	1
11479	290	1
9681	298	1
13096	475	1
10761	561	1
11682	41	2
12503	87	2
5723	126	2
4949	208	2
10773	274	2
5198	369	2
6806	385	2
11382	462	2
16714	515	2
17603	558	2
5103	103	3
9439	319	3
3468	359	3
13218	373	3
18213	408	3
11403	519	3
7485	108	4
9724	301	4
13913	368	4
14207	122	5
13816	360	5
767	461	5
15971	536	5
5275	37	6
7184	72	6
14920	172	6
4161	197	6
11763	218	6
4192	287	6
7935	292	6
12331	333	6
15625	412	6
1752	168	7
6136	198	7
8097	228	7
12199	283	7
15228	365	7
5089	462	7
9809	33	8
2830	157	8
13518	322	8
12493	350	8
8429	365	8
4755	414	8
10712	123	9
6899	179	9
7663	219	9
2335	295	9
14046	312	9
14232	382	9
5458	397	9
4509	485	9
16274	529	9
17827	93	10
12456	143	10
12697	379	10
10053	431	10
16311	508	10
13524	102	11
13009	116	11
16486	227	11
12092	376	11
6920	458	11
6270	573	11
7751	28	12
4537	186	12
8489	295	12
5440	416	12
8866	477	12
4569	549	12
10046	585	12
15531	99	13
15146	144	13
9673	166	13
14315	421	13
4571	539	13
2356	94	14
13085	258	14
17528	410	14
17760	42	15
7569	83	15
18361	337	15
14819	339	15
13946	372	15
8488	438	15
8555	527	15
8368	584	15
6553	139	16
3938	405	16
4858	550	16
1171	49	17
2943	95	17
7296	167	17
13312	328	17
2658	356	17
8551	576	17
1536	35	18
14586	142	18
17519	190	18
7226	198	18
14130	326	18
15209	364	18
9578	453	18
3787	485	18
10591	537	18
2467	554	18
12362	561	18
15820	582	18
16519	97	19
14976	157	19
7463	275	19
10676	304	19
4923	322	19
2021	400	19
17556	428	19
12191	491	19
14092	563	19
8335	27	20
18219	261	20
11774	273	20
17005	512	20
10510	43	21
12954	102	21
13482	264	21
16068	369	21
4936	390	21
15769	437	21
2884	457	21
2320	79	22
8397	80	22
4764	138	22
13074	208	22
1350	404	22
6694	214	23
5290	262	23
9388	300	23
4914	381	23
13123	465	23
13025	548	23
3862	574	23
3078	42	24
6967	64	24
10704	337	24
1915	415	24
10365	476	24
10412	507	24
3617	516	24
13379	575	24
15311	79	25
8968	82	25
10306	208	25
7662	254	25
2462	448	25
8899	464	25
11832	497	25
9390	178	26
2295	337	26
17180	387	26
7269	415	26
9215	476	26
3131	516	26
10767	575	26
13552	20	27
7956	299	27
17955	383	27
15395	535	27
17370	539	27
17995	554	27
6101	12	28
16466	100	28
2650	270	28
4084	318	28
6093	446	28
10857	477	28
14031	39	29
17314	87	29
9457	123	29
11133	226	29
15131	237	29
10568	256	29
6703	343	29
12920	389	29
12360	434	29
8336	525	29
9336	543	29
8158	544	29
18344	549	29
3857	556	29
15282	117	30
3887	234	30
9931	388	30
9600	390	30
5317	446	30
16381	458	30
17071	498	30
14602	535	30
4281	143	31
10876	249	31
6294	314	31
13301	317	31
11380	370	31
7342	423	31
6433	34	32
10524	85	32
12436	117	32
7270	199	32
11267	220	32
629	239	32
5189	332	32
16706	8	33
13557	157	33
699	227	33
15524	245	33
2265	283	33
15774	315	33
15343	330	33
2492	343	33
13780	556	33
11563	573	33
16373	32	34
16220	84	34
3449	116	34
2793	218	34
16773	282	34
2453	338	34
12951	355	34
6095	18	35
1630	48	35
3284	58	35
650	95	35
4309	188	35
9768	364	35
16966	526	35
11253	559	35
9533	112	36
8557	220	36
3865	267	36
908	418	36
1033	6	37
9787	61	37
11042	172	37
16983	197	37
16563	268	37
6636	287	37
6989	292	37
14983	295	37
2775	333	37
13745	355	37
14485	412	37
9188	417	37
3594	460	37
7571	485	37
728	534	37
4988	585	37
11289	77	38
4960	101	38
12371	155	38
12247	293	38
2905	296	38
14454	474	38
13258	29	39
12067	198	39
8453	233	39
13406	525	39
7950	529	39
8567	544	39
8982	107	40
16312	118	40
14548	140	40
6075	306	40
8692	368	40
10369	578	40
7249	2	41
5587	126	41
14212	198	41
1330	237	41
7208	247	41
10963	515	41
16639	549	41
13263	15	42
8908	24	42
16976	64	42
9160	83	42
3531	178	42
11559	337	42
17360	339	42
9528	372	42
4024	410	42
4809	438	42
9865	473	42
3665	474	42
9946	476	42
6234	507	42
12311	516	42
939	527	42
10492	575	42
13806	584	42
3877	21	43
6648	160	43
5512	391	43
16179	441	43
11256	458	43
15970	511	43
17738	99	44
17748	100	44
8506	127	44
16644	310	44
12345	422	44
11770	73	45
9259	158	45
1859	160	45
13539	229	45
13712	232	45
3186	263	45
16492	280	45
17282	290	45
17861	311	45
12668	394	45
7919	432	45
15581	475	45
3202	487	45
10872	492	45
17568	511	45
11156	539	45
2881	569	45
9808	255	46
10993	316	46
5645	320	46
13757	409	46
4849	469	46
14672	582	46
9313	302	47
6688	351	47
10396	378	47
7770	35	48
2286	483	48
9292	561	48
6799	17	49
968	130	49
14723	142	49
4685	150	49
1250	167	49
8394	273	49
9813	328	49
2123	356	49
3773	445	49
1956	520	49
12788	526	49
4015	572	49
759	576	49
8302	423	50
3927	72	51
14807	177	51
1871	437	51
16611	479	51
7686	52	52
15185	141	52
12956	154	52
8189	164	52
14785	189	52
6901	248	52
14284	260	52
3173	305	52
7499	327	52
8127	353	52
9323	375	52
12879	471	52
9869	74	53
5309	213	53
13833	234	53
17887	312	53
6569	380	53
8246	447	53
7234	81	54
8017	447	54
14109	450	54
7803	553	54
9730	229	55
5151	240	55
10455	285	55
4444	347	55
11635	377	55
7109	109	56
11976	139	56
3596	166	56
912	195	56
17478	376	56
8195	447	56
9936	550	56
17932	139	57
17599	144	57
8417	181	57
5761	539	57
16088	550	57
2246	35	58
10342	95	58
2887	150	58
670	167	58
5839	188	58
2312	281	58
4176	445	58
8563	572	58
6652	210	59
15219	257	59
16973	382	59
8155	99	60
5418	127	60
4976	317	60
14900	347	60
18382	431	60
4042	466	60
5428	489	60
15824	568	60
2417	37	61
15623	72	61
18253	172	61
2013	218	61
8242	287	61
7170	292	61
4983	417	61
8459	460	61
14270	534	61
7857	72	62
6134	172	62
1530	218	62
13304	287	62
7083	496	62
1433	534	62
17558	98	63
14941	388	63
18386	416	63
15622	437	63
2245	495	63
1221	586	63
7334	24	64
3072	42	64
13363	337	64
2158	415	64
1811	507	64
16442	1	65
17701	129	65
10075	262	65
8903	383	65
12477	463	65
1710	475	65
3115	511	65
866	210	66
3238	239	66
10183	267	66
15080	361	66
9176	403	66
17882	426	66
1496	109	67
3755	194	67
8150	344	67
5599	564	67
12381	72	68
13080	114	68
14822	214	68
3402	277	68
14847	437	68
5331	465	68
3435	548	68
15923	416	69
5122	515	69
3851	549	69
4869	554	69
6615	107	70
14231	119	70
12917	270	70
15232	368	70
4591	452	70
15997	456	70
9426	493	70
18435	146	71
8381	162	71
8682	402	71
3535	423	71
13209	6	72
1417	51	72
8179	61	72
11288	62	72
12173	68	72
1565	135	72
9669	177	72
6958	197	72
12862	277	72
2043	282	72
2148	287	72
9752	292	72
11687	333	72
14208	338	72
5946	362	72
1119	409	72
12789	412	72
9678	417	72
11752	424	72
1310	460	72
9366	479	72
8125	496	72
16824	534	72
18015	548	72
13046	45	73
17895	273	73
12975	394	73
14195	537	73
1913	53	74
12260	335	74
10055	450	74
6715	487	74
602	540	74
14993	321	75
1542	386	75
15609	461	75
2651	258	76
5580	306	76
1657	38	77
3470	101	77
13359	274	77
12428	275	77
7892	296	77
12715	373	77
12022	581	77
15360	238	78
16597	449	78
8343	456	78
862	513	78
9779	518	78
1539	22	79
2889	25	79
4143	82	79
4286	208	79
14393	254	79
15338	404	79
7691	448	79
17003	464	79
17316	497	79
13699	22	80
11258	185	80
7250	382	80
4530	404	80
2704	490	80
9842	532	80
7654	54	81
13515	139	81
13504	181	81
4137	447	81
16334	550	81
6050	25	82
2534	79	82
16548	208	82
8171	254	82
10419	448	82
12586	464	82
5306	480	82
9933	497	82
6545	15	83
10411	42	83
4538	337	83
6237	339	83
14354	372	83
5929	34	84
14942	88	84
11301	185	84
13471	332	84
7667	393	84
6514	397	84
10904	517	84
3565	32	85
8787	117	85
9589	201	85
3557	208	85
13211	289	85
11130	410	85
16321	446	85
2135	505	85
14712	506	85
1007	138	86
13973	413	86
4442	517	86
6464	2	87
5401	29	87
13352	100	87
4476	168	87
2607	219	87
12533	237	87
3318	257	87
11535	274	87
6304	275	87
12330	315	87
11223	533	87
3258	84	88
2437	161	88
17707	172	88
8312	215	88
1156	218	88
14060	246	88
9214	506	88
5517	585	88
11648	250	89
17695	286	89
3714	344	89
7785	380	89
16451	435	89
17639	104	90
13388	357	90
11888	367	90
770	484	90
2069	523	90
6867	536	90
13428	136	91
17152	399	91
11276	461	91
9573	185	92
4772	193	92
8040	211	92
5017	217	92
3275	252	92
16363	340	92
3713	393	92
15917	415	92
14842	490	92
12635	532	92
15744	10	93
8061	419	93
8819	439	93
17246	452	93
10617	508	93
11102	14	94
9871	234	94
3618	446	94
8830	505	94
6856	540	94
8346	586	94
13701	17	95
1198	35	95
12486	58	95
13708	142	95
6326	167	95
14307	188	95
16443	273	95
4578	279	95
1364	526	95
3859	542	95
17779	103	96
4842	319	96
3967	411	96
5098	529	96
17540	19	97
10812	202	97
13732	206	97
17705	470	97
11560	63	98
16942	144	98
11043	237	98
1593	240	98
9654	268	98
3391	354	98
17358	355	98
12685	388	98
18171	437	98
13072	442	98
14639	554	98
14477	13	99
14108	44	99
6582	60	99
9209	106	99
8789	113	99
3385	115	99
2878	173	99
2201	241	99
12328	253	99
3205	276	99
14173	331	99
4203	407	99
4808	565	99
17749	588	99
5013	28	100
10100	44	100
13632	87	100
17265	269	100
14857	318	100
8167	38	101
7658	77	101
7220	275	101
5579	296	101
17772	373	101
916	425	101
17405	429	101
8671	540	101
10227	546	101
16741	11	102
10191	21	102
5148	117	102
10401	184	102
6362	369	102
11493	457	102
3316	458	102
14943	3	103
16749	96	103
13324	319	103
6291	408	103
16399	487	103
16685	90	104
1818	307	104
5913	357	104
12063	358	104
2132	524	104
4280	107	105
6114	118	105
14082	128	105
7074	182	105
2665	191	105
919	357	105
14073	430	105
11591	478	105
12468	547	105
11712	99	106
13977	173	106
15342	317	106
14623	40	107
4502	70	107
4880	105	107
17709	291	107
3758	306	107
4483	309	107
5408	357	107
16863	430	107
5011	524	107
9308	547	107
11916	579	107
15705	4	108
920	140	108
14536	402	108
7579	452	108
4787	454	108
14666	456	108
10949	56	109
14692	67	109
15742	344	109
1475	443	109
13926	284	110
6941	399	110
2406	502	110
17107	503	110
6104	132	111
4562	152	111
14018	229	111
15953	262	111
5844	324	111
6808	361	111
18405	426	111
4965	450	111
15519	36	112
4944	121	112
4321	220	112
2914	418	112
12396	487	112
2276	99	113
15590	137	113
9314	241	113
4232	305	113
18432	68	114
17299	135	114
14184	177	114
8051	362	114
13890	424	114
10367	479	114
6432	99	115
13733	173	115
3259	276	115
12818	11	116
4066	34	116
8941	239	116
3453	247	116
18234	416	116
1426	457	116
10307	474	116
1969	481	116
1997	30	117
7840	32	117
16114	85	117
17509	102	117
11095	199	117
7423	410	117
4581	505	117
16507	506	117
3244	40	118
5486	105	118
10309	153	118
10095	200	118
16498	235	118
2461	318	118
17396	360	118
17206	484	118
6764	493	118
655	547	118
9661	578	118
11417	70	119
14585	146	119
5600	301	119
9819	284	120
10090	502	120
5992	112	121
3968	201	121
2133	209	121
6687	229	121
1547	418	121
12027	426	121
16695	580	121
7009	5	122
9958	125	122
4179	221	122
11528	231	122
9989	360	122
5556	482	122
12177	9	123
2294	29	123
7608	152	123
5854	237	123
16122	256	123
6866	495	123
16064	549	123
1968	223	124
1675	293	124
8234	366	124
9400	491	124
6689	122	125
16123	156	125
18407	192	125
9047	195	125
13357	344	125
9255	564	125
9236	2	126
7833	41	126
8985	237	126
3030	247	126
8523	515	126
16740	44	127
5439	60	127
5658	153	127
15695	518	127
1633	105	128
16747	245	128
1755	357	128
16077	529	128
2099	547	128
12592	65	129
17782	329	129
10980	463	129
16004	504	129
4472	511	129
11953	512	129
8136	49	130
1750	167	130
9671	356	130
7154	445	130
16602	226	131
18395	239	131
15898	315	131
18467	397	131
18142	573	131
7053	111	132
7195	229	132
12402	242	132
15335	347	132
15417	426	132
14062	559	132
10651	580	132
16878	163	133
14793	476	133
16460	587	133
6465	161	134
4542	213	134
12910	259	134
2325	312	134
9495	336	134
16135	340	134
5622	354	134
12777	72	135
7312	114	135
17927	144	135
3390	424	135
3108	479	135
15959	91	136
9122	461	136
3727	113	137
2979	162	137
8611	243	137
647	288	137
16791	22	138
8493	86	138
12924	404	138
8465	413	138
6027	501	138
8753	16	139
3829	56	139
11231	57	139
2543	81	139
6133	181	139
17776	266	139
4461	447	139
3769	550	139
13381	553	139
17156	40	140
5433	108	140
15247	368	140
3869	379	140
18472	52	141
13784	141	141
17289	1	142
14162	18	142
11881	49	142
15832	95	142
8432	273	142
13685	468	142
12230	520	142
16767	526	142
5315	10	143
6347	31	143
10518	249	143
4895	297	143
3586	439	143
12817	571	143
2268	13	144
8989	57	144
10321	98	144
12940	135	144
8845	355	144
4218	535	144
6407	540	144
6455	558	144
10501	216	145
4800	374	145
12695	381	145
10749	409	145
16722	500	145
16119	71	146
17769	119	146
13483	235	147
11890	270	147
17778	392	147
12294	493	147
13747	203	148
14794	233	148
13275	376	148
12451	537	148
713	586	148
9016	384	149
7777	562	149
13882	49	150
2296	58	150
6475	167	150
3265	364	150
12316	409	150
16097	445	150
5032	542	150
2686	572	150
4401	576	150
2734	170	151
1299	447	151
8804	111	152
2504	123	152
12526	163	152
7613	212	152
5743	529	152
6515	118	153
12764	127	153
12167	180	153
16132	235	153
1793	317	153
3515	334	153
4667	346	153
14829	449	153
3949	467	153
18396	494	153
2445	52	154
6556	154	154
5392	38	155
15749	184	155
785	546	155
9280	125	156
17954	376	156
17052	551	156
9136	557	156
9749	564	156
14598	573	156
15047	8	157
11783	19	157
1376	33	157
1132	198	157
5524	498	157
7455	563	157
14085	45	158
12080	232	158
17953	263	158
17774	264	158
6752	280	158
10941	394	158
2472	569	158
11492	211	159
18123	218	159
8089	246	159
8119	417	159
9275	460	159
1110	43	160
9731	45	160
9753	280	160
1814	285	160
1146	298	160
15539	390	160
4248	391	160
13234	411	160
18261	441	160
2710	542	160
13660	88	161
4007	134	161
3986	218	161
4008	312	161
12249	354	161
4227	437	161
4603	472	161
7457	476	161
17832	585	161
6502	71	162
16155	137	162
16320	323	162
14416	402	162
2558	514	162
682	133	163
3892	152	163
10224	422	163
17233	525	163
4739	529	163
17783	52	164
6481	164	164
1801	365	165
4860	406	165
1920	487	165
9824	506	165
3650	13	166
4147	56	166
6946	421	166
5884	461	166
1512	17	167
2375	49	167
14256	58	167
17290	95	167
825	130	167
6804	150	167
15298	328	167
6363	356	167
3715	445	167
8176	520	167
10052	572	167
6938	576	167
12964	7	168
1851	87	168
1612	228	168
4496	245	168
8156	283	168
10155	365	168
3165	462	168
8947	543	168
16994	193	169
1054	211	169
11787	218	169
2183	472	169
9617	151	170
12834	447	170
3822	553	170
10264	289	171
11758	409	171
14177	440	171
17575	469	171
12485	6	172
4652	37	172
10144	61	172
17094	62	172
6466	88	172
14069	197	172
11045	204	172
18092	215	172
8576	282	172
17113	287	172
1610	292	172
2537	333	172
12083	338	172
11557	411	172
5730	412	172
3726	417	172
10058	460	172
10099	472	172
3870	496	172
1478	534	172
14747	558	172
16545	99	173
9132	106	173
5967	115	173
1873	241	173
9494	253	173
8534	276	173
4181	317	173
15015	331	173
15205	565	173
15905	418	174
4463	426	174
4528	586	174
4580	276	175
7329	360	176
13323	459	176
15983	461	176
15596	51	177
6207	72	177
12523	114	177
15156	424	177
5272	479	177
14619	26	178
16789	42	178
14746	337	178
4484	387	178
16432	410	178
11654	473	178
6426	476	178
1748	516	178
6650	575	178
2784	584	178
11891	9	179
16044	525	179
13956	543	179
6447	153	180
17620	191	180
8284	235	180
2935	467	180
5740	57	181
16037	81	181
13678	139	181
11019	264	181
11410	457	181
10844	550	181
16960	561	181
6423	105	182
6589	309	182
17743	357	182
11486	430	182
15838	509	182
2554	536	182
6173	547	182
17004	578	182
18145	234	183
1189	269	183
14411	324	183
17250	426	183
15614	481	183
18297	495	183
14587	102	184
6616	155	184
12270	234	184
10999	293	184
7411	304	184
17800	322	184
16969	400	184
10292	80	185
10439	84	185
13118	92	185
16849	275	185
12002	335	185
6404	352	185
18269	382	185
10928	505	185
3163	517	185
15647	531	185
17715	12	186
5880	295	186
8071	312	186
15839	490	186
12309	532	186
17965	549	186
15973	585	186
1699	196	187
9894	222	187
18041	245	187
1187	330	187
17048	350	187
1578	369	187
10620	510	187
2146	578	187
13150	35	188
6195	58	188
8243	95	188
5962	324	188
17718	395	188
7972	451	188
4730	526	188
3603	52	189
9419	189	189
9911	18	190
3776	326	190
8492	453	190
13081	105	191
12379	180	191
13719	222	191
9106	334	191
11025	346	191
9800	422	191
18207	449	191
5375	456	191
4749	467	191
12865	547	191
9484	125	192
16558	512	192
13584	564	192
8022	92	193
17531	169	193
10787	211	193
11724	215	193
15215	246	193
9498	300	193
16802	472	193
10698	485	193
5614	506	193
13069	67	194
7306	421	194
8731	461	194
2056	56	195
2490	125	195
15733	564	195
12137	187	196
4393	223	196
16417	318	196
18012	343	196
13861	389	196
11317	556	196
9224	6	197
7092	37	197
15313	72	197
3240	172	197
9660	218	197
4412	287	197
1344	292	197
12201	333	197
683	412	197
7989	7	198
18449	18	198
12430	39	198
2974	41	198
13125	157	198
1728	275	198
2725	315	198
8287	563	198
18277	582	198
15887	32	199
12837	117	199
14423	207	199
16197	239	199
15334	247	199
5027	403	199
4144	410	199
11197	426	199
2121	505	199
4068	118	200
615	357	200
7255	85	201
17824	121	201
977	229	201
14877	434	201
18443	446	201
5882	539	201
6119	557	201
5698	97	202
10911	303	202
8655	470	202
3878	570	202
10779	587	202
14491	148	203
1691	234	203
835	255	203
1601	294	203
17865	409	203
14911	172	204
6332	215	204
17040	282	204
9949	338	204
8993	411	204
3056	217	205
9676	415	205
9906	473	205
4550	530	205
8165	97	206
18271	304	206
17194	335	206
10802	428	206
17341	488	206
7815	557	206
8919	587	206
10189	199	207
13433	265	207
17230	473	207
11028	490	207
10198	532	207
18316	2	208
7766	22	208
18353	25	208
11009	79	208
1962	82	208
4486	85	208
1216	254	208
4167	404	208
13528	448	208
3161	464	208
8565	497	208
3839	501	208
3861	121	209
7361	213	209
9615	330	209
7495	410	209
17469	573	209
1775	59	210
8772	66	210
6609	226	210
8209	237	210
2092	257	210
6288	416	210
11396	92	211
3341	159	211
18262	169	211
14493	193	211
11926	218	211
4622	485	211
11366	152	212
18270	318	212
7383	478	212
15110	552	212
15306	53	213
2251	134	213
9283	209	213
15986	312	213
16024	476	213
17672	23	214
2593	68	214
9972	300	214
2688	465	214
6980	574	214
917	88	215
8038	172	215
12265	193	215
3566	204	215
6167	246	215
14244	472	215
15173	145	216
15718	273	216
5960	279	216
3989	381	216
10301	427	216
636	545	216
5620	92	217
8309	205	217
5459	340	217
11801	415	217
2443	530	217
5646	6	218
14823	34	218
9655	61	218
15295	62	218
2910	88	218
11780	159	218
17065	161	218
17649	169	218
16313	197	218
16345	211	218
6368	246	218
9551	287	218
18236	292	218
17829	333	218
7690	412	218
18369	417	218
5043	460	218
4598	496	218
16365	534	218
2214	9	219
1924	87	219
9391	312	219
1559	533	219
1980	546	219
11144	32	220
16506	36	220
17590	112	220
1771	240	220
9353	251	220
14731	377	220
9085	403	220
8794	580	220
13113	122	221
3379	461	221
13290	482	221
8613	583	221
4727	187	222
11592	191	222
14133	224	222
3377	366	222
10016	378	222
11638	449	222
2539	498	222
9782	124	223
14803	196	223
16282	222	224
10033	238	224
17734	251	224
16886	301	224
16869	433	224
18004	509	224
5139	307	225
2347	401	225
1307	518	225
16459	29	226
7939	131	226
13636	210	226
3765	233	226
7019	315	226
12874	481	226
17410	495	226
5820	11	227
2046	33	227
2466	285	227
3599	343	227
7687	556	227
14436	7	228
12610	168	228
14630	303	228
2229	543	228
6013	544	228
18278	45	229
10789	55	229
17526	111	229
6598	121	229
5159	132	229
4514	201	229
12572	251	229
3086	406	229
10907	492	229
15945	341	230
16120	521	230
3149	566	230
9772	122	231
17353	478	231
11444	484	231
10130	493	231
4648	524	231
8940	45	232
11392	158	232
10229	263	232
11853	280	232
2794	311	232
11532	432	232
16910	487	232
9986	492	232
6478	539	232
2275	561	232
16707	569	232
2451	39	233
9503	148	233
5467	226	233
12649	256	233
16633	267	233
9296	343	233
8517	365	233
9073	376	233
4087	389	233
1791	543	233
10839	30	234
999	53	234
6179	94	234
4693	183	234
5986	184	234
8990	203	234
596	418	234
877	446	234
16078	453	234
4629	586	234
12568	118	235
9554	147	235
6446	153	235
13689	180	235
13679	318	235
5484	346	235
1488	422	235
10523	456	235
12952	493	235
16967	342	236
17001	371	236
1357	380	236
1191	447	236
6617	29	237
5339	41	237
14865	87	237
11241	98	237
2433	123	237
6417	126	237
15871	210	237
10901	257	237
17601	365	237
15222	442	237
3247	515	237
13320	549	237
1654	78	238
8332	224	238
6461	402	238
3872	32	239
6023	66	239
5843	116	239
1010	131	239
2334	199	239
2587	416	239
7038	55	240
2498	98	240
5086	220	240
14077	418	240
5247	487	240
11477	99	241
10668	113	241
8018	173	241
15991	305	241
18096	317	241
1828	132	242
10416	279	242
4163	381	242
15359	559	242
1780	137	243
6647	422	243
1751	413	244
8652	505	244
6274	517	244
5450	531	244
3766	33	245
9793	128	245
17529	168	245
758	187	245
2875	330	245
18166	343	245
13340	434	245
17858	498	245
8685	509	245
1870	88	246
12120	159	246
15926	193	246
6443	215	246
18284	218	246
15251	472	246
4661	41	247
15082	116	247
17819	126	247
2218	199	247
12877	355	247
3568	416	247
12510	438	247
15439	515	247
6787	527	247
2648	539	247
10449	584	247
17696	52	248
15197	248	248
7851	31	249
18114	143	249
15783	89	250
11898	286	250
17807	309	250
16335	481	250
5607	536	250
11086	573	250
13942	220	251
7729	224	251
17185	229	251
17549	420	251
13492	92	252
4848	259	252
2659	340	252
15138	393	252
9677	420	252
2557	490	252
4222	533	252
5015	99	253
7108	173	253
13887	317	253
10947	25	254
3768	79	254
15911	82	254
11038	208	254
6307	448	254
14160	464	254
1402	497	254
5590	46	255
2205	203	255
5550	316	255
2427	409	255
14122	469	255
6959	582	255
8444	586	255
8746	29	256
4462	123	256
16846	233	256
7586	269	256
11408	315	256
16229	403	256
12973	418	256
11185	495	256
6500	59	257
14377	87	257
11686	210	257
9394	237	257
16584	315	257
9542	416	257
9211	495	257
13614	14	258
11293	76	258
2003	345	258
2730	538	258
9915	552	258
7520	134	259
11875	252	259
6956	340	259
6374	415	259
4742	530	259
4148	52	260
4789	260	260
7863	20	261
12112	271	261
10162	273	261
9769	380	261
9009	475	261
5062	511	261
14115	23	262
17589	65	262
8365	111	262
6085	324	262
4263	511	262
8490	574	262
14633	45	263
3826	158	263
10453	232	263
1201	280	263
8904	311	263
17859	432	263
17618	487	263
9281	492	263
8952	539	263
1466	561	263
14026	569	263
12791	21	264
5712	158	264
10637	181	264
4939	299	264
13996	483	264
7020	539	264
9767	561	264
14325	582	264
6852	207	265
8726	336	265
13042	473	265
14539	139	266
7839	324	266
7536	447	266
14545	541	266
17877	550	266
1401	553	266
3612	36	267
7835	66	267
16448	233	267
5000	403	267
15787	418	267
11542	37	268
10214	98	268
17982	355	268
8559	442	268
15949	515	268
8175	558	268
15463	100	269
1182	183	269
9376	256	269
5608	481	269
11668	567	269
6947	28	270
14873	70	270
11957	147	270
13526	318	270
8187	334	270
6779	261	271
10924	309	271
3312	380	271
8690	430	271
7512	398	272
9194	436	272
13437	461	272
7915	20	273
15741	49	273
14469	73	273
14116	95	273
12616	142	273
16206	216	273
3156	261	273
4287	526	273
18372	2	274
15373	77	274
10282	87	274
18138	296	274
5029	315	274
18156	425	274
18391	19	275
15253	77	275
16751	87	275
11545	101	275
16130	185	275
3194	198	275
6522	296	275
17789	382	275
8647	533	275
12056	546	275
7679	577	275
1742	581	275
11143	99	276
16540	115	276
17064	173	276
10873	175	276
1018	305	276
10078	323	276
14044	327	276
9404	68	277
2600	72	277
13457	289	277
8773	352	277
10877	409	278
8765	469	278
16110	522	278
9254	95	279
2008	216	279
10985	242	279
6608	381	279
14424	559	279
7737	45	280
1763	158	280
2219	160	280
16619	232	280
14698	263	280
4056	290	280
1723	311	280
16046	394	280
9067	432	280
12843	475	280
6224	487	280
3071	492	280
8608	511	280
12658	539	280
15880	569	280
14437	58	281
18030	441	281
6000	511	281
14016	34	282
9365	72	282
12359	172	282
15124	204	282
13902	338	282
11935	558	282
1704	7	283
14075	33	283
17037	168	283
15019	315	283
1408	365	283
15102	462	283
4935	110	284
5536	120	284
4611	318	284
1423	405	284
13189	478	284
654	502	284
10252	503	284
13768	538	284
13035	55	285
3917	160	285
14907	227	285
11395	298	285
7741	385	285
1385	388	285
2873	390	285
16582	458	285
13425	89	286
8135	250	286
5919	360	286
10145	396	286
1581	435	286
15667	461	286
7723	6	287
15977	37	287
3710	61	287
13886	62	287
15435	72	287
14421	172	287
12502	197	287
6226	218	287
18238	292	287
7256	333	287
11662	362	287
12122	412	287
18198	417	287
16445	460	287
2762	496	287
13300	534	287
18289	137	288
11914	323	288
9543	422	288
16876	85	289
13127	171	289
8577	277	289
16723	294	289
10792	360	289
17450	440	289
15332	506	289
12847	1	290
13873	45	290
7674	280	290
2449	311	290
3775	107	291
9235	306	291
16831	357	291
5539	484	291
7024	6	292
4711	37	292
8514	61	292
2892	72	292
4773	172	292
7799	197	292
15909	218	292
4325	287	292
17684	333	292
17500	412	292
14791	417	292
11596	460	292
11633	534	292
7688	38	293
3941	124	293
6346	184	293
18342	350	293
16165	555	293
12473	560	293
1252	203	294
8082	289	294
9074	409	294
2742	467	294
3430	468	294
18397	9	295
3770	12	295
4505	37	295
10126	186	295
9882	485	295
6468	490	295
5948	532	295
4728	582	295
10141	38	296
13498	77	296
12419	101	296
10923	274	296
8437	275	296
6937	373	296
9069	581	296
3970	143	297
11867	317	297
18252	363	297
12097	370	297
17767	401	297
10894	518	297
4671	566	297
10810	1	298
3636	160	298
13400	285	298
12978	390	298
10978	441	298
14856	475	298
17867	27	299
12190	264	299
6135	349	299
2235	23	300
17501	193	300
11055	214	300
18211	354	300
17936	559	300
12460	4	301
8795	119	301
10728	224	301
4082	402	301
3017	449	301
11968	452	301
10689	47	302
6025	351	302
11427	369	302
3043	378	302
3250	510	302
13820	202	303
18115	228	303
14463	470	303
5923	570	303
16261	19	304
12443	184	304
3888	206	304
6597	428	304
17551	498	304
12354	52	305
11808	113	305
12602	241	305
11737	276	305
16000	305	305
11429	40	306
10394	76	306
14373	107	306
10708	291	306
722	478	306
11603	104	307
11094	225	307
13556	430	307
13441	578	307
7948	419	308
12961	107	309
14973	182	309
14296	250	309
2990	271	309
17326	357	309
16066	452	309
1413	509	309
10212	523	309
5009	44	310
4431	45	311
8301	232	311
8958	263	311
17809	280	311
10153	290	311
7070	432	311
12525	569	311
17842	9	312
1517	53	312
8132	134	312
1690	161	312
8116	186	312
6949	213	312
6264	219	312
10471	354	312
14358	476	312
9145	490	312
13761	330	313
11006	358	313
4443	367	313
14956	368	313
15703	457	313
1159	536	313
2824	31	314
6895	33	315
10731	87	315
7844	131	315
10122	198	315
14309	226	315
14293	256	315
7317	257	315
5307	274	315
15661	283	315
11165	365	315
9854	481	315
7774	515	315
7034	46	316
6190	255	316
10820	320	316
15023	409	316
2430	469	316
15797	582	316
4259	31	317
6206	60	317
6724	106	317
12687	153	317
14028	173	317
6643	241	317
3246	253	317
10828	297	317
3575	331	317
5012	370	317
5982	565	317
5687	568	317
14659	28	318
10966	100	318
8192	118	318
5855	196	318
4441	212	318
12475	235	318
4336	270	318
16482	284	318
7671	348	318
750	503	318
11218	552	318
4371	3	319
15192	96	319
9105	103	319
14192	408	319
17594	557	319
17784	46	320
8393	316	320
9130	374	320
9448	409	320
13523	469	320
2359	582	320
17434	75	321
12266	461	321
18296	567	321
14520	8	322
1909	19	322
2307	184	322
4396	428	322
3777	570	322
3853	162	323
16890	276	323
8235	288	323
3074	334	323
15388	422	323
4680	111	324
1487	183	324
10765	188	324
14872	262	324
15993	266	324
11315	403	324
4687	418	324
9465	426	324
9846	335	325
12624	499	325
8620	533	325
8093	581	325
12969	18	326
1841	190	326
14733	453	326
2503	554	326
2376	52	327
16327	276	327
17338	327	327
6761	17	328
12947	49	328
14065	167	328
18425	356	328
10842	520	328
6705	576	328
8148	129	329
7360	504	329
6056	511	329
8956	33	330
16485	187	330
11954	209	330
881	245	330
1998	313	330
5388	367	330
10814	457	330
12434	99	331
1209	173	331
10208	317	331
16461	32	332
4597	84	332
2758	395	332
17796	505	332
11260	6	333
9748	37	333
12536	72	333
7727	172	333
4005	197	333
17746	218	333
6042	287	333
850	292	333
16657	412	333
6281	153	334
15478	191	334
11547	270	334
9113	323	334
9470	392	334
5266	74	335
15773	185	335
12971	206	335
9241	325	335
12970	517	335
5895	531	335
3530	533	335
13145	134	336
12028	265	336
4979	444	336
8679	473	336
3982	15	337
2591	24	337
9637	26	337
16937	42	337
6218	64	337
16944	83	337
15790	178	337
3613	339	337
4815	372	337
17095	387	337
5557	415	337
10253	438	337
2085	476	337
5760	507	337
12253	516	337
11297	527	337
10936	575	337
599	584	337
12019	34	338
13955	72	338
6653	172	338
4975	204	338
7639	282	338
17036	558	338
10051	15	339
2647	42	339
15575	83	339
17093	337	339
1102	372	339
4088	92	340
7526	134	340
7324	217	340
14700	252	340
744	259	340
1672	415	340
7513	444	340
14972	530	340
11489	230	341
3684	236	342
10536	380	342
10995	435	342
1317	447	342
2523	455	342
7920	29	343
5510	33	343
6125	196	343
10027	227	343
6534	233	343
5748	245	343
9859	389	343
9237	434	343
9863	556	343
4213	67	344
15130	89	344
3083	109	344
2701	125	344
10408	435	344
2252	443	344
3413	461	344
6208	258	345
1860	399	345
7602	153	346
16241	191	346
17752	235	346
5007	467	346
8271	55	347
8370	60	347
2890	132	347
14879	406	347
4025	580	347
16593	318	348
7973	552	348
4901	299	349
16693	383	349
13308	463	349
12654	504	349
3192	511	349
5663	535	349
3662	8	350
9066	187	350
2745	293	350
3852	428	350
2763	498	350
16121	47	351
640	302	351
14234	418	351
12748	185	352
14843	277	352
12986	505	352
16909	531	352
5498	557	352
13059	52	353
15210	353	353
1439	98	354
4721	134	354
4034	161	354
1853	300	354
10421	312	354
956	437	354
6888	465	354
12395	34	355
5127	37	355
14164	98	355
8840	144	355
1705	247	355
11945	268	355
11998	442	355
14928	515	355
13019	535	355
18272	539	355
9530	558	355
11611	17	356
6458	49	356
1719	130	356
4613	167	356
9577	328	356
14487	576	356
16134	90	357
17822	104	357
2371	105	357
15466	107	357
10803	128	357
3224	182	357
9796	200	357
6099	291	357
11113	309	357
9379	358	357
13662	430	357
9101	484	357
15381	502	357
18377	509	357
16843	524	357
2633	536	357
11150	547	357
2741	578	357
6728	579	357
948	104	358
6827	313	358
5115	357	358
17873	579	358
3816	3	359
7344	373	359
12261	425	359
14881	499	359
5172	519	359
11389	546	359
3291	5	360
15822	118	360
1019	122	360
3858	176	360
15886	286	360
6323	289	360
8948	461	360
2418	484	360
16571	536	360
4970	66	361
14890	111	361
12734	377	361
16941	403	361
17347	72	362
12671	114	362
10436	287	362
9340	297	363
12730	18	364
14886	35	364
17424	150	364
7516	445	364
8376	468	364
9886	561	364
10092	572	364
8260	7	365
10561	8	365
10005	165	365
3894	168	365
4961	233	365
4688	237	365
14721	283	365
15819	315	365
15269	515	365
11640	544	365
14172	124	366
17084	222	366
3293	90	367
671	313	367
727	330	367
8859	536	367
2253	4	368
14740	40	368
17146	70	368
18400	140	368
11438	313	368
14957	379	368
3351	2	369
7077	21	369
5793	102	369
15505	187	369
6240	302	369
16243	462	369
10484	31	370
13229	297	370
12342	317	370
10217	236	371
7559	396	371
4594	447	371
6538	15	372
600	42	372
16959	83	372
9995	337	372
11764	339	372
17716	507	372
6576	3	373
1674	77	373
3116	101	373
4297	296	373
14862	359	373
12581	519	373
12601	145	374
10315	320	374
9630	409	374
14204	545	374
1551	52	375
7882	375	375
16974	11	376
4079	56	376
3203	148	376
10161	156	376
7478	233	376
16038	458	376
16307	55	377
14835	220	377
1737	361	377
8263	47	378
11614	222	378
5984	302	378
11909	10	379
3703	140	379
14496	368	379
5810	431	379
16837	449	379
11187	53	380
16804	89	380
2767	236	380
12107	261	380
14759	271	380
15518	342	380
3110	447	380
4628	23	381
7052	145	381
7966	216	381
6354	242	381
679	279	381
9476	409	381
12629	427	381
18371	500	381
9423	526	381
1144	545	381
12147	559	381
17969	9	382
3723	59	382
13219	80	382
8076	185	382
11329	275	382
15001	532	382
2042	27	383
16212	65	383
9710	349	383
16762	475	383
10927	511	383
16255	149	384
7680	2	385
9014	285	385
5146	388	385
16094	429	385
13949	75	386
6345	436	386
3828	461	386
16674	26	387
15236	178	387
13407	337	387
2996	415	387
10686	476	387
9396	516	387
14479	30	388
9177	63	388
9531	98	388
15254	285	388
15333	385	388
5332	563	388
1706	29	389
15024	196	389
972	233	389
12669	343	389
6633	556	389
4588	21	390
7061	30	390
5262	160	390
11070	285	390
12806	298	390
4323	457	390
13952	551	390
15585	43	391
13490	160	391
11721	447	391
11434	458	391
12297	551	391
13140	573	391
16301	147	392
3256	334	392
12353	514	392
13084	84	393
10813	92	393
12694	252	393
11109	416	393
14131	45	394
14008	73	394
3219	158	394
6849	280	394
1295	188	395
12154	332	395
7535	410	395
14020	451	395
5907	528	395
9611	580	395
8966	286	396
14375	371	396
17295	447	396
846	455	396
12317	9	397
8949	84	397
11105	131	397
9626	272	398
16344	461	398
14439	567	398
2077	91	399
9852	110	399
13303	345	399
16362	19	400
3130	184	400
6120	428	400
14124	498	400
6277	225	401
3080	297	401
3085	71	402
8421	108	402
2188	162	402
4093	238	402
11590	301	402
6970	508	402
16286	66	403
1266	199	403
12532	220	403
16681	256	403
5619	267	403
8364	324	403
17660	361	403
9316	426	403
7175	458	403
8774	580	403
7415	22	404
2488	79	404
9141	80	404
10478	138	404
1888	208	404
16483	16	405
2500	284	405
9098	165	406
3150	229	406
13477	347	406
9872	411	406
4397	420	406
12955	474	406
14101	99	407
17164	3	408
18205	103	408
3508	319	408
13184	46	409
6602	72	409
6809	145	409
17105	150	409
11679	171	409
5706	203	409
15975	255	409
1450	278	409
1632	294	409
17852	316	409
6343	320	409
15798	374	409
4991	381	409
14388	427	409
16380	440	409
12163	445	409
4656	469	409
17300	500	409
4768	522	409
13247	545	409
8638	559	409
12666	572	409
5928	582	409
14852	14	410
15348	42	410
8491	85	410
14939	117	410
7934	178	410
4552	199	410
11803	209	410
7743	395	410
14651	446	410
15220	506	410
11882	523	410
8887	96	411
689	160	411
16140	172	411
15500	204	411
1945	406	411
9935	6	412
17710	37	412
13818	72	412
15278	172	412
7116	197	412
4062	218	412
17616	287	412
11314	292	412
4774	333	412
17918	86	413
8198	138	413
10235	244	413
4039	501	413
9634	517	413
17463	531	413
13817	581	413
1290	8	414
17726	498	414
10656	24	415
8986	26	415
7720	64	415
9653	92	415
4974	205	415
12103	217	415
4609	259	415
12942	337	415
3451	340	415
3478	387	415
4736	444	415
11340	507	415
2266	516	415
13397	530	415
14687	575	415
6679	12	416
14878	63	416
5075	69	416
9537	116	416
17383	210	416
11319	239	416
6292	247	416
16813	257	416
12868	393	416
11119	442	416
11597	532	416
5415	37	417
4135	61	417
963	72	417
17129	159	417
15176	172	417
2816	218	417
15409	287	417
4747	292	417
16686	460	417
12900	36	418
17393	112	418
11243	121	418
6024	174	418
18406	234	418
9415	240	418
7885	256	418
7521	267	418
12221	324	418
13206	351	418
1093	487	418
11343	93	419
13464	308	419
5974	251	420
16023	252	420
17089	406	420
3879	474	420
9017	13	421
13172	166	421
12640	194	421
12231	461	421
13694	44	422
6925	163	422
1935	191	422
10956	235	422
11781	243	422
5717	288	422
17116	323	422
17042	31	423
12648	50	423
5837	71	423
17906	431	423
16531	489	423
10926	72	424
4633	114	424
15430	135	424
13103	177	424
9686	479	424
14367	101	425
2423	274	425
17997	359	425
1861	519	425
15294	546	425
12721	66	426
7619	111	426
3439	121	426
2602	132	426
7236	174	426
15061	183	426
5097	199	426
3193	324	426
14595	403	426
5118	495	426
15732	216	427
2972	381	427
18113	409	427
6272	500	427
17435	559	427
925	19	428
14637	206	428
9392	304	428
16180	322	428
7796	350	428
17544	400	428
15099	491	428
9226	563	428
10013	101	429
12139	385	429
5476	481	429
4231	546	429
10836	105	430
9150	107	430
14453	182	430
15270	271	430
11060	307	430
14577	357	430
6469	547	430
10304	10	431
8120	60	431
6121	379	431
11409	423	431
4758	45	432
6357	232	432
16820	263	432
1400	280	432
11370	311	432
8809	487	432
16927	492	432
8070	539	432
10107	569	432
11379	224	433
6082	566	433
2203	29	434
8121	201	434
13058	245	434
7402	343	434
2328	509	434
5704	523	434
3541	573	434
1670	89	435
7098	286	435
11868	342	435
1595	344	435
14260	443	435
3728	272	436
9878	386	436
7647	461	436
15932	21	437
12746	51	437
7756	63	437
11346	68	437
13885	98	437
17724	161	437
15352	354	437
13377	582	437
10946	585	437
7616	15	438
16901	42	438
5336	247	438
3754	337	438
9942	527	438
13870	584	438
15615	93	439
1921	143	439
4376	171	440
4099	289	440
12878	409	440
6805	469	440
1214	43	441
8086	160	441
3711	281	441
4778	298	441
5252	511	441
4701	98	442
2196	237	442
6003	268	442
13797	355	442
10809	416	442
4102	477	442
15371	485	442
13805	554	442
17010	109	443
15616	344	443
12121	435	443
16754	336	444
12282	340	444
12552	415	444
1687	530	444
4532	49	445
3309	58	445
15364	130	445
1304	150	445
3606	167	445
2041	364	445
7971	409	445
5024	542	445
4620	572	445
12357	576	445
14743	28	446
17343	30	446
10697	85	446
16827	94	446
1537	201	446
14513	234	446
11872	410	446
2861	505	446
3429	540	446
3147	557	446
4345	53	447
6180	54	447
17591	56	447
3998	81	447
13561	139	447
9980	151	447
17494	170	447
3458	236	447
18127	266	447
14381	342	447
18185	371	447
12337	380	447
12797	391	447
2140	396	447
12257	450	447
5245	455	447
15750	461	447
9910	511	447
16055	550	447
7254	553	447
11656	25	448
12110	79	448
7447	82	448
12225	208	448
6903	254	448
10246	464	448
14714	497	448
9733	78	449
13329	153	449
7404	191	449
16535	222	449
3335	301	449
1741	379	449
7905	456	449
15132	54	450
18200	74	450
9126	111	450
3501	447	450
17880	541	450
16211	188	451
17172	395	451
10520	487	451
18106	491	451
18368	529	451
5296	559	451
16733	70	452
11348	93	452
5747	108	452
14603	301	452
9553	309	452
6372	454	452
12930	456	452
16792	18	453
17132	190	453
1129	234	453
10480	326	453
7390	554	453
6094	582	453
11769	108	454
2109	452	454
12344	456	454
1882	342	455
8166	396	455
17690	447	455
8699	70	456
996	78	456
8656	108	456
8115	191	456
3656	235	456
5908	449	456
12385	452	456
3546	454	456
1331	578	456
1526	21	457
8610	102	457
2913	116	457
13804	181	457
14850	313	457
4400	330	457
2169	390	457
7410	458	457
3396	551	457
13094	11	458
17309	30	458
15755	43	458
14076	102	458
16223	285	458
14084	376	458
6912	391	458
15630	403	458
6157	457	458
13666	551	458
5947	573	458
9080	176	459
12241	461	459
1394	583	459
18324	37	460
1227	61	460
15273	72	460
12812	159	460
6741	172	460
10148	218	460
13935	287	460
15423	292	460
4559	417	460
16330	5	461
14360	75	461
16167	91	461
1374	136	461
8865	166	461
17420	176	461
5721	194	461
6955	221	461
18174	272	461
1787	286	461
10291	321	461
3127	344	461
12224	360	461
14675	386	461
12411	398	461
10216	421	461
12521	436	461
12628	447	461
14895	459	461
11812	482	461
2822	567	461
12448	583	461
8220	2	462
12145	7	462
17079	168	462
8511	283	462
13909	369	462
16862	65	463
14710	129	463
5592	349	463
13824	511	463
9026	535	463
5084	25	464
2828	79	464
4718	82	464
11994	208	464
9087	254	464
1135	448	464
959	497	464
14808	23	465
17307	68	465
1789	214	465
1590	354	465
5299	574	465
12757	60	466
11430	153	467
11921	180	467
3545	191	467
9574	294	467
18403	346	467
11236	504	467
17874	535	467
16511	142	468
6999	294	468
11208	364	468
16583	526	468
15540	46	469
15488	171	469
4748	255	469
10748	278	469
17452	316	469
7659	320	469
9229	409	469
12178	440	469
7441	522	469
6739	582	469
15523	97	470
2634	202	470
6566	303	470
9598	488	470
6091	570	470
3336	587	470
2791	52	471
11598	471	471
14338	161	472
11655	169	472
16712	172	472
12494	193	472
3305	215	472
8052	246	472
9409	42	473
5834	178	473
2556	205	473
2210	207	473
11874	265	473
1068	336	473
4479	38	474
4592	42	474
17115	116	474
8103	406	474
12144	420	474
13717	1	475
14701	45	475
13704	65	475
2390	261	475
11824	280	475
17621	298	475
15349	383	475
16529	24	476
13401	26	476
15829	42	476
14766	133	476
6462	161	476
5238	178	476
14526	213	476
11937	312	476
11880	337	476
7041	387	476
17301	516	476
3388	575	476
7678	12	477
17901	28	477
12408	442	477
5206	485	477
14414	554	477
18375	558	477
11188	105	478
1897	212	478
11327	231	478
4677	284	478
15980	306	478
11470	484	478
17872	547	478
15943	51	479
5049	72	479
17543	114	479
9656	135	479
13605	177	479
14653	424	479
14140	82	480
8257	497	480
13563	501	480
9175	116	481
17826	183	481
13906	226	481
12644	250	481
1072	269	481
12849	315	481
9264	429	481
16629	536	481
15906	122	482
6781	221	482
15404	461	482
3735	583	482
13700	48	483
1781	264	483
16962	561	483
5093	90	484
5920	118	484
11677	231	484
3673	291	484
1002	357	484
9591	360	484
13322	478	484
15279	9	485
1416	18	485
5531	37	485
17098	193	485
2533	211	485
10105	295	485
12894	442	485
15324	477	485
8995	532	485
11726	582	485
10357	585	485
1371	504	486
10062	511	486
9174	45	487
7649	74	487
4020	103	487
9206	112	487
17269	165	487
1533	232	487
17197	240	487
16400	263	487
6564	280	487
1729	418	487
4332	432	487
16471	451	487
9456	492	487
3073	569	487
16030	206	488
1293	470	488
16965	570	488
1396	60	489
6557	423	489
16007	80	490
18347	92	490
15862	186	490
14694	207	490
17020	252	490
12129	295	490
12858	312	490
1886	532	490
12906	19	491
8566	124	491
3760	428	491
6928	451	491
9057	577	491
17523	45	492
3559	229	492
3569	232	492
12627	263	492
11266	280	492
3445	432	492
1089	487	492
3227	539	492
5502	569	492
4607	70	493
5495	118	493
6096	147	493
5158	231	493
928	235	493
5054	153	494
12088	63	495
8512	123	495
7997	183	495
9483	226	495
5453	256	495
3744	257	495
4894	426	495
4621	586	495
7197	62	496
7229	72	496
5963	172	496
15468	218	496
4372	287	496
12925	534	496
11162	25	497
1398	79	497
12450	82	497
10009	208	497
2507	254	497
14093	448	497
14376	464	497
7297	480	497
18204	30	498
14240	157	498
14904	222	498
2342	245	498
17751	304	498
8910	350	498
12500	400	498
2627	414	498
15811	325	499
6038	359	499
726	519	499
15057	533	499
4985	546	499
8219	145	500
9978	381	500
4612	409	500
9687	427	500
10707	545	500
14652	138	501
11233	208	501
2509	413	501
3230	480	501
4050	110	502
2897	120	502
1160	284	502
10652	357	502
3137	503	502
11548	110	503
14836	284	503
6896	318	503
2896	502	503
1976	129	504
8538	329	504
9764	349	504
9618	467	504
18193	486	504
6149	511	504
17680	85	505
17442	94	505
5216	117	505
10791	185	505
15711	199	505
10326	244	505
12086	332	505
14971	352	505
4470	446	505
10889	85	506
17612	88	506
14739	117	506
15876	165	506
3059	193	506
16393	289	506
1812	410	506
12061	24	507
16727	42	507
6963	64	507
8562	337	507
1532	372	507
13054	415	507
14217	10	508
7846	93	508
13522	402	508
3729	182	509
12151	224	509
16758	245	509
6486	309	509
17961	357	509
13269	434	509
12723	187	510
3164	302	510
10799	43	511
12736	45	511
14590	65	511
621	129	511
8221	261	511
7744	262	511
4204	280	511
2797	281	511
11933	329	511
3241	349	511
3876	383	511
3177	441	511
638	447	511
18276	463	511
2969	486	511
1735	504	511
2023	512	511
10242	535	511
17611	20	512
9786	129	512
8385	192	512
7866	511	512
4909	78	513
10912	162	514
11830	392	514
10829	2	515
13729	41	515
5489	69	515
3485	126	515
5777	237	515
8792	247	515
9200	268	515
6245	315	515
5731	355	515
15484	365	515
15553	24	516
7005	26	516
9990	42	516
4527	178	516
5889	337	516
7788	387	516
11168	415	516
1377	476	516
6221	575	516
8419	84	517
1689	86	517
4296	185	517
3378	244	517
9773	335	517
12432	413	517
12442	531	517
8832	78	518
985	127	518
17676	225	518
2072	297	518
5436	3	519
11811	359	519
12378	373	519
11899	425	519
2518	499	519
10166	546	519
13244	49	520
12288	142	520
11944	167	520
3697	328	520
5568	230	521
15319	278	522
8822	409	522
9632	469	522
14574	90	523
11004	309	523
17644	410	523
4138	434	523
7435	536	523
656	104	524
8196	107	524
11344	231	524
12540	357	524
3054	579	524
8472	29	525
3061	39	525
10610	163	525
5552	179	525
14855	532	525
18408	533	525
14286	544	525
12938	577	525
7204	35	526
14874	49	526
5134	95	526
8069	142	526
4433	188	526
7675	273	526
3804	381	526
12348	468	526
1176	542	526
17522	15	527
12775	42	527
18189	247	527
4091	337	527
12795	438	527
6031	584	527
15145	395	528
1726	580	528
10790	9	529
3745	39	529
16277	96	529
17436	128	529
18090	152	529
14959	163	529
7124	451	529
4047	205	530
16479	217	530
3210	259	530
16537	340	530
980	415	530
10044	444	530
12355	185	531
5420	244	531
16170	335	531
1772	352	531
17642	413	531
12244	517	531
3446	80	532
1889	92	532
17174	186	532
8378	207	532
6773	295	532
6584	382	532
18439	416	532
1589	485	532
2112	490	532
17191	525	532
7031	87	533
4347	219	533
9834	252	533
7928	275	533
17418	325	533
1627	335	533
3496	499	533
3494	525	533
13034	577	533
5443	37	534
7604	61	534
11570	62	534
10629	72	534
7351	172	534
1730	218	534
1557	287	534
8471	292	534
1196	496	534
17868	27	535
10655	30	535
11056	144	535
7136	349	535
11049	355	535
995	463	535
15810	467	535
3721	511	535
3032	539	535
2221	5	536
8495	90	536
17630	182	536
12554	250	536
17287	313	536
11007	357	536
5177	360	536
7725	367	536
3405	481	536
17904	523	536
1206	18	537
17169	73	537
4759	148	537
10794	258	538
7816	284	538
17348	13	539
6235	27	539
9760	45	539
8194	57	539
10456	201	539
6868	232	539
17986	247	539
17227	263	539
1116	264	539
17298	280	539
7985	355	539
7248	432	539
3956	492	539
18367	535	539
15576	554	539
7171	569	539
9462	74	540
15589	94	540
15507	101	540
3678	144	540
6057	446	540
13767	266	541
5277	450	541
9950	95	542
1292	150	542
12534	160	542
11005	445	542
9492	526	542
7029	572	542
1647	29	543
10664	168	543
16379	179	543
10239	228	543
12705	233	543
8174	544	543
9667	556	543
18318	29	544
6026	39	544
1175	228	544
12574	365	544
12922	525	544
10201	543	544
8424	549	544
15816	216	545
15691	374	545
10597	381	545
16817	409	545
13447	500	545
4226	101	546
13327	155	546
6171	219	546
15641	275	546
15065	359	546
6948	425	546
5741	429	546
17465	499	546
15066	519	546
15684	105	547
1502	107	547
16567	118	547
18455	128	547
13741	182	547
8805	191	547
852	357	547
11316	430	547
18348	478	547
10087	23	548
6818	68	548
803	72	548
5939	12	549
7552	29	549
17839	41	549
13468	69	549
16125	123	549
2244	186	549
16680	237	549
2613	544	549
11209	16	550
14963	56	550
17801	57	550
1288	81	550
8880	139	550
15537	181	550
11118	266	550
9290	447	550
12104	553	550
14386	156	551
11426	390	551
13373	391	551
9044	457	551
10435	458	551
6280	573	551
9861	212	552
17090	258	552
2327	318	552
9896	348	552
1930	54	553
676	139	553
16840	170	553
15433	266	553
8529	447	553
9810	550	553
13974	18	554
11660	27	554
3487	69	554
2149	98	554
7532	326	554
4097	442	554
2705	453	554
10432	477	554
14844	539	554
5542	582	554
2139	293	555
17329	29	556
12290	33	556
1340	196	556
7150	227	556
15377	343	556
5529	389	556
5591	543	556
7936	156	557
10539	201	557
12214	206	557
15579	319	557
11378	352	557
15548	446	557
5164	2	558
11424	144	558
11857	172	558
13182	268	558
4113	282	558
14266	338	558
15541	355	558
1918	477	558
11377	35	559
10123	132	559
3844	242	559
18436	279	559
2078	300	559
5850	381	559
15882	409	559
16426	427	559
1034	451	559
14638	582	559
4104	293	560
11360	1	561
17855	18	561
6137	48	561
3901	181	561
15285	232	561
4471	263	561
15777	264	561
1115	364	561
17847	483	561
12164	569	561
10552	149	562
1112	19	563
17570	157	563
16142	198	563
17041	388	563
9432	428	563
9858	67	564
9514	125	564
7337	156	564
3360	192	564
12492	195	564
16240	99	565
8371	173	565
11643	317	565
17397	230	566
17713	297	566
7628	433	566
1451	269	567
4013	321	567
7365	398	567
5762	461	567
5126	60	568
15148	317	568
10736	45	569
13755	158	569
13597	232	569
2367	263	569
7217	280	569
12068	311	569
3006	432	569
14528	487	569
15042	492	569
16671	539	569
9525	561	569
13864	202	570
17508	303	570
7391	322	570
6477	470	570
2929	488	570
18309	587	570
930	143	571
15976	49	572
16199	58	572
10290	150	572
11864	167	572
16306	364	572
4992	409	572
6917	445	572
11309	542	572
13392	576	572
2124	11	573
2814	33	573
15280	131	573
10485	156	573
863	209	573
9289	250	573
3848	391	573
4864	434	573
15666	458	573
1607	551	573
11433	23	574
8871	214	574
9771	262	574
4515	465	574
14406	24	575
15510	26	575
17654	42	575
2622	178	575
16576	337	575
4771	415	575
12380	476	575
15534	516	575
18186	17	576
4807	49	576
2033	150	576
7017	167	576
4030	328	576
17711	356	576
10654	445	576
6678	572	576
12853	275	577
3128	491	577
8813	525	577
12758	533	577
6683	40	578
14982	118	578
3195	182	578
1910	187	578
2435	307	578
10625	357	578
8252	456	578
5589	107	579
10151	357	579
4910	358	579
958	524	579
4105	121	580
15499	132	580
10878	220	580
4449	347	580
12717	395	580
2776	403	580
8363	528	580
17277	77	581
17909	275	581
12258	296	581
12870	325	581
18071	413	581
15114	18	582
11704	46	582
13590	198	582
13869	255	582
17674	264	582
816	295	582
3269	316	582
17646	320	582
2388	409	582
7629	437	582
7959	453	582
9329	469	582
3542	485	582
4208	554	582
2854	559	582
7272	221	583
14705	459	583
6450	461	583
2874	482	583
13939	15	584
6438	42	584
3597	178	584
5322	247	584
6361	337	584
7399	438	584
6301	527	584
7998	12	585
9979	37	585
9555	88	585
14274	161	585
6707	186	585
11012	437	585
13165	485	585
17816	63	586
17123	94	586
17974	148	586
17956	174	586
2619	234	586
2724	255	586
4938	495	586
12318	133	587
18134	202	587
10120	206	587
14011	470	587
1044	570	587
18079	99	588
