3485	65	1
17802	142	1
3947	290	1
2155	298	1
12257	475	1
15968	561	1
18120	41	2
16945	87	2
9671	126	2
15326	208	2
7897	274	2
835	369	2
868	385	2
8064	462	2
8303	515	2
16508	558	2
12143	103	3
17175	319	3
9943	359	3
5974	373	3
6026	408	3
6947	519	3
18227	108	4
9910	146	4
2441	301	4
18413	368	4
3876	122	5
15557	360	5
10243	461	5
6185	536	5
5413	37	6
17459	61	6
13935	72	6
5462	172	6
17306	197	6
9107	218	6
16923	287	6
12664	292	6
6986	333	6
17650	412	6
17767	534	6
13533	8	7
14711	198	7
15883	228	7
3898	365	7
15334	462	7
10782	7	8
1083	33	8
13874	157	8
3683	322	8
14389	350	8
5520	365	8
7349	414	8
3981	123	9
6537	179	9
16956	219	9
18394	295	9
9580	312	9
2341	382	9
4937	397	9
7414	485	9
14057	529	9
14442	93	10
11144	143	10
13892	379	10
646	423	10
13593	431	10
9692	508	10
17447	521	10
14572	102	11
3185	116	11
1346	227	11
1768	376	11
5457	457	11
12605	458	11
1336	573	11
3302	28	12
1192	186	12
5953	295	12
12027	416	12
1632	477	12
7747	549	12
1177	585	12
3758	84	13
1138	99	13
3308	144	13
4593	166	13
13672	421	13
17709	539	13
7579	94	14
1594	258	14
14165	410	14
11115	42	15
16605	83	15
13153	339	15
14287	372	15
1247	438	15
11643	473	15
17398	527	15
9730	584	15
5237	139	16
6744	405	16
13279	550	16
4940	49	17
4146	95	17
5715	167	17
10134	328	17
18251	356	17
14839	576	17
6101	35	18
5036	142	18
4718	190	18
3337	198	18
13915	326	18
13933	364	18
9830	437	18
10186	453	18
8107	485	18
17876	537	18
14611	554	18
6572	561	18
18066	582	18
3530	157	19
13232	185	19
17972	275	19
4592	322	19
17422	428	19
16420	491	19
10617	533	19
10966	563	19
13718	27	20
8823	261	20
2833	273	20
11526	512	20
11297	43	21
7405	102	21
12313	181	21
4591	264	21
17302	369	21
4476	390	21
10619	457	21
8630	79	22
15747	80	22
6775	138	22
16704	208	22
3799	404	22
12693	214	23
16720	262	23
10178	300	23
17499	381	23
12215	465	23
659	548	23
13627	574	23
9181	42	24
12341	337	24
7533	82	25
11844	208	25
11177	254	25
3128	448	25
1245	464	25
3464	178	26
17799	387	26
3135	476	26
14779	575	26
1602	20	27
9585	299	27
7802	383	27
17867	535	27
4214	539	27
15944	554	27
15806	12	28
10553	100	28
14744	318	28
6998	446	28
3118	477	28
11467	39	29
17193	87	29
7470	123	29
15091	226	29
4152	237	29
16690	256	29
1137	343	29
8874	365	29
11740	389	29
16175	434	29
1699	525	29
7320	543	29
921	544	29
1554	556	29
7449	117	30
2554	234	30
8617	388	30
3072	390	30
13870	446	30
5292	458	30
13817	535	30
14516	143	31
15386	249	31
1568	276	31
18404	314	31
6693	317	31
7433	370	31
8551	423	31
12223	34	32
11699	85	32
11163	117	32
10152	199	32
18389	220	32
10354	239	32
17577	8	33
16168	227	33
7492	245	33
10295	283	33
10919	315	33
2779	330	33
5484	358	33
605	556	33
13697	573	33
10346	32	34
13446	84	34
15416	116	34
11223	172	34
6509	218	34
4072	282	34
16352	338	34
14998	355	34
17399	18	35
6005	48	35
5829	58	35
11897	95	35
12880	188	35
16551	273	35
1627	364	35
14023	526	35
8415	559	35
11479	112	36
2645	220	36
668	267	36
3350	418	36
1503	487	36
14330	6	37
4201	172	37
13938	197	37
13666	255	37
7838	268	37
14995	292	37
951	295	37
8751	333	37
9948	355	37
1435	485	37
5214	585	37
18454	101	38
14654	155	38
11623	293	38
4773	296	38
16504	474	38
16061	29	39
15097	198	39
10021	485	39
17606	525	39
9083	529	39
11148	544	39
10864	107	40
12353	118	40
15789	140	40
6538	306	40
15203	368	40
9110	2	41
914	126	41
11028	198	41
2793	237	41
11490	247	41
11594	515	41
17941	549	41
14204	15	42
11856	24	42
12869	64	42
14319	83	42
8740	178	42
5689	337	42
13346	339	42
9739	372	42
6312	410	42
4114	438	42
16769	473	42
15342	474	42
7599	507	42
10332	516	42
10544	527	42
5499	575	42
8745	584	42
5353	21	43
9097	160	43
5706	391	43
7627	441	43
14504	511	43
16150	99	44
6527	100	44
8468	127	44
2071	310	44
17997	422	44
10406	73	45
2028	158	45
14362	160	45
13510	229	45
15873	232	45
10161	263	45
17766	280	45
12824	290	45
14636	311	45
13211	394	45
8493	432	45
5251	475	45
11958	487	45
10448	492	45
18241	511	45
5304	569	45
8864	255	46
5078	316	46
5874	320	46
6845	374	46
5259	409	46
12110	469	46
5939	582	46
16361	302	47
3297	378	47
9755	510	47
2057	35	48
16693	390	48
6362	483	48
17224	561	48
16220	17	49
978	130	49
702	142	49
9296	150	49
11267	167	49
6042	273	49
8381	328	49
2590	356	49
1873	445	49
12139	520	49
1341	526	49
11923	572	49
8185	576	49
2337	423	50
616	72	51
15120	177	51
12957	479	51
4200	52	52
14624	141	52
9117	154	52
1815	164	52
17647	189	52
10996	248	52
18040	260	52
15766	305	52
16625	327	52
5538	353	52
3241	375	52
15981	471	52
2102	74	53
5355	213	53
11791	312	53
1981	344	53
17448	380	53
4344	447	53
17611	81	54
11774	447	54
14292	450	54
15850	553	54
16817	229	55
919	240	55
16571	285	55
9584	347	55
8296	377	55
7840	109	56
10958	139	56
7522	166	56
4580	195	56
13953	376	56
5165	447	56
2945	550	56
4553	139	57
15330	144	57
9724	181	57
7768	539	57
4807	550	57
11870	35	58
18194	95	58
5222	150	58
2519	167	58
2195	188	58
14253	281	58
6802	445	58
11501	572	58
12374	210	59
16333	257	59
3065	382	59
18312	532	59
14259	99	60
1886	127	60
9259	317	60
16373	347	60
12558	431	60
8420	466	60
14503	489	60
16791	568	60
14535	6	61
5802	62	61
9454	72	61
908	172	61
4247	197	61
12432	218	61
18270	287	61
942	292	61
16330	333	61
9342	412	61
4161	417	61
11731	460	61
2011	496	61
18295	534	61
13822	61	62
4995	72	62
1906	172	62
1964	218	62
16894	496	62
9461	534	62
4717	98	63
9002	388	63
18387	416	63
17282	495	63
4529	586	63
5549	42	64
13165	507	64
9646	1	65
14542	129	65
15720	262	65
9695	383	65
16219	463	65
3961	475	65
6502	511	65
17961	210	66
9918	239	66
4142	267	66
12256	361	66
6323	403	66
4135	426	66
7748	109	67
16944	194	67
11129	344	67
10311	564	67
7369	72	68
1292	114	68
16205	214	68
11228	277	68
14694	437	68
1789	465	68
2777	548	68
11245	416	69
6727	515	69
9815	549	69
10684	554	69
9921	107	70
18465	119	70
18132	270	70
13578	368	70
6555	452	70
2617	456	70
12419	493	70
13686	146	71
12522	162	71
10559	402	71
2576	423	71
742	6	72
15834	51	72
5111	61	72
9923	62	72
16788	68	72
3383	135	72
4792	177	72
4337	197	72
5924	204	72
15546	277	72
14001	282	72
7353	287	72
16895	292	72
11077	333	72
8728	338	72
6939	362	72
4436	409	72
9762	412	72
14770	417	72
3957	424	72
15455	460	72
3419	479	72
9969	496	72
7156	534	72
13635	548	72
1538	45	73
14395	394	73
2937	537	73
14372	53	74
17750	165	74
8256	335	74
18230	418	74
2292	450	74
6051	487	74
6817	540	74
13590	321	75
13005	386	75
13762	461	75
4934	258	76
6046	306	76
12920	101	77
1552	274	77
7716	296	77
9725	359	77
17411	373	77
677	519	77
8219	581	77
3064	238	78
14434	449	78
17075	456	78
12939	513	78
3233	518	78
14139	22	79
11922	82	79
13448	208	79
10821	404	79
11432	497	79
14999	22	80
15910	185	80
16692	382	80
17706	404	80
4091	490	80
18426	532	80
8558	54	81
3083	139	81
2254	181	81
1941	447	81
15937	550	81
5812	25	82
14610	79	82
8379	208	82
13894	254	82
14034	448	82
6236	464	82
11808	480	82
10719	497	82
5116	15	83
9122	42	83
10720	339	83
12500	372	83
761	13	84
6122	34	84
1777	332	84
1331	393	84
11138	397	84
9008	517	84
16914	32	85
10247	117	85
12088	201	85
17986	208	85
7841	289	85
14451	410	85
17710	446	85
2411	505	85
1440	506	85
17642	138	86
14200	413	86
13563	517	86
16880	2	87
11312	29	87
4922	100	87
1890	168	87
6705	219	87
6291	237	87
8272	257	87
5896	274	87
14288	275	87
18252	533	87
14348	161	88
4502	172	88
2963	215	88
4892	218	88
17238	246	88
6556	472	88
4771	585	88
8298	250	89
10302	286	89
15153	344	89
3696	380	89
1989	435	89
17855	104	90
7256	357	90
5727	367	90
12159	484	90
15371	523	90
15558	536	90
9022	136	91
9637	399	91
14549	461	91
17901	185	92
11523	193	92
13377	211	92
15931	217	92
2966	252	92
12616	340	92
14550	393	92
17950	490	92
1078	532	92
8856	10	93
12776	419	93
11600	423	93
8730	439	93
1058	508	93
8792	14	94
13727	206	94
6484	234	94
5824	505	94
4972	540	94
2037	586	94
17077	17	95
2180	35	95
8262	58	95
17885	142	95
6218	167	95
13185	188	95
15540	273	95
16851	279	95
14097	383	95
9906	526	95
2064	542	95
9491	559	95
5630	103	96
12196	319	96
2899	206	97
10320	470	97
791	63	98
7893	144	98
6767	237	98
1817	240	98
1780	268	98
4827	354	98
8803	388	98
17230	437	98
13128	442	98
5266	554	98
16561	13	99
7022	44	99
6576	60	99
14141	106	99
4486	113	99
2241	115	99
2018	173	99
12450	241	99
6540	253	99
7235	276	99
10816	331	99
7968	407	99
9741	565	99
10341	588	99
2912	28	100
6765	44	100
9379	87	100
11732	269	100
8607	318	100
2618	38	101
7537	77	101
18156	155	101
7834	296	101
15739	373	101
1948	429	101
4650	540	101
2330	546	101
9240	11	102
10558	21	102
17934	117	102
7221	369	102
4232	457	102
4241	458	102
1016	462	102
11559	3	103
17787	96	103
948	319	103
6724	408	103
6015	487	103
7785	90	104
4327	307	104
3667	357	104
11194	358	104
885	524	104
6664	107	105
1481	118	105
3402	128	105
17698	182	105
15131	191	105
5888	357	105
15408	430	105
6838	478	105
8013	547	105
9158	99	106
17168	173	106
7276	317	106
8443	40	107
9988	70	107
6197	105	107
10835	271	107
14882	291	107
950	306	107
6830	309	107
889	357	107
16573	430	107
12312	524	107
6102	547	107
5084	579	107
10046	4	108
17415	140	108
14162	402	108
5163	452	108
15268	454	108
4362	456	108
9953	56	109
11962	67	109
10649	344	109
3019	443	109
18390	284	110
11557	399	110
17497	502	110
1340	503	110
18266	132	111
10432	152	111
2528	229	111
5736	262	111
17816	324	111
3532	361	111
15503	450	111
12315	36	112
7848	121	112
11340	220	112
3040	418	112
16735	487	112
5460	99	113
11913	137	113
10368	225	113
14815	241	113
2828	305	113
6060	68	114
13068	135	114
16924	177	114
5766	362	114
11973	99	115
12834	276	115
1812	317	115
18479	11	116
4466	34	116
4682	239	116
2903	247	116
4540	355	116
7308	416	116
7215	457	116
9967	481	116
3366	30	117
7879	32	117
14388	85	117
3787	102	117
7699	165	117
12647	199	117
3705	410	117
6358	505	117
14184	506	117
5946	40	118
5085	105	118
8173	153	118
6668	200	118
16314	235	118
3951	318	118
14623	484	118
13882	547	118
7456	578	118
3379	70	119
13516	146	119
17618	301	119
14282	284	120
17108	386	120
17410	399	120
9479	502	120
11027	112	121
10534	201	121
11838	209	121
1678	229	121
5186	332	121
5191	418	121
11071	426	121
10989	580	121
2365	5	122
16946	125	122
15832	192	122
7042	221	122
2533	231	122
8650	360	122
15043	482	122
13807	9	123
1790	29	123
10475	152	123
15016	237	123
15698	256	123
14714	549	123
7417	223	124
18218	366	124
13538	491	124
7315	122	125
6795	156	125
12155	192	125
18207	195	125
15764	344	125
12894	564	125
9099	2	126
666	41	126
3564	237	126
13226	247	126
10405	515	126
10497	44	127
15559	60	127
10614	153	127
6064	518	127
10533	105	128
10659	245	128
10328	357	128
4468	529	128
2549	547	128
7375	65	129
10485	329	129
9668	463	129
644	511	129
12974	512	129
3440	49	130
14878	167	130
12884	356	130
8457	445	130
13480	226	131
11611	239	131
8277	250	131
1401	315	131
7355	361	131
12335	397	131
6651	111	132
2288	229	132
11225	242	132
7030	347	132
10168	426	132
17361	559	132
14036	580	132
4377	152	133
13449	163	133
14373	476	133
11768	587	133
15760	161	134
1500	213	134
9994	215	134
9831	259	134
10939	312	134
816	336	134
5371	340	134
9708	72	135
7472	114	135
2610	144	135
13696	424	135
2552	91	136
2939	461	136
16206	113	137
1610	162	137
7410	243	137
12892	288	137
18237	22	138
6256	86	138
13293	404	138
12711	413	138
13982	501	138
14671	16	139
5858	56	139
12842	57	139
2848	81	139
6949	181	139
2454	266	139
11108	447	139
1731	550	139
12814	553	139
2738	40	140
15701	108	140
3372	368	140
11301	379	140
13342	52	141
8202	141	141
5530	1	142
7728	18	142
14175	49	142
16152	95	142
1899	273	142
1978	468	142
14824	500	142
2115	520	142
4654	526	142
10501	10	143
13405	31	143
5395	249	143
13597	276	143
14688	297	143
10970	439	143
10688	571	143
16933	13	144
4049	57	144
14425	98	144
2901	135	144
5971	355	144
8195	535	144
3188	540	144
11782	558	144
11414	216	145
998	374	145
7453	381	145
9302	500	145
6497	4	146
12778	71	146
14475	119	146
2456	162	146
5050	270	147
2289	392	147
15307	493	147
4845	203	148
8231	233	148
14626	234	148
6799	376	148
11266	537	148
5463	573	148
12570	586	148
6656	384	149
3310	461	149
8187	562	149
8571	49	150
8871	58	150
8920	167	150
12416	364	150
14407	409	150
3148	445	150
8077	542	150
9603	572	150
6058	170	151
15520	447	151
12199	111	152
12930	123	152
12512	133	152
5105	163	152
3769	212	152
4140	529	152
10635	118	153
4271	127	153
6590	180	153
6069	191	153
932	222	153
7141	235	153
18450	317	153
9606	334	153
7117	346	153
1106	422	153
5216	449	153
10655	467	153
13114	494	153
13392	52	154
5940	154	154
13731	38	155
13751	101	155
8865	184	155
14759	499	155
13484	501	155
9144	546	155
11767	125	156
5562	376	156
14255	551	156
15292	557	156
7551	564	156
16506	573	156
5702	8	157
8024	19	157
7286	198	157
6926	498	157
1175	563	157
3547	45	158
5424	232	158
10113	263	158
1708	264	158
4094	280	158
14924	394	158
8142	569	158
849	211	159
6275	218	159
8974	246	159
2977	417	159
12654	460	159
8166	43	160
14987	45	160
6053	280	160
3824	285	160
15197	298	160
4230	390	160
9128	391	160
12552	411	160
15024	441	160
12506	542	160
14440	88	161
16650	134	161
9547	218	161
9200	354	161
13110	437	161
15614	472	161
13630	476	161
9469	585	161
9040	71	162
17920	137	162
12418	146	162
3494	323	162
1588	402	162
14639	514	162
7159	133	163
9600	152	163
4399	422	163
8147	525	163
966	529	163
11176	52	164
2418	164	164
5031	74	165
11160	117	165
7837	365	165
4036	406	165
16657	487	165
13854	506	165
9905	13	166
11718	56	166
15600	421	166
3028	461	166
3059	17	167
15428	49	167
10087	58	167
14607	95	167
1067	130	167
15785	150	167
15121	328	167
14496	356	167
10788	445	167
1017	520	167
9364	572	167
6338	576	167
15234	87	168
7973	228	168
16080	245	168
12144	283	168
14357	365	168
13399	462	168
1557	543	168
7467	193	169
10920	211	169
5203	218	169
8978	300	169
12820	472	169
6984	151	170
16829	447	170
9665	553	170
9365	289	171
5774	374	171
2745	409	171
3169	440	171
16744	582	171
15151	6	172
13522	34	172
6204	37	172
8019	61	172
14331	62	172
8454	88	172
11510	197	172
14534	204	172
8544	215	172
5446	282	172
6788	287	172
2151	292	172
8840	333	172
1775	338	172
17578	411	172
2021	412	172
5211	417	172
3674	460	172
14710	472	172
16709	496	172
14163	534	172
11430	548	172
2722	558	172
9788	99	173
10422	106	173
6887	241	173
10025	253	173
16799	276	173
1295	317	173
13444	331	173
6366	565	173
5323	403	174
3445	418	174
896	426	174
2273	586	174
6702	276	175
9422	360	176
17935	459	176
2380	461	176
1368	51	177
5712	72	177
3949	114	177
12535	424	177
6490	479	177
8917	26	178
11182	42	178
17087	387	178
879	410	178
15205	473	178
14209	476	178
18339	516	178
12298	575	178
2222	9	179
8499	525	179
16192	543	179
7751	153	180
8626	191	180
8406	235	180
15699	21	181
10125	57	181
6399	81	181
12567	139	181
2366	264	181
12709	457	181
17278	550	181
5344	561	181
15565	105	182
854	309	182
4132	357	182
17548	430	182
17758	509	182
7294	536	182
9749	547	182
6768	578	182
18125	234	183
4500	269	183
11418	324	183
12481	360	183
7693	426	183
7247	481	183
10421	495	183
13735	155	184
8188	234	184
9504	293	184
1913	304	184
3206	322	184
13276	400	184
16344	19	185
7198	80	185
17324	92	185
5636	275	185
16428	335	185
14172	352	185
3022	382	185
14683	505	185
17869	517	185
13955	531	185
1087	577	185
18263	12	186
13363	199	186
13402	295	186
14224	490	186
18382	532	186
4434	585	186
15322	196	187
18464	222	187
6526	245	187
5525	330	187
1676	350	187
10609	369	187
13557	434	187
10267	510	187
7757	578	187
16663	35	188
14556	58	188
15947	95	188
5920	324	188
6565	395	188
9883	451	188
10462	526	188
10610	52	189
10007	189	189
13275	18	190
7356	326	190
11474	453	190
8911	105	191
12773	153	191
2583	180	191
594	222	191
15288	334	191
6496	346	191
5664	422	191
5671	449	191
15257	456	191
11318	467	191
7190	547	191
8882	122	192
10127	125	192
8559	512	192
5188	564	192
17612	92	193
14691	169	193
14990	211	193
13853	215	193
11979	246	193
8969	300	193
3996	472	193
14751	485	193
11294	506	193
10384	67	194
12575	286	194
12188	421	194
6410	461	194
1176	56	195
11771	125	195
15040	564	195
4015	187	196
12937	223	196
1595	318	196
6632	343	196
9982	502	196
10691	556	196
10895	6	197
13794	37	197
15119	61	197
13612	72	197
17561	172	197
3378	218	197
2962	292	197
12938	412	197
6369	7	198
12638	18	198
5723	39	198
7125	41	198
7801	157	198
16425	275	198
16128	315	198
9206	563	198
3814	582	198
7960	32	199
8844	117	199
14136	186	199
1318	207	199
2336	239	199
12856	247	199
4833	403	199
8165	410	199
11394	426	199
10412	558	199
18206	118	200
3506	357	200
9528	85	201
9056	121	201
16804	229	201
17655	251	201
3412	410	201
8444	434	201
11050	446	201
15431	539	201
7455	557	201
12243	303	202
8330	470	202
9450	570	202
18076	587	202
18231	148	203
9619	234	203
10673	255	203
16733	294	203
15396	409	203
13531	72	204
5922	172	204
2981	215	204
8283	282	204
7048	338	204
5649	411	204
4058	217	205
3068	265	205
3734	415	205
11689	473	205
4458	530	205
2562	94	206
14419	97	206
1051	304	206
4386	335	206
1752	428	206
16673	488	206
843	557	206
5553	587	206
10808	199	207
1287	265	207
5746	473	207
4130	490	207
3422	532	207
7779	2	208
12518	22	208
3224	25	208
6432	79	208
16384	82	208
979	85	208
3087	254	208
3909	404	208
16336	448	208
16751	464	208
16500	497	208
9472	501	208
7460	121	209
1523	312	209
14110	330	209
17000	410	209
3105	573	209
3420	59	210
1709	66	210
3242	226	210
3750	237	210
9532	257	210
18324	416	210
9761	92	211
4117	159	211
13883	169	211
665	193	211
17586	218	211
12980	485	211
14094	152	212
4763	318	212
1310	478	212
14796	552	212
3636	53	213
4753	134	213
5608	312	213
9333	476	213
17834	23	214
987	68	214
10449	300	214
12783	465	214
11843	574	214
14294	88	215
10085	134	215
16383	172	215
15517	193	215
8059	204	215
2728	246	215
2022	472	215
3932	145	216
17015	273	216
15253	279	216
4113	381	216
13551	427	216
18445	545	216
12956	92	217
2308	205	217
4192	340	217
16342	415	217
16358	530	217
4105	6	218
5684	34	218
1185	61	218
5145	62	218
6317	88	218
14500	159	218
5131	161	218
14631	169	218
18253	197	218
16582	211	218
7245	246	218
13540	282	218
12238	287	218
6013	292	218
16108	333	218
4844	338	218
4396	412	218
16359	417	218
9524	460	218
17973	496	218
12425	506	218
17247	534	218
5300	9	219
11204	87	219
13905	275	219
3743	312	219
9519	335	219
7403	382	219
4600	529	219
4354	533	219
10045	546	219
2636	32	220
9715	36	220
672	112	220
717	240	220
3406	251	220
6003	377	220
7228	403	220
9260	580	220
11069	122	221
2223	461	221
5908	482	221
2871	583	221
2204	153	222
15690	187	222
13651	191	222
5423	224	222
3820	350	222
12657	366	222
14616	378	222
14152	449	222
16021	498	222
8439	563	222
8190	124	223
16922	196	223
9534	222	224
7404	238	224
17073	251	224
1966	301	224
12306	433	224
16105	452	224
15196	113	225
2379	307	225
5586	518	225
13430	29	226
14867	131	226
12236	210	226
661	233	226
10027	257	226
7877	315	226
11544	481	226
9408	495	226
15061	11	227
15770	33	227
9632	233	227
9661	285	227
8810	315	227
3189	343	227
6510	543	227
2788	7	228
3559	168	228
13296	544	228
8833	45	229
18371	55	229
14289	111	229
11374	121	229
4530	132	229
17682	201	229
15387	251	229
17736	406	229
917	492	229
3827	341	230
18097	521	230
13001	566	230
15925	571	230
18294	122	231
16462	461	231
5564	484	231
18080	493	231
14195	524	231
3730	45	232
15440	158	232
8329	263	232
16901	280	232
2228	311	232
8694	432	232
14016	487	232
10365	492	232
2685	539	232
2742	561	232
14981	569	232
14555	148	233
5040	226	233
5633	227	233
1864	256	233
1736	267	233
2001	343	233
17582	365	233
8596	376	233
4326	389	233
6688	543	233
10447	30	234
3664	94	234
16360	148	234
2054	183	234
2156	184	234
18141	203	234
11075	418	234
3457	446	234
7499	453	234
9628	586	234
14889	118	235
6657	153	235
6741	180	235
9244	318	235
13956	346	235
17958	422	235
9058	456	235
3456	493	235
10049	371	236
13638	380	236
15450	447	236
12444	29	237
12133	41	237
12636	87	237
6569	98	237
10312	123	237
13243	126	237
7794	210	237
14966	257	237
14800	442	237
10594	515	237
7034	549	237
3463	78	238
17523	224	238
10174	402	238
15556	466	238
11014	32	239
10758	66	239
902	116	239
13182	131	239
15824	199	239
14835	416	239
16530	55	240
2669	98	240
4506	220	240
8029	418	240
6235	487	240
17382	99	241
15015	113	241
8399	173	241
14190	305	241
8712	317	241
14952	132	242
13108	279	242
18172	381	242
10581	559	242
15458	137	243
15855	422	243
4071	413	244
3985	505	244
7800	517	244
4197	531	244
10210	33	245
14951	128	245
5828	168	245
4615	187	245
12361	330	245
15137	343	245
6530	434	245
12029	498	245
13760	509	245
8878	88	246
2768	159	246
2815	193	246
14904	215	246
9651	218	246
13996	472	246
12491	41	247
2474	116	247
15708	126	247
2850	199	247
12811	355	247
1479	416	247
14072	438	247
18384	515	247
8652	527	247
15267	539	247
14807	584	247
9812	52	248
847	248	248
10899	31	249
4120	143	249
9100	89	250
13687	131	250
11386	286	250
15884	309	250
1905	481	250
5841	536	250
11229	573	250
6757	201	251
9387	220	251
11972	224	251
9010	229	251
10588	420	251
11004	483	251
5016	490	251
3969	92	252
3120	259	252
4924	340	252
2130	393	252
5583	420	252
5391	490	252
9490	533	252
7076	99	253
3871	173	253
3970	317	253
5569	25	254
13334	82	254
5590	208	254
18098	448	254
12850	464	254
5748	37	255
18265	46	255
15223	203	255
11999	316	255
4099	409	255
5884	469	255
14199	582	255
11438	586	255
11645	29	256
5439	123	256
8163	233	256
16274	269	256
16311	315	256
9146	403	256
17589	418	256
11124	495	256
17691	59	257
10824	87	257
1806	210	257
8309	226	257
17328	237	257
18024	315	257
7178	416	257
6408	495	257
6755	14	258
8685	76	258
15461	345	258
17265	399	258
9455	538	258
2604	552	258
10264	134	259
2910	252	259
12818	340	259
750	415	259
1423	444	259
8690	530	259
2415	52	260
1953	260	260
8049	20	261
4121	271	261
17891	273	261
5414	380	261
6267	383	261
13632	475	261
18173	511	261
1139	23	262
7558	65	262
13173	111	262
9811	324	262
17184	511	262
3960	512	262
3782	574	262
2581	45	263
10540	158	263
6720	232	263
2670	280	263
8877	311	263
4576	432	263
6277	487	263
8380	539	263
6954	561	263
1356	569	263
7222	21	264
15272	158	264
7582	181	264
6663	299	264
17260	483	264
4171	539	264
15631	561	264
1422	582	264
13734	205	265
10674	207	265
3602	336	265
15207	473	265
13477	139	266
8804	324	266
14436	447	266
11872	541	266
17865	550	266
11080	553	266
11539	36	267
9791	66	267
10154	233	267
12843	403	267
8104	418	267
17001	37	268
9503	98	268
10128	355	268
14364	442	268
6350	515	268
16435	558	268
4797	585	268
12933	100	269
12928	183	269
1482	256	269
6610	481	269
10245	567	269
7187	70	270
12131	147	270
15303	318	270
16407	334	270
7682	456	270
15005	107	271
9685	261	271
3836	309	271
16706	357	271
13525	380	271
2317	430	271
17788	551	271
10147	398	272
15718	436	272
10442	461	272
12336	20	273
3978	35	273
6678	49	273
4116	95	273
3394	142	273
11820	216	273
10294	261	273
4103	526	273
11517	2	274
17660	77	274
10759	87	274
9406	296	274
6462	315	274
7153	425	274
5255	19	275
7269	87	275
9594	185	275
2518	198	275
6857	219	275
16610	296	275
13866	382	275
3842	533	275
12859	546	275
865	577	275
9152	581	275
9793	31	276
3088	99	276
14913	115	276
12639	143	276
6461	173	276
2755	175	276
16003	305	276
14270	323	276
3268	327	276
1238	68	277
5194	72	277
11833	289	277
9929	352	277
7918	374	278
1261	409	278
9636	522	278
3278	582	278
14508	95	279
13824	216	279
887	242	279
800	381	279
18345	559	279
18155	45	280
2704	158	280
3685	160	280
14029	232	280
2403	263	280
10165	290	280
17376	311	280
11516	394	280
10575	432	280
9318	475	280
16683	487	280
11753	492	280
14240	511	280
9757	569	280
1700	58	281
5404	441	281
2773	504	281
4942	511	281
15709	34	282
15305	72	282
16426	172	282
15069	204	282
10387	218	282
1373	338	282
7621	558	282
12043	33	283
17946	168	283
2430	315	283
793	365	283
2065	462	283
6894	110	284
4101	120	284
2967	318	284
10397	405	284
4624	478	284
5918	502	284
12442	503	284
17442	538	284
11741	55	285
6646	160	285
17993	227	285
9565	298	285
12326	385	285
3209	388	285
12224	390	285
16637	458	285
10225	89	286
18192	194	286
13203	250	286
845	360	286
8777	421	286
6855	435	286
6062	461	286
13967	6	287
13961	61	287
6617	72	287
18362	172	287
12447	218	287
6166	292	287
2715	333	287
2256	412	287
3094	417	287
15793	460	287
2010	137	288
4660	323	288
17938	422	288
12678	85	289
14035	171	289
13703	277	289
14501	294	289
8017	360	289
15835	440	289
1105	506	289
10780	1	290
6710	45	290
11644	280	290
10065	311	290
17135	107	291
11023	6	292
18059	37	292
10960	61	292
10494	72	292
2453	172	292
13631	197	292
3475	218	292
3719	287	292
9541	333	292
5220	412	292
10177	417	292
14254	460	292
10477	38	293
5775	184	293
4690	350	293
6592	555	293
6096	560	293
14498	203	294
1367	289	294
9369	409	294
6126	467	294
2940	468	294
10118	9	295
14317	12	295
11200	37	295
11389	186	295
1920	485	295
6446	490	295
18453	532	295
11992	582	295
6097	38	296
13454	77	296
14804	101	296
2255	274	296
7681	275	296
16725	359	296
10038	373	296
7903	499	296
17854	519	296
10851	546	296
11279	581	296
14386	143	297
8825	317	297
8953	363	297
2355	370	297
5064	401	297
8255	518	297
5986	566	297
3774	1	298
12881	160	298
3317	285	298
6550	390	298
9512	441	298
3387	475	298
6068	27	299
8491	264	299
15185	349	299
12750	23	300
3783	169	300
4743	193	300
8212	214	300
11242	354	300
17533	559	300
6638	4	301
3621	119	301
7703	224	301
6194	402	301
12781	449	301
12769	452	301
17933	47	302
12681	351	302
3695	378	302
17754	510	302
10290	202	303
6280	470	303
7559	570	303
6474	184	304
5469	206	304
6525	428	304
17652	498	304
16145	52	305
3258	113	305
11664	241	305
4268	276	305
633	305	305
16470	40	306
10100	76	306
16566	107	306
6675	478	306
7342	104	307
14527	225	307
1079	578	307
4887	419	308
13429	107	309
657	182	309
5900	250	309
7374	271	309
16782	357	309
3964	365	309
17911	452	309
5542	509	309
10733	44	310
4719	45	311
652	232	311
16038	263	311
7568	280	311
4680	290	311
15236	569	311
5058	9	312
14355	53	312
15154	134	312
5838	209	312
18077	213	312
11529	219	312
3529	354	312
4848	476	312
6731	490	312
7964	330	313
7658	358	313
5614	367	313
12508	368	313
1693	457	313
11742	536	313
17632	31	314
11101	33	315
7092	131	315
3411	198	315
10280	226	315
9962	227	315
4257	256	315
6909	257	315
7272	274	315
1490	283	315
5588	365	315
8854	481	315
11668	515	315
5066	46	316
9294	255	316
15501	320	316
15865	374	316
18286	409	316
11807	469	316
8066	582	316
8215	31	317
5955	60	317
1343	106	317
5307	115	317
1024	153	317
14321	173	317
8101	241	317
3210	253	317
3304	297	317
12823	331	317
5984	370	317
8337	565	317
4419	568	317
3252	28	318
4818	100	318
18049	118	318
4953	196	318
4176	212	318
14416	235	318
8038	270	318
11344	284	318
13313	348	318
736	503	318
7819	552	318
9552	3	319
7844	96	319
5547	103	319
10662	408	319
9996	488	319
7191	46	320
6749	316	320
1650	374	320
10872	409	320
17708	582	320
2148	75	321
16231	461	321
7591	567	321
1491	8	322
8679	19	322
14591	184	322
7592	428	322
15899	570	322
10922	162	323
3237	276	323
7093	288	323
2073	334	323
6552	422	323
3122	111	324
8766	183	324
18236	188	324
8172	262	324
13336	266	324
7028	403	324
17029	418	324
3257	426	324
4411	335	325
16812	499	325
15583	533	325
13149	581	325
10873	18	326
17720	190	326
2221	453	326
3280	554	326
15983	52	327
14612	276	327
9859	327	327
3486	17	328
9892	49	328
15901	167	328
4382	356	328
4369	520	328
12316	576	328
15182	129	329
9409	504	329
13839	511	329
18425	33	330
9112	187	330
9371	209	330
762	245	330
5275	313	330
6999	367	330
6131	457	330
13519	99	331
7412	173	331
7550	317	331
5856	84	332
15887	121	332
6083	395	332
10106	505	332
6988	6	333
3904	37	333
15841	61	333
11378	72	333
11357	172	333
2219	218	333
12221	287	333
13594	292	333
17623	412	333
17316	153	334
15786	191	334
17725	270	334
17544	323	334
13367	392	334
7225	74	335
6886	185	335
4347	206	335
15075	219	335
10889	325	335
13098	517	335
13416	531	335
6018	533	335
8201	134	336
3784	265	336
11331	444	336
14336	473	336
11484	24	337
5624	42	337
4277	34	338
15417	72	338
6233	172	338
15286	204	338
15247	218	338
4824	282	338
17210	558	338
6057	15	339
12449	42	339
13018	83	339
2399	372	339
15304	92	340
18103	134	340
8467	217	340
17889	252	340
5059	259	340
8022	415	340
11662	444	340
10080	530	340
7714	230	341
16053	380	342
11317	435	342
5125	447	342
9309	455	342
11586	29	343
11186	196	343
1362	227	343
12494	233	343
8894	245	343
11307	389	343
11272	434	343
12237	556	343
1715	53	344
3172	67	344
13251	89	344
7745	109	344
8274	125	344
17534	435	344
14109	443	344
14666	461	344
11527	583	344
1685	258	345
2480	399	345
10486	153	346
1803	191	346
9322	235	346
2488	55	347
10526	60	347
10737	132	347
1182	406	347
8625	580	347
5885	318	348
5294	552	348
18176	299	349
13719	383	349
7614	463	349
3321	504	349
3725	511	349
16030	535	349
4702	8	350
4722	187	350
16415	222	350
11041	293	350
12836	400	350
5004	428	350
1306	498	350
4622	302	351
14718	510	351
14073	185	352
16809	277	352
14473	505	352
16213	531	352
16758	557	352
13442	52	353
9591	353	353
5875	98	354
16578	161	354
3577	300	354
11736	312	354
14961	437	354
796	465	354
17963	34	355
13873	37	355
8313	116	355
15787	144	355
14641	247	355
15382	268	355
15327	442	355
12747	515	355
5133	535	355
6082	558	355
14646	17	356
14068	49	356
11896	130	356
15235	167	356
15391	328	356
18023	90	357
9520	104	357
18395	105	357
14934	107	357
5867	128	357
9123	182	357
6722	200	357
5008	271	357
1352	309	357
17970	358	357
8010	430	357
17669	456	357
13829	484	357
16366	502	357
3158	509	357
13949	524	357
16781	536	357
8068	547	357
15002	578	357
15574	579	357
16235	33	358
7702	104	358
5012	313	358
10416	357	358
5545	579	358
1486	3	359
18259	77	359
890	296	359
11019	373	359
3508	425	359
10189	499	359
640	519	359
5527	546	359
6351	5	360
15578	122	360
9338	176	360
4237	183	360
2157	286	360
3914	289	360
5378	461	360
17067	484	360
2325	536	360
1173	66	361
18211	111	361
17965	131	361
851	377	361
8755	403	361
14775	72	362
14318	114	362
2023	297	363
17795	18	364
9093	35	364
10229	150	364
17248	445	364
14596	468	364
7878	561	364
5821	572	364
16098	7	365
747	8	365
8523	29	365
9383	165	365
6443	168	365
11654	233	365
18163	283	365
8843	309	365
4938	315	365
6902	515	365
9303	544	365
15263	124	366
5328	222	366
10777	378	366
9160	90	367
8088	313	367
8517	330	367
6915	536	367
18041	4	368
16840	40	368
9566	70	368
14048	140	368
3038	313	368
8362	379	368
2702	2	369
5164	21	369
10213	102	369
4507	187	369
18330	462	369
3505	31	370
7997	297	370
5847	317	370
609	236	371
17531	396	371
4188	447	371
10772	15	372
2809	42	372
8184	83	372
16505	339	372
12528	3	373
7820	77	373
6908	101	373
16694	296	373
6121	359	373
14969	519	373
13899	46	374
10768	145	374
18162	171	374
7732	278	374
17225	316	374
4432	320	374
3340	409	374
8482	440	374
15328	469	374
14613	522	374
9335	545	374
3795	52	375
1862	375	375
6506	11	376
6065	56	376
16845	148	376
9527	156	376
11369	233	376
3615	458	376
11447	55	377
15655	220	377
7701	361	377
18328	47	378
5106	222	378
15667	302	378
5682	366	378
5144	10	379
9274	140	379
13326	368	379
12714	431	379
4148	449	379
5571	53	380
11614	89	380
2214	236	380
16332	261	380
15722	271	380
3859	342	380
5942	447	380
4903	23	381
2514	145	381
2994	216	381
12844	242	381
12995	279	381
8134	409	381
7257	427	381
17846	500	381
3834	526	381
17264	545	381
3442	559	381
11248	9	382
10680	59	382
16212	80	382
15564	185	382
14632	219	382
16232	275	382
10095	490	382
5750	532	382
13992	27	383
14547	65	383
17829	95	383
5627	261	383
12629	349	383
5455	475	383
15805	511	383
13907	149	384
12623	461	384
17020	2	385
1197	285	385
9330	388	385
5970	429	385
3218	75	386
10979	120	386
3751	436	386
837	461	386
4324	26	387
4703	178	387
10531	476	387
4010	30	388
7705	63	388
13318	98	388
3368	285	388
6216	385	388
10218	29	389
14438	233	389
810	343	389
12492	556	389
2466	21	390
660	30	390
8583	48	390
10119	160	390
4589	285	390
11630	298	390
3650	457	390
8753	551	390
4658	43	391
14031	160	391
12864	447	391
11837	450	391
8249	458	391
1725	551	391
6274	573	391
9941	147	392
18392	334	392
16167	514	392
17042	84	393
5297	92	393
11237	252	393
6901	45	394
9970	73	394
1225	158	394
14541	280	394
15011	188	395
6192	332	395
1528	410	395
17094	451	395
4563	528	395
5001	580	395
2145	371	396
5592	447	396
14099	9	397
9108	84	397
16380	131	397
5869	272	398
15990	461	398
12415	502	398
7275	567	398
6594	91	399
3071	110	399
12513	120	399
7611	258	399
5074	345	399
1997	184	400
3141	350	400
11638	428	400
9284	491	400
7589	498	400
5904	297	401
11574	71	402
12387	108	402
11984	162	402
17615	238	402
4699	301	402
15062	66	403
8622	174	403
12300	199	403
1004	220	403
13513	256	403
16684	267	403
3903	324	403
14753	361	403
14111	426	403
8747	458	403
4450	580	403
10940	22	404
13676	79	404
16641	80	404
1431	138	404
16599	208	404
13476	16	405
3807	284	405
17098	165	406
2925	229	406
6453	347	406
2573	411	406
611	420	406
4025	474	406
15980	99	407
6255	3	408
14368	103	408
14465	319	408
6630	46	409
15781	72	409
10273	150	409
9642	171	409
13566	203	409
10015	255	409
9590	278	409
15954	294	409
1623	316	409
5965	320	409
1180	374	409
2125	381	409
2765	427	409
3687	440	409
10205	445	409
4538	469	409
9922	500	409
6827	522	409
6615	559	409
5751	572	409
8708	14	410
10301	42	410
3771	85	410
7362	117	410
13944	178	410
11373	199	410
2545	201	410
8835	209	410
14080	395	410
2076	446	410
1603	506	410
10463	523	410
2059	160	411
17994	172	411
3844	204	411
3905	406	411
13505	6	412
12708	61	412
11980	72	412
3191	172	412
8453	197	412
17833	218	412
13184	287	412
639	292	412
16321	333	412
2358	417	412
15208	460	412
9955	86	413
2958	138	413
1513	244	413
6424	501	413
15618	517	413
5327	531	413
17288	581	413
14919	8	414
17821	462	414
2657	498	414
15765	205	415
18247	217	415
14061	259	415
7608	340	415
15384	444	415
14911	530	415
7872	12	416
8851	63	416
2733	69	416
8932	116	416
9498	210	416
16524	239	416
15879	247	416
17160	257	416
9800	442	416
11612	532	416
12321	61	417
9866	72	417
8689	159	417
1654	172	417
13904	218	417
16170	287	417
12622	292	417
15753	412	417
10512	460	417
17356	36	418
2826	74	418
1370	112	418
1689	121	418
10699	174	418
6553	234	418
1285	240	418
16473	256	418
11587	267	418
9816	324	418
8520	487	418
14431	93	419
2855	308	419
2769	251	420
16459	252	420
10664	406	420
15671	13	421
15122	166	421
3339	194	421
2081	286	421
12964	461	421
11098	44	422
7134	153	422
2613	163	422
10234	191	422
2506	235	422
16185	243	422
5289	288	422
2816	323	422
10097	10	423
5238	31	423
8426	50	423
17355	71	423
18429	93	423
17166	431	423
17405	489	423
18007	72	424
9567	135	424
12675	177	424
1923	479	424
1858	274	425
7623	359	425
16353	519	425
18001	546	425
8014	66	426
16671	121	426
15379	132	426
17291	174	426
5898	183	426
2598	199	426
6869	324	426
13876	403	426
11655	495	426
9542	216	427
16401	381	427
17663	409	427
12455	500	427
17764	559	427
1543	19	428
2295	206	428
12548	304	428
2263	322	428
11140	350	428
8372	400	428
9184	491	428
17025	563	428
11661	101	429
11504	385	429
11866	546	429
13855	105	430
7267	107	430
6888	182	430
11506	271	430
2731	357	430
16432	547	430
10903	10	431
15226	60	431
11087	379	431
2887	423	431
6411	45	432
3314	232	432
12740	263	432
14787	280	432
4348	492	432
13550	539	432
5365	569	432
11733	224	433
5372	566	433
3737	29	434
5607	187	434
18359	201	434
9109	245	434
6629	343	434
14013	509	434
10555	523	434
2455	89	435
3948	286	435
12582	342	435
12555	344	435
8258	443	435
6543	272	436
5201	386	436
13582	461	436
7764	18	437
11537	68	437
3183	98	437
8754	161	437
8087	354	437
7645	582	437
1233	585	437
1459	15	438
7536	42	438
10458	247	438
15287	527	438
8716	584	438
14979	93	439
9438	143	439
13308	171	440
878	289	440
14186	374	440
15439	409	440
1272	582	440
13483	43	441
6740	160	441
4263	281	441
10429	298	441
12667	511	441
4893	98	442
17467	237	442
11212	268	442
5054	355	442
14449	416	442
9550	477	442
4240	485	442
11439	554	442
16941	109	443
16181	344	443
14972	435	443
14114	259	444
18048	336	444
11205	340	444
7017	415	444
4594	530	444
6489	49	445
1259	58	445
2792	130	445
3392	150	445
17199	167	445
10860	364	445
16039	409	445
11473	572	445
6951	576	445
13304	28	446
1962	30	446
12560	85	446
1448	201	446
3138	234	446
6682	410	446
12996	505	446
17430	540	446
9703	557	446
6047	53	447
10763	54	447
12234	56	447
2342	81	447
15594	139	447
7481	151	447
10158	170	447
17807	236	447
16836	266	447
7328	342	447
9901	371	447
16160	380	447
4186	391	447
15114	396	447
3913	450	447
12590	455	447
5094	461	447
15027	511	447
14965	540	447
6854	550	447
12511	553	447
8086	25	448
4839	82	448
11625	208	448
4493	254	448
12603	464	448
8922	78	449
4073	153	449
1234	191	449
10573	222	449
8710	301	449
15245	379	449
11734	456	449
10175	54	450
17453	74	450
4189	111	450
7500	391	450
1524	447	450
1555	455	450
1281	541	450
2417	188	451
10444	395	451
13554	491	451
14895	559	451
4355	70	452
12614	108	452
17347	224	452
5358	301	452
4472	309	452
18447	454	452
9171	456	452
13189	18	453
11848	190	453
4512	234	453
12557	326	453
11707	477	453
2013	554	453
13384	582	453
9601	108	454
18438	452	454
17231	456	454
13572	342	455
9233	447	455
9133	450	455
6898	70	456
8904	78	456
1499	108	456
4785	191	456
11797	235	456
13768	270	456
12073	357	456
766	449	456
1041	452	456
3054	454	456
1556	578	456
12634	11	457
15794	21	457
13748	102	457
2045	116	457
3193	181	457
13903	313	457
3691	330	457
3160	390	457
10837	458	457
18340	551	457
12350	11	458
7236	30	458
12559	102	458
7941	285	458
10806	376	458
8971	391	458
17485	403	458
18408	457	458
6287	551	458
4627	573	458
9196	176	459
3153	461	459
18051	583	459
11269	61	460
7282	72	460
7280	159	460
13368	172	460
1319	218	460
17954	287	460
12147	292	460
6001	412	460
18058	417	460
14310	5	461
4955	75	461
15654	91	461
1034	136	461
4287	149	461
13176	166	461
9191	176	461
10195	194	461
18010	221	461
4375	231	461
17769	272	461
18393	286	461
16628	321	461
13830	344	461
11857	360	461
5260	384	461
2717	386	461
11906	398	461
17191	421	461
16422	436	461
12328	447	461
8357	459	461
13325	482	461
3937	484	461
1102	536	461
9065	562	461
13772	567	461
13858	583	461
14394	2	462
16106	7	462
13931	102	462
9995	168	462
14700	283	462
8557	369	462
6377	414	462
6764	543	462
15943	65	463
15340	129	463
14315	349	463
2980	511	463
11476	535	463
17546	25	464
4307	82	464
4599	208	464
16716	254	464
6616	448	464
18428	23	465
9568	68	465
3171	214	465
2444	354	465
17879	574	465
4714	60	466
15719	238	466
14901	153	467
16629	191	467
8320	294	467
14533	504	467
16918	535	467
17892	142	468
15756	294	468
18216	364	468
8117	526	468
2169	46	469
7554	255	469
3223	316	469
7051	374	469
7535	409	469
5744	582	469
10924	97	470
4954	202	470
2611	303	470
6225	488	470
7476	570	470
1427	587	470
4068	52	471
11761	471	471
4110	88	472
17516	161	472
17003	169	472
17705	172	472
4360	193	472
9657	215	472
13467	246	472
2660	15	473
14382	42	473
2949	178	473
11680	205	473
17903	207	473
10410	265	473
6597	336	473
18276	38	474
1949	42	474
16585	406	474
12510	1	475
7584	45	475
9570	65	475
1880	261	475
14228	280	475
11327	298	475
1762	383	475
9832	26	476
7931	133	476
5582	161	476
3793	178	476
7411	213	476
6445	312	476
17207	387	476
15133	12	477
7001	28	477
10704	442	477
2225	453	477
6645	485	477
5840	554	477
14085	558	477
17943	105	478
13639	212	478
9013	284	478
11588	306	478
14772	538	478
15046	547	478
16294	51	479
1454	72	479
3867	177	479
15477	424	479
12949	82	480
14447	497	480
11026	501	480
5543	116	481
6728	183	481
4854	226	481
15008	250	481
1958	269	481
11703	315	481
2997	536	481
11015	122	482
10253	221	482
13125	461	482
7889	583	482
8548	48	483
1856	251	483
15589	264	483
6997	561	483
8089	90	484
1342	118	484
4061	231	484
4109	357	484
11705	360	484
3013	461	484
11792	9	485
18157	18	485
14446	37	485
8905	39	485
16322	193	485
8146	211	485
6467	295	485
14128	442	485
6955	477	485
9773	532	485
3974	582	485
5963	585	485
13561	504	486
11058	511	486
17613	36	487
8178	45	487
8288	74	487
10277	103	487
1739	112	487
10803	165	487
5800	232	487
10236	240	487
14230	263	487
3752	280	487
4766	418	487
8960	569	487
17283	206	488
3407	319	488
14491	470	488
8310	570	488
18084	60	489
9049	423	489
16801	80	490
8419	92	490
17460	186	490
13848	207	490
3604	251	490
5937	252	490
18210	295	490
12992	312	490
12064	382	490
15227	532	490
6146	19	491
7064	124	491
7233	400	491
1664	428	491
11370	451	491
13174	577	491
4190	45	492
12181	229	492
11719	232	492
15928	280	492
15525	432	492
15711	70	493
10572	147	493
11948	231	493
14729	235	493
16998	153	494
9315	63	495
11350	183	495
4539	226	495
13359	256	495
12024	257	495
11877	426	495
8889	586	495
3324	61	496
14887	62	496
17183	72	496
7649	172	496
5224	218	496
14158	534	496
3025	79	497
712	82	497
13641	208	497
15745	480	497
7940	157	498
11832	222	498
15932	245	498
15276	304	498
2407	350	498
6294	400	498
4084	414	498
11711	155	499
4082	296	499
5269	325	499
16050	359	499
1303	519	499
5697	533	499
9617	546	499
3645	142	500
11247	145	500
7749	381	500
10137	409	500
2112	427	500
13104	545	500
9044	138	501
10060	155	501
10434	208	501
4220	413	501
5757	480	501
4712	110	502
1901	120	502
7004	196	502
2240	284	502
4878	357	502
11355	398	502
6544	503	502
13595	567	502
8500	110	503
5038	284	503
3673	318	503
12161	502	503
3300	281	504
5798	329	504
6406	349	504
10603	467	504
8873	486	504
18332	511	504
1675	85	505
4335	94	505
9604	117	505
8264	185	505
16906	244	505
12021	332	505
3887	352	505
3916	446	505
1912	85	506
9605	117	506
7377	165	506
5348	193	506
10845	218	506
9560	289	506
13183	410	506
13252	42	507
18129	64	507
2002	10	508
16764	93	508
6694	182	509
1480	245	509
10296	309	509
16111	357	509
4062	434	509
3643	47	510
13347	187	510
8317	302	510
7089	351	510
1746	43	511
4418	45	511
16552	65	511
9680	129	511
2489	261	511
6717	262	511
9311	280	511
1372	281	511
16958	329	511
4018	349	511
13740	383	511
3303	441	511
8246	447	511
14218	463	511
9759	486	511
10963	504	511
2822	512	511
7577	535	511
2654	20	512
2803	129	512
13470	192	512
5047	262	512
17681	511	512
12857	78	513
14347	162	514
9754	392	514
11684	2	515
2686	41	515
17643	69	515
16451	126	515
2767	237	515
10874	247	515
13147	268	515
14638	315	515
12472	355	515
10340	365	515
11448	42	516
1166	178	516
17703	575	516
4662	84	517
709	86	517
13134	185	517
3354	244	517
15732	335	517
12180	413	517
790	531	517
16405	78	518
7204	127	518
10074	225	518
8085	297	518
2923	3	519
4423	77	519
3722	296	519
8756	359	519
13249	373	519
12087	425	519
6607	499	519
5749	546	519
5124	49	520
3015	142	520
18170	167	520
1217	328	520
976	10	521
5745	230	521
16904	278	522
5265	374	522
18220	409	522
7132	582	522
12950	90	523
7950	410	523
8604	434	523
7847	536	523
16153	104	524
7601	107	524
2093	231	524
14874	357	524
10536	579	524
658	29	525
13079	39	525
12362	163	525
13588	179	525
5425	532	525
3196	533	525
4181	577	525
13964	35	526
9998	49	526
3080	95	526
8749	142	526
10287	188	526
3077	273	526
9539	381	526
17882	468	526
4620	542	526
6151	15	527
4366	42	527
8227	247	527
8405	438	527
3338	584	527
2691	395	528
5964	580	528
13592	9	529
1408	39	529
18458	128	529
11049	152	529
9125	163	529
12593	219	529
16514	205	530
14356	217	530
17228	259	530
1986	340	530
18278	415	530
1007	444	530
3239	185	531
11477	244	531
8884	335	531
7875	352	531
13647	413	531
8934	517	531
2920	59	532
7850	80	532
9894	92	532
14088	186	532
4191	207	532
15479	295	532
10102	382	532
2810	416	532
13020	485	532
7758	490	532
18137	525	532
6098	19	533
8365	87	533
18440	219	533
5286	252	533
9899	275	533
11975	325	533
9945	335	533
16910	499	533
16237	525	533
11849	577	533
15480	6	534
17664	61	534
7609	62	534
7945	72	534
5089	172	534
18056	218	534
13381	496	534
12580	27	535
3247	30	535
5550	144	535
13864	349	535
6220	355	535
14206	463	535
8074	467	535
14202	511	535
18436	539	535
5747	5	536
7396	90	536
10242	182	536
16847	250	536
6231	313	536
5132	357	536
4322	360	536
9030	367	536
16173	461	536
16644	481	536
9792	523	536
6063	18	537
9659	73	537
5604	148	537
13190	561	537
6683	258	538
14272	284	538
2539	478	538
4985	13	539
14243	27	539
6259	57	539
11512	201	539
7312	232	539
6936	247	539
15889	263	539
17987	264	539
7690	432	539
11199	535	539
15270	554	539
10918	569	539
17563	74	540
10289	94	540
16633	101	540
3357	144	540
9343	446	540
11437	447	540
3330	266	541
13850	450	541
1647	95	542
5672	150	542
14629	160	542
17189	526	542
15375	572	542
4867	29	543
5601	168	543
10146	179	543
5670	227	543
10291	233	543
11738	462	543
8481	544	543
13099	556	543
14773	29	544
14848	39	544
13260	228	544
12437	365	544
10474	543	544
15933	549	544
10211	216	545
7252	374	545
14708	381	545
9942	500	545
13694	101	546
780	155	546
16568	219	546
11682	275	546
2972	296	546
6754	359	546
13761	425	546
18296	429	546
9891	499	546
16839	519	546
17852	105	547
13225	107	547
16863	118	547
8725	128	547
17118	182	547
2442	191	547
7974	357	547
7511	430	547
6223	478	547
6168	23	548
6050	68	548
12033	72	548
3333	172	548
12660	12	549
16041	41	549
8171	69	549
10644	123	549
7636	237	549
2970	544	549
2114	16	550
3150	56	550
7339	57	550
10990	81	550
15582	139	550
5929	181	550
6913	266	550
8883	447	550
14687	553	550
16069	156	551
1163	271	551
2521	390	551
15365	391	551
1704	457	551
720	458	551
5755	573	551
5140	212	552
7644	258	552
6832	318	552
6229	348	552
12635	54	553
18282	139	553
9468	170	553
7711	266	553
7780	447	553
14690	550	553
10263	18	554
11881	27	554
5280	69	554
6061	98	554
3151	326	554
14448	442	554
3603	453	554
5284	477	554
13842	539	554
16225	582	554
16054	293	555
13031	29	556
5474	33	556
3306	196	556
4868	343	556
11743	389	556
5115	543	556
10766	156	557
12352	201	557
11561	206	557
9833	352	557
9643	446	557
8697	2	558
16515	144	558
2108	172	558
1406	199	558
15703	268	558
14285	282	558
5954	338	558
16083	355	558
5795	477	558
1567	35	559
2170	95	559
12993	132	559
5591	242	559
5055	279	559
2568	300	559
13489	381	559
5223	409	559
7202	427	559
3601	451	559
17484	582	559
16070	293	560
18101	1	561
12141	18	561
18102	48	561
18165	181	561
17461	232	561
7661	263	561
12045	264	561
5241	364	561
15684	483	561
11382	537	561
5101	569	561
9349	149	562
12523	461	562
5850	19	563
15592	157	563
11081	198	563
4242	222	563
9415	428	563
10888	67	564
12682	125	564
17371	156	564
15166	192	564
654	195	564
6067	99	565
4843	173	565
4173	317	565
12718	230	566
14670	297	566
8912	433	566
8572	269	567
8566	321	567
6169	398	567
9473	461	567
11882	502	567
3228	60	568
13358	317	568
678	45	569
8002	158	569
11717	232	569
11874	263	569
8649	280	569
15200	311	569
5539	432	569
3073	487	569
13287	539	569
2183	561	569
8550	202	570
12304	303	570
8636	322	570
18309	470	570
15319	488	570
4724	587	570
6167	143	571
8576	230	571
15607	49	572
11060	58	572
13461	150	572
12428	167	572
1473	364	572
16967	409	572
3466	445	572
2344	542	572
3348	11	573
15474	33	573
11873	148	573
9425	156	573
7596	209	573
16963	250	573
3686	391	573
4889	458	573
16908	551	573
17229	23	574
17345	214	574
2996	262	574
3631	465	574
8834	26	575
10089	42	575
16249	178	575
1392	516	575
17307	17	576
10951	49	576
15653	167	576
10747	328	576
8714	445	576
1897	185	577
12865	275	577
5025	491	577
8067	525	577
2472	533	577
4233	118	578
11462	182	578
1298	187	578
14020	307	578
2694	357	578
12171	456	578
3930	107	579
6099	357	579
17270	358	579
12324	524	579
9813	121	580
15264	132	580
16363	220	580
1065	347	580
14060	395	580
6965	403	580
12541	528	580
7863	77	581
14241	275	581
17796	296	581
4469	325	581
4841	413	581
2736	18	582
8035	46	582
17178	171	582
14925	198	582
4238	255	582
7829	264	582
7431	278	582
13604	295	582
8490	316	582
6561	320	582
16349	437	582
13560	440	582
3625	453	582
3246	469	582
15033	485	582
5934	522	582
12556	554	582
5796	559	582
15079	221	583
1081	344	583
12203	459	583
12482	461	583
13218	482	583
15759	15	584
16293	42	584
12941	247	584
10721	438	584
7908	527	584
3140	12	585
7418	37	585
7307	88	585
9768	161	585
2955	186	585
14463	268	585
6339	437	585
9031	485	585
7972	63	586
10466	94	586
12976	148	586
7519	174	586
5709	234	586
17436	255	586
13828	495	586
16186	133	587
3682	202	587
7317	206	587
5722	470	587
10103	570	587
1550	99	588
