4243	65	1
16400	142	1
6125	290	1
10396	298	1
6064	475	1
15828	561	1
4368	41	2
8284	87	2
13171	116	2
18101	126	2
10440	208	2
1583	274	2
1265	369	2
2092	385	2
16359	462	2
4163	515	2
13015	558	2
971	103	3
2533	319	3
4199	359	3
6623	408	3
7042	519	3
8088	108	4
15514	146	4
8370	301	4
1664	368	4
6173	122	5
16593	286	5
11574	360	5
13229	461	5
8644	536	5
4520	37	6
629	72	6
12649	159	6
1453	172	6
7725	197	6
10129	218	6
9077	287	6
1139	292	6
18466	333	6
16112	412	6
10204	8	7
9821	228	7
15981	365	7
6684	462	7
18461	7	8
4169	33	8
8751	157	8
9439	322	8
2929	350	8
12802	365	8
6372	414	8
2749	39	9
12311	123	9
14635	179	9
14007	219	9
8656	312	9
15470	382	9
12729	397	9
6112	485	9
17320	529	9
3137	93	10
16169	143	10
2738	379	10
12989	423	10
7944	431	10
15878	508	10
5206	521	10
12705	102	11
1332	116	11
16885	227	11
5231	376	11
12993	457	11
16096	458	11
12008	573	11
7316	28	12
13964	186	12
15913	295	12
6110	416	12
10743	477	12
16465	532	12
17073	549	12
4361	84	13
1773	99	13
6657	144	13
12493	166	13
6893	421	13
10767	539	13
10697	94	14
2306	258	14
711	410	14
7505	538	14
4254	42	15
11096	83	15
16560	339	15
16147	372	15
14308	438	15
8262	476	15
13825	507	15
8623	527	15
3445	584	15
13537	139	16
13743	405	16
9292	550	16
14050	45	17
12932	49	17
12383	95	17
15983	167	17
5941	328	17
11307	356	17
11025	576	17
11055	35	18
9677	142	18
18376	190	18
10616	198	18
3351	326	18
11550	364	18
2361	437	18
13394	453	18
14210	485	18
4156	537	18
15134	554	18
16787	561	18
18125	582	18
3591	157	19
5505	185	19
10410	428	19
5776	491	19
11118	533	19
12799	563	19
7598	21	20
15159	27	20
3527	192	20
4746	261	20
11400	512	20
6179	20	21
12684	27	21
3274	43	21
12902	102	21
11450	181	21
3058	264	21
3318	299	21
11082	369	21
5062	390	21
17950	457	21
6704	79	22
9726	80	22
15616	208	22
18212	404	22
13932	214	23
15722	262	23
10881	300	23
15681	381	23
13380	465	23
12044	548	23
8156	574	23
15370	42	24
16004	337	24
8023	82	25
5167	208	25
17086	254	25
6433	448	25
1590	464	25
9022	178	26
15798	387	26
16848	20	27
2796	21	27
4346	201	27
6436	299	27
10323	535	27
16949	539	27
10780	554	27
13154	12	28
8246	100	28
6406	318	28
9521	446	28
3825	477	28
3884	39	29
9846	87	29
5700	123	29
13163	226	29
3355	237	29
3138	256	29
13173	315	29
7628	343	29
6669	365	29
11995	389	29
3398	434	29
607	543	29
9142	544	29
1430	556	29
4938	117	30
11149	234	30
12375	388	30
2941	390	30
12691	446	30
10869	458	30
11293	535	30
4299	143	31
6859	249	31
6318	276	31
2325	314	31
5227	317	31
14970	423	31
12351	34	32
18023	85	32
8939	117	32
3499	199	32
1149	220	32
3839	239	32
3335	377	32
11102	426	32
9359	8	33
13560	227	33
3055	245	33
17677	283	33
13326	315	33
9928	330	33
16646	358	33
10635	573	33
1304	579	33
18291	32	34
7698	116	34
4351	172	34
12194	203	34
7250	218	34
9316	282	34
10527	338	34
16892	355	34
3375	18	35
9353	48	35
9822	58	35
1165	95	35
7429	188	35
15345	273	35
14890	364	35
16511	390	35
14363	526	35
4639	559	35
18098	112	36
2948	220	36
9698	267	36
16574	418	36
8426	487	36
6883	6	37
6698	172	37
18217	197	37
2760	255	37
10926	268	37
1240	292	37
16148	355	37
775	485	37
2771	585	37
7605	101	38
10226	155	38
16276	293	38
5611	531	38
2541	9	39
15725	29	39
1158	198	39
3302	485	39
14642	525	39
9055	529	39
10212	544	39
6927	118	40
9004	140	40
904	306	40
4065	368	40
10840	2	41
10051	126	41
11266	198	41
8989	237	41
5093	247	41
2216	315	41
10600	515	41
5275	549	41
11014	15	42
8297	24	42
4468	64	42
15063	83	42
6508	178	42
10234	337	42
8747	339	42
1422	372	42
11743	438	42
12387	473	42
11030	474	42
16010	476	42
17367	507	42
14892	516	42
10303	527	42
12053	575	42
13162	584	42
6030	21	43
5201	160	43
11139	391	43
14984	441	43
11244	511	43
8168	99	44
9045	100	44
2054	127	44
1924	310	44
10390	422	44
14703	17	45
15939	73	45
4424	130	45
10148	158	45
16897	160	45
6062	229	45
1108	232	45
6911	263	45
9321	280	45
8516	290	45
4004	311	45
17551	356	45
13180	394	45
7690	432	45
9429	475	45
14214	487	45
4662	492	45
17094	511	45
7478	569	45
16208	316	46
597	320	46
7380	409	46
15757	469	46
925	582	46
17278	302	47
7085	378	47
9935	35	48
8159	390	48
2072	483	48
1769	561	48
11184	17	49
1105	130	49
11189	142	49
9168	150	49
14061	167	49
4981	328	49
17961	356	49
16328	445	49
941	475	49
6437	520	49
5604	526	49
7023	545	49
7590	572	49
12256	576	49
6072	423	50
7582	72	51
14455	177	51
8459	52	52
12374	141	52
5228	154	52
8735	164	52
6345	189	52
18299	248	52
15093	260	52
8552	305	52
12751	327	52
2410	353	52
4406	375	52
2553	471	52
14041	74	53
887	213	53
12333	312	53
3789	342	53
9431	344	53
8598	380	53
7120	447	53
8032	81	54
17743	344	54
17843	447	54
3794	450	54
18025	553	54
13727	229	55
3017	240	55
13639	285	55
15378	347	55
1525	377	55
3297	109	56
1038	139	56
994	166	56
14765	195	56
11812	344	56
6716	376	56
2847	447	56
10817	550	56
11680	139	57
15107	144	57
2690	181	57
13580	447	57
5912	539	57
15706	550	57
1673	35	58
14769	95	58
3124	167	58
4861	188	58
11144	281	58
876	445	58
16489	210	59
6736	257	59
4815	532	59
11289	99	60
1450	127	60
13990	317	60
13771	347	60
11428	431	60
6423	466	60
13520	489	60
5990	568	60
1114	72	61
13826	159	61
7591	172	61
16718	218	61
17986	417	61
13176	460	61
17371	534	61
3488	72	62
16195	159	62
6687	172	62
10400	218	62
13693	496	62
15280	534	62
13404	98	63
3577	388	63
13261	416	63
17023	495	63
11725	586	63
5790	42	64
11163	507	64
3342	1	65
1737	129	65
7057	262	65
7611	383	65
7220	463	65
16087	475	65
3778	511	65
12338	210	66
2756	239	66
6979	267	66
13032	361	66
14080	403	66
3420	426	66
10154	109	67
9574	194	67
2246	344	67
6092	564	67
625	72	68
12002	114	68
17870	214	68
663	277	68
10804	437	68
2245	465	68
6365	548	68
15595	98	69
6631	416	69
2623	515	69
12640	549	69
13785	554	69
8849	107	70
1907	119	70
2392	270	70
9784	368	70
15563	452	70
1236	456	70
18426	493	70
938	146	71
17863	162	71
18381	402	71
2524	423	71
1091	6	72
5283	51	72
12010	61	72
17309	62	72
5187	68	72
11524	135	72
4286	177	72
14091	197	72
3270	204	72
9266	277	72
8524	282	72
11615	287	72
4245	292	72
9993	333	72
13112	338	72
14068	362	72
12123	388	72
16753	409	72
10514	411	72
7263	412	72
8945	417	72
5301	424	72
10335	460	72
3992	479	72
14395	496	72
12413	534	72
11372	548	72
15108	45	73
16072	394	73
9656	537	73
5771	53	74
13555	125	74
9728	165	74
12132	335	74
6330	418	74
17689	447	74
8650	450	74
1173	487	74
11751	540	74
8621	321	75
11589	386	75
17641	461	75
7298	258	76
6172	306	76
15001	101	77
16171	274	77
15336	275	77
9062	296	77
3575	373	77
15190	540	77
3928	581	77
5205	222	78
13476	238	78
14918	449	78
4805	456	78
3697	513	78
6440	518	78
6259	22	79
4341	208	79
17043	404	79
12459	497	79
6218	22	80
3447	185	80
4252	352	80
17529	382	80
9328	404	80
11057	490	80
17031	532	80
2127	54	81
14747	139	81
1189	181	81
2551	447	81
5933	550	81
2952	25	82
4390	208	82
1126	254	82
3556	448	82
18425	464	82
4072	480	82
9065	497	82
14198	15	83
10485	42	83
12435	339	83
10517	372	83
7749	507	83
5404	13	84
9926	332	84
9667	393	84
7213	397	84
11056	517	84
4703	32	85
17775	117	85
5029	201	85
4458	208	85
10346	289	85
17578	410	85
18464	446	85
7573	505	85
5550	506	85
15920	138	86
16608	413	86
15573	480	86
6757	517	86
14609	2	87
13137	29	87
13744	100	87
13916	219	87
732	237	87
12693	257	87
6988	274	87
9361	275	87
8142	533	87
1363	577	87
909	161	88
7225	172	88
4319	215	88
5351	218	88
17592	246	88
3360	250	89
18454	286	89
6225	344	89
6683	380	89
15308	435	89
15918	104	90
2945	357	90
17668	367	90
8613	398	90
1151	484	90
8853	523	90
5449	536	90
5715	136	91
602	227	91
17262	399	91
14051	461	91
11349	185	92
6746	193	92
7695	211	92
10523	217	92
14310	252	92
611	340	92
13841	393	92
9327	490	92
8186	532	92
16374	10	93
15075	419	93
4498	423	93
5388	439	93
15125	508	93
17823	14	94
12219	206	94
6676	234	94
11853	505	94
8294	540	94
6823	586	94
16791	17	95
18203	35	95
17589	58	95
16684	142	95
8721	167	95
6694	188	95
18131	273	95
9495	383	95
15339	526	95
17787	542	95
2739	559	95
5579	103	96
10870	319	96
10757	206	97
10157	470	97
6536	63	98
18204	69	98
17338	144	98
16322	237	98
18446	240	98
12844	268	98
13509	354	98
2984	388	98
8217	437	98
7514	442	98
14643	554	98
3875	13	99
14167	44	99
1831	60	99
10260	106	99
1409	113	99
13448	115	99
4588	173	99
1131	241	99
3243	253	99
14680	276	99
4214	331	99
14897	407	99
11098	565	99
15871	588	99
13659	28	100
2542	44	100
12159	87	100
11429	318	100
7934	38	101
9887	77	101
2540	275	101
2517	373	101
12509	429	101
1522	540	101
5786	546	101
17507	11	102
10375	21	102
15612	117	102
2492	369	102
1758	457	102
6635	458	102
6910	462	102
14228	3	103
12727	96	103
8189	319	103
8739	408	103
2793	487	103
12762	90	104
595	307	104
12767	357	104
12557	358	104
4150	367	104
3626	524	104
14809	107	105
13804	118	105
5996	128	105
17300	182	105
11234	357	105
9893	430	105
14506	456	105
9442	478	105
17992	547	105
8387	99	106
12359	173	106
12030	317	106
8801	70	107
8183	105	107
17321	271	107
7828	291	107
5558	306	107
9668	309	107
13856	357	107
12795	430	107
9424	524	107
14413	547	107
3068	579	107
12528	4	108
14828	140	108
15128	402	108
6982	452	108
7781	454	108
5459	456	108
4837	56	109
6001	67	109
7251	344	109
6587	443	109
8056	284	110
4764	399	110
14348	502	110
4987	503	110
4321	132	111
13650	152	111
6035	229	111
6008	262	111
10434	324	111
14531	361	111
16701	403	111
9707	426	111
4686	450	111
6600	36	112
17508	220	112
5975	418	112
16634	487	112
651	99	113
13335	137	113
5266	225	113
12952	241	113
9294	305	113
6573	68	114
11196	135	114
14677	177	114
11115	362	114
1081	99	115
12309	143	115
4257	276	115
4133	317	115
7185	2	116
11601	11	116
3444	34	116
9081	239	116
15281	332	116
18394	355	116
4827	416	116
9555	457	116
880	481	116
14103	30	117
4856	32	117
13619	85	117
15517	102	117
10349	165	117
11170	199	117
18004	410	117
18060	505	117
3022	506	117
6473	40	118
15168	105	118
4860	153	118
16699	200	118
15886	318	118
2142	547	118
8654	578	118
5821	70	119
10373	146	119
13320	301	119
10794	284	120
4892	321	120
14216	386	120
1681	399	120
6446	502	120
8125	229	121
3555	418	121
10799	426	121
5738	580	121
9041	5	122
16728	125	122
6798	192	122
12770	221	122
15606	231	122
3242	482	122
5050	579	122
17574	9	123
9222	29	123
6559	152	123
1177	237	123
1368	257	123
12663	549	123
15868	206	124
5400	223	124
2249	366	124
15123	491	124
9226	74	125
17458	122	125
16077	156	125
13265	192	125
950	195	125
12024	344	125
8460	541	125
17444	564	125
17483	2	126
12474	41	126
6928	237	126
939	247	126
2991	44	127
5541	60	127
6394	153	127
10125	518	127
8975	105	128
1277	245	128
15265	357	128
4091	529	128
10026	547	128
9202	65	129
1222	329	129
14428	463	129
8649	511	129
17192	512	129
9848	45	130
10033	49	130
6902	167	130
15084	356	130
12188	445	130
10642	226	131
6442	239	131
13904	250	131
16437	315	131
7547	361	131
8108	397	131
977	111	132
5642	229	132
8500	347	132
16293	426	132
17469	559	132
10463	580	132
15848	152	133
5536	163	133
5377	476	133
17674	587	133
9780	213	134
18039	215	134
15239	259	134
2205	312	134
2096	336	134
5134	340	134
12021	530	134
8782	72	135
12325	114	135
1207	144	135
12546	424	135
4656	91	136
17968	461	136
8211	113	137
12308	162	137
9465	243	137
6785	288	137
2232	86	138
12564	413	138
7734	501	138
15597	16	139
18057	56	139
5486	57	139
8734	81	139
8269	181	139
6599	266	139
9902	447	139
18308	550	139
1903	553	139
11249	40	140
2466	108	140
3723	368	140
2333	379	140
12117	52	141
6624	141	141
5837	1	142
6498	18	142
11707	49	142
8990	95	142
15008	273	142
5373	468	142
1682	500	142
5447	520	142
18317	526	142
6895	10	143
11543	31	143
8512	115	143
6610	249	143
7115	276	143
967	297	143
10430	439	143
11504	571	143
17821	13	144
12389	57	144
8956	98	144
10486	135	144
6820	355	144
10964	395	144
7544	535	144
3966	540	144
1807	558	144
8724	216	145
8903	374	145
2565	381	145
16257	500	145
3801	4	146
8709	71	146
9272	119	146
13970	162	146
3806	270	147
1825	392	147
7308	493	147
2877	156	148
10588	203	148
8741	233	148
7649	234	148
2710	376	148
2091	537	148
2519	573	148
5470	586	148
15576	384	149
1226	461	149
18383	562	149
10073	49	150
17488	167	150
12494	364	150
14946	409	150
7472	445	150
9402	542	150
15610	572	150
7353	170	151
12104	447	151
15850	111	152
16394	123	152
2969	133	152
10232	212	152
15106	256	152
13215	478	152
8064	118	153
7953	127	153
2759	180	153
1995	191	153
6653	222	153
4585	235	153
6949	334	153
14161	346	153
8635	422	153
4961	449	153
6869	467	153
3522	494	153
1593	52	154
774	154	154
11854	38	155
1106	184	155
13576	501	155
11112	546	155
12455	125	156
14394	148	156
15399	376	156
8686	458	156
13548	551	156
11682	557	156
8129	564	156
11800	573	156
1349	8	157
5370	19	157
6408	198	157
12974	485	157
6367	498	157
2619	563	157
2811	45	158
2593	232	158
6561	263	158
6482	264	158
4818	280	158
17718	394	158
7499	432	158
16091	492	158
16125	569	158
13466	6	159
4891	61	159
5555	62	159
9531	161	159
15116	197	159
16690	211	159
7479	218	159
17603	246	159
5901	287	159
15995	292	159
7565	333	159
6146	412	159
1391	417	159
5471	460	159
5125	472	159
12328	496	159
14923	534	159
2964	43	160
10526	45	160
16117	280	160
2164	285	160
15751	298	160
17258	390	160
15796	391	160
7155	411	160
3405	441	160
14744	542	160
6866	88	161
16141	159	161
6048	218	161
5364	354	161
16118	437	161
2683	472	161
8350	476	161
5861	71	162
13009	137	162
2025	146	162
12043	323	162
2799	402	162
17611	514	162
2314	133	163
16517	422	163
10055	525	163
2467	529	163
5126	52	164
7969	164	164
10436	74	165
8998	117	165
15543	365	165
2872	406	165
3087	506	165
14624	13	166
13375	56	166
14008	421	166
3634	461	166
11866	17	167
14182	49	167
2381	58	167
11922	95	167
12015	130	167
1034	150	167
6514	328	167
16916	356	167
8601	409	167
5113	445	167
10732	520	167
1797	572	167
14215	576	167
1680	228	168
12210	245	168
1520	283	168
8825	365	168
7187	462	168
12142	543	168
4824	193	169
3249	211	169
3713	218	169
5620	275	169
10821	300	169
8078	472	169
10622	506	169
11239	151	170
17748	447	170
9108	553	170
7049	289	171
13889	409	171
17901	440	171
11415	469	171
9692	582	171
9581	6	172
12167	34	172
5464	37	172
13043	61	172
15558	62	172
5454	88	172
12444	197	172
14519	204	172
14200	215	172
11569	282	172
11242	287	172
3465	292	172
4894	333	172
17560	338	172
13860	411	172
7576	412	172
9877	417	172
1952	460	172
8749	472	172
5656	496	172
3917	534	172
12280	548	172
2554	558	172
4342	99	173
9171	106	173
12697	253	173
14183	276	173
13416	317	173
7879	403	174
11990	418	174
8396	426	174
13986	586	174
14805	276	175
6274	360	176
6288	459	176
10585	461	176
11722	51	177
16667	72	177
4962	114	177
17841	424	177
1723	479	177
3820	26	178
10243	42	178
898	387	178
9079	473	178
3971	476	178
9894	507	178
14423	516	178
5589	575	178
1090	9	179
10609	525	179
4383	153	180
17255	191	180
3895	235	180
5632	21	181
13242	57	181
4548	81	181
14498	139	181
4638	264	181
11075	457	181
2570	550	181
15199	561	181
9957	105	182
10233	309	182
6921	357	182
8018	430	182
5107	509	182
10875	536	182
747	547	182
18036	578	182
9637	234	183
17289	269	183
813	324	183
10880	426	183
10963	481	183
9128	495	183
18095	583	183
1159	155	184
1892	234	184
18221	293	184
12416	304	184
17254	322	184
17956	400	184
8359	19	185
16901	80	185
16732	92	185
3235	275	185
11988	335	185
16747	352	185
13763	382	185
5170	393	185
2579	505	185
10831	517	185
10797	531	185
9714	577	185
4018	12	186
15306	199	186
18161	295	186
9962	490	186
17123	532	186
16888	585	186
5499	196	187
6871	222	187
5049	245	187
14663	330	187
15748	350	187
5976	369	187
17930	434	187
10024	510	187
14326	556	187
18360	578	187
2400	35	188
12173	58	188
15402	95	188
12587	273	188
6376	324	188
3802	395	188
12522	451	188
6465	526	188
10855	52	189
12959	189	189
13373	18	190
9255	326	190
6084	453	190
7013	554	190
12671	153	191
12717	180	191
4082	222	191
16906	334	191
7190	346	191
2291	422	191
13241	449	191
2631	456	191
15161	467	191
4701	20	192
14378	122	192
2894	125	192
15342	512	192
8636	564	192
5894	92	193
2434	169	193
9605	211	193
1321	215	193
9523	246	193
16982	300	193
8501	472	193
13401	485	193
9730	506	193
14508	67	194
7847	250	194
4139	286	194
8864	421	194
7452	461	194
15083	56	195
13119	125	195
11525	564	195
18347	187	196
17372	223	196
2709	318	196
9174	502	196
13195	556	196
2157	6	197
11167	37	197
6185	72	197
12675	159	197
7572	172	197
4330	218	197
11087	287	197
17405	292	197
12670	333	197
2846	412	197
7636	417	197
17524	460	197
10143	18	198
13698	39	198
8218	41	198
2219	157	198
13917	228	198
15710	275	198
17238	563	198
2065	582	198
4181	32	199
1215	117	199
16606	186	199
1765	239	199
11735	247	199
1132	403	199
14901	410	199
2358	426	199
7919	537	199
7874	558	199
16621	118	200
17180	348	200
12307	357	200
13753	578	200
17147	27	201
10904	85	201
13393	229	201
12871	251	201
668	410	201
4363	434	201
9883	446	201
5984	539	201
7932	557	201
12272	470	202
17471	488	202
17025	570	202
12260	587	202
16914	34	203
17896	148	203
12768	255	203
9955	294	203
11537	409	203
2886	586	203
12938	72	204
17351	172	204
1662	215	204
12775	282	204
3291	338	204
729	411	204
15835	217	205
16559	265	205
3968	415	205
8152	473	205
13368	530	205
1534	94	206
10193	97	206
4278	124	206
14772	304	206
16879	335	206
17492	378	206
15761	428	206
12486	488	206
14463	557	206
1344	587	206
5844	265	207
15661	473	207
17798	490	207
4927	532	207
8157	2	208
7170	22	208
16217	25	208
3400	79	208
16140	82	208
17026	85	208
11099	254	208
2656	404	208
8409	448	208
13423	464	208
10861	497	208
14878	501	208
9337	312	209
7926	330	209
15970	410	209
10141	539	209
16187	573	209
2198	59	210
1572	66	210
9235	226	210
14209	237	210
12940	257	210
15721	416	210
10717	92	211
13062	159	211
2290	169	211
16327	193	211
16312	218	211
8702	354	211
13458	485	211
16565	490	211
9885	152	212
6668	318	212
5918	478	212
7247	53	213
11330	134	213
4317	312	213
9369	476	213
2682	530	213
4472	23	214
16015	68	214
8583	300	214
8660	465	214
13584	574	214
4355	88	215
3872	134	215
9504	172	215
4984	193	215
9500	204	215
16538	246	215
6900	465	215
6081	472	215
17214	145	216
18211	273	216
14148	279	216
5008	381	216
3485	427	216
17220	545	216
9252	92	217
17825	205	217
4112	340	217
9044	415	217
5407	530	217
16036	6	218
4329	34	218
7928	61	218
9225	62	218
666	88	218
8996	159	218
7795	161	218
2112	169	218
14880	197	218
17895	211	218
13365	246	218
1880	282	218
7869	287	218
10983	292	218
5573	333	218
14754	338	218
10596	412	218
13726	417	218
4305	460	218
5780	472	218
16442	496	218
2081	534	218
2563	9	219
7788	87	219
4872	275	219
17234	312	219
11459	335	219
17348	382	219
17904	533	219
7887	32	220
11257	36	220
16149	112	220
10634	240	220
8904	251	220
15803	377	220
10451	403	220
4333	580	220
14995	122	221
5752	461	221
1346	482	221
4021	583	221
17038	78	222
12525	153	222
14888	187	222
6851	191	222
4246	224	222
7881	350	222
3067	366	222
3092	378	222
8693	433	222
10863	434	222
8496	449	222
8015	498	222
18476	563	222
13314	566	222
3193	124	223
15303	196	223
12360	222	224
3212	238	224
15546	251	224
3589	301	224
6396	433	224
16859	452	224
16340	113	225
4079	307	225
17098	518	225
5908	29	226
17871	131	226
6079	210	226
15993	233	226
5384	257	226
11399	315	226
5863	481	226
8103	495	226
6545	11	227
16271	33	227
13615	91	227
8338	233	227
5279	285	227
15998	315	227
2806	330	227
12084	343	227
7274	7	228
14128	168	228
11295	198	228
16624	544	228
17503	45	229
6370	55	229
14406	111	229
8965	121	229
13104	132	229
13000	201	229
16998	251	229
8432	406	229
3785	492	229
9097	276	230
4311	341	230
2190	439	230
15684	521	230
9143	566	230
4261	571	230
6051	122	231
5718	461	231
8111	524	231
9744	45	232
17598	158	232
16083	263	232
2060	280	232
6015	311	232
14147	432	232
14410	539	232
6790	569	232
15202	148	233
2896	226	233
10000	227	233
9690	256	233
12783	267	233
7722	343	233
17032	365	233
8225	376	233
17758	389	233
5850	543	233
5953	30	234
2095	94	234
6593	148	234
1791	183	234
17566	184	234
6619	418	234
9751	446	234
12857	453	234
12183	586	234
15727	153	235
4166	180	235
13892	318	235
5551	346	235
15079	422	235
1070	456	235
12339	493	235
2564	371	236
12734	380	236
18321	447	236
770	29	237
589	41	237
13655	87	237
1985	98	237
10245	123	237
15441	126	237
789	210	237
13762	257	237
7810	442	237
3221	515	237
9080	549	237
18415	78	238
12230	224	238
16237	402	238
1818	466	238
8252	32	239
7540	66	239
16637	116	239
15293	131	239
2094	199	239
17323	416	239
5504	55	240
3250	98	240
9148	220	240
10144	418	240
3620	487	240
8428	99	241
8028	113	241
6122	305	241
8949	317	241
15744	279	242
17703	381	242
976	559	242
1455	137	243
2117	422	243
10789	413	244
12834	505	244
2459	517	244
3686	531	244
10441	33	245
13139	128	245
8872	168	245
15353	187	245
7234	330	245
2677	343	245
17486	434	245
2474	498	245
9758	509	245
12669	88	246
16875	159	246
14790	193	246
1598	215	246
10276	218	246
17340	472	246
6685	41	247
3027	126	247
6523	199	247
7759	355	247
15738	438	247
10203	515	247
4005	527	247
10521	539	247
604	584	247
17935	52	248
17588	248	248
9795	31	249
15117	143	249
10342	89	250
8495	131	250
9042	194	250
13480	286	250
659	309	250
4107	481	250
4224	536	250
12758	573	250
8462	201	251
4729	220	251
7533	224	251
14417	229	251
14102	483	251
15717	490	251
1637	92	252
17223	259	252
16658	340	252
7302	393	252
1643	420	252
1926	490	252
17759	533	252
7096	99	253
4449	173	253
11157	317	253
9588	25	254
16689	82	254
3205	208	254
15277	448	254
12160	464	254
6060	37	255
5420	203	255
11093	316	255
8487	409	255
10744	469	255
5064	582	255
18090	586	255
4933	29	256
17313	152	256
8300	233	256
16002	269	256
10435	315	256
15142	403	256
1713	418	256
17485	495	256
18097	59	257
16540	87	257
4192	123	257
872	210	257
5031	226	257
4187	237	257
5523	315	257
6453	416	257
11269	495	257
4267	14	258
9219	76	258
9379	345	258
9681	399	258
6996	538	258
3116	552	258
3200	134	259
719	252	259
4494	340	259
17807	415	259
9467	530	259
4783	52	260
16960	260	260
11228	20	261
5281	271	261
11114	273	261
8193	342	261
7756	383	261
6614	475	261
4791	511	261
4130	23	262
3892	65	262
3922	111	262
1707	324	262
6333	511	262
7088	512	262
16347	574	262
13866	45	263
10222	158	263
8992	232	263
9805	280	263
10195	311	263
4909	432	263
1813	539	263
2880	569	263
13264	21	264
15114	158	264
8154	181	264
7589	299	264
6607	332	264
13037	483	264
11639	539	264
12267	561	264
8527	582	264
1805	205	265
10135	207	265
16927	336	265
7035	473	265
11645	139	266
1162	324	266
18335	380	266
16329	447	266
3779	541	266
12399	550	266
3612	553	266
8449	36	267
1452	66	267
8772	233	267
8352	403	267
4547	418	267
4158	37	268
6662	98	268
14385	355	268
11207	442	268
4501	515	268
6404	558	268
10566	585	268
16841	183	269
17826	256	269
1115	481	269
3468	562	269
4000	567	269
14751	70	270
10823	147	270
912	318	270
3699	334	270
4344	456	270
8204	107	271
8079	261	271
3679	291	271
15566	342	271
15590	380	271
10663	551	271
14193	386	272
4825	398	272
7519	436	272
13383	461	272
10408	484	272
3827	35	273
10477	95	273
10995	142	273
11823	188	273
4225	216	273
8587	261	273
3461	526	273
2662	2	274
11637	77	274
15267	87	274
15948	296	274
8869	315	274
6592	425	274
1174	558	274
17197	77	275
3145	87	275
7718	101	275
14758	169	275
17966	185	275
15422	198	275
11588	219	275
15662	296	275
6803	382	275
14284	413	275
12274	499	275
15896	533	275
15485	546	275
17451	577	275
1505	581	275
8971	31	276
3523	99	276
5759	115	276
5305	143	276
10070	173	276
11560	175	276
6721	230	276
15012	305	276
7899	317	276
18030	327	276
11944	68	277
6033	72	277
16923	352	277
6566	409	278
10060	469	278
14731	522	278
7529	582	278
17772	216	279
7642	242	279
17573	354	279
4188	381	279
4988	559	279
16611	45	280
10004	158	280
12437	160	280
12094	232	280
764	263	280
2130	290	280
4067	311	280
11607	394	280
5176	432	280
2851	475	280
12409	487	280
5492	492	280
5711	511	280
3168	569	280
14943	58	281
6926	441	281
5210	504	281
16595	511	281
7550	34	282
15540	72	282
17188	172	282
9825	204	282
3325	218	282
14504	338	282
15733	558	282
7784	33	283
13052	168	283
654	315	283
5836	462	283
7681	110	284
3185	120	284
10404	318	284
8098	405	284
17890	478	284
16296	502	284
2966	503	284
16180	538	284
7336	55	285
9764	160	285
2968	227	285
10974	298	285
11449	385	285
3749	388	285
4081	390	285
11661	458	285
6943	5	286
8980	89	286
1857	194	286
1145	250	286
6920	360	286
1071	421	286
16968	435	286
18230	461	286
7674	6	287
17343	72	287
15843	159	287
11881	172	287
1466	197	287
10776	218	287
8293	417	287
2938	460	287
8960	137	288
10862	323	288
12127	422	288
9135	85	289
5698	171	289
14526	294	289
9440	360	289
11893	440	289
17715	505	289
2133	506	289
17017	1	290
13040	45	290
12106	280	290
3645	311	290
693	107	291
8492	271	291
12619	538	291
17454	6	292
12790	37	292
10378	72	292
9658	159	292
10703	172	292
5655	197	292
8728	218	292
15013	333	292
6123	412	292
5136	38	293
8968	184	293
3601	350	293
13663	555	293
14518	560	293
10473	203	294
2988	289	294
13275	409	294
8631	467	294
5358	468	294
7525	12	295
14690	186	295
14426	485	295
17742	490	295
8411	532	295
18362	582	295
12342	585	295
13473	77	296
2264	274	296
17697	275	296
806	373	296
2302	540	296
11261	581	296
9550	143	297
10924	317	297
10169	363	297
13852	370	297
12275	401	297
14924	518	297
17609	566	297
6727	1	298
9061	160	298
12093	285	298
2337	390	298
8701	441	298
3442	475	298
10941	21	299
3760	27	299
8756	264	299
16403	349	299
8657	23	300
8421	169	300
15611	193	300
12140	214	300
1785	354	300
8377	559	300
10692	4	301
6751	119	301
5602	224	301
17562	402	301
9903	449	301
17555	452	301
16993	47	302
684	351	302
17597	378	302
4205	510	302
16005	570	303
14389	184	304
2592	206	304
17396	428	304
12489	498	304
9258	52	305
13435	113	305
7091	241	305
16548	276	305
4657	305	305
1588	40	306
16275	76	306
12405	107	306
731	478	306
15978	104	307
15527	225	307
1872	309	307
16514	578	307
4826	419	308
18399	107	309
12665	182	309
11887	250	309
7744	307	309
11829	357	309
12222	365	309
7180	452	309
15829	509	309
689	44	310
12189	45	311
13010	232	311
4531	263	311
13045	280	311
14165	290	311
7334	569	311
9273	9	312
3391	53	312
2050	134	312
10174	209	312
3978	213	312
3070	219	312
14634	354	312
14281	476	312
10468	490	312
10082	330	313
16549	358	313
14446	367	313
16126	368	313
6323	457	313
6234	31	314
11439	29	315
8093	33	315
15100	41	315
13066	131	315
2721	226	315
13633	227	315
14336	256	315
5525	257	315
7475	274	315
11651	283	315
2548	365	315
16872	481	315
13036	515	315
4038	46	316
9130	255	316
11865	409	316
12501	469	316
5252	582	316
13697	31	317
15065	60	317
9415	106	317
2665	115	317
16671	173	317
13749	241	317
12396	253	317
18266	276	317
5526	297	317
7254	331	317
762	347	317
18402	370	317
8787	565	317
11516	568	317
10121	28	318
17840	100	318
6913	118	318
16899	196	318
16474	212	318
1253	235	318
4080	270	318
7021	284	318
11641	348	318
1516	502	318
7710	503	318
5424	552	318
16115	3	319
17710	96	319
14492	103	319
16530	408	319
17129	488	319
16389	46	320
5013	374	320
10076	409	320
9406	469	320
8066	582	320
4739	75	321
4403	120	321
15822	398	321
708	461	321
15859	502	321
8517	567	321
15966	8	322
8809	184	322
13366	428	322
15914	570	322
16605	587	322
10656	162	323
15628	288	323
7637	334	323
16135	422	323
3010	111	324
12293	183	324
17974	188	324
6340	262	324
9809	266	324
6214	403	324
17412	418	324
13956	426	324
1340	541	324
16156	335	325
4124	499	325
16498	533	325
4640	581	325
2299	18	326
16691	190	326
15668	453	326
5003	554	326
6722	52	327
5055	276	327
16990	327	327
17335	17	328
6955	49	328
2350	167	328
2399	356	328
18163	520	328
5027	576	328
3598	129	329
6031	349	329
11285	504	329
17088	511	329
6479	33	330
1370	187	330
1557	209	330
3327	227	330
4101	245	330
16326	313	330
1294	367	330
803	457	330
15900	99	331
16617	317	331
17085	84	332
13853	116	332
18180	264	332
13974	395	332
13203	505	332
2971	6	333
16844	72	333
7885	159	333
12875	172	333
2494	197	333
16679	218	333
5746	292	333
14910	412	333
8026	153	334
1484	191	334
17421	270	334
10183	323	334
4234	392	334
700	74	335
12907	185	335
13426	206	335
9980	219	335
15040	325	335
3491	517	335
4184	531	335
15594	533	335
3328	134	336
4155	265	336
13342	444	336
6773	473	336
5956	24	337
6088	42	337
864	34	338
1316	72	338
16799	172	338
1416	204	338
4220	218	338
3448	282	338
2397	558	338
17173	15	339
16273	42	339
1068	83	339
13094	372	339
4377	507	339
14922	92	340
10347	134	340
13160	217	340
17920	252	340
7955	259	340
1816	393	340
15992	415	340
16407	444	340
3707	530	340
17015	230	341
5991	53	342
7060	261	342
3954	271	342
8429	380	342
13033	435	342
9990	447	342
10671	455	342
18042	29	343
13522	227	343
14823	233	343
17971	245	343
14977	389	343
9939	434	343
4348	556	343
16178	53	344
17146	54	344
11288	56	344
17333	67	344
15916	89	344
15014	109	344
4721	125	344
15885	435	344
1019	443	344
2604	447	344
4481	461	344
14259	583	344
18373	258	345
2567	399	345
1284	153	346
17079	191	346
18479	235	346
6460	55	347
1402	60	347
9078	132	347
10871	317	347
13083	406	347
12461	472	347
10748	580	347
12246	200	348
13479	318	348
5089	552	348
14045	299	349
3214	329	349
1714	383	349
9285	504	349
5593	511	349
5267	535	349
7650	8	350
15086	187	350
10646	222	350
17213	293	350
11354	400	350
16071	428	350
3334	498	350
1837	302	351
9073	80	352
4965	185	352
3751	277	352
3178	505	352
1510	531	352
13019	557	352
6135	52	353
2915	353	353
15247	98	354
17358	161	354
17027	211	354
13395	279	354
6817	300	354
15548	312	354
10120	437	354
8291	465	354
10919	34	355
17274	37	355
3225	116	355
9943	144	355
7172	247	355
15403	268	355
11031	442	355
11324	515	355
11431	535	355
16765	558	355
7016	17	356
11091	45	356
8780	49	356
15940	130	356
4635	167	356
15674	328	356
8083	90	357
11741	104	357
3613	105	357
1259	107	357
13587	128	357
1219	182	357
4996	200	357
16248	309	357
2585	358	357
13941	430	357
12570	456	357
8391	484	357
14046	502	357
7981	509	357
9405	524	357
14030	536	357
7766	547	357
6194	578	357
16222	579	357
10714	33	358
7179	104	358
14386	313	358
6856	357	358
10827	579	358
7435	3	359
15321	373	359
2864	425	359
13730	499	359
16527	519	359
12067	546	359
15088	5	360
9847	176	360
15495	286	360
15491	289	360
11245	461	360
10489	484	360
878	536	360
11145	66	361
14212	111	361
11462	131	361
3911	377	361
14301	403	361
4385	72	362
10713	114	362
16895	297	363
18450	18	364
11278	35	364
3403	150	364
12505	445	364
5734	468	364
14734	561	364
10087	572	364
11190	7	365
5208	8	365
5044	29	365
13705	165	365
9300	168	365
6791	233	365
13776	309	365
3537	315	365
6351	515	365
17196	544	365
5693	124	366
2153	222	366
3768	378	366
17912	90	367
12228	104	367
16451	313	367
14999	330	367
8464	536	367
3160	4	368
11522	40	368
8046	70	368
9874	140	368
9274	313	368
6017	379	368
12634	2	369
6970	21	369
1037	102	369
4752	187	369
3553	462	369
18260	297	370
9736	317	370
9704	236	371
2587	396	371
13840	447	371
5867	15	372
4216	42	372
13098	83	372
16056	339	372
3001	507	372
7941	77	373
14546	101	373
15609	296	373
1746	359	373
4713	499	373
12872	519	373
7783	546	373
8590	145	374
15178	320	374
8632	409	374
14270	545	374
17432	52	375
6264	375	375
4345	11	376
6942	56	376
4502	148	376
12352	156	376
15443	233	376
11559	458	376
9655	32	377
8993	55	377
2996	220	377
1345	361	377
16044	47	378
10961	206	378
10577	222	378
17467	302	378
10829	366	378
14567	433	378
10041	10	379
7078	140	379
14928	368	379
10259	431	379
8520	449	379
17947	53	380
7033	89	380
11221	236	380
6260	266	380
9282	271	380
9314	342	380
8559	396	380
14724	447	380
6043	553	380
5546	23	381
10599	145	381
13246	216	381
14447	242	381
4508	279	381
13330	409	381
11785	427	381
10478	500	381
15479	526	381
16264	545	381
10231	559	381
7739	9	382
4352	80	382
10357	185	382
4974	219	382
10608	275	382
17745	397	382
7884	490	382
8016	525	382
8563	532	382
7413	65	383
13742	95	383
17883	261	383
4517	349	383
17625	475	383
18349	511	383
18197	149	384
7356	461	384
4710	2	385
8576	285	385
14589	388	385
2221	429	385
5942	75	386
16263	120	386
10052	272	386
10640	436	386
3814	461	386
16159	26	387
9137	178	387
16928	30	388
17513	63	388
4603	72	388
6847	98	388
8320	285	388
11042	385	388
3665	29	389
11530	233	389
2156	343	389
15911	556	389
14775	21	390
1604	30	390
16318	35	390
1535	48	390
3482	160	390
4959	285	390
7034	298	390
17688	457	390
2873	551	390
1783	43	391
16035	160	391
2837	447	391
13470	450	391
17822	458	391
15582	551	391
7280	573	391
12566	147	392
13683	334	392
2855	514	392
14454	84	393
18400	92	393
3849	185	393
3655	252	393
5701	340	393
14929	490	393
4473	45	394
3419	73	394
9983	158	394
1515	280	394
16299	144	395
8600	188	395
12741	332	395
1503	410	395
6342	451	395
12512	528	395
8858	580	395
6189	371	396
1036	380	396
9043	447	396
15509	9	397
12796	84	397
17107	131	397
5141	382	397
1945	90	398
4197	272	398
2863	321	398
12143	410	398
3188	461	398
5409	502	398
1616	567	398
10857	91	399
7662	110	399
17829	120	399
15837	258	399
2714	345	399
18380	184	400
5179	350	400
5264	428	400
15120	491	400
17070	498	400
4149	297	401
18423	71	402
14728	108	402
17675	162	402
7486	238	402
1033	301	402
14932	66	403
9038	111	403
12085	174	403
16198	199	403
7498	220	403
16840	256	403
7005	267	403
17489	324	403
2254	361	403
5037	426	403
6019	458	403
2866	580	403
5148	22	404
9229	79	404
5540	80	404
7994	208	404
13528	16	405
7659	284	405
18040	165	406
3492	229	406
8663	347	406
10422	411	406
10395	420	406
17582	474	406
790	99	407
4960	3	408
2414	103	408
10511	319	408
13506	46	409
8484	72	409
16320	150	409
13113	167	409
4901	171	409
619	203	409
10735	255	409
18162	278	409
10722	294	409
5583	316	409
6905	320	409
5545	374	409
4452	381	409
17879	427	409
5665	440	409
13333	445	409
3463	469	409
13718	500	409
12215	522	409
11613	572	409
17117	14	410
1551	85	410
6699	117	410
10200	199	410
9567	201	410
13667	209	410
9851	395	410
13676	398	410
1192	436	410
16851	446	410
13482	506	410
18176	523	410
4604	72	411
17691	160	411
3261	172	411
4878	204	411
916	406	411
15172	6	412
9608	72	412
10796	159	412
11744	172	412
1980	197	412
14422	218	412
13720	292	412
1620	333	412
18191	86	413
13919	138	413
6130	244	413
4239	275	413
14109	501	413
14175	517	413
17719	531	413
8651	581	413
11143	8	414
8053	462	414
13848	498	414
16499	205	415
2883	217	415
13125	259	415
6915	340	415
3176	444	415
6434	530	415
15790	12	416
3914	63	416
2319	69	416
17437	116	416
11358	210	416
11320	239	416
17226	257	416
12527	442	416
6059	61	417
5661	72	417
9986	159	417
9470	172	417
13190	197	417
5871	218	417
5258	287	417
4973	460	417
14594	534	417
934	36	418
3471	74	418
12365	112	418
1282	121	418
17990	174	418
5659	234	418
16594	240	418
10235	256	418
5778	267	418
16670	324	418
6222	487	418
3161	93	419
10006	308	419
13023	252	420
1069	406	420
6343	13	421
14651	166	421
17066	194	421
9276	286	421
8718	461	421
16712	44	422
8579	153	422
8586	163	422
15184	191	422
13656	235	422
17294	243	422
1103	288	422
8131	323	422
15504	494	422
4195	10	423
15679	31	423
2694	50	423
7006	71	423
12329	93	423
4185	431	423
2752	489	423
9381	72	424
13643	135	424
4116	177	424
8282	479	424
8802	274	425
3742	359	425
13465	519	425
2485	546	425
9684	32	426
16064	66	426
12937	111	426
6774	121	426
13578	132	426
682	174	426
3738	183	426
7476	199	426
3654	324	426
4769	403	426
4512	495	426
16510	216	427
17708	381	427
14004	409	427
13903	500	427
16547	559	427
13677	19	428
4755	206	428
5322	304	428
2259	322	428
17013	350	428
8289	400	428
1322	491	428
750	563	428
17342	101	429
4857	385	429
9287	546	429
8511	105	430
7138	107	430
4629	182	430
7212	357	430
7989	547	430
18216	10	431
10228	60	431
11412	379	431
10573	423	431
12054	45	432
7588	158	432
1591	232	432
6216	263	432
12905	280	432
12300	492	432
5872	539	432
14912	569	432
13552	222	433
13272	224	433
3373	378	433
16016	566	433
3112	29	434
13278	187	434
4015	201	434
18331	222	434
7061	245	434
4690	343	434
14581	502	434
3883	509	434
7500	523	434
15823	556	434
8815	89	435
8368	286	435
1276	342	435
12984	344	435
8380	272	436
13557	386	436
12724	410	436
13606	461	436
18056	18	437
6569	68	437
16401	98	437
17381	161	437
987	354	437
11948	582	437
17082	585	437
9999	15	438
7850	42	438
6429	247	438
10856	507	438
12020	527	438
12297	584	438
12539	93	439
5644	143	439
1989	230	439
2343	171	440
11480	289	440
6393	409	440
9557	469	440
7812	582	440
3131	43	441
8374	160	441
14576	281	441
7066	298	441
10510	511	441
15503	98	442
5268	237	442
1901	268	442
14542	355	442
16778	416	442
4360	477	442
10391	485	442
16976	554	442
8419	109	443
13434	344	443
4851	336	444
15436	340	444
3714	415	444
1933	530	444
3057	49	445
6765	58	445
12331	130	445
11502	150	445
5306	167	445
1100	364	445
5467	409	445
9438	572	445
8448	28	446
15730	30	446
7436	85	446
4051	201	446
13251	234	446
13602	410	446
13354	505	446
2627	540	446
16843	557	446
9342	53	447
5005	54	447
3207	56	447
5586	57	447
6108	74	447
13930	81	447
9395	139	447
8838	151	447
1283	170	447
9817	236	447
3791	266	447
4890	342	447
12103	344	447
11688	371	447
2061	380	447
10698	391	447
867	396	447
9585	450	447
13258	455	447
17041	461	447
13309	511	447
7395	540	447
9919	550	447
2141	553	447
2552	25	448
11902	82	448
636	208	448
9408	254	448
14347	464	448
9167	78	449
4055	153	449
6046	191	449
4720	222	449
5160	301	449
16177	379	449
10497	456	449
2531	54	450
15614	74	450
11335	111	450
6993	391	450
801	447	450
3790	455	450
9958	541	450
11655	188	451
16204	395	451
3842	491	451
10372	559	451
7546	70	452
1981	108	452
13564	224	452
10981	301	452
705	309	452
12414	454	452
10633	456	452
9803	18	453
18007	190	453
9141	234	453
10314	326	453
15147	477	453
15511	554	453
3439	582	453
12596	108	454
9941	452	454
11344	342	455
15230	447	455
13746	450	455
14141	70	456
3951	78	456
7991	105	456
13700	108	456
2327	191	456
16236	235	456
17080	270	456
6848	357	456
3025	449	456
15393	452	456
16969	547	456
16834	578	456
2372	11	457
11878	21	457
14813	102	457
4046	116	457
2082	181	457
10984	313	457
696	330	457
3413	390	457
5396	483	457
2080	551	457
13239	11	458
9032	30	458
14557	102	458
16166	156	458
13064	285	458
4132	376	458
4900	391	458
4191	403	458
11343	551	458
5329	573	458
5537	176	459
4074	461	459
4030	583	459
7575	61	460
6246	72	460
6940	159	460
14684	172	460
17239	197	460
10724	218	460
10822	287	460
12704	417	460
13477	5	461
9499	75	461
6825	91	461
2697	136	461
18232	149	461
1943	166	461
5503	176	461
16796	194	461
16480	221	461
2017	231	461
15500	272	461
18084	286	461
8231	321	461
18430	344	461
15572	360	461
9288	384	461
13779	386	461
11402	398	461
9876	421	461
3386	436	461
12865	447	461
11385	459	461
17564	482	461
17720	484	461
6509	524	461
16542	536	461
15296	562	461
14474	567	461
7019	579	461
15041	583	461
9578	2	462
18327	7	462
5697	102	462
12761	168	462
11819	283	462
4467	369	462
4506	414	462
7925	543	462
4641	65	463
1618	129	463
15565	511	463
6527	535	463
5132	25	464
2425	82	464
9289	208	464
3582	254	464
7658	448	464
10589	23	465
17047	68	465
12651	214	465
1738	215	465
1764	354	465
15203	574	465
13254	60	466
2189	238	466
16692	153	467
10465	191	467
15206	294	467
1947	504	467
5338	535	467
12285	142	468
14936	294	468
1612	364	468
4083	526	468
2172	46	469
9159	171	469
9464	255	469
6594	278	469
10499	316	469
8549	320	469
9961	409	469
17678	440	469
3846	522	469
7801	582	469
4658	97	470
6459	202	470
6830	488	470
17019	570	470
5137	52	471
4816	471	471
1307	159	472
13554	161	472
9245	169	472
16057	172	472
16436	193	472
13317	215	472
12936	218	472
2363	246	472
9782	347	472
18210	42	473
2728	178	473
8241	205	473
8916	207	473
14431	265	473
15917	336	473
778	476	473
3829	42	474
17200	406	474
13422	1	475
12760	45	475
10882	49	475
11203	65	475
1930	261	475
10483	280	475
10913	298	475
4009	383	475
7506	15	476
17756	42	476
637	133	476
4504	161	476
1716	178	476
1160	213	476
12089	312	476
3077	473	476
16384	12	477
3100	28	477
14302	442	477
18066	453	477
10257	485	477
2453	558	477
10791	105	478
865	152	478
2223	212	478
1672	284	478
7009	306	478
13906	538	478
9183	547	478
11294	72	479
8902	177	479
6491	424	479
13430	82	480
9518	86	480
12598	497	480
6952	501	480
14804	116	481
7985	183	481
12469	226	481
15231	250	481
16119	269	481
15459	315	481
7288	536	481
12738	122	482
14863	221	482
6577	461	482
2870	583	482
6443	48	483
12145	251	483
2159	264	483
7015	457	483
7543	561	483
15104	90	484
15232	272	484
6659	357	484
11026	360	484
17620	461	484
16487	9	485
15468	18	485
1176	37	485
6430	39	485
9890	157	485
11568	193	485
12569	211	485
2822	295	485
5578	442	485
17531	477	485
1524	498	485
14631	532	485
15953	563	485
728	582	485
8619	585	485
921	504	486
9333	511	486
6522	36	487
11991	45	487
6492	74	487
8058	103	487
8201	112	487
15747	240	487
3631	280	487
2421	418	487
16880	202	488
14074	206	488
2999	319	488
7787	470	488
12638	570	488
9996	60	489
1749	423	489
5092	80	490
1214	92	490
4999	186	490
9015	207	490
6712	211	490
792	251	490
3953	252	490
13472	295	490
4601	312	490
16831	382	490
13498	393	490
12652	532	490
3339	19	491
979	124	491
1184	400	491
16660	428	491
18064	451	491
2814	577	491
10150	45	492
8761	158	492
5363	229	492
10957	280	492
10591	432	492
6705	70	493
11890	147	493
7139	235	493
15945	153	494
10844	422	494
17591	63	495
17949	183	495
8206	226	495
12237	256	495
11048	257	495
16536	426	495
1606	586	495
16583	62	496
6416	72	496
2987	159	496
12045	172	496
7456	218	496
9632	534	496
14328	79	497
15474	82	497
5599	208	497
12774	480	497
9630	157	498
12903	222	498
15067	245	498
5572	304	498
11762	350	498
10416	400	498
14630	414	498
17033	485	498
3449	275	499
17653	325	499
11086	359	499
4846	373	499
16321	519	499
12176	533	499
13796	540	499
6302	546	499
10134	142	500
17534	145	500
1826	381	500
6262	409	500
17265	427	500
791	545	500
15311	138	501
7087	155	501
5560	208	501
6831	413	501
765	480	501
2888	110	502
1879	120	502
11281	196	502
12882	284	502
12449	318	502
6098	321	502
1076	357	502
15174	398	502
5815	434	502
15937	503	502
9013	567	502
2067	110	503
17815	284	503
12781	318	503
13937	502	503
16385	281	504
4398	329	504
4979	349	504
15469	467	504
7103	486	504
3970	511	504
11084	85	505
4031	94	505
14138	117	505
18417	185	505
14415	244	505
14022	289	505
5923	332	505
10515	352	505
4875	446	505
15113	85	506
860	117	506
10437	165	506
15275	169	506
16561	193	506
17585	289	506
1750	410	506
12392	15	507
16100	42	507
18445	64	507
8470	83	507
7394	178	507
783	339	507
1739	372	507
4260	438	507
10994	527	507
6197	584	507
10801	10	508
15298	93	508
14184	182	509
3507	245	509
12975	309	509
3910	357	509
15765	434	509
18256	187	510
17561	302	510
3359	43	511
9791	45	511
14253	65	511
13273	129	511
17241	261	511
14860	262	511
13510	280	511
14971	281	511
10676	329	511
16564	349	511
13405	383	511
15329	441	511
8319	447	511
15068	463	511
2613	486	511
2040	504	511
1648	512	511
18259	20	512
6207	129	512
7376	192	512
17476	262	512
9481	511	512
17667	78	513
13588	162	514
6267	392	514
8381	2	515
4053	41	515
7667	69	515
1963	237	515
4393	247	515
8092	268	515
14221	315	515
9673	355	515
11410	365	515
7956	42	516
3170	178	516
2267	575	516
15004	84	517
11070	86	517
2131	185	517
14706	244	517
12935	335	517
4093	413	517
6956	531	517
11554	78	518
5704	127	518
7692	225	518
13834	297	518
5633	3	519
15726	359	519
6912	373	519
11111	425	519
5798	499	519
10625	546	519
14382	49	520
12063	142	520
12947	167	520
6371	328	520
11456	10	521
6880	230	521
11464	278	522
5875	409	522
2374	469	522
10621	582	522
2018	90	523
10126	410	523
1251	434	523
10306	536	523
9107	104	524
1161	107	524
4340	231	524
2186	357	524
4692	461	524
5852	579	524
1652	39	525
18048	163	525
13252	179	525
10261	382	525
1870	532	525
14568	577	525
5977	35	526
13411	49	526
14460	95	526
15523	142	526
17873	188	526
16869	273	526
18403	381	526
2986	468	526
6991	542	526
10772	15	527
2479	42	527
4414	247	527
4655	438	527
5430	507	527
8680	584	527
9388	395	528
17474	580	528
12516	9	529
15384	39	529
14014	128	529
14647	163	529
16197	134	530
11562	205	530
15245	213	530
13348	217	530
14716	259	530
1547	340	530
1694	415	530
12078	444	530
1042	38	531
12551	185	531
16175	244	531
8209	335	531
15560	352	531
6888	413	531
10044	517	531
15285	12	532
2526	59	532
4020	80	532
2578	92	532
5889	186	532
1508	207	532
8959	295	532
649	382	532
8547	485	532
16065	490	532
12626	525	532
4904	19	533
9959	87	533
7629	219	533
2779	252	533
3533	275	533
17247	325	533
5775	335	533
13962	499	533
5742	577	533
12036	61	534
10474	62	534
1376	72	534
3378	159	534
13740	172	534
11926	218	534
2274	417	534
8062	496	534
15016	27	535
13888	30	535
10720	144	535
12120	349	535
9384	355	535
2024	463	535
11946	467	535
12860	539	535
16533	5	536
7840	90	536
15997	182	536
6586	250	536
8465	357	536
16709	360	536
10217	367	536
1800	461	536
6953	481	536
18329	523	536
9586	18	537
14048	73	537
11632	148	537
9602	199	537
17307	561	537
4925	14	538
17344	258	538
10721	284	538
17869	291	538
10636	478	538
1893	13	539
2725	27	539
8235	57	539
1597	201	539
1629	209	539
7512	232	539
14226	247	539
17902	263	539
1623	264	539
10934	432	539
17583	535	539
14034	554	539
8182	569	539
13600	74	540
5073	77	540
12610	94	540
2248	101	540
6576	144	540
3364	296	540
2244	446	540
11430	447	540
16478	499	540
3852	546	540
6634	125	541
13385	266	541
5530	324	541
6100	450	541
13798	95	542
9349	150	542
6455	160	542
1699	526	542
9814	572	542
11872	29	543
17315	168	543
18136	233	543
7273	462	543
8169	544	543
1359	556	543
3338	29	544
2114	39	544
10888	228	544
1859	365	544
11963	543	544
6324	549	544
16246	49	545
13585	216	545
11424	374	545
6356	381	545
3642	500	545
18249	101	546
6171	155	546
8332	275	546
5361	359	546
2865	373	546
4231	425	546
3887	429	546
2416	499	546
7443	519	546
9812	540	546
11923	105	547
4980	107	547
11361	118	547
7262	128	547
14692	182	547
13806	357	547
5376	430	547
18102	456	547
15042	478	547
7586	23	548
713	68	548
14613	72	548
2310	172	548
5291	12	549
16238	41	549
2195	69	549
16330	123	549
15958	237	549
7822	544	549
13595	16	550
13172	56	550
7446	57	550
9721	81	550
9816	139	550
15827	181	550
14830	266	550
14207	447	550
7272	553	550
14763	156	551
3415	271	551
16870	390	551
17713	391	551
15979	457	551
1287	458	551
13377	573	551
14143	258	552
17218	318	552
11491	348	552
11805	54	553
3786	139	553
12113	170	553
15036	266	553
9804	380	553
10670	447	553
18242	550	553
4011	18	554
7098	27	554
9265	69	554
2071	98	554
16809	190	554
7966	326	554
18263	442	554
5920	453	554
11984	539	554
12533	582	554
17272	293	555
2011	29	556
3140	187	556
18307	196	556
15767	343	556
14637	389	556
11342	434	556
1057	543	556
15099	156	557
1013	201	557
10171	206	557
12411	352	557
5479	446	557
5245	2	558
1586	144	558
8415	172	558
927	199	558
4614	268	558
1224	274	558
8585	282	558
13186	338	558
7366	355	558
6570	477	558
15397	35	559
15304	95	559
1533	132	559
13319	242	559
10550	279	559
10765	300	559
8526	381	559
2454	427	559
11003	451	559
11660	582	559
4259	293	560
603	1	561
1480	18	561
3972	48	561
1896	181	561
5681	264	561
18298	364	561
1107	483	561
14003	537	561
14975	149	562
15162	269	562
14071	461	562
17586	19	563
18452	157	563
17853	198	563
7204	222	563
1788	428	563
8982	485	563
12341	67	564
17164	125	564
15320	156	564
7142	192	564
17768	195	564
15263	99	565
2719	317	565
7038	222	566
6329	230	566
15599	297	566
9702	433	566
4534	269	567
11856	321	567
11999	398	567
9975	461	567
1803	502	567
10003	60	568
16382	317	568
5133	45	569
2824	158	569
16422	232	569
13628	263	569
11223	280	569
11353	311	569
7399	432	569
9901	539	569
12223	202	570
4899	303	570
5344	322	570
12499	470	570
4296	488	570
5915	587	570
2411	143	571
13051	230	571
9678	49	572
11657	150	572
17569	167	572
14340	364	572
2857	409	572
9047	445	572
9942	542	572
1946	11	573
2057	33	573
12826	148	573
11339	156	573
14972	209	573
13815	250	573
6352	391	573
17778	458	573
933	551	573
10759	23	574
10021	214	574
3125	262	574
2997	465	574
3649	42	575
9899	178	575
17805	516	575
13811	17	576
14250	49	576
17039	167	576
13745	328	576
7297	87	577
7237	185	577
9991	275	577
4719	491	577
4010	525	577
10751	533	577
12801	118	578
5516	182	578
6507	187	578
17622	200	578
14854	307	578
9541	357	578
1495	456	578
3006	33	579
13777	107	579
12951	122	579
5178	357	579
3678	358	579
15089	461	579
2009	524	579
16736	121	580
5202	132	580
13141	220	580
14236	347	580
5115	395	580
7715	403	580
18422	528	580
16933	77	581
16910	275	581
15087	296	581
7691	325	581
9808	413	581
2510	18	582
16526	46	582
1991	171	582
12831	198	582
7104	255	582
14605	264	582
14186	278	582
3462	295	582
9238	316	582
15341	320	582
4646	437	582
12739	440	582
14159	453	582
5193	469	582
17751	485	582
9390	522	582
6761	554	582
2256	559	582
4731	183	583
14028	221	583
14130	344	583
18448	459	583
8059	461	583
6140	482	583
10658	15	584
7830	42	584
9053	247	584
9513	438	584
1152	507	584
18115	527	584
6061	37	585
10864	186	585
14741	268	585
1155	295	585
18311	437	585
780	485	585
17657	63	586
18142	94	586
13664	148	586
8936	174	586
17642	203	586
3217	234	586
6738	255	586
4594	495	586
8318	133	587
7167	202	587
5313	206	587
12022	322	587
1256	570	587
10852	99	588
