16723	55	1
14146	65	1
3074	273	1
5564	298	1
9655	475	1
9972	526	1
14245	561	1
5873	41	2
11806	87	2
6722	102	2
16041	116	2
2344	126	2
3634	274	2
7611	355	2
3519	369	2
6322	385	2
919	462	2
13706	558	2
6272	103	3
8085	319	3
16207	408	3
9948	108	4
4719	146	4
17309	368	4
9305	392	4
16838	286	5
3014	360	5
3089	461	5
2055	536	5
12883	583	5
5776	37	6
9929	72	6
13138	172	6
3428	197	6
13191	218	6
5760	292	6
15850	333	6
2261	8	7
6421	228	7
14137	365	7
16472	452	7
12372	462	7
17313	7	8
12957	157	8
6784	301	8
7244	350	8
5085	365	8
17282	414	8
16086	39	9
4394	123	9
9795	157	9
3562	179	9
5033	382	9
7248	397	9
4439	485	9
2486	529	9
9122	563	9
4935	143	10
17683	379	10
5005	423	10
17492	431	10
12435	508	10
13123	521	10
13442	21	11
18001	102	11
9011	116	11
6677	181	11
7623	376	11
5284	457	11
13302	458	11
16881	573	11
6911	18	12
18405	186	12
15018	295	12
17403	477	12
7925	485	12
9227	532	12
7923	549	12
17805	84	13
17610	99	13
1695	144	13
13193	166	13
10348	421	13
3343	539	13
1981	69	14
12740	84	14
5521	94	14
9025	258	14
17867	291	14
2573	410	14
13807	538	14
16377	42	15
14268	64	15
16134	83	15
8136	208	15
3173	339	15
6790	372	15
14377	438	15
10961	473	15
1597	474	15
18289	507	15
7647	527	15
6771	584	15
16138	139	16
10760	405	16
10084	550	16
5901	45	17
7816	49	17
2325	95	17
4322	167	17
7776	328	17
3764	356	17
15006	576	17
2340	12	18
10514	35	18
4930	190	18
12591	198	18
1037	273	18
11150	326	18
2750	437	18
2696	453	18
5504	485	18
9944	537	18
14486	561	18
2085	582	18
4048	185	19
2813	428	19
15453	491	19
9408	21	20
3605	27	20
857	48	20
17284	192	20
7188	261	20
3154	354	20
6891	512	20
4541	561	20
8910	11	21
13223	20	21
17320	27	21
11074	102	21
15615	181	21
1887	264	21
13970	299	21
3061	369	21
12471	390	21
670	457	21
9526	561	21
13620	79	22
13374	208	22
18206	404	22
16310	214	23
14532	216	23
5227	262	23
16003	300	23
10044	381	23
3027	548	23
7024	574	23
1565	42	24
3715	337	24
4834	82	25
11942	208	25
7747	254	25
6906	448	25
14631	464	25
12634	178	26
1940	387	26
1989	20	27
3329	21	27
1662	201	27
1728	299	27
9072	535	27
8894	539	27
13770	554	27
12032	100	28
10021	318	28
8789	446	28
9645	453	28
3502	456	28
14927	477	28
14270	502	28
3732	87	29
1497	123	29
2119	165	29
15738	168	29
17099	226	29
3313	237	29
8471	256	29
11032	343	29
1483	365	29
6682	389	29
13894	434	29
9421	543	29
2775	544	29
16845	556	29
11958	117	30
1491	298	30
13435	388	30
2609	390	30
3581	446	30
8859	458	30
6553	535	30
1030	143	31
10248	173	31
3376	314	31
14105	423	31
8777	431	31
16682	34	32
7941	117	32
17391	199	32
1688	203	32
11341	220	32
6033	426	32
636	104	33
6987	149	33
12657	227	33
16305	256	33
5111	283	33
7528	315	33
712	330	33
5213	358	33
4124	384	33
18248	524	33
4940	562	33
7081	573	33
17360	579	33
13180	32	34
986	116	34
4011	172	34
3948	203	34
6202	218	34
3237	282	34
18168	338	34
6298	355	34
798	362	34
14811	411	34
1959	18	35
15603	48	35
9076	58	35
3283	188	35
7721	273	35
12815	364	35
1061	390	35
17900	490	35
1595	526	35
1780	559	35
6144	112	36
6480	220	36
3419	267	36
5226	418	36
9468	487	36
5703	511	36
7999	6	37
1384	72	37
8174	255	37
13992	355	37
2563	585	37
14940	101	38
2072	124	38
9432	293	38
832	501	38
10784	9	39
12234	198	39
11090	485	39
8858	525	39
12534	529	39
7498	563	39
9982	118	40
9889	140	40
3439	200	40
17949	212	40
2863	306	40
11035	2	41
5872	80	41
8718	198	41
14470	210	41
11830	247	41
2739	315	41
17948	365	41
12391	515	41
17088	544	41
4473	549	41
10722	15	42
9759	24	42
13259	64	42
3832	83	42
5272	178	42
9859	337	42
15425	339	42
16339	372	42
17849	473	42
11516	474	42
9478	507	42
3703	516	42
6210	575	42
10739	160	43
5427	441	43
18203	511	43
16039	99	44
687	100	44
16267	127	44
11401	310	44
18093	422	44
3259	17	45
18150	73	45
10482	130	45
6230	150	45
5692	158	45
15370	160	45
15015	229	45
7221	232	45
9138	263	45
6881	280	45
11749	290	45
2815	311	45
8455	356	45
4550	394	45
14227	432	45
7525	445	45
7162	475	45
3335	487	45
12608	492	45
2379	511	45
4836	569	45
1132	572	45
7709	576	45
2185	316	46
12612	320	46
17926	409	46
1202	469	46
2966	302	47
1455	351	47
3811	378	47
10608	20	48
2727	35	48
12502	390	48
14718	395	48
17331	483	48
15533	561	48
13597	17	49
17577	130	49
3265	142	49
7324	150	49
3886	167	49
18183	328	49
11959	356	49
5549	445	49
15247	475	49
1554	500	49
4292	520	49
7204	526	49
3769	545	49
16177	572	49
12804	576	49
12787	423	50
5324	72	51
2402	177	51
17454	52	52
5999	141	52
2039	154	52
2138	164	52
12472	189	52
13422	248	52
8653	260	52
4041	305	52
16023	327	52
2459	353	52
12835	375	52
9356	471	52
3914	489	52
18287	74	53
13140	213	53
2474	342	53
12380	344	53
1719	380	53
14174	447	53
9329	81	54
7594	344	54
16241	447	54
14636	450	54
10587	475	54
8238	553	54
1623	1	55
1855	121	55
13473	132	55
9852	229	55
17187	240	55
5699	285	55
10956	347	55
4902	377	55
12249	390	55
12997	403	55
7256	89	56
2002	109	56
12018	139	56
3015	166	56
6499	195	56
15666	344	56
4827	376	56
14705	443	56
13523	447	56
7692	550	56
11593	144	57
7775	299	57
18358	447	57
8536	539	57
9358	35	58
6098	95	58
12266	167	58
6597	349	58
8607	445	58
10394	559	58
12437	582	58
14305	210	59
8961	256	59
13493	257	59
13778	307	59
9314	532	59
3345	99	60
17111	127	60
3602	317	60
9309	466	60
17467	568	60
18114	72	61
2845	172	61
9110	218	61
17930	333	61
2149	534	61
13641	72	62
13713	172	62
18357	218	62
2389	496	62
10133	534	62
17079	98	63
11650	388	63
4424	416	63
8692	495	63
8855	586	63
11015	15	64
6867	42	64
2181	507	64
15773	1	65
2701	129	65
4334	262	65
5722	383	65
7527	463	65
18259	475	65
7549	511	65
8648	512	65
3623	210	66
5528	233	66
13562	239	66
13567	266	66
18318	267	66
10724	361	66
10373	403	66
16040	426	66
10851	109	67
14328	194	67
15521	344	67
4585	450	67
2166	564	67
8757	72	68
17369	114	68
4281	277	68
10466	362	68
1671	374	68
15030	437	68
12610	465	68
4434	548	68
5381	14	69
2099	98	69
9071	148	69
8628	237	69
4330	416	69
12884	515	69
9318	549	69
13311	554	69
6602	107	70
7049	147	70
13788	200	70
16719	270	70
3830	452	70
17410	456	70
843	493	70
14666	552	70
13946	146	71
8140	402	71
5596	423	71
8964	6	72
11865	37	72
3351	51	72
16720	61	72
7906	62	72
8848	68	72
3943	135	72
10664	177	72
16105	197	72
12468	204	72
5823	277	72
6758	282	72
16414	287	72
14062	292	72
14774	333	72
8688	338	72
16615	362	72
13709	388	72
13984	409	72
7535	411	72
8554	412	72
5965	417	72
9923	424	72
594	460	72
1876	479	72
7667	496	72
2272	534	72
7054	548	72
12705	45	73
13048	264	73
11189	290	73
15864	394	73
5382	53	74
3846	125	74
4949	165	74
15713	335	74
8533	344	74
18418	418	74
16169	450	74
5661	487	74
4091	540	74
11041	120	75
18155	321	75
17489	367	75
12816	386	75
5543	461	75
1810	306	76
1361	313	76
13070	101	77
14223	296	77
14173	373	77
3386	222	78
4825	225	78
6391	238	78
17545	350	78
8077	513	78
8636	518	78
1490	22	79
7718	208	79
8899	404	79
6020	497	79
9183	41	80
17188	186	80
8502	382	80
10079	490	80
14158	532	80
15155	54	81
14737	129	81
9664	139	81
11049	181	81
3286	447	81
15380	550	81
5341	25	82
17586	208	82
11844	254	82
6358	448	82
15884	464	82
8034	480	82
13091	497	82
1189	15	83
16233	42	83
4837	339	83
5736	372	83
9157	13	84
2233	14	84
17537	271	84
15454	332	84
11661	393	84
8605	397	84
4997	94	85
10379	117	85
15110	201	85
10920	208	85
18081	289	85
9040	410	85
18045	446	85
15433	505	85
1043	506	85
5511	138	86
6801	413	86
18202	480	86
8257	517	86
9760	2	87
650	29	87
15883	100	87
4047	219	87
18067	223	87
822	237	87
625	257	87
13085	275	87
18270	330	87
16945	533	87
18268	577	87
8740	172	88
5805	215	88
8513	246	88
2841	56	89
11764	286	89
4588	344	89
9034	380	89
16073	435	89
11633	357	90
3493	367	90
9145	398	90
1962	484	90
14839	523	90
8395	536	90
15994	567	90
7013	136	91
16328	227	91
6140	344	91
7598	399	91
10034	461	91
17667	169	92
18243	185	92
8219	193	92
12208	211	92
8413	217	92
5137	252	92
13369	340	92
5792	393	92
3974	490	92
8096	559	92
9442	308	93
16961	419	93
9002	423	93
14072	508	93
4611	14	94
2984	85	94
16242	194	94
5857	206	94
14152	234	94
1997	461	94
6160	505	94
7878	540	94
4464	557	94
8220	586	94
5030	17	95
6512	58	95
14450	167	95
4039	188	95
14580	261	95
9371	273	95
8205	383	95
13722	463	95
18347	526	95
15528	542	95
12103	559	95
7882	103	96
14126	319	96
13687	408	96
14848	206	97
17387	63	98
5615	69	98
3526	237	98
9392	268	98
856	442	98
17877	554	98
11835	13	99
17505	44	99
5112	60	99
1737	106	99
13663	113	99
11970	115	99
11213	173	99
16362	241	99
14723	253	99
11016	276	99
2520	331	99
2562	407	99
8823	565	99
10102	588	99
13213	28	100
5099	44	100
8712	87	100
8577	456	100
12991	38	101
9524	77	101
6478	373	101
3246	429	101
1925	540	101
4062	546	101
8865	2	102
18004	11	102
9637	21	102
14097	457	102
12002	458	102
7613	3	103
3613	96	103
13510	319	103
12781	408	103
4029	33	104
2301	307	104
4472	309	104
5375	344	104
3701	357	104
2527	358	104
8958	399	104
9087	461	104
16870	524	104
12387	118	105
16249	128	105
5966	284	105
13980	357	105
16892	430	105
11250	478	105
7595	547	105
16927	99	106
15078	317	106
7720	70	107
8191	271	107
13599	291	107
7015	306	107
15325	309	107
12934	345	107
7773	357	107
8548	524	107
1598	579	107
18311	4	108
3973	119	108
17423	140	108
10040	402	108
17680	452	108
2408	454	108
14047	56	109
6415	67	109
3796	344	109
17890	443	109
13469	284	110
8464	430	110
10273	502	110
3069	503	110
813	324	111
9453	361	111
6844	403	111
15109	450	111
9348	36	112
1466	220	112
17841	418	112
5193	487	112
17732	99	113
18177	137	113
14472	225	113
13056	241	113
8344	305	113
10263	350	113
1645	68	114
5796	135	114
16410	362	114
15764	99	115
11964	143	115
9424	317	115
7638	2	116
15999	11	116
13741	34	116
14618	332	116
2264	355	116
2218	481	116
10734	30	117
8071	32	117
6828	85	117
3226	165	117
8321	199	117
10035	410	117
6290	505	117
17888	506	117
6903	40	118
1359	105	118
9753	200	118
2970	318	118
4380	348	118
11089	456	118
2658	547	118
1574	552	118
2308	578	118
17186	108	119
13576	146	119
5290	301	119
1148	334	119
1714	392	119
15753	402	119
16478	75	120
3818	231	120
11859	284	120
4610	321	120
7208	386	120
16500	399	120
9448	410	120
15571	436	120
11855	502	120
3895	55	121
6275	220	121
10807	229	121
5551	418	121
16296	426	121
14664	475	121
13800	487	121
9887	580	121
7286	125	122
14775	149	122
6274	192	122
13398	209	122
14275	221	122
10793	283	122
6032	384	122
13281	482	122
16840	562	122
9012	573	122
1260	9	123
8125	29	123
15353	152	123
11636	237	123
10618	257	123
11349	549	123
17553	554	123
16908	556	123
15896	38	124
10325	206	124
14602	223	124
17388	304	124
1768	366	124
2058	491	124
3949	74	125
10279	122	125
12320	156	125
8121	192	125
6450	195	125
9546	261	125
10907	324	125
10619	342	125
16060	344	125
17800	383	125
1547	450	125
10418	455	125
1788	541	125
1283	564	125
1297	2	126
16598	237	126
9728	247	126
9999	549	126
12197	44	127
4444	60	127
17250	225	127
14186	518	127
3504	105	128
13514	245	128
2434	343	128
15570	357	128
11787	502	128
16290	547	128
13801	65	129
2414	81	129
8807	329	129
7304	463	129
14771	511	129
16964	512	129
5534	45	130
6016	49	130
10413	167	130
1176	356	130
7905	409	130
10281	445	130
8432	148	131
15450	226	131
16076	239	131
6994	250	131
13572	315	131
6720	361	131
13662	397	131
6751	403	131
15016	55	132
949	188	132
10357	426	132
10080	433	132
15252	559	132
11818	580	132
7127	163	133
3789	241	133
7590	319	133
2928	411	133
12423	476	133
6148	587	133
14659	213	134
1781	215	134
14558	259	134
963	72	135
16677	114	135
1474	424	135
1552	91	136
14138	231	136
10141	344	136
3042	399	136
10456	461	136
1324	113	137
2483	162	137
3877	243	137
5101	288	137
7913	86	138
17812	336	138
9086	413	138
15379	16	139
14706	56	139
7672	81	139
2886	181	139
16832	266	139
18464	447	139
12544	550	139
7677	553	139
9397	40	140
5259	108	140
15839	368	140
13792	52	141
13901	141	141
11940	49	142
10903	145	142
9276	273	142
14635	298	142
8809	520	142
11903	526	142
8479	545	142
2327	10	143
7934	31	143
17799	115	143
9120	249	143
11745	276	143
14136	297	143
15360	366	143
10899	439	143
9575	571	143
6338	13	144
4781	57	144
12161	355	144
16580	388	144
1813	395	144
10817	535	144
10341	142	145
9652	214	145
18430	374	145
13182	381	145
11398	465	145
3618	545	145
5474	4	146
15296	71	146
17933	119	146
1172	162	146
6852	70	147
12803	392	147
11918	493	147
15955	69	148
17853	131	148
12214	156	148
2714	203	148
15624	233	148
14527	234	148
4270	240	148
15407	376	148
14756	537	148
17200	586	148
12107	33	149
10922	122	149
7794	344	149
2028	384	149
3865	399	149
3396	461	149
5428	562	149
17636	45	150
9434	49	150
18438	167	150
8816	280	150
6664	409	150
12460	445	150
11195	542	150
11742	572	150
9202	170	151
11382	396	151
5797	447	151
4567	123	152
11461	200	152
6934	212	152
1376	256	152
3981	478	152
16864	180	153
10268	191	153
18141	222	153
5666	235	153
14954	334	153
13619	346	153
4266	449	153
11710	467	153
12918	494	153
12993	529	153
16878	52	154
16098	154	154
13847	184	155
11696	400	155
8122	501	155
10764	125	156
3536	148	156
1652	376	156
17866	458	156
7262	551	156
14707	557	156
18335	564	156
15208	573	156
12240	8	157
2294	9	157
12059	198	157
13426	485	157
2047	498	157
9649	563	157
11132	45	158
18170	232	158
3890	263	158
12718	280	158
14119	394	158
2302	511	158
5323	569	158
14978	161	159
17781	218	159
17641	246	159
11047	417	159
10989	460	159
13397	43	160
14579	45	160
18276	280	160
1658	285	160
16282	298	160
12867	391	160
6350	475	160
10491	159	161
9188	205	161
7809	218	161
1218	472	161
18434	137	162
6385	146	162
6778	402	162
9121	133	163
13141	179	163
3993	422	163
4331	525	163
3315	529	163
17772	52	164
12747	164	164
16989	29	165
2011	74	165
10974	117	165
11980	233	165
10217	365	165
13791	406	165
16517	506	165
12330	13	166
9169	56	166
2907	421	166
1086	461	166
6247	17	167
6086	49	167
638	58	167
16008	95	167
1102	130	167
10825	150	167
3227	280	167
12564	328	167
4151	356	167
8931	374	167
6679	409	167
11938	445	167
8764	520	167
7783	572	167
14464	576	167
1674	29	168
10250	227	168
6698	245	168
12828	283	168
4089	309	168
13911	365	168
1793	462	168
774	543	168
10409	92	169
15231	185	169
876	193	169
8906	211	169
10931	218	169
14545	252	169
14860	275	169
9742	300	169
5321	393	169
13916	472	169
3972	506	169
11984	577	169
6729	151	170
5757	447	170
12733	289	171
4656	409	171
15056	440	171
16341	6	172
1115	34	172
16850	61	172
6387	62	172
8442	88	172
9865	197	172
8999	204	172
12756	215	172
14673	265	172
4329	282	172
5017	287	172
9748	292	172
7116	333	172
2468	336	172
5548	338	172
14490	411	172
17797	412	172
1835	413	172
13548	417	172
9777	460	172
1966	472	172
8038	496	172
13222	534	172
3222	548	172
3661	558	172
17756	31	173
5933	99	173
10571	317	173
12641	324	174
8035	403	174
16627	418	174
18387	426	174
12072	586	174
10923	276	175
2830	317	175
11206	233	176
14542	289	176
2585	360	176
12125	459	176
7169	461	176
15085	536	176
6109	51	177
7059	72	177
11228	479	177
3628	26	178
17953	42	178
671	387	178
4689	473	178
13062	476	178
6301	516	178
3287	575	178
16168	9	179
13724	163	179
17969	525	179
2488	563	179
10569	153	180
17525	191	180
2415	346	180
11726	493	180
2543	11	181
9419	21	181
17148	81	181
4909	139	181
17242	264	181
8504	299	181
3677	457	181
6533	550	181
3752	561	181
11716	582	181
16582	309	182
13513	357	182
5037	430	182
12475	509	182
917	578	182
1836	210	183
4487	231	183
11129	234	183
10176	324	183
6055	481	183
1762	495	183
2052	583	183
15045	155	184
6302	293	184
12461	322	184
13219	400	184
15357	19	185
9564	92	185
17966	169	185
8127	193	185
7655	275	185
12416	335	185
8407	352	185
17934	382	185
7413	393	185
2613	505	185
10876	531	185
8451	577	185
5903	12	186
17157	80	186
8279	295	186
12512	532	186
12319	582	186
16297	585	186
1834	196	187
17018	200	187
1766	237	187
16626	245	187
5138	357	187
4954	369	187
6766	434	187
12451	556	187
4452	578	187
2454	35	188
14908	95	188
18356	132	188
8409	273	188
5887	324	188
6419	395	188
4319	426	188
7895	451	188
15459	526	188
12735	52	189
15162	189	189
10538	18	190
15476	326	190
722	453	190
11388	477	190
9144	554	190
3803	153	191
8454	180	191
14640	222	191
16536	334	191
16807	346	191
9922	422	191
14858	449	191
18156	456	191
12576	467	191
13177	20	192
3051	122	192
11707	125	192
8218	564	192
3359	92	193
9969	169	193
4789	185	193
5720	215	193
8135	246	193
13199	300	193
10680	340	193
7156	354	193
3573	472	193
3093	485	193
15479	490	193
13782	506	193
12592	67	194
14747	94	194
17871	221	194
9151	250	194
15963	286	194
14829	461	194
6901	573	194
13618	56	195
2522	125	195
3117	564	195
4350	187	196
5385	200	196
9646	223	196
18020	318	196
11768	502	196
6437	556	196
15686	6	197
16202	72	197
8749	172	197
5557	218	197
11276	292	197
7719	333	197
2187	18	198
7443	39	198
13896	41	198
13516	157	198
16975	228	198
5478	275	198
10461	32	199
13101	117	199
8985	239	199
13721	247	199
10849	255	199
13726	403	199
15466	410	199
17959	426	199
11479	537	199
1831	544	199
5913	40	200
13157	70	200
14986	118	200
13858	152	200
1049	187	200
17427	196	200
9192	348	200
14148	357	200
13549	556	200
7660	578	200
6261	27	201
12771	85	201
6021	251	201
8472	410	201
16792	434	201
4817	446	201
2843	557	201
14887	570	202
3913	32	203
14691	34	203
17771	148	203
15189	255	203
16603	294	203
6253	409	203
8110	586	203
9644	72	204
8394	172	204
13561	282	204
14447	338	204
4016	362	204
14365	411	204
12384	473	204
16631	558	204
7147	161	205
12132	217	205
11784	265	205
7580	415	205
2499	473	205
11810	530	205
4463	94	206
6956	97	206
1812	124	206
2665	304	206
15347	335	206
5378	378	206
6767	428	206
15139	488	206
11914	557	206
18460	577	206
13212	265	207
5904	473	207
9833	490	207
596	532	207
1026	15	208
15515	22	208
6594	25	208
18399	79	208
4982	82	208
18424	85	208
8141	254	208
18064	404	208
12515	448	208
3413	464	208
7869	497	208
10508	501	208
13486	122	209
14786	312	209
10576	410	209
16486	505	209
2289	539	209
4422	551	209
8842	557	209
12331	573	209
4734	41	210
2332	59	210
1511	66	210
17515	183	210
608	226	210
13750	237	210
7328	257	210
12981	416	210
7004	92	211
11525	169	211
11402	218	211
10744	354	211
15887	485	211
17763	490	211
12676	40	212
11183	152	212
10135	318	212
12168	348	212
16922	478	212
17438	53	213
10293	134	213
15310	312	213
14412	476	213
13047	530	213
6983	23	214
9407	145	214
18184	415	214
11301	465	214
2333	574	214
17788	88	215
10107	134	215
13976	172	215
8106	193	215
1862	246	215
9160	465	215
14762	472	215
9720	23	216
6193	279	216
3855	381	216
13881	574	216
4848	92	217
11952	205	217
12947	340	217
4207	530	217
11885	6	218
8357	34	218
13746	61	218
9115	62	218
11556	159	218
5087	161	218
14224	169	218
7211	197	218
15132	211	218
13478	246	218
4448	287	218
5656	292	218
5833	333	218
16655	412	218
7762	417	218
12590	460	218
15732	496	218
12624	534	218
4084	87	219
1560	275	219
13352	312	219
10891	382	219
2427	533	219
13569	577	219
2553	32	220
2938	36	220
17944	112	220
9210	121	220
17288	251	220
6857	256	220
16049	324	220
1613	377	220
14463	403	220
5018	580	220
3072	122	221
6143	194	221
12831	344	221
11010	461	221
10987	482	221
16304	583	221
14134	78	222
11668	153	222
15335	191	222
14754	224	222
15024	346	222
6127	350	222
12555	449	222
868	456	222
6977	498	222
7886	563	222
2515	566	222
7451	87	223
10164	124	223
8505	196	223
11460	222	224
8500	238	224
17981	301	224
11362	498	224
3933	78	225
9091	113	225
6105	127	225
7122	400	225
2545	439	225
5752	518	225
4813	29	226
11444	131	226
9863	210	226
4921	233	226
4381	257	226
5406	315	226
756	481	226
3007	495	226
10872	33	227
4231	91	227
11596	168	227
5160	233	227
7189	283	227
14856	315	227
17035	330	227
2960	343	227
13485	7	228
10981	198	228
9100	544	228
9297	45	229
2906	55	229
5447	121	229
5176	406	229
4379	492	229
3464	276	230
8350	341	230
4038	439	230
7391	521	230
5906	566	230
5015	571	230
9888	120	231
5307	136	231
4090	183	231
2840	344	231
5592	399	231
5250	461	231
10006	524	231
3930	45	232
8393	158	232
13290	263	232
1034	280	232
12329	311	232
5610	432	232
1736	511	232
11802	539	232
9610	569	232
13682	66	233
18389	148	233
7780	165	233
5525	176	233
10533	226	233
12666	227	233
12414	256	233
5114	267	233
11491	343	233
14461	376	233
16758	389	233
12593	459	233
10557	536	233
5802	94	234
7321	148	234
12252	183	234
11691	418	234
8647	446	234
15123	447	234
1626	453	234
12939	540	234
5133	153	235
16487	318	235
4800	346	235
10353	456	235
9474	493	235
18475	371	236
9830	447	236
5845	29	237
2190	69	237
9187	87	237
3963	98	237
2006	123	237
15585	126	237
7030	187	237
17122	210	237
7961	257	237
11269	442	237
6083	515	237
12674	549	237
7500	556	237
12157	78	238
1074	224	238
5869	251	238
18069	402	238
9339	466	238
1485	66	239
8967	131	239
12327	199	239
8511	344	239
2054	416	239
15841	55	240
1857	148	240
9997	418	240
4808	487	240
8185	99	241
14088	113	241
17630	133	241
2578	305	241
7602	317	241
3450	431	241
16701	273	242
15354	279	242
2600	381	242
7898	559	242
3709	137	243
13640	422	243
16972	517	244
17266	531	244
3906	128	245
6183	168	245
2309	187	245
7838	343	245
2816	434	245
10738	509	245
11897	88	246
12324	159	246
5203	193	246
2584	215	246
4890	218	246
12405	472	246
16757	41	247
3987	126	247
4732	199	247
1942	355	247
12355	462	247
18048	515	247
10068	539	247
14111	52	248
5527	248	248
15656	143	249
13289	317	249
2571	131	250
11894	194	250
8107	286	250
3012	309	250
17279	344	250
4390	435	250
10333	461	250
8209	481	250
9693	573	250
1750	201	251
10714	220	251
13906	238	251
7646	483	251
8355	92	252
1174	169	252
14514	259	252
13128	340	252
8613	352	252
15063	393	252
11093	420	252
13689	490	252
6531	530	252
14451	533	252
16623	99	253
14282	317	253
7665	25	254
15685	82	254
13752	208	254
6632	448	254
11998	464	254
5218	37	255
15779	199	255
6303	203	255
8724	409	255
10450	582	255
7833	586	255
9479	29	256
13008	33	256
17816	59	256
16538	152	256
5191	220	256
7202	233	256
7415	269	256
9075	315	256
6023	418	256
17027	495	256
15251	59	257
10012	87	257
14735	123	257
11100	210	257
688	226	257
18142	237	257
3553	315	257
17481	416	257
3678	495	257
15798	14	258
11383	291	258
1542	345	258
7378	399	258
17274	538	258
5899	552	258
8361	134	259
5072	252	259
16027	265	259
3896	340	259
7351	530	259
2997	52	260
13483	260	260
9249	20	261
3433	95	261
9311	125	261
4372	271	261
10132	273	261
14434	324	261
5409	383	261
13739	475	261
12400	511	261
17857	23	262
11934	65	262
786	324	262
12488	475	262
8631	512	262
14362	574	262
10501	45	263
8399	158	263
3543	232	263
13844	280	263
18304	311	263
16269	432	263
5734	511	263
8866	539	263
12988	569	263
9184	21	264
5996	73	264
16033	181	264
8491	299	264
1724	332	264
18221	483	264
11028	539	264
16766	561	264
9258	582	264
5040	172	265
4314	205	265
8568	207	265
12256	259	265
4990	336	265
2663	473	265
5256	480	265
5347	66	266
18246	139	266
3393	349	266
9041	380	266
12685	447	266
14684	540	266
10163	541	266
16901	550	266
3219	553	266
4911	36	267
1339	66	267
15122	233	267
2876	403	267
1602	418	267
3545	447	267
8512	98	268
13783	315	268
7355	355	268
3096	365	268
10452	442	268
10621	515	268
4429	585	268
16512	256	269
14099	348	269
18457	562	269
8981	567	269
15057	70	270
9383	318	270
1363	334	270
13312	348	270
3998	399	270
14242	456	270
17093	493	270
13547	84	271
3517	107	271
15923	261	271
7044	291	271
12118	306	271
9491	342	271
13100	551	271
17397	436	272
8024	461	272
12862	484	272
17519	502	272
2968	1	273
6792	18	273
11017	35	273
16673	95	273
10797	142	273
18456	188	273
1921	242	273
8598	261	273
11975	526	273
10710	2	274
8307	296	274
7327	425	274
12829	510	274
16771	558	274
6426	87	275
16537	169	275
5170	185	275
14218	198	275
11701	219	275
12204	382	275
4687	413	275
8470	533	275
946	577	275
10198	581	275
11271	99	276
17869	143	276
14026	175	276
10499	230	276
9773	305	276
10476	317	276
9983	327	276
16407	68	277
846	72	277
5463	352	277
9903	548	277
2496	409	278
17632	522	278
12198	216	279
9666	242	279
18199	354	279
4668	381	279
9029	545	279
4891	559	279
15129	45	280
5098	150	280
8940	158	280
3874	160	280
1271	167	280
8551	232	280
17169	263	280
7133	290	280
16383	311	280
14546	328	280
10232	394	280
5512	409	280
1770	432	280
9055	445	280
12039	475	280
18132	487	280
14383	492	280
11174	511	280
15693	569	280
651	572	280
12614	576	280
6073	441	281
15670	504	281
847	511	281
2224	34	282
8142	72	282
17685	172	282
15012	204	282
14849	338	282
3405	473	282
8159	558	282
18397	33	283
17594	122	283
3850	168	283
16301	227	283
16828	315	283
15932	462	283
11700	515	283
8405	105	284
17155	110	284
12942	120	284
14670	405	284
10288	478	284
16397	502	284
9396	503	284
15469	538	284
10997	547	284
3471	55	285
17477	160	285
11348	298	285
10824	458	285
3962	5	286
11240	89	286
2769	194	286
15361	250	286
13601	421	286
3402	461	286
11219	72	287
14818	172	287
7805	218	287
9994	333	287
9219	417	287
11606	460	287
1753	137	288
9129	323	288
7814	422	288
12822	449	288
16436	85	289
7725	171	289
1404	176	289
10528	294	289
14836	360	289
2027	409	289
5291	440	289
6179	506	289
13707	45	290
6791	73	290
8585	280	290
10113	311	290
18339	14	291
15145	107	291
11471	258	291
13322	271	291
2531	306	291
6730	454	291
10794	538	291
5954	579	291
12524	6	292
17865	72	292
15101	172	292
5212	197	292
4072	218	292
5363	333	292
16294	38	293
5077	184	293
7388	302	293
12501	555	293
10685	560	293
6772	203	294
14961	289	294
4175	409	294
16489	467	294
2470	468	294
3384	502	294
4352	12	295
10868	186	295
8119	382	295
14089	485	295
8638	490	295
12628	532	295
1472	582	295
9446	585	295
14201	77	296
16102	274	296
6593	373	296
6699	143	297
3326	317	297
1360	363	297
16492	370	297
7957	401	297
11338	518	297
2128	566	297
10449	1	298
8360	30	298
13052	142	298
9838	160	298
17715	285	298
9839	390	298
5491	391	298
4146	475	298
13450	21	299
10094	27	299
7445	57	299
3757	181	299
3050	264	299
5849	349	299
4936	539	299
10339	23	300
7911	169	300
6759	193	300
3724	354	300
14510	559	300
12751	8	301
1698	119	301
8303	224	301
6239	449	301
17003	452	301
4445	47	302
14919	293	302
18216	351	302
12820	510	302
14750	570	303
17396	124	304
10307	206	304
13145	428	304
5235	52	305
17431	113	305
9082	241	305
11173	276	305
17862	305	305
6429	40	306
7574	76	306
7656	107	306
3401	271	306
4841	291	306
17672	478	306
10773	59	307
2941	104	307
2893	309	307
3719	578	307
15645	93	308
8632	419	308
10999	104	309
17962	107	309
14191	168	309
10890	182	309
16760	250	309
9068	307	309
7760	365	309
16415	399	309
14323	452	309
15134	509	309
9422	44	310
14391	45	311
6519	232	311
14024	263	311
2463	280	311
11625	290	311
14609	569	311
14788	209	312
10818	213	312
14901	219	312
3995	354	312
12827	490	312
15987	76	313
9977	330	313
10119	358	313
12142	368	313
13871	369	313
5505	457	313
11071	31	314
10189	33	315
2255	41	315
5495	131	315
14897	226	315
8078	227	315
14115	256	315
10829	257	315
1118	268	315
15651	283	315
13832	365	315
7057	481	315
2331	495	315
6706	515	315
3202	46	316
11837	409	316
5771	469	316
3967	60	317
12694	106	317
3717	115	317
12373	173	317
2404	175	317
14998	241	317
4087	249	317
2639	253	317
13825	276	317
13719	297	317
9608	331	317
17677	347	317
15589	370	317
16706	565	317
4204	568	317
14285	28	318
2036	118	318
12253	196	318
8049	212	318
7311	235	318
18365	270	318
9440	348	318
16511	502	318
15149	3	319
17368	96	319
11231	103	319
3897	133	319
1179	408	319
5650	488	319
17257	501	319
9801	46	320
7693	409	320
8877	75	321
4284	120	321
17646	461	321
6557	502	321
1231	567	321
7891	184	322
16130	570	322
11630	288	323
3458	334	323
2629	422	323
811	111	324
18355	125	324
1965	174	324
13269	183	324
4324	188	324
17649	220	324
8237	261	324
14001	262	324
13467	342	324
4577	403	324
2634	418	324
1159	426	324
5348	455	324
17264	541	324
3822	335	325
9532	505	325
18144	533	325
7860	581	325
5487	18	326
6205	190	326
5289	453	326
10904	52	327
9023	276	327
12895	327	327
6892	17	328
15812	49	328
13401	167	328
782	280	328
6271	374	328
1709	520	328
4900	129	329
10375	349	329
13931	504	329
1057	511	329
12306	33	330
9974	87	330
14440	227	330
11811	313	330
4312	367	330
17541	457	330
5839	99	331
2682	317	331
5184	84	332
14724	116	332
1599	264	332
6402	340	332
1238	395	332
11428	505	332
13194	6	333
15816	61	333
913	72	333
9991	172	333
17231	197	333
10917	218	333
13431	287	333
11950	292	333
3735	412	333
8878	417	333
15199	460	333
12318	119	334
3199	153	334
14207	191	334
5343	270	334
11139	323	334
1486	392	334
15634	74	335
7412	185	335
4512	206	335
3377	325	335
9706	517	335
17241	531	335
2290	533	335
11363	138	336
2551	172	336
15213	265	336
3959	444	336
7405	473	336
6596	24	337
11641	42	337
16433	34	338
11421	72	338
17140	172	338
10614	204	338
10225	282	338
3360	473	338
15673	558	338
5982	15	339
1656	42	339
9591	83	339
3882	372	339
14082	92	340
13670	193	340
16506	217	340
11506	252	340
14064	259	340
16307	332	340
14929	393	340
12109	415	340
8610	444	340
12276	530	340
12245	230	341
14084	53	342
10814	125	342
17901	271	342
15960	324	342
5819	344	342
16132	380	342
3740	447	342
13411	455	342
9949	475	342
6263	29	343
14375	128	343
15605	227	343
15877	233	343
6440	245	343
4290	389	343
12494	434	343
18018	556	343
14715	53	344
1514	54	344
15778	56	344
2595	67	344
6863	74	344
12928	89	344
6262	91	344
12915	104	344
13587	109	344
5071	125	344
5567	136	344
6734	149	344
14085	221	344
13313	231	344
6065	239	344
10179	250	344
16606	342	344
2891	384	344
1988	391	344
4198	435	344
3123	443	344
3494	450	344
8068	455	344
11480	461	344
989	482	344
16117	524	344
17470	562	344
2017	583	344
12321	107	345
3843	258	345
2803	399	345
5772	153	346
18077	180	346
14277	191	346
17826	222	346
8196	235	346
15014	467	346
1278	502	346
9344	55	347
8421	317	347
12640	472	347
3189	580	347
11561	118	348
2765	200	348
7038	212	348
14075	269	348
1759	270	348
10236	318	348
15804	552	348
17293	58	349
10707	266	349
5586	299	349
9505	329	349
15180	383	349
10025	504	349
15520	511	349
13454	535	349
2962	8	350
16551	78	350
5810	113	350
16872	222	350
16619	400	350
10057	402	350
8351	428	350
8650	490	350
6504	47	351
11639	302	351
15691	185	352
4327	252	352
8008	277	352
16988	505	352
15159	531	352
14544	557	352
17101	52	353
9334	353	353
14483	20	354
18138	193	354
2260	211	354
18439	279	354
8895	300	354
7631	312	354
12661	465	354
13591	485	354
7245	561	354
9933	2	355
7924	34	355
11204	37	355
15967	116	355
12101	144	355
11982	247	355
14509	268	355
3425	388	355
15535	442	355
5328	462	355
4622	495	355
1820	515	355
15744	558	355
4017	17	356
8721	45	356
6923	49	356
17183	130	356
5829	167	356
3572	90	357
4983	104	357
1301	105	357
9752	107	357
14678	128	357
7691	182	357
10910	187	357
3527	200	357
12498	358	357
761	360	357
7593	430	357
18023	456	357
8426	484	357
5751	502	357
9195	509	357
8792	524	357
9340	536	357
4619	547	357
15075	578	357
18157	579	357
8586	33	358
2636	104	358
4855	313	358
10820	357	358
3665	579	358
14258	373	359
8400	425	359
15178	499	359
7268	519	359
13116	546	359
13260	5	360
3197	176	360
10788	289	360
6622	357	360
14794	461	360
4544	502	360
1636	536	360
14331	66	361
7603	111	361
6317	131	361
8758	377	361
4299	403	361
16097	426	361
2241	458	361
6413	34	362
15195	68	362
5698	72	362
13817	114	362
3010	204	362
15993	558	362
2521	297	363
12048	35	364
2174	445	364
18295	468	364
6666	483	364
14320	561	364
7186	7	365
7305	8	365
10332	29	365
9857	41	365
10791	165	365
6112	168	365
7266	268	365
14627	309	365
3691	315	365
9032	515	365
17425	543	365
2709	544	365
8246	124	366
4887	143	366
11560	378	366
8316	566	366
4423	75	367
15539	90	367
2230	330	367
14661	524	367
6058	536	367
915	4	368
15962	140	368
5139	313	368
1397	379	368
15701	514	368
7744	2	369
12196	21	369
1367	187	369
7732	313	369
11779	462	369
16052	297	370
7121	317	370
5990	236	371
9010	396	371
18411	447	371
2195	15	372
8002	42	372
15150	83	372
18326	339	372
13088	77	373
17660	101	373
14660	296	373
13910	359	373
16380	519	373
8953	68	374
4775	145	374
1099	167	374
14923	328	374
14841	409	374
17718	545	374
11720	52	375
8538	375	375
1135	11	376
14250	56	376
7383	148	376
5231	156	376
9770	233	376
17762	55	377
3292	220	377
4795	361	377
13173	47	378
10827	206	378
11390	366	378
17210	433	378
1242	10	379
8913	368	379
7536	449	379
1841	53	380
12653	89	380
1954	266	380
12786	342	380
5763	396	380
11252	447	380
14031	553	380
11465	23	381
12407	145	381
15416	216	381
13989	242	381
9848	279	381
4235	409	381
12376	427	381
3165	500	381
5633	526	381
6990	545	381
17482	559	381
12695	580	381
3109	9	382
2010	80	382
9201	185	382
17765	219	382
18103	275	382
1294	295	382
5658	397	382
16986	490	382
15757	525	382
3087	532	382
16593	65	383
5515	95	383
9306	125	383
3336	261	383
18452	349	383
8333	475	383
13650	511	383
7418	541	383
2640	33	384
9001	122	384
8453	149	384
5993	344	384
9587	399	384
17143	461	384
2516	2	385
3191	388	385
11588	429	385
928	75	386
4233	120	386
3788	436	386
7576	461	386
1394	26	387
2417	178	387
15817	30	388
12259	63	388
8403	72	388
4010	144	388
600	355	388
617	385	388
14346	29	389
15373	233	389
13494	343	389
13139	556	389
6475	21	390
12520	30	390
15682	35	390
5097	48	390
11101	55	390
8083	298	390
14834	457	390
5162	551	390
11291	160	391
15574	298	391
1450	344	391
6552	403	391
9537	447	391
2856	450	391
17939	458	391
5052	551	391
10809	573	391
11011	4	392
5396	119	392
13665	147	392
16237	334	392
15052	514	392
9009	84	393
2735	92	393
14335	169	393
16114	185	393
7789	252	393
8052	340	393
17317	490	393
12251	45	394
6113	73	394
8275	158	394
15323	280	394
2669	511	394
8348	48	395
17476	144	395
18458	188	395
5159	332	395
10506	410	395
14096	451	395
9147	580	395
7302	151	396
7585	371	396
13777	380	396
11462	447	396
10745	9	397
5446	84	397
14276	131	397
1058	382	397
1570	532	397
9904	90	398
9567	461	398
16406	502	398
1932	567	398
17563	91	399
884	104	399
16376	120	399
9425	136	399
5380	149	399
8339	231	399
18404	258	399
6269	270	399
12631	309	399
6606	345	399
14350	384	399
14057	524	399
16024	562	399
16375	155	400
7142	184	400
13947	225	400
8374	350	400
10938	428	400
4592	491	400
1584	297	401
4978	71	402
16835	108	402
17681	119	402
8263	162	402
15336	238	402
14239	350	402
6443	55	403
6900	66	403
3252	111	403
14052	131	403
12286	174	403
4362	199	403
11598	220	403
13887	267	403
2057	324	403
5384	361	403
6675	391	403
4042	458	403
17584	580	403
897	22	404
18180	79	404
3282	208	404
5004	16	405
1710	284	405
4708	165	406
3174	229	406
17698	411	406
6569	474	406
5694	99	407
7353	3	408
6155	96	408
5074	103	408
7201	319	408
8028	46	409
2296	72	409
837	130	409
12965	150	409
17497	167	409
9704	171	409
12667	203	409
10376	255	409
6522	278	409
17131	280	409
7153	289	409
12652	294	409
2707	316	409
7239	320	409
11666	374	409
6416	381	409
3404	427	409
9853	440	409
13534	445	409
18310	469	409
1638	500	409
7945	522	409
15190	572	409
2419	14	410
14109	85	410
10667	117	410
10805	120	410
5953	199	410
17330	201	410
2730	209	410
17884	395	410
11922	436	410
10130	446	410
12903	506	410
10054	523	410
8030	34	411
8531	72	411
5383	133	411
6182	172	411
3062	204	411
3322	406	411
7214	72	412
16628	172	412
6599	218	412
11466	333	412
10537	86	413
8066	138	413
15010	172	413
16905	275	413
10185	501	413
14905	531	413
4682	540	413
2048	581	413
2743	8	414
12348	462	414
1783	498	414
16958	205	415
8820	214	415
4701	340	415
7820	444	415
11890	63	416
11845	69	416
11648	210	416
14886	239	416
14830	257	416
11224	442	416
15991	72	417
18371	159	417
13036	172	417
4267	218	417
16473	287	417
4245	333	417
14983	460	417
15829	36	418
3927	74	418
14850	112	418
16361	121	418
15920	174	418
9633	234	418
17752	240	418
14744	256	418
11112	267	418
3707	324	418
15874	487	418
9398	586	418
6245	93	419
3018	308	419
7893	252	420
2220	13	421
2021	166	421
10372	286	421
18084	461	421
18129	44	422
5171	163	422
8056	191	422
16411	243	422
4168	288	422
17319	323	422
17076	494	422
7312	10	423
11590	31	423
11722	50	423
6715	71	423
18197	93	423
14226	431	423
1561	489	423
14034	72	424
12737	135	424
10584	479	424
16928	274	425
9104	359	425
14143	519	425
11191	546	425
5671	32	426
14864	66	426
1684	121	426
4093	132	426
14642	174	426
12171	188	426
4903	199	426
921	324	426
1195	361	426
11130	495	426
14729	551	426
2667	381	427
5376	409	427
9497	500	427
12432	559	427
8503	19	428
10719	206	428
14217	304	428
2127	350	428
908	400	428
15477	433	428
11066	491	428
5627	518	428
16119	563	428
2321	566	428
744	101	429
15047	385	429
16254	546	429
5503	105	430
8019	110	430
11043	182	430
1253	357	430
731	484	430
15009	509	430
5947	547	430
17713	578	430
10536	10	431
17987	31	431
4180	241	431
10137	423	431
8828	45	432
11046	232	432
9244	263	432
14409	280	432
10290	492	432
14035	511	432
13487	539	432
12053	569	432
18013	132	433
3101	378	433
17022	428	433
14612	491	433
5277	498	433
4615	518	433
10777	566	433
17072	29	434
10463	187	434
13301	201	434
10673	245	434
1054	343	434
4396	498	434
4803	502	434
12725	509	434
12994	523	434
14916	556	434
1045	89	435
14720	250	435
9618	344	435
17004	443	435
4553	120	436
9840	272	436
18427	386	436
2895	410	436
2859	461	436
16061	18	437
10374	68	437
7414	485	437
1563	582	437
10751	585	437
10231	15	438
10671	527	438
3054	584	438
6400	143	439
14999	225	439
4488	230	439
10002	171	440
6461	289	440
7689	409	440
3071	43	441
5854	281	441
12213	511	441
11653	98	442
5079	237	442
13873	268	442
2114	355	442
7571	416	442
8298	477	442
3060	554	442
6452	56	443
2931	109	443
7716	344	443
16767	435	443
8072	336	444
6998	340	444
11442	415	444
9436	530	444
15554	45	445
12958	49	445
10713	58	445
8700	130	445
11994	150	445
4838	167	445
3234	280	445
2804	364	445
12172	409	445
6634	572	445
3554	28	446
10687	30	446
713	85	446
2748	201	446
11614	234	446
18038	410	446
5418	540	446
18459	53	447
14465	54	447
6704	56	447
6196	57	447
13237	81	447
7608	139	447
5895	151	447
8730	170	447
14231	234	447
3492	236	447
11654	266	447
1381	267	447
18290	342	447
17774	371	447
7132	380	447
6411	391	447
1309	396	447
2501	450	447
9844	455	447
10905	461	447
12852	511	447
14172	540	447
13345	550	447
9233	553	447
2659	25	448
3067	82	448
15862	208	448
16738	254	448
4115	464	448
7223	153	449
11391	191	449
4777	222	449
16984	288	449
6550	301	449
3442	379	449
13920	456	449
9288	54	450
16786	67	450
16750	74	450
13172	111	450
7348	125	450
4710	344	450
4527	391	450
1953	447	450
5718	455	450
902	475	450
18003	541	450
4187	188	451
16491	395	451
12563	491	451
14484	559	451
2316	580	451
10186	7	452
12723	70	452
13590	108	452
9506	301	452
8382	309	452
16962	454	452
16357	456	452
12716	18	453
17534	28	453
11099	190	453
14360	234	453
831	326	453
3133	477	453
9047	537	453
4693	554	453
16026	582	453
6668	108	454
4846	291	454
2899	452	454
16590	125	455
6494	324	455
15972	342	455
4442	344	455
17184	447	455
8580	450	455
12097	475	455
18176	28	456
12632	70	456
11335	100	456
12031	118	456
14590	191	456
11851	222	456
6731	235	456
4916	270	456
11916	357	456
11314	449	456
4159	452	456
17371	578	456
9133	11	457
950	21	457
15381	102	457
2118	181	457
14299	313	457
9689	330	457
8177	390	457
6184	483	457
10262	551	457
15124	561	457
17825	11	458
15244	30	458
12128	102	458
11086	156	458
16722	285	458
3043	361	458
6337	391	458
1683	403	458
8290	551	458
4209	573	458
6789	176	459
14474	233	459
16956	461	459
695	583	459
10731	72	460
8132	159	460
1453	172	460
17009	218	460
9331	287	460
4443	333	460
3112	417	460
9754	5	461
16788	75	461
13242	91	461
3210	94	461
10364	104	461
5589	136	461
597	149	461
14951	166	461
11978	176	461
15529	194	461
4680	221	461
4568	231	461
18088	250	461
16613	272	461
13938	286	461
14837	321	461
12042	344	461
17007	360	461
1264	384	461
16794	386	461
10826	398	461
15699	421	461
11659	436	461
15206	447	461
9611	459	461
17181	482	461
11331	484	461
14623	523	461
5296	536	461
10219	562	461
823	567	461
13146	579	461
13303	583	461
18159	2	462
15964	7	462
5244	168	462
14884	247	462
8009	283	462
15344	355	462
17973	369	462
12811	414	462
3358	510	462
14536	543	462
5659	65	463
4973	95	463
15766	129	463
15573	511	463
5449	535	463
13835	25	464
5922	82	464
6525	208	464
7228	254	464
13119	448	464
3633	68	465
3374	145	465
13287	214	465
18066	215	465
7873	354	465
7548	574	465
1332	60	466
5165	238	466
12659	153	467
15831	191	467
14780	294	467
10410	346	467
3870	504	467
7645	294	468
10294	364	468
2862	526	468
14193	537	468
1295	562	468
9525	46	469
18401	316	469
12218	409	469
11568	582	469
8055	570	470
2293	52	471
2041	471	471
6309	161	472
910	169	472
15020	172	472
3670	193	472
8802	215	472
14230	246	472
8223	347	472
14641	15	473
11316	42	473
5264	178	473
3041	204	473
6866	205	473
11419	207	473
9357	265	473
9353	282	473
4970	336	473
7129	338	473
11824	476	473
13914	501	473
5685	15	474
5457	42	474
4655	406	474
15224	1	475
14692	45	475
15613	49	475
4215	54	475
8898	65	475
3595	121	475
12801	160	475
18323	261	475
5130	262	475
2964	280	475
2370	298	475
15378	342	475
10434	383	475
8162	450	475
7320	455	475
13830	526	475
16135	133	476
3834	178	476
16437	213	476
14671	473	476
6018	12	477
6545	28	477
13074	190	477
1429	442	477
18160	453	477
3447	485	477
11642	558	477
9136	105	478
7384	152	478
5221	212	478
1516	284	478
11635	306	478
17815	538	478
11088	547	478
2223	72	479
7823	177	479
10895	424	479
13045	82	480
17402	86	480
11158	265	480
15530	497	480
14488	501	480
12299	116	481
5870	183	481
8608	226	481
13738	250	481
9549	315	481
13420	536	481
11829	583	481
2954	122	482
9578	221	482
4023	344	482
6325	461	482
3228	505	482
2197	583	482
4703	48	483
1758	251	483
17784	264	483
16000	364	483
9854	457	483
8318	561	483
7141	90	484
11248	272	484
16684	357	484
6399	430	484
18258	461	484
6958	523	484
1888	9	485
3164	12	485
15907	18	485
3606	39	485
9626	157	485
1983	193	485
10765	211	485
8578	295	485
9542	354	485
14213	437	485
6412	477	485
9674	490	485
2671	498	485
8118	532	485
16314	563	485
17041	585	485
17856	504	486
14154	511	486
6203	36	487
5298	45	487
12194	74	487
2807	112	487
4200	121	487
16445	240	487
15809	280	487
16645	418	487
15137	206	488
11033	319	488
16740	570	488
3079	52	489
14198	423	489
9523	489	489
3639	35	490
13181	80	490
5304	92	490
10314	193	490
16258	207	490
2538	211	490
1015	252	490
15832	295	490
16894	312	490
16749	350	490
5970	382	490
16519	393	490
3687	485	490
5019	532	490
1618	19	491
6318	124	491
7478	400	491
1607	428	491
3223	433	491
13737	451	491
13148	577	491
7379	45	492
16814	229	492
12465	280	492
2116	432	492
3762	511	492
12116	70	493
8011	147	493
14753	180	493
4976	235	493
11794	270	493
13108	153	494
6657	422	494
2706	63	495
8323	183	495
14987	226	495
17832	256	495
14979	257	495
16363	315	495
3240	355	495
5978	426	495
3756	515	495
2232	586	495
11963	62	496
2288	72	496
6794	172	496
12004	218	496
2883	534	496
1537	79	497
15826	82	497
9251	208	497
3443	480	497
11048	157	498
10020	222	498
6087	224	498
18205	414	498
14810	433	498
17960	434	498
10282	485	498
1014	359	499
12607	519	499
9909	540	499
11378	546	499
10689	49	500
2513	381	500
1133	409	500
10583	427	500
13133	545	500
9326	38	501
17299	155	501
11778	208	501
7080	319	501
15474	413	501
5803	473	501
14145	480	501
9717	28	502
8354	110	502
6829	120	502
13393	128	502
5148	196	502
15004	272	502
1036	284	502
15628	294	502
1060	318	502
11619	321	502
18340	346	502
16980	357	502
1520	360	502
5100	398	502
877	434	502
8222	503	502
7830	567	502
16969	110	503
4576	284	503
13865	502	503
15717	281	504
15785	329	504
12877	349	504
6162	467	504
16748	486	504
11990	511	504
5644	85	505
4268	94	505
1648	117	505
11705	185	505
10195	209	505
12793	325	505
6872	332	505
15305	352	505
17889	482	505
1487	85	506
8856	117	506
15092	165	506
9101	169	506
14765	193	506
10428	289	506
14511	410	506
5225	15	507
4875	42	507
805	64	507
8266	10	508
3549	93	508
11548	182	509
8687	245	509
3030	309	509
2373	357	509
16009	430	509
10840	434	509
1670	274	510
14752	302	510
10691	462	510
4883	36	511
10465	43	511
4313	45	511
5303	65	511
10672	129	511
18429	158	511
9200	232	511
10940	261	511
16867	263	511
15277	280	511
1362	281	511
18025	329	511
5900	349	511
10067	383	511
6909	394	511
7079	432	511
14976	441	511
2079	447	511
6336	463	511
14888	486	511
15901	492	511
17112	504	511
10609	512	511
6044	569	511
7360	20	512
2677	65	512
17780	129	512
5770	262	512
16108	511	512
12566	551	512
8226	78	513
17910	368	514
17086	392	514
13015	41	515
11077	69	515
15143	237	515
14643	247	515
1805	268	515
10941	283	515
12260	315	515
13735	355	515
8896	365	515
7117	495	515
13677	42	516
13826	178	516
17904	575	516
12313	86	517
17324	244	517
13530	335	517
9156	531	517
15299	78	518
6674	127	518
13664	225	518
9540	297	518
14969	428	518
1365	433	518
3461	588	518
2593	359	519
2226	373	519
14495	425	519
11738	499	519
5912	546	519
12455	49	520
6501	142	520
9284	167	520
6233	328	520
12302	10	521
3579	230	521
4985	278	522
9769	409	522
1127	90	523
10188	410	523
6856	434	523
15401	461	523
14674	484	523
12940	33	524
9625	104	524
6605	107	524
10174	231	524
5732	344	524
1794	357	524
9026	367	524
14592	399	524
12236	579	524
8734	39	525
3068	163	525
12429	179	525
14687	382	525
9595	577	525
8267	1	526
1696	35	526
15737	49	526
3521	95	526
12809	142	526
4035	188	526
4828	273	526
5116	381	526
12401	468	526
6359	475	526
12094	542	526
2376	15	527
7264	438	527
17275	584	527
9514	580	528
9285	9	529
16082	39	529
8466	153	529
11911	163	529
7659	205	530
8331	213	530
10526	217	530
9750	252	530
7039	259	530
10338	340	530
7155	444	530
16324	185	531
17372	244	531
15228	335	531
7541	352	531
11936	413	531
16637	517	531
10109	12	532
3318	59	532
10151	80	532
1443	186	532
10864	207	532
9426	295	532
2065	382	532
3357	397	532
6056	485	532
764	490	532
1131	87	533
9691	219	533
3188	252	533
3382	275	533
13829	325	533
835	335	533
10933	577	533
12421	61	534
18139	62	534
15846	72	534
13115	172	534
1181	218	534
14663	496	534
5891	27	535
16029	30	535
8190	144	535
17739	349	535
14414	463	535
15687	539	535
3760	5	536
11131	90	536
12033	176	536
16388	233	536
7530	357	536
14340	360	536
7939	367	536
9338	461	536
14727	481	536
9971	18	537
1369	148	537
9310	199	537
6428	453	537
13870	468	537
1388	561	537
17285	14	538
2401	258	538
15041	284	538
18015	291	538
840	478	538
956	13	539
17691	27	539
3368	57	539
4403	209	539
16856	232	539
3766	247	539
8590	263	539
15468	264	539
13429	299	539
11464	432	539
7676	535	539
1975	569	539
17694	74	540
6397	94	540
8042	101	540
5247	234	540
12454	266	540
8530	413	540
11435	446	540
4686	447	540
11741	499	540
8619	546	540
10579	125	541
9283	266	541
8300	324	541
17244	383	541
1337	450	541
3421	564	541
14672	95	542
13527	150	542
13031	526	542
1062	572	542
10147	29	543
3630	168	543
7868	365	543
6369	462	543
16510	544	543
10575	549	543
2921	556	543
11449	29	544
1884	41	544
944	199	544
10212	228	544
7429	365	544
5824	543	544
11730	549	544
4657	49	545
6356	142	545
1073	145	545
12823	279	545
15427	374	545
15444	381	545
3780	500	545
13359	548	545
11493	101	546
12028	359	546
6186	425	546
15544	429	546
7597	499	546
9447	519	546
16527	540	546
12415	105	547
9226	118	547
12687	128	547
4254	284	547
11095	357	547
10233	430	547
7557	478	547
16331	23	548
3608	68	548
4183	72	548
18171	172	548
11987	277	548
17014	545	548
17440	12	549
14798	41	549
11226	69	549
1715	123	549
17493	126	549
12924	237	549
12625	543	549
17506	544	549
1725	16	550
13878	56	550
18090	81	550
18425	139	550
3176	181	550
15507	266	550
10832	447	550
10205	553	550
15219	156	551
15332	209	551
12185	271	551
1948	390	551
18366	391	551
16159	426	551
4173	457	551
4528	458	551
5131	512	551
641	573	551
3839	70	552
15843	118	552
3784	258	552
12411	348	552
8888	54	553
4566	139	553
7005	266	553
18026	380	553
6587	447	553
13156	550	553
1839	27	554
17995	69	554
4922	98	554
7949	123	554
7903	190	554
16228	442	554
13879	453	554
10780	582	554
6100	293	555
16858	29	556
4654	123	556
12192	187	556
10586	196	556
8926	200	556
3547	237	556
13082	343	556
5222	389	556
932	434	556
9294	543	556
15005	94	557
4137	156	557
11031	201	557
3418	206	557
17705	209	557
4391	352	557
4862	2	558
16235	172	558
13034	204	558
3352	274	558
2487	282	558
3078	338	558
11312	355	558
3363	362	558
17194	477	558
1460	35	559
11807	58	559
11763	92	559
5645	95	559
8058	132	559
17352	242	559
4382	279	559
14127	300	559
3767	381	559
11058	427	559
10242	451	559
15819	293	560
17246	1	561
959	18	561
15204	20	561
4914	21	561
16581	48	561
15229	181	561
4461	264	561
9486	354	561
9370	364	561
8437	457	561
6335	483	561
10976	537	561
17226	33	562
11658	122	562
2196	149	562
18386	269	562
8139	344	562
828	399	562
7955	461	562
17958	468	562
9239	9	563
16352	39	563
4962	157	563
14984	179	563
3420	222	563
16991	428	563
14599	485	563
13827	67	564
7146	125	564
17937	156	564
5948	192	564
5362	195	564
15090	541	564
11340	99	565
14941	317	565
17963	222	566
9290	230	566
3588	297	566
9892	366	566
2744	428	566
11543	433	566
17023	90	567
3324	269	567
7389	321	567
15250	398	567
676	461	567
6804	502	567
1530	60	568
3775	317	568
15741	45	569
11087	158	569
1904	232	569
8903	263	569
4451	280	569
18283	311	569
12656	432	569
12005	511	569
14665	539	569
11418	202	570
9465	303	570
16125	322	570
2104	470	570
918	488	570
16526	587	570
5821	143	571
7959	230	571
4667	45	572
15639	49	572
6799	150	572
7454	167	572
9438	280	572
17051	409	572
3690	445	572
16793	542	572
11277	11	573
8920	33	573
12417	122	573
1038	156	573
16799	194	573
888	209	573
12720	250	573
16467	391	573
15426	458	573
1027	551	573
5885	23	574
5509	214	574
14963	216	574
10467	262	574
9606	465	574
10433	42	575
5209	178	575
7417	516	575
6888	17	576
10518	45	576
17214	49	576
4543	167	576
3744	280	576
1515	87	577
15925	169	577
10639	185	577
766	206	577
1603	219	577
2768	275	577
1089	491	577
17590	525	577
16106	533	577
3522	118	578
10588	182	578
4993	187	578
2972	200	578
7777	307	578
9466	357	578
5069	430	578
1355	456	578
2087	33	579
2363	107	579
11591	291	579
16957	357	579
7759	358	579
3183	461	579
14429	524	579
5476	121	580
5964	132	580
17821	220	580
3928	347	580
1310	381	580
17597	395	580
15636	403	580
12759	451	580
14056	528	580
14478	275	581
16167	325	581
844	413	581
14654	18	582
12206	58	582
3212	181	582
17834	186	582
9139	255	582
1302	264	582
15062	295	582
13686	437	582
9829	453	582
2253	469	582
10405	554	582
1351	5	583
16369	183	583
17847	221	583
9615	344	583
1096	459	583
2936	461	583
16485	481	583
4617	482	583
15423	15	584
10086	438	584
16871	527	584
16417	37	585
1206	186	585
9885	268	585
8158	295	585
10789	437	585
10227	485	585
3774	63	586
1543	94	586
5825	148	586
10998	174	586
11734	203	586
12635	255	586
15301	418	586
1817	495	586
16279	133	587
17499	570	587
10796	99	588
15394	518	588
