2995	55	1
13152	65	1
10943	273	1
9681	298	1
13096	475	1
7139	526	1
10761	561	1
11682	41	2
12503	87	2
8153	102	2
6097	116	2
5723	126	2
10773	274	2
9943	355	2
5198	369	2
6806	385	2
11382	462	2
17603	558	2
5103	103	3
9439	319	3
18213	408	3
7485	108	4
14981	146	4
13913	368	4
10384	392	4
3199	226	5
6199	286	5
13816	360	5
767	461	5
1347	481	5
15971	536	5
15021	583	5
5275	37	6
9595	61	6
2118	62	6
7184	72	6
14920	172	6
4161	197	6
11763	218	6
4192	287	6
7935	292	6
12331	333	6
15625	412	6
15716	417	6
7946	460	6
3120	496	6
9729	534	6
17477	8	7
8097	228	7
15228	365	7
7123	452	7
5089	462	7
13215	7	8
2830	157	8
4358	301	8
12493	350	8
8429	365	8
4755	414	8
9696	39	9
10712	123	9
18340	157	9
6899	179	9
14232	382	9
5458	397	9
4509	485	9
16274	529	9
9134	563	9
12456	143	10
12697	379	10
11673	423	10
10053	431	10
16311	508	10
1079	521	10
4896	21	11
13524	102	11
13009	116	11
17245	181	11
12092	376	11
6270	573	11
6122	18	12
4537	186	12
8489	295	12
8866	477	12
8112	485	12
9171	532	12
4569	549	12
8501	57	13
7623	84	13
15531	99	13
15146	144	13
9673	166	13
14315	421	13
4571	539	13
15845	69	14
17694	84	14
2356	94	14
13085	258	14
12218	291	14
17528	410	14
3654	538	14
17760	42	15
1518	64	15
7569	83	15
5437	208	15
14819	339	15
13946	372	15
8488	438	15
2915	473	15
16921	507	15
8555	527	15
8368	584	15
6553	139	16
3938	405	16
4858	550	16
16646	45	17
1171	49	17
2943	95	17
7296	167	17
13312	328	17
2658	356	17
8551	576	17
15365	12	18
1536	35	18
17519	190	18
7226	198	18
18410	273	18
14130	326	18
11839	437	18
9578	453	18
3787	485	18
10591	537	18
12362	561	18
14242	185	19
17556	428	19
12191	491	19
14272	21	20
8335	27	20
7418	48	20
14043	192	20
18219	261	20
7369	354	20
17005	512	20
8129	561	20
5407	11	21
1001	20	21
17190	27	21
12954	102	21
5594	116	21
3288	181	21
13482	264	21
1661	299	21
16068	369	21
4936	390	21
2884	457	21
16834	561	21
2320	79	22
13074	208	22
15734	254	22
1350	404	22
6694	214	23
7711	216	23
5290	262	23
9388	300	23
4914	381	23
13025	548	23
3862	574	23
3078	42	24
10704	337	24
10306	208	25
7662	254	25
2462	448	25
8899	464	25
9390	178	26
17180	387	26
13552	20	27
5361	21	27
8212	201	27
7956	299	27
15395	535	27
17370	539	27
17995	554	27
16466	100	28
4084	318	28
4282	453	28
5520	456	28
10857	477	28
1311	502	28
17314	87	29
9457	123	29
11525	165	29
9252	168	29
11133	226	29
15131	237	29
10568	256	29
6703	343	29
13130	365	29
12920	389	29
9336	543	29
8158	544	29
3857	556	29
15282	117	30
9931	388	30
9600	390	30
5317	446	30
14602	535	30
4281	143	31
13270	173	31
6294	314	31
6433	34	32
12436	117	32
3248	203	32
11267	220	32
1659	426	32
13677	104	33
2877	149	33
699	227	33
11420	256	33
2265	283	33
15774	315	33
15343	330	33
18060	358	33
11524	365	33
7408	384	33
15087	524	33
8740	562	33
11563	573	33
1953	579	33
16373	32	34
3449	116	34
15390	203	34
12951	355	34
14600	362	34
7327	411	34
6095	18	35
1630	48	35
3284	58	35
4309	188	35
2973	273	35
9768	364	35
14385	390	35
7314	468	35
8942	490	35
13228	512	35
16966	526	35
11253	559	35
9533	112	36
8557	220	36
3865	267	36
908	418	36
3159	487	36
10714	511	36
1033	6	37
7206	72	37
16983	197	37
9464	255	37
6989	292	37
13745	355	37
4988	585	37
4960	101	38
11767	124	38
12247	293	38
8662	501	38
7277	9	39
12067	198	39
13242	485	39
13406	525	39
7950	529	39
11450	563	39
16312	118	40
14548	140	40
13645	200	40
5944	212	40
6075	306	40
7249	2	41
4285	80	41
14212	198	41
17908	210	41
7208	247	41
11451	315	41
5724	365	41
10963	515	41
6123	544	41
16639	549	41
13263	15	42
8908	24	42
16976	64	42
9160	83	42
3531	178	42
11559	337	42
17360	339	42
9528	372	42
9865	473	42
3665	474	42
6234	507	42
12311	516	42
10492	575	42
6648	160	43
16179	441	43
15970	511	43
17738	99	44
17748	100	44
8506	127	44
16644	310	44
9806	17	45
11770	73	45
13472	130	45
11079	150	45
9259	158	45
1859	160	45
12779	167	45
13539	229	45
13712	232	45
3186	263	45
16492	280	45
17282	290	45
17861	311	45
16539	356	45
12668	394	45
13728	409	45
7919	432	45
15088	445	45
15581	475	45
3202	487	45
10872	492	45
17568	511	45
2881	569	45
18320	572	45
16425	576	45
10993	316	46
5645	320	46
13757	409	46
9313	302	47
10396	378	47
9367	20	48
7770	35	48
4630	390	48
18471	395	48
2475	457	48
2286	483	48
9292	561	48
6799	17	49
14723	142	49
4685	150	49
1250	167	49
17719	280	49
9813	328	49
9246	409	49
3773	445	49
8929	475	49
8092	500	49
1956	520	49
12788	526	49
7308	545	49
4015	572	49
759	576	49
8302	423	50
3927	72	51
14807	177	51
7686	52	52
15185	141	52
12956	154	52
8189	164	52
14785	189	52
6901	248	52
14284	260	52
3173	305	52
7499	327	52
8127	353	52
9323	375	52
12879	471	52
2553	489	52
9869	74	53
5309	213	53
13385	342	53
764	344	53
7234	81	54
6722	344	54
8017	447	54
14109	450	54
10734	475	54
7803	553	54
1961	1	55
8872	121	55
13811	132	55
9730	229	55
5151	240	55
10455	285	55
11635	377	55
9063	390	55
2372	403	55
16978	89	56
7109	109	56
3596	166	56
912	195	56
11097	344	56
17478	376	56
8195	447	56
6048	13	57
17599	144	57
815	299	57
1200	447	57
5761	539	57
2246	35	58
10342	95	58
670	167	58
3951	349	58
4176	445	58
17820	559	58
639	582	58
6652	210	59
8178	256	59
15219	257	59
3363	307	59
13954	532	59
8155	99	60
5418	127	60
4976	317	60
4042	466	60
11413	6	61
15623	72	61
18253	172	61
2013	218	61
7170	292	61
14270	534	61
2469	6	62
7857	72	62
6134	172	62
1530	218	62
8460	292	62
7083	496	62
1433	534	62
17558	98	63
3691	183	63
13060	210	63
14941	388	63
18386	416	63
1221	586	63
9163	15	64
3072	42	64
1811	507	64
16442	1	65
17701	129	65
10075	262	65
8903	383	65
15155	450	65
12477	463	65
1710	475	65
3115	511	65
16642	512	65
5866	526	65
866	210	66
16999	233	66
3238	239	66
9926	266	66
10183	267	66
15080	361	66
9176	403	66
1496	109	67
3755	194	67
8150	344	67
1946	450	67
5599	564	67
12381	72	68
13080	114	68
3402	277	68
3260	362	68
6877	374	68
14847	437	68
5331	465	68
3435	548	68
11826	14	69
5848	98	69
14176	148	69
8722	237	69
15923	416	69
5122	515	69
3851	549	69
4869	554	69
15933	147	70
1251	200	70
12917	270	70
5025	348	70
4591	452	70
9426	493	70
6319	552	70
12226	140	71
18435	146	71
8682	402	71
3535	423	71
13209	6	72
4266	37	72
1417	51	72
8179	61	72
11288	62	72
12173	68	72
1565	135	72
9669	177	72
6958	197	72
18075	204	72
12862	277	72
2043	282	72
2148	287	72
9752	292	72
11687	333	72
14208	338	72
5946	362	72
8554	388	72
1119	409	72
13149	411	72
12789	412	72
9678	417	72
11752	424	72
1310	460	72
9366	479	72
8125	496	72
16824	534	72
18015	548	72
13046	45	73
8338	264	73
8992	290	73
12975	394	73
1913	53	74
11632	125	74
12260	335	74
6972	344	74
9648	418	74
10055	450	74
6715	487	74
7605	120	75
14993	321	75
3738	367	75
1542	386	75
9765	399	75
15609	461	75
5580	306	76
15698	313	76
3470	101	77
7892	296	77
9818	222	78
15360	238	78
15766	251	78
11126	350	78
15648	422	78
862	513	78
9779	518	78
1539	22	79
4286	208	79
14393	254	79
15338	404	79
7102	41	80
9287	186	80
14110	211	80
17595	295	80
7250	382	80
2704	490	80
9842	532	80
7654	54	81
5147	129	81
13515	139	81
13504	181	81
4137	447	81
16334	550	81
16548	208	82
8171	254	82
9933	497	82
6545	15	83
10411	42	83
6237	339	83
14354	372	83
4014	13	84
11973	14	84
11534	271	84
13471	332	84
7667	393	84
6514	397	84
10592	531	84
8787	117	85
9589	201	85
3557	208	85
13211	289	85
11130	410	85
16321	446	85
2135	505	85
14712	506	85
13973	413	86
4442	517	86
6464	2	87
5401	29	87
13352	100	87
2607	219	87
2931	223	87
12533	237	87
3318	257	87
6304	275	87
4743	330	87
13265	367	87
6793	405	87
11223	533	87
12482	577	87
17707	172	88
8312	215	88
14060	246	88
1253	56	89
9225	239	89
17695	286	89
3714	344	89
7785	380	89
16451	435	89
13388	357	90
11888	367	90
15179	398	90
2069	523	90
13428	136	91
16977	227	91
5685	231	91
17111	344	91
17152	399	91
11276	461	91
9794	169	92
9573	185	92
4772	193	92
8040	211	92
5017	217	92
3275	252	92
3713	393	92
14842	490	92
10822	559	92
8061	419	93
2772	423	93
10617	508	93
11102	14	94
12465	194	94
17928	206	94
9871	234	94
9837	461	94
8830	505	94
6856	540	94
4198	557	94
8346	586	94
13701	17	95
12486	58	95
6326	167	95
14307	188	95
16441	218	95
14962	261	95
16443	273	95
9346	383	95
1598	463	95
1364	526	95
3859	542	95
15020	559	95
17779	103	96
6960	408	96
13732	206	97
11560	63	98
16663	69	98
11043	237	98
9654	268	98
13072	442	98
14639	554	98
14477	13	99
14108	44	99
6582	60	99
9209	106	99
8789	113	99
3385	115	99
2878	173	99
2201	241	99
12328	253	99
3205	276	99
14173	331	99
4203	407	99
4808	565	99
17749	588	99
5013	28	100
10100	44	100
13632	87	100
17753	405	100
8782	456	100
8167	38	101
7658	77	101
17772	373	101
17405	429	101
10227	546	101
14187	2	102
16741	11	102
10191	21	102
11493	457	102
14943	3	103
16749	96	103
13324	319	103
6291	408	103
7214	33	104
10333	183	104
15062	309	104
669	344	104
12063	358	104
11081	399	104
9125	461	104
2132	524	104
6114	118	105
14082	128	105
16880	284	105
919	357	105
14073	430	105
11591	478	105
12468	547	105
11712	99	106
15342	317	106
17740	271	107
17709	291	107
3758	306	107
4483	309	107
4136	345	107
5408	357	107
5011	524	107
11916	579	107
15705	4	108
12366	119	108
920	140	108
14536	402	108
7579	452	108
4787	454	108
10949	56	109
14692	67	109
15742	344	109
1475	443	109
13926	284	110
7481	430	110
4379	434	110
2406	502	110
17107	503	110
5844	324	111
6808	361	111
6612	403	111
4965	450	111
15519	36	112
4321	220	112
8713	233	112
2914	418	112
12396	487	112
2276	99	113
17879	225	113
9314	241	113
6406	248	113
4232	305	113
17688	350	113
18432	68	114
8051	362	114
6432	99	115
3897	143	115
13723	317	115
11698	366	115
10266	2	116
12818	11	116
11791	21	116
4066	34	116
16340	355	116
1997	30	117
7840	32	117
16114	85	117
8205	165	117
11095	199	117
7423	410	117
4581	505	117
16507	506	117
3244	40	118
5486	105	118
12211	196	118
10095	200	118
2461	318	118
12527	348	118
7501	456	118
655	547	118
3180	552	118
9012	108	119
14585	146	119
5600	301	119
11705	334	119
18221	392	119
13434	402	119
16612	75	120
1378	187	120
8582	231	120
9819	284	120
16605	321	120
9647	357	120
3236	386	120
7166	399	120
3641	410	120
2821	436	120
10090	502	120
5244	55	121
12931	220	121
1547	418	121
12027	426	121
10302	475	121
16695	580	121
8823	149	122
4130	192	122
12584	209	122
4179	221	122
12716	283	122
7011	384	122
5556	482	122
2642	573	122
12177	9	123
2294	29	123
7608	152	123
5854	237	123
9905	257	123
16064	549	123
15025	554	123
6448	556	123
8111	38	124
6005	206	124
1968	223	124
6656	304	124
8234	366	124
8261	74	125
16123	156	125
18407	192	125
9047	195	125
9050	261	125
14094	324	125
6089	342	125
13357	344	125
5256	383	125
6314	450	125
5082	455	125
1142	541	125
9255	564	125
9236	2	126
8985	237	126
3030	247	126
16346	355	126
9151	549	126
16740	44	127
5439	60	127
18182	225	127
15695	518	127
1633	105	128
16747	245	128
1354	343	128
1755	357	128
3442	502	128
4543	503	128
2099	547	128
12592	65	129
3623	81	129
10980	463	129
1638	475	129
4472	511	129
11953	512	129
9157	45	130
8744	150	130
1750	167	130
9671	356	130
8695	409	130
7154	445	130
3552	572	130
10248	148	131
16602	226	131
18395	239	131
3619	250	131
18467	397	131
3609	403	131
2063	55	132
3469	188	132
15417	426	132
8282	433	132
14062	559	132
10651	580	132
16878	163	133
12183	241	133
11147	319	133
821	411	133
14793	476	133
16460	587	133
4542	213	134
2925	215	134
12910	259	134
12777	72	135
3390	424	135
15959	91	136
5675	231	136
17506	344	136
4650	399	136
9122	461	136
2979	162	137
8611	243	137
647	288	137
18080	336	138
8465	413	138
8753	16	139
2543	81	139
6133	181	139
17776	266	139
4461	447	139
3769	550	139
17156	40	140
3280	71	140
5433	108	140
15247	368	140
17359	414	140
18472	52	141
13784	141	141
11881	49	142
10341	145	142
8432	273	142
3990	298	142
12230	520	142
16767	526	142
17331	545	142
5315	10	143
6347	31	143
14832	115	143
12018	175	143
10518	249	143
14440	276	143
4895	297	143
17294	366	143
3586	439	143
12817	571	143
2268	13	144
8989	57	144
8845	355	144
17170	388	144
6900	395	144
4218	535	144
3182	142	145
667	214	145
4800	374	145
12695	381	145
12937	465	145
14451	545	145
4368	4	146
16119	71	146
17769	119	146
5775	162	146
17155	70	147
17778	392	147
15978	452	147
12294	493	147
5316	69	148
5811	131	148
4426	156	148
13747	203	148
9900	234	148
11741	240	148
6029	344	148
13275	376	148
713	586	148
2707	33	149
8200	122	149
18122	344	149
9016	384	149
4577	399	149
799	461	149
7777	562	149
17199	45	150
13882	49	150
17328	130	150
6475	167	150
6087	280	150
12316	409	150
16097	445	150
12607	511	150
5032	542	150
2686	572	150
2734	170	151
1783	396	151
1299	447	151
2504	123	152
9887	200	152
7613	212	152
13529	256	152
4041	478	152
12167	180	153
8544	191	153
17069	222	153
16132	235	153
3515	334	153
4667	346	153
14829	449	153
18396	494	153
2445	52	154
6556	154	154
15749	184	155
15202	400	155
8137	501	155
9280	125	156
4385	148	156
17954	376	156
13598	458	156
17052	551	156
9136	557	156
9749	564	156
14598	573	156
15047	8	157
3053	9	157
16429	485	157
5524	498	157
7455	563	157
14085	45	158
12080	232	158
17953	263	158
6752	280	158
10941	394	158
14695	511	158
2472	569	158
14584	161	159
18123	218	159
8089	246	159
8119	417	159
9275	460	159
1110	43	160
9731	45	160
9753	280	160
1814	285	160
1146	298	160
4248	391	160
12516	475	160
13862	159	161
6634	205	161
3986	218	161
4603	472	161
16155	137	162
9713	146	162
14416	402	162
682	133	163
14999	179	163
10224	422	163
17233	525	163
4739	529	163
17783	52	164
6481	164	164
954	29	165
18116	117	165
3414	210	165
1195	233	165
1801	365	165
4860	406	165
8935	410	165
15841	468	165
9824	506	165
3650	13	166
4147	56	166
5285	360	166
6946	421	166
5884	461	166
1512	17	167
10021	45	167
2375	49	167
14256	58	167
17290	95	167
825	130	167
6804	150	167
1237	280	167
15298	328	167
6363	356	167
9500	374	167
6482	409	167
3715	445	167
8176	520	167
10052	572	167
6938	576	167
1161	29	168
10262	227	168
4496	245	168
8156	283	168
1490	309	168
10155	365	168
3165	462	168
8947	543	168
13328	92	169
15028	185	169
16994	193	169
1054	211	169
11787	218	169
14378	219	169
12272	252	169
3740	275	169
2609	300	169
5422	393	169
2183	472	169
2181	506	169
1017	577	169
9617	151	170
12834	447	170
11758	409	171
14177	440	171
12485	6	172
10144	61	172
17094	62	172
6466	88	172
14069	197	172
11045	204	172
18092	215	172
4672	265	172
8576	282	172
17113	287	172
1610	292	172
2537	333	172
14170	336	172
12083	338	172
11557	411	172
5730	412	172
5602	413	172
3726	417	172
10058	460	172
10099	472	172
3870	496	172
1478	534	172
9168	548	172
14747	558	172
7336	31	173
16545	99	173
4181	317	173
6542	324	174
16102	403	174
15905	418	174
4463	426	174
4528	586	174
18118	143	175
4580	276	175
4153	317	175
2044	233	176
5079	289	176
7329	360	176
16430	421	176
13323	459	176
15983	461	176
7130	502	176
16131	536	176
15596	51	177
6207	72	177
5272	479	177
14619	26	178
16789	42	178
4484	387	178
11654	473	178
6426	476	178
11891	9	179
17604	163	179
16044	525	179
5763	563	179
6447	153	180
17620	191	180
16623	224	180
2712	346	180
4947	493	180
11347	11	181
15467	21	181
16037	81	181
13678	139	181
11019	264	181
8701	299	181
11410	457	181
10844	550	181
16960	561	181
15422	582	181
6589	309	182
17743	357	182
11486	430	182
6144	434	182
15838	509	182
6412	63	183
2051	104	183
4850	210	183
9466	221	183
1441	231	183
18145	234	183
15163	239	183
14411	324	183
15614	481	183
12373	482	183
18297	495	183
17223	583	183
6616	155	184
10999	293	184
17800	322	184
16969	400	184
13821	19	185
13118	92	185
15498	169	185
2652	193	185
10671	219	185
16849	275	185
12002	335	185
6404	352	185
18269	382	185
6897	393	185
15647	531	185
14553	577	185
17715	12	186
11748	80	186
5880	295	186
12309	532	186
16731	582	186
15973	585	186
5279	120	187
1699	196	187
18273	357	187
1578	369	187
16581	434	187
8008	556	187
2146	578	187
13150	35	188
8243	95	188
14828	132	188
10014	273	188
17718	395	188
16673	426	188
7972	451	188
4730	526	188
3603	52	189
9419	189	189
9911	18	190
3776	326	190
8492	453	190
6560	477	190
9974	554	190
3045	153	191
12379	180	191
13719	222	191
9106	334	191
11025	346	191
9800	422	191
18207	449	191
4749	467	191
5037	20	192
4464	122	192
9484	125	192
9108	551	192
13584	564	192
8022	92	193
17531	169	193
3497	185	193
11724	215	193
15215	246	193
11082	279	193
9498	300	193
13564	340	193
12186	354	193
8149	393	193
16802	472	193
10698	485	193
4535	490	193
5614	506	193
13069	67	194
8924	94	194
17977	221	194
10754	250	194
717	286	194
8731	461	194
14521	573	194
2056	56	195
2490	125	195
15733	564	195
8764	118	196
12137	187	196
1563	200	196
4393	223	196
16417	318	196
1143	502	196
11317	556	196
9224	6	197
7092	37	197
15313	72	197
3240	172	197
9660	218	197
1344	292	197
18449	18	198
12430	39	198
2974	41	198
6767	228	198
1728	275	198
12837	117	199
16197	239	199
15334	247	199
13950	255	199
5027	403	199
4144	410	199
11197	426	199
12235	537	199
14488	544	199
12187	40	200
11482	70	200
4068	118	200
1312	152	200
2374	196	200
5835	318	200
10755	348	200
615	357	200
7405	449	200
8007	556	200
11649	578	200
2872	27	201
7255	85	201
12006	410	201
14877	434	201
18443	446	201
6119	557	201
3878	570	202
6006	32	203
10370	34	203
14491	148	203
835	255	203
1601	294	203
17865	409	203
5503	586	203
9263	72	204
14911	172	204
17040	282	204
9949	338	204
13979	362	204
8993	411	204
7587	473	204
5914	558	204
13249	161	205
3056	217	205
9220	265	205
9676	415	205
9906	473	205
13854	501	205
4550	530	205
5593	94	206
8165	97	206
17455	124	206
18271	304	206
17194	335	206
14369	378	206
10802	428	206
17341	488	206
7815	557	206
14151	577	206
13433	265	207
17230	473	207
11028	490	207
10198	532	207
10446	15	208
7766	22	208
18353	25	208
11009	79	208
1962	82	208
4486	85	208
1216	254	208
4167	404	208
13528	448	208
3161	464	208
8565	497	208
3839	501	208
9594	122	209
4675	312	209
9645	313	209
7495	410	209
4402	505	209
2349	539	209
15836	551	209
11000	557	209
17469	573	209
15600	41	210
1775	59	210
8411	63	210
8772	66	210
4615	165	210
12324	183	210
6609	226	210
8209	237	210
2092	257	210
6288	416	210
14490	80	211
11396	92	211
18262	169	211
11926	218	211
8556	295	211
15649	354	211
4622	485	211
12615	490	211
11176	40	212
11366	152	212
18270	318	212
13571	348	212
7383	478	212
15306	53	213
2251	134	213
15986	312	213
16024	476	213
14582	530	213
17672	23	214
12365	145	214
13146	415	214
2688	465	214
6980	574	214
917	88	215
2065	134	215
8038	172	215
12265	193	215
6167	246	215
7450	465	215
14244	472	215
16287	23	216
5960	279	216
3989	381	216
636	545	216
9780	574	216
5620	92	217
8309	205	217
2443	530	217
5646	6	218
9655	61	218
15295	62	218
16401	95	218
11780	159	218
17065	161	218
17649	169	218
16313	197	218
16345	211	218
6368	246	218
9551	287	218
18236	292	218
17829	333	218
7690	412	218
18369	417	218
5043	460	218
4598	496	218
16365	534	218
1924	87	219
3076	169	219
12398	185	219
2994	275	219
9391	312	219
1559	533	219
5616	577	219
11144	32	220
16506	36	220
17590	112	220
2470	121	220
9353	251	220
14210	262	220
4159	324	220
14731	377	220
7503	383	220
9085	403	220
8794	580	220
13113	122	221
2612	183	221
12504	194	221
3267	344	221
3379	461	221
13290	482	221
8613	583	221
2891	78	222
10444	153	222
11592	191	222
14133	224	222
14033	346	222
16099	350	222
11638	449	222
13720	456	222
2539	498	222
1145	563	222
8579	87	223
9782	124	223
14803	196	223
11261	180	224
16282	222	224
10033	238	224
16886	301	224
2779	498	224
12597	113	225
4242	127	225
5828	400	225
13151	439	225
1307	518	225
6850	5	226
16459	29	226
7939	131	226
13636	210	226
3765	233	226
13852	257	226
12874	481	226
17410	495	226
2046	33	227
1324	91	227
4048	168	227
4200	283	227
7261	315	227
15086	330	227
3599	343	227
14436	7	228
3261	198	228
6013	544	228
18278	45	229
10789	55	229
17993	280	229
3086	406	229
10907	492	229
786	276	230
15580	304	230
15945	341	230
1869	366	230
6814	439	230
16120	521	230
3149	566	230
10481	571	230
3902	91	231
16496	120	231
13178	136	231
11619	183	231
12254	344	231
13829	399	231
4648	524	231
8940	45	232
11392	158	232
10229	263	232
11853	280	232
2794	311	232
11532	432	232
4984	511	232
6478	539	232
16707	569	232
17741	66	233
11526	112	233
15591	165	233
12322	176	233
5467	226	233
16633	267	233
9296	343	233
9073	376	233
4087	389	233
15957	459	233
7426	461	233
17073	536	233
6179	94	234
1906	148	234
4693	183	234
877	446	234
13672	447	234
16078	453	234
18327	540	234
6446	153	235
13679	318	235
5484	346	235
10523	456	235
12952	493	235
17001	371	236
1191	447	236
6617	29	237
11693	69	237
14865	87	237
11241	98	237
2433	123	237
6417	126	237
15871	210	237
10901	257	237
15222	442	237
3247	515	237
13320	549	237
3607	556	237
1654	78	238
8332	224	238
11822	251	238
6461	402	238
17666	466	238
6023	66	239
12548	89	239
1010	131	239
2476	183	239
2334	199	239
4094	344	239
2587	416	239
10840	426	239
7038	55	240
6217	148	240
14077	418	240
5247	487	240
11477	99	241
10668	113	241
15981	133	241
15991	305	241
18096	317	241
16630	431	241
17737	466	241
3339	273	242
10416	279	242
4163	381	242
15359	559	242
1780	137	243
6647	422	243
6274	517	244
5450	531	244
9793	128	245
17529	168	245
18166	343	245
13340	434	245
8685	509	245
1870	88	246
12120	159	246
15926	193	246
6443	215	246
18284	218	246
15251	472	246
4661	41	247
17819	126	247
2218	199	247
12877	355	247
4012	462	247
15439	515	247
2648	539	247
17696	52	248
4244	113	248
15197	248	248
18114	143	249
7207	317	249
5670	131	250
3382	194	250
11898	286	250
15137	344	250
18330	435	250
16335	481	250
11086	573	250
14316	78	251
13942	220	251
8561	238	251
12683	483	251
13492	92	252
2110	169	252
4848	259	252
2659	340	252
18140	352	252
15138	393	252
9677	420	252
2557	490	252
4222	533	252
5015	99	253
13887	317	253
14146	22	254
10947	25	254
3768	79	254
15911	82	254
11038	208	254
8077	404	254
6307	448	254
14160	464	254
1402	497	254
18184	37	255
5673	199	255
2205	203	255
2427	409	255
6959	582	255
8444	586	255
8746	29	256
6328	33	256
8645	59	256
8714	152	256
7586	269	256
11408	315	256
12973	418	256
11185	495	256
6500	59	257
14377	87	257
17381	123	257
11686	210	257
841	226	257
9394	237	257
16584	315	257
9542	416	257
13614	14	258
16903	291	258
2003	345	258
1572	399	258
2730	538	258
9915	552	258
7520	134	259
11875	252	259
6956	340	259
4742	530	259
4148	52	260
4789	260	260
7863	20	261
1506	95	261
18058	125	261
12112	271	261
10162	273	261
16547	324	261
14805	383	261
9009	475	261
14115	23	262
17589	65	262
6053	220	262
6085	324	262
4585	475	262
8490	574	262
14633	45	263
3826	158	263
10453	232	263
1201	280	263
8904	311	263
17859	432	263
5692	511	263
8952	539	263
14026	569	263
12791	21	264
15224	73	264
10637	181	264
4939	299	264
4967	332	264
13996	483	264
7020	539	264
9767	561	264
14325	582	264
4488	172	265
3757	205	265
6852	207	265
8726	336	265
13042	473	265
6605	480	265
1804	66	266
14539	139	266
16595	349	266
9444	380	266
7536	447	266
7288	540	266
14545	541	266
17877	550	266
1401	553	266
3612	36	267
7835	66	267
16448	233	267
5000	403	267
15787	418	267
10045	447	267
10214	98	268
10054	315	268
17982	355	268
16825	365	268
8559	442	268
15949	515	268
5684	585	268
9376	256	269
5581	348	269
1718	562	269
11668	567	269
6551	579	269
14873	70	270
13526	318	270
8187	334	270
14503	348	270
17083	399	270
16242	456	270
11014	493	270
14113	84	271
6811	107	271
6779	261	271
11217	291	271
7670	306	271
10843	342	271
8540	551	271
9194	436	272
13437	461	272
11587	484	272
11766	502	272
8059	1	273
11600	18	273
13690	35	273
14116	95	273
12616	142	273
1863	188	273
11502	242	273
3156	261	273
4287	526	273
18372	2	274
18156	425	274
11034	510	274
5018	558	274
16751	87	275
2938	169	275
16130	185	275
3194	198	275
15255	219	275
17789	382	275
17791	413	275
8647	533	275
7679	577	275
1742	581	275
11143	99	276
14096	143	276
10873	175	276
15387	230	276
1018	305	276
5409	317	276
14044	327	276
9404	68	277
2600	72	277
8773	352	277
16622	548	277
10877	409	278
16110	522	278
9524	193	279
2008	216	279
10985	242	279
6608	381	279
3809	545	279
14424	559	279
7737	45	280
16127	49	280
9222	150	280
1763	158	280
2219	160	280
16349	167	280
11204	229	280
16619	232	280
14698	263	280
4056	290	280
1723	311	280
18147	328	280
16046	394	280
2283	409	280
9067	432	280
5100	445	280
12843	475	280
6224	487	280
3071	492	280
8608	511	280
15880	569	280
8721	572	280
1190	576	280
18030	441	281
5714	504	281
6000	511	281
9365	72	282
12359	172	282
15124	204	282
13902	338	282
4886	473	282
11935	558	282
14075	33	283
15679	122	283
17037	168	283
6765	227	283
15019	315	283
15102	462	283
872	515	283
1919	105	284
4935	110	284
5536	120	284
1423	405	284
13189	478	284
654	502	284
10252	503	284
13768	538	284
6910	547	284
13035	55	285
3917	160	285
11395	298	285
16582	458	285
7467	5	286
13425	89	286
4760	194	286
8135	250	286
12963	421	286
15667	461	286
7723	6	287
15435	72	287
14421	172	287
6226	218	287
18238	292	287
18198	417	287
16445	460	287
18289	137	288
11914	323	288
9543	422	288
11790	449	288
16876	85	289
15216	176	289
16723	294	289
10792	360	289
15442	409	289
13873	45	290
15320	73	290
7674	280	290
2449	311	290
11161	14	291
3775	107	291
4229	258	291
14471	271	291
9235	306	291
17240	454	291
15157	538	291
12301	579	291
7024	6	292
4711	37	292
8514	61	292
2380	62	292
2892	72	292
4773	172	292
7799	197	292
15909	218	292
4325	287	292
17684	333	292
17500	412	292
14791	417	292
11596	460	292
6594	496	292
11633	534	292
7688	38	293
6346	184	293
17475	302	293
17665	322	293
16165	555	293
12473	560	293
1252	203	294
8082	289	294
9074	409	294
2742	467	294
3430	468	294
8784	502	294
3770	12	295
15078	80	295
10126	186	295
18098	211	295
14368	382	295
9882	485	295
6468	490	295
5948	532	295
4728	582	295
13375	585	295
13498	77	296
16709	408	296
3970	143	297
11867	317	297
18252	363	297
12097	370	297
17767	401	297
4671	566	297
10810	1	298
1761	142	298
3636	160	298
13400	285	298
12978	390	298
18387	391	298
14856	475	298
6823	21	299
17867	27	299
16041	57	299
7198	181	299
12190	264	299
6135	349	299
14404	539	299
2235	23	300
7811	169	300
17501	193	300
18211	354	300
17936	559	300
8462	8	301
8795	119	301
10728	224	301
3017	449	301
11968	452	301
10689	47	302
7489	293	302
6025	351	302
3250	510	302
5923	570	303
10360	124	304
3888	206	304
8323	230	304
1767	491	304
12354	52	305
11808	113	305
12602	241	305
11737	276	305
16000	305	305
11429	40	306
10394	76	306
14373	107	306
8325	271	306
10708	291	306
722	478	306
16990	59	307
8778	309	307
13441	578	307
7948	419	308
5633	104	309
12961	107	309
13408	168	309
14973	182	309
5345	307	309
4190	399	309
16066	452	309
5009	44	310
4431	45	311
8301	232	311
8958	263	311
17809	280	311
10153	290	311
12525	569	311
2777	209	312
6949	213	312
6264	219	312
10471	354	312
15362	393	312
9145	490	312
16190	76	313
16057	209	313
13761	330	313
11006	358	313
14956	368	313
14023	369	313
15703	457	313
15791	537	313
2824	31	314
16273	433	314
6895	33	315
5604	41	315
17866	227	315
14293	256	315
7317	257	315
8560	268	315
15661	283	315
11165	365	315
9854	481	315
14883	495	315
7774	515	315
7034	46	316
15023	409	316
2430	469	316
6206	60	317
6724	106	317
10197	115	317
14028	173	317
7372	175	317
6643	241	317
9827	249	317
3246	253	317
11818	276	317
10828	297	317
3575	331	317
7886	347	317
5012	370	317
5982	565	317
5687	568	317
14659	28	318
8192	118	318
5855	196	318
15719	200	318
4441	212	318
12475	235	318
4336	270	318
7671	348	318
1477	502	318
4371	3	319
9105	103	319
18420	133	319
14192	408	319
17497	488	319
869	501	319
17784	46	320
9448	409	320
17434	75	321
12772	120	321
18155	502	321
18296	567	321
2307	184	322
765	293	322
3777	570	322
8235	288	323
3074	334	323
15388	422	323
4680	111	324
2076	125	324
11586	174	324
1487	183	324
5386	220	324
12314	261	324
14872	262	324
1383	342	324
11315	403	324
4687	418	324
9465	426	324
6878	450	324
10871	455	324
15676	541	324
3279	551	324
9846	335	325
8620	533	325
8093	581	325
12969	18	326
1841	190	326
14733	453	326
2376	52	327
16327	276	327
17338	327	327
6761	17	328
12947	49	328
14065	167	328
5924	280	328
3824	374	328
10842	520	328
8484	349	329
7360	504	329
6056	511	329
8956	33	330
9532	87	330
17066	227	330
1998	313	330
5388	367	330
10814	457	330
12434	99	331
10208	317	331
4597	84	332
5066	264	332
4077	340	332
2758	395	332
17796	505	332
11260	6	333
12536	72	333
7727	172	333
17746	218	333
850	292	333
16657	412	333
12382	119	334
6281	153	334
15478	191	334
11547	270	334
9113	323	334
5266	74	335
15773	185	335
12971	206	335
9241	325	335
12970	517	335
5895	531	335
3530	533	335
8408	138	336
953	172	336
12028	265	336
4979	444	336
8679	473	336
5595	548	336
2591	24	337
16937	42	337
13955	72	338
6653	172	338
4975	204	338
7639	282	338
772	473	338
17036	558	338
10051	15	339
2647	42	339
15575	83	339
1102	372	339
9820	193	340
14700	252	340
744	259	340
3699	332	340
15952	393	340
1672	415	340
7513	444	340
14972	530	340
11489	230	341
9901	53	342
12517	125	342
17139	271	342
11157	324	342
4429	344	342
10536	380	342
17996	391	342
1317	447	342
6312	450	342
2523	455	342
10933	475	342
7920	29	343
8361	128	343
10027	227	343
6534	233	343
5748	245	343
9237	434	343
9863	556	343
15938	53	344
2594	54	344
14268	56	344
4213	67	344
6572	74	344
15130	89	344
1284	91	344
3724	104	344
3083	109	344
2701	125	344
18424	136	344
7456	148	344
4780	149	344
12519	221	344
3444	231	344
5284	239	344
17536	250	344
4491	342	344
13000	376	344
12650	380	344
17034	384	344
11338	391	344
10408	435	344
2252	443	344
8025	450	344
10049	455	344
3413	461	344
690	482	344
15689	524	344
16570	562	344
2963	583	344
4378	107	345
6208	258	345
1860	399	345
7602	153	346
16660	180	346
16241	191	346
13460	222	346
17752	235	346
4180	449	346
5007	467	346
2404	494	346
9270	502	346
11697	317	347
11431	472	347
4025	580	347
10091	70	348
16440	118	348
12488	200	348
5334	212	348
8991	269	348
6782	270	348
16593	318	348
7973	552	348
12481	58	349
8188	266	349
4901	299	349
2834	329	349
16693	383	349
13308	463	349
12654	504	349
3192	511	349
5663	535	349
3662	8	350
725	78	350
9920	113	350
1035	222	350
1050	400	350
17888	402	350
1128	490	350
640	302	351
12748	185	352
1015	252	352
14843	277	352
12986	505	352
16909	531	352
5498	557	352
13059	52	353
15210	353	353
12710	20	354
10283	193	354
1467	211	354
1853	300	354
10421	312	354
9961	485	354
7379	561	354
14621	2	355
12395	34	355
5127	37	355
9954	116	355
13143	126	355
8840	144	355
1705	247	355
11945	268	355
10489	388	355
11998	442	355
5853	462	355
2020	495	355
14928	515	355
9530	558	355
11611	17	356
4328	45	356
1719	130	356
4613	167	356
16134	90	357
2371	105	357
15466	107	357
2022	120	357
10803	128	357
3224	182	357
11149	187	357
9796	200	357
13662	430	357
16996	456	357
9101	484	357
15381	502	357
18377	509	357
16843	524	357
2633	536	357
11150	547	357
2741	578	357
3051	33	358
948	104	358
6827	313	358
14960	399	358
17873	579	358
14881	499	359
11389	546	359
3291	5	360
5268	166	360
3858	176	360
6323	289	360
11323	447	360
8948	461	360
16729	502	360
16571	536	360
4970	66	361
14890	111	361
12734	377	361
16941	403	361
12549	426	361
10451	458	361
11374	34	362
12928	68	362
17347	72	362
12671	114	362
5090	204	362
2819	558	362
9340	297	363
14886	35	364
7516	445	364
8376	468	364
13963	483	364
9886	561	364
8260	7	365
10561	8	365
2722	29	365
14771	33	365
2886	41	365
10005	165	365
3894	168	365
771	268	365
15819	315	365
15269	515	365
16764	543	365
11640	544	365
6210	115	366
14172	124	366
8525	143	366
1107	230	366
14992	378	366
12855	566	366
17101	75	367
7556	87	367
3293	90	367
727	330	367
16931	405	367
2253	4	368
18400	140	368
11438	313	368
14957	379	368
9750	514	368
3351	2	369
7077	21	369
15505	187	369
16560	313	369
16243	462	369
13229	297	370
12342	317	370
10217	236	371
4594	447	371
6538	15	372
600	42	372
16959	83	372
11764	339	372
3116	101	373
3935	68	374
12601	145	374
4737	167	374
4497	328	374
8712	381	374
9630	409	374
14204	545	374
1551	52	375
7882	375	375
16974	11	376
4079	56	376
3203	148	376
10161	156	376
7478	233	376
15353	344	376
16307	55	377
14835	220	377
1737	361	377
8263	47	378
11907	206	378
13865	366	378
16409	433	378
11909	10	379
14496	368	379
16837	449	379
16804	89	380
9510	266	380
15518	342	380
10458	344	380
10164	396	380
3110	447	380
4803	553	380
4628	23	381
7052	145	381
7966	216	381
6354	242	381
679	279	381
9258	374	381
9476	409	381
12629	427	381
18371	500	381
9423	526	381
1144	545	381
12147	559	381
17483	580	381
17969	9	382
13219	80	382
8076	185	382
11329	275	382
7806	295	382
16463	397	382
1261	490	382
2224	525	382
15001	532	382
16212	65	383
7335	95	383
1776	125	383
4565	220	383
16079	261	383
9710	349	383
16762	475	383
10927	511	383
8354	541	383
3907	33	384
4356	122	384
16255	149	384
4653	344	384
16614	399	384
18354	461	384
7680	2	385
5146	388	385
16094	429	385
13949	75	386
4073	120	386
6345	436	386
3828	461	386
16674	26	387
15236	178	387
14479	30	388
9177	63	388
14396	72	388
16865	144	388
4171	355	388
15333	385	388
1706	29	389
972	233	389
17525	434	389
6633	556	389
4588	21	390
7061	30	390
8072	35	390
9075	48	390
4019	55	390
12806	298	390
4323	457	390
13952	551	390
5123	561	390
13490	160	391
3386	298	391
13683	342	391
5999	344	391
3827	403	391
11736	450	391
11434	458	391
13140	573	391
7588	4	392
14736	119	392
16301	147	392
12353	514	392
13084	84	393
10813	92	393
13778	169	393
10740	185	393
12368	193	393
12694	252	393
12341	312	393
14415	340	393
9231	490	393
14131	45	394
14008	73	394
3219	158	394
6849	280	394
11032	511	394
9320	48	395
15532	144	395
1295	188	395
12154	332	395
7535	410	395
6690	422	395
14020	451	395
10106	494	395
9611	580	395
6579	151	396
2087	380	396
17295	447	396
12317	9	397
8949	84	397
11105	131	397
12174	382	397
4888	532	397
18239	90	398
16344	461	398
5956	502	398
14439	567	398
16726	75	399
2077	91	399
6674	104	399
871	120	399
4855	136	399
8912	149	399
12903	231	399
2304	258	399
15368	270	399
15189	309	399
13303	345	399
5143	358	399
6915	384	399
16893	524	399
13876	562	399
3040	579	399
2967	155	400
3130	184	400
6697	225	400
3242	350	400
6120	428	400
8028	439	400
1483	491	400
3080	297	401
3085	71	402
8421	108	402
18384	119	402
2188	162	402
4093	238	402
6456	350	402
9569	55	403
16286	66	403
5254	111	403
10884	131	403
7861	174	403
1266	199	403
12532	220	403
5619	267	403
8364	324	403
17660	361	403
4752	391	403
7175	458	403
8774	580	403
7415	22	404
2488	79	404
1888	208	404
15358	254	404
16483	16	405
16692	87	405
616	100	405
2500	284	405
8006	367	405
9098	165	406
3150	229	406
9872	411	406
12955	474	406
14101	99	407
17164	3	408
5267	96	408
18205	103	408
17837	296	408
3508	319	408
13658	45	409
13184	46	409
4128	49	409
6602	72	409
11499	130	409
17105	150	409
10034	167	409
11679	171	409
5706	203	409
15975	255	409
1450	278	409
3925	280	409
8247	289	409
1632	294	409
17852	316	409
6343	320	409
15798	374	409
4991	381	409
14388	427	409
16380	440	409
12163	445	409
4656	469	409
17300	500	409
4768	522	409
12666	572	409
14852	14	410
8491	85	410
14939	117	410
4697	120	410
17029	165	410
4552	199	410
11794	201	410
11803	209	410
7743	395	410
2369	436	410
14651	446	410
15220	506	410
11882	523	410
4234	34	411
7058	72	411
15100	133	411
16140	172	411
15500	204	411
1945	406	411
1440	473	411
9935	6	412
13818	72	412
15278	172	412
4062	218	412
11314	292	412
4774	333	412
17918	86	413
8198	138	413
16124	172	413
16575	275	413
4039	501	413
17463	531	413
10771	540	413
3132	548	413
13817	581	413
1290	8	414
1459	140	414
17629	462	414
17726	498	414
4974	205	415
11514	214	415
3451	340	415
4736	444	415
14878	63	416
5075	69	416
17383	210	416
11319	239	416
16813	257	416
11119	442	416
17853	6	417
963	72	417
17129	159	417
15176	172	417
2816	218	417
15409	287	417
4747	292	417
16686	460	417
12900	36	418
16169	74	418
17393	112	418
11243	121	418
6024	174	418
9415	240	418
7885	256	418
7521	267	418
12221	324	418
10709	586	418
11343	93	419
13464	308	419
16023	252	420
9017	13	421
13172	166	421
16203	176	421
8873	286	421
12231	461	421
5937	78	422
6925	163	422
1935	191	422
11781	243	422
5717	288	422
17116	323	422
15803	395	422
9293	494	422
11615	10	423
12648	50	423
5837	71	423
2172	93	423
17906	431	423
16531	489	423
10926	72	424
15430	135	424
9686	479	424
2423	274	425
15294	546	425
4100	32	426
3439	121	426
2602	132	426
7236	174	426
4427	188	426
5097	199	426
4812	239	426
3193	324	426
7332	361	426
5118	495	426
6562	551	426
2972	381	427
18113	409	427
6272	500	427
17435	559	427
925	19	428
14637	206	428
17544	400	428
13465	490	428
15099	491	428
1359	518	428
9226	563	428
18086	566	428
10013	101	429
12139	385	429
4231	546	429
10836	105	430
12397	110	430
14453	182	430
14577	357	430
6951	484	430
12631	509	430
6469	547	430
9257	578	430
10304	10	431
2567	241	431
11409	423	431
4758	45	432
6357	232	432
16820	263	432
1400	280	432
16927	492	432
17228	511	432
10107	569	432
1356	132	433
6766	314	433
9240	378	433
6411	491	433
13855	518	433
6082	566	433
12659	110	434
14686	182	434
3361	187	434
8121	201	434
13058	245	434
7402	343	434
5870	389	434
16264	498	434
16601	502	434
2328	509	434
5704	523	434
4840	556	434
1670	89	435
15413	250	435
1595	344	435
14260	443	435
16620	120	436
3728	272	436
9878	386	436
12070	410	436
7647	461	436
15701	18	437
11346	68	437
10887	485	437
13377	582	437
10946	585	437
7616	15	438
9942	527	438
13870	584	438
1921	143	439
14715	225	439
11825	230	439
5174	400	439
4376	171	440
12878	409	440
1214	43	441
3711	281	441
5252	511	441
4701	98	442
2196	237	442
6003	268	442
13797	355	442
10809	416	442
4102	477	442
13805	554	442
17010	109	443
15616	344	443
12121	435	443
16754	336	444
12282	340	444
12552	415	444
1687	530	444
17262	45	445
4532	49	445
3309	58	445
15364	130	445
1304	150	445
3606	167	445
5068	280	445
2041	364	445
7971	409	445
18350	511	445
5024	542	445
4620	572	445
17343	30	446
10697	85	446
1537	201	446
14513	234	446
11872	410	446
3429	540	446
6180	54	447
17591	56	447
9410	57	447
3998	81	447
13561	139	447
9980	151	447
17494	170	447
1649	234	447
3458	236	447
18127	266	447
6629	267	447
14381	342	447
15405	360	447
18185	371	447
12337	380	447
2140	396	447
12257	450	447
5245	455	447
15750	461	447
9910	511	447
16821	540	447
16055	550	447
7254	553	447
11656	25	448
12225	208	448
6903	254	448
10246	464	448
13329	153	449
7404	191	449
7036	200	449
16535	222	449
13691	288	449
3335	301	449
11416	346	449
1741	379	449
12044	529	449
15132	54	450
8674	65	450
12555	67	450
18200	74	450
9126	111	450
6736	125	450
7697	324	450
7924	342	450
3957	344	450
1979	391	450
3501	447	450
10331	455	450
10170	475	450
17880	541	450
16211	188	451
17172	395	451
18106	491	451
5296	559	451
7772	580	451
1636	7	452
16733	70	452
5747	108	452
1715	147	452
14603	301	452
9553	309	452
6372	454	452
16792	18	453
4317	28	453
17132	190	453
1129	234	453
10480	326	453
8230	477	453
2474	537	453
7390	554	453
6094	582	453
11769	108	454
16071	291	454
2109	452	454
13489	125	455
13872	324	455
1882	342	455
16553	344	455
17690	447	455
17636	450	455
17937	475	455
4954	28	456
14292	100	456
10505	118	456
18194	222	456
3656	235	456
17541	270	456
7895	357	456
1526	21	457
1462	48	457
8610	102	457
13804	181	457
14850	313	457
4400	330	457
2169	390	457
1926	483	457
3396	551	457
8226	561	457
11606	156	458
16223	285	458
4298	361	458
6912	391	458
15630	403	458
13666	551	458
5947	573	458
9080	176	459
17628	233	459
12241	461	459
15624	536	459
1394	583	459
12193	6	460
15273	72	460
12812	159	460
6741	172	460
10148	218	460
13935	287	460
15423	292	460
4559	417	460
16330	5	461
14360	75	461
16167	91	461
13133	94	461
9083	104	461
1374	136	461
8863	149	461
8865	166	461
17420	176	461
5721	194	461
6955	221	461
16710	233	461
18174	272	461
1787	286	461
3127	344	461
12224	360	461
14765	384	461
14675	386	461
12411	398	461
10216	421	461
12521	436	461
12628	447	461
14895	459	461
11812	482	461
2485	484	461
1480	523	461
17947	536	461
12909	562	461
2822	567	461
16509	579	461
12448	583	461
8220	2	462
12145	7	462
17079	168	462
18018	247	462
8511	283	462
9192	355	462
13909	369	462
11283	414	462
9244	543	462
16862	65	463
13822	95	463
14710	129	463
5592	349	463
13824	511	463
9026	535	463
5084	25	464
11994	208	464
9087	254	464
1135	448	464
17307	68	465
6071	145	465
1789	214	465
10347	215	465
5299	574	465
12757	60	466
5515	238	466
2977	241	466
3545	191	467
9574	294	467
18403	346	467
11236	504	467
17427	35	468
2983	165	468
6999	294	468
11208	364	468
16583	526	468
5818	537	468
827	562	468
17452	316	469
9229	409	469
6091	570	470
2791	52	471
11598	471	471
14338	161	472
11655	169	472
16712	172	472
12494	193	472
3305	215	472
8052	246	472
13853	347	472
2520	15	473
9409	42	473
5834	178	473
775	204	473
2556	205	473
2210	207	473
11874	265	473
6410	282	473
1068	336	473
4636	338	473
1711	411	473
4709	476	473
13577	501	473
4592	42	474
8103	406	474
13717	1	475
14701	45	475
14660	49	475
4964	54	475
13704	65	475
18005	121	475
6069	129	475
2260	160	475
2390	261	475
7635	262	475
11824	280	475
17621	298	475
8062	342	475
15349	383	475
12495	450	475
15261	455	475
9102	526	475
14766	133	476
5238	178	476
14526	213	476
15812	473	476
7678	12	477
17901	28	477
5087	190	477
12408	442	477
9529	453	477
5206	485	477
18375	558	477
11188	105	478
17049	152	478
1897	212	478
4677	284	478
15980	306	478
2869	538	478
17872	547	478
5049	72	479
13605	177	479
14653	424	479
10383	265	480
13563	501	480
17344	5	481
17826	183	481
13906	226	481
12644	250	481
12849	315	481
16629	536	481
16112	583	481
15906	122	482
4861	183	482
6781	221	482
11865	344	482
15404	461	482
15794	505	482
3735	583	482
13700	48	483
12424	251	483
1781	264	483
5997	364	483
8879	457	483
16962	561	483
15252	272	484
1002	357	484
18292	430	484
17188	461	484
5879	523	484
15279	9	485
873	12	485
1416	18	485
18088	39	485
2746	157	485
17098	193	485
2533	211	485
10105	295	485
8088	354	485
5362	437	485
15324	477	485
8728	490	485
6693	498	485
9521	563	485
10357	585	485
1371	504	486
10062	511	486
5694	36	487
9174	45	487
7649	74	487
9206	112	487
17197	240	487
6564	280	487
3057	511	487
16030	206	488
14034	319	488
16965	570	488
13173	52	489
6557	423	489
6853	489	489
6286	35	490
16007	80	490
18347	92	490
12305	193	490
14694	207	490
14753	211	490
17020	252	490
12129	295	490
12858	312	490
6936	350	490
10775	382	490
18001	393	490
14927	428	490
7046	485	490
1886	532	490
12906	19	491
4146	304	491
11183	400	491
3760	428	491
3979	433	491
6928	451	491
9057	577	491
17523	45	492
3559	229	492
11266	280	492
3445	432	492
7381	511	492
4607	70	493
6096	147	493
16008	180	493
928	235	493
12262	270	493
5054	153	494
12165	346	494
12153	395	494
8296	422	494
7648	513	494
7997	183	495
9483	226	495
5453	256	495
7694	315	495
3354	355	495
4894	426	495
16728	515	495
4621	586	495
7961	6	496
7197	62	496
7229	72	496
5963	172	496
15468	218	496
10272	292	496
12925	534	496
12450	82	497
10009	208	497
2507	254	497
14240	157	498
14904	222	498
7380	224	498
2627	414	498
16946	434	498
9981	485	498
6038	359	499
4985	546	499
3592	49	500
9978	381	500
4612	409	500
9687	427	500
3675	38	501
1254	155	501
13394	205	501
11233	208	501
9417	319	501
2509	413	501
5160	473	501
3230	480	501
18029	28	502
4050	110	502
2897	120	502
13697	128	502
15118	176	502
12798	196	502
10270	272	502
1160	284	502
3795	294	502
3223	318	502
12437	321	502
9874	346	502
10652	357	502
2513	360	502
13966	398	502
3278	434	502
3137	503	502
11300	567	502
11548	110	503
5892	128	503
14836	284	503
2896	502	503
12994	281	504
8538	329	504
9764	349	504
9618	467	504
18193	486	504
6149	511	504
17680	85	505
17442	94	505
5216	117	505
16204	209	505
12086	332	505
14971	352	505
4164	482	505
10889	85	506
14739	117	506
15876	165	506
6797	169	506
3059	193	506
1812	410	506
16768	15	507
16727	42	507
6963	64	507
14217	10	508
7846	93	508
3729	182	509
16758	245	509
17961	357	509
5800	430	509
13269	434	509
5426	274	510
3164	302	510
10838	36	511
10799	43	511
12736	45	511
14590	65	511
621	129	511
899	150	511
12480	158	511
2980	232	511
10735	263	511
4204	280	511
2797	281	511
11933	329	511
3241	349	511
3876	383	511
4519	394	511
15881	432	511
3177	441	511
11257	445	511
638	447	511
18276	463	511
2969	486	511
8808	487	511
2465	492	511
1735	504	511
2023	512	511
7823	542	511
14995	569	511
6940	572	511
17611	20	512
1157	35	512
4925	65	512
9786	129	512
7866	511	512
4909	78	513
3805	494	513
2683	368	514
11830	392	514
13729	41	515
5489	69	515
5777	237	515
8792	247	515
9200	268	515
13164	283	515
6245	315	515
5731	355	515
15484	365	515
12387	495	515
9990	42	516
6221	575	516
1689	86	517
3378	244	517
9773	335	517
12442	531	517
8832	78	518
985	127	518
17676	225	518
15096	428	518
2845	433	518
5778	588	518
10166	546	519
13244	49	520
12288	142	520
11944	167	520
3697	328	520
12652	10	521
5568	230	521
15319	278	522
8822	409	522
14574	90	523
17644	410	523
4138	434	523
17552	461	523
7530	484	523
2645	33	524
656	104	524
8196	107	524
11344	231	524
2906	344	524
12540	357	524
3926	399	524
3061	39	525
10610	163	525
5552	179	525
5413	382	525
12938	577	525
16374	1	526
7204	35	526
14874	49	526
9709	65	526
5134	95	526
8069	142	526
4433	188	526
7675	273	526
3804	381	526
12348	468	526
4168	475	526
1176	542	526
17522	15	527
12795	438	527
6031	584	527
1726	580	528
10790	9	529
3745	39	529
14959	163	529
16668	449	529
4047	205	530
17127	213	530
16479	217	530
3210	259	530
16537	340	530
10044	444	530
9334	84	531
12355	185	531
5420	244	531
16170	335	531
1772	352	531
17642	413	531
12244	517	531
4206	12	532
10892	59	532
3446	80	532
17174	186	532
8378	207	532
6773	295	532
6584	382	532
4458	397	532
2112	490	532
7031	87	533
4347	219	533
9834	252	533
7928	275	533
17418	325	533
1627	335	533
13034	577	533
18139	6	534
7604	61	534
11570	62	534
10629	72	534
7351	172	534
1730	218	534
8471	292	534
1196	496	534
17868	27	535
10655	30	535
11056	144	535
7136	349	535
995	463	535
2221	5	536
13940	176	536
7350	233	536
11007	357	536
5177	360	536
9621	459	536
8877	461	536
3405	481	536
1206	18	537
3899	199	537
11743	313	537
7518	453	537
16776	468	537
15302	561	537
16737	14	538
10794	258	538
7816	284	538
17631	291	538
3730	478	538
6816	579	538
17348	13	539
6235	27	539
8194	57	539
14056	209	539
6868	232	539
17986	247	539
17227	263	539
1116	264	539
8843	299	539
7171	569	539
15589	94	540
2898	234	540
10308	266	540
8834	413	540
6057	446	540
7771	447	540
7032	546	540
3846	125	541
13767	266	541
10768	324	541
18399	383	541
5277	450	541
4120	564	541
9950	95	542
1292	150	542
11005	445	542
12453	511	542
9492	526	542
7029	572	542
1647	29	543
10664	168	543
4754	365	543
4363	462	543
8174	544	543
15480	549	543
9667	556	543
18318	29	544
4114	41	544
13282	199	544
1175	228	544
12574	365	544
10201	543	544
11350	49	545
3660	142	545
7666	145	545
15816	216	545
7957	279	545
15691	374	545
10597	381	545
11298	548	545
4226	101	546
15065	359	546
6948	425	546
5741	429	546
17465	499	546
15066	519	546
15244	540	546
15684	105	547
16567	118	547
18455	128	547
16280	284	547
852	357	547
11316	430	547
18348	478	547
10087	23	548
6818	68	548
803	72	548
1456	172	548
12217	277	548
1419	336	548
9825	413	548
18154	545	548
5939	12	549
17839	41	549
13468	69	549
16125	123	549
11854	126	549
16680	237	549
16116	543	549
11209	16	550
1288	81	550
8880	139	550
15537	181	550
11118	266	550
9290	447	550
14386	156	551
8128	192	551
17980	209	551
8509	271	551
15672	324	551
11426	390	551
6113	426	551
9044	457	551
10435	458	551
6280	573	551
17910	70	552
18091	118	552
17090	258	552
9896	348	552
1930	54	553
15433	266	553
16580	380	553
8529	447	553
11660	27	554
3487	69	554
2149	98	554
12484	123	554
4384	190	554
4097	442	554
2705	453	554
2139	293	555
17329	29	556
12043	123	556
5135	187	556
1340	196	556
632	200	556
8267	237	556
15377	343	556
5529	389	556
3092	434	556
5591	543	556
5215	94	557
7936	156	557
10539	201	557
12214	206	557
4508	209	557
11378	352	557
5164	2	558
11857	172	558
4188	204	558
15520	274	558
4113	282	558
14266	338	558
15541	355	558
10332	362	558
1918	477	558
11377	35	559
18157	58	559
11063	92	559
10450	95	559
10123	132	559
3844	242	559
18436	279	559
2078	300	559
5850	381	559
16426	427	559
1034	451	559
4104	293	560
11360	1	561
17855	18	561
13461	20	561
15631	21	561
6137	48	561
3901	181	561
15777	264	561
14947	354	561
1115	364	561
7240	390	561
1782	457	561
17847	483	561
10470	537	561
7091	33	562
10552	149	562
17291	269	562
1765	344	562
3460	399	562
18452	461	562
3808	468	562
2358	9	563
10608	39	563
17570	157	563
13654	179	563
2723	222	563
9432	428	563
7487	485	563
9858	67	564
9514	125	564
7337	156	564
3360	192	564
12492	195	564
10558	541	564
16240	99	565
11643	317	565
17397	230	566
17713	297	566
3357	366	566
840	428	566
7628	433	566
1451	269	567
4013	321	567
7365	398	567
5762	461	567
1248	502	567
15148	317	568
10736	45	569
13755	158	569
13597	232	569
2367	263	569
7217	280	569
12068	311	569
3006	432	569
11540	511	569
16671	539	569
13864	202	570
17508	303	570
7391	322	570
6477	470	570
2929	488	570
18309	587	570
930	143	571
16652	230	571
15456	45	572
15976	49	572
12781	130	572
10290	150	572
11864	167	572
6935	280	572
4992	409	572
6917	445	572
2119	511	572
11309	542	572
2124	11	573
2814	33	573
17045	122	573
10485	156	573
10085	194	573
863	209	573
9289	250	573
3848	391	573
15666	458	573
1607	551	573
11433	23	574
8871	214	574
17792	216	574
9771	262	574
4515	465	574
17654	42	575
15534	516	575
18186	17	576
1797	45	576
4807	49	576
7017	167	576
17186	280	576
12645	87	577
4465	169	577
2679	185	577
4261	206	577
10190	219	577
12853	275	577
3128	491	577
8813	525	577
12758	533	577
1910	187	578
10003	200	578
2435	307	578
10625	357	578
5925	430	578
1134	33	579
5589	107	579
2137	269	579
1973	291	579
4910	358	579
1875	399	579
12198	461	579
14527	538	579
4105	121	580
15499	132	580
10878	220	580
4449	347	580
9441	381	580
12717	395	580
2776	403	580
718	451	580
8363	528	580
17909	275	581
12870	325	581
18071	413	581
3490	58	582
10311	181	582
4173	186	582
13869	255	582
17674	264	582
816	295	582
7629	437	582
7959	453	582
5886	585	582
1430	5	583
6547	183	583
7272	221	583
15605	344	583
14705	459	583
6450	461	583
8584	481	583
2874	482	583
13939	15	584
7399	438	584
6301	527	584
9979	37	585
6707	186	585
17032	268	585
11397	295	585
11012	437	585
13165	485	585
12030	582	585
17816	63	586
17123	94	586
17974	148	586
17956	174	586
13562	203	586
2724	255	586
5063	418	586
4938	495	586
12318	133	587
1044	570	587
18079	99	588
17207	518	588
1031	55	1
17920	65	1
11561	273	1
5068	298	1
1516	475	1
17400	526	1
2843	561	1
15534	41	2
6225	87	2
10656	102	2
18305	116	2
5918	126	2
17583	274	2
10042	355	2
16758	369	2
13565	385	2
10624	462	2
6205	558	2
12074	103	3
4650	319	3
3297	408	3
3519	108	4
18028	146	4
1561	368	4
17565	392	4
9829	226	5
3588	286	5
1355	360	5
16947	461	5
5684	481	5
623	536	5
16406	583	5
1060	37	6
2663	61	6
5721	62	6
15751	72	6
5146	172	6
17289	197	6
11189	218	6
10698	287	6
17673	292	6
5669	333	6
12666	412	6
8016	417	6
15211	460	6
17300	496	6
3126	534	6
14126	8	7
15411	228	7
1072	365	7
10314	452	7
16332	462	7
6145	7	8
10511	157	8
9134	301	8
12353	350	8
4814	365	8
8675	414	8
3008	39	9
16981	123	9
17599	157	9
9032	179	9
11549	382	9
4350	397	9
13056	485	9
12601	529	9
12302	563	9
11047	143	10
15301	379	10
4899	423	10
13131	431	10
1021	508	10
1690	521	10
15840	21	11
2404	102	11
15229	116	11
5782	181	11
2593	376	11
16791	573	11
2429	18	12
4038	186	12
9403	295	12
15764	477	12
3311	485	12
16093	532	12
18124	549	12
14148	57	13
18023	84	13
7732	99	13
15759	144	13
6067	166	13
16481	421	13
17918	539	13
15880	69	14
12090	84	14
1569	94	14
4477	258	14
9824	291	14
18360	410	14
17636	538	14
15712	42	15
8947	64	15
14652	83	15
8031	208	15
9996	339	15
17551	372	15
9125	438	15
2428	473	15
11246	507	15
3787	527	15
7498	584	15
5172	139	16
7156	405	16
11748	550	16
3205	45	17
14435	49	17
2052	95	17
15743	167	17
5545	328	17
3072	356	17
11379	576	17
4616	12	18
17316	35	18
14358	190	18
7779	198	18
16237	273	18
16934	326	18
15540	437	18
17459	453	18
10383	485	18
17556	537	18
6509	561	18
6562	185	19
3049	428	19
14999	491	19
17044	21	20
10362	27	20
12176	48	20
1391	192	20
16082	261	20
17711	354	20
17297	512	20
9275	561	20
14722	11	21
16431	20	21
13122	27	21
11130	102	21
11578	116	21
11855	181	21
6821	264	21
11054	299	21
11264	369	21
5344	390	21
15400	457	21
5083	561	21
3557	79	22
9281	208	22
7855	254	22
5374	404	22
6489	214	23
704	216	23
4239	262	23
14339	300	23
3528	381	23
4654	548	23
13460	574	23
7823	42	24
5448	337	24
10390	208	25
4395	254	25
16078	448	25
13133	464	25
8558	178	26
5015	387	26
1348	20	27
15155	21	27
2758	201	27
16919	299	27
11331	535	27
5455	539	27
2355	554	27
9508	100	28
3487	318	28
13752	453	28
17622	456	28
9287	477	28
17576	502	28
5741	87	29
15788	123	29
10860	165	29
11480	168	29
5476	226	29
11662	237	29
2342	256	29
4852	343	29
9654	365	29
5928	389	29
4588	543	29
7882	544	29
5873	556	29
7839	117	30
13405	388	30
3268	390	30
7671	446	30
15921	535	30
1002	143	31
12934	173	31
9107	314	31
5301	34	32
638	117	32
15206	203	32
16240	220	32
1050	426	32
6355	104	33
7591	149	33
16261	227	33
8232	256	33
9982	283	33
5367	315	33
6859	330	33
14613	358	33
6218	365	33
1558	384	33
15853	524	33
6092	562	33
14676	573	33
8230	579	33
6406	32	34
10759	116	34
14286	203	34
8073	355	34
11028	362	34
9750	411	34
3534	18	35
17412	48	35
12411	58	35
13729	188	35
12854	273	35
7548	364	35
12190	390	35
13106	468	35
1715	490	35
5180	512	35
7389	526	35
15497	559	35
871	112	36
10237	220	36
12930	267	36
3397	418	36
17586	487	36
12611	511	36
15232	6	37
8565	72	37
7047	197	37
15739	255	37
14031	292	37
12850	355	37
17527	585	37
8354	101	38
15898	124	38
10706	293	38
7083	501	38
9048	9	39
10178	198	39
7789	485	39
2300	525	39
17511	529	39
16825	563	39
12313	118	40
2228	140	40
15973	200	40
17494	212	40
15108	306	40
11609	2	41
3785	80	41
10836	198	41
12877	210	41
3501	247	41
15638	315	41
1341	365	41
17109	515	41
14039	544	41
2796	549	41
14213	15	42
1207	24	42
17233	64	42
13679	83	42
2875	178	42
15948	337	42
17648	339	42
16652	372	42
18346	473	42
11717	474	42
12919	507	42
2717	516	42
2546	575	42
6267	160	43
13587	441	43
9747	511	43
9745	99	44
14608	100	44
13351	127	44
7820	310	44
16184	17	45
3740	73	45
11131	130	45
10760	150	45
7586	158	45
17460	160	45
14197	167	45
1164	229	45
5021	232	45
1046	263	45
8674	280	45
16366	290	45
3848	311	45
1796	356	45
12519	394	45
9371	409	45
15293	432	45
11966	445	45
1949	475	45
6993	487	45
6664	492	45
17401	511	45
12062	569	45
7712	572	45
7257	576	45
4372	316	46
6653	320	46
10790	409	46
2470	302	47
14872	378	47
1229	20	48
4486	35	48
3549	390	48
7581	395	48
7395	457	48
2635	483	48
2647	561	48
5266	17	49
10018	142	49
13147	150	49
4351	167	49
7488	280	49
2087	328	49
14220	409	49
834	445	49
4449	475	49
6402	500	49
16443	520	49
17714	526	49
15723	545	49
16471	572	49
4346	576	49
10856	423	50
14174	72	51
9292	177	51
16544	52	52
17451	141	52
2151	154	52
10641	164	52
3544	189	52
11012	248	52
16109	260	52
13743	305	52
11889	327	52
13246	353	52
12891	375	52
14954	471	52
15768	489	52
11750	74	53
9660	213	53
7110	342	53
12510	344	53
16071	81	54
16051	344	54
13167	447	54
6728	450	54
17667	475	54
1359	553	54
2675	1	55
14886	121	55
5822	132	55
14025	229	55
6938	240	55
16853	285	55
14931	377	55
17624	390	55
15846	403	55
11315	89	56
5178	109	56
8919	166	56
13560	195	56
12830	344	56
16836	376	56
16777	447	56
6930	13	57
11955	144	57
16247	299	57
4391	447	57
1751	539	57
5011	35	58
7313	95	58
7943	167	58
16865	349	58
8045	445	58
9421	559	58
13710	582	58
5530	210	59
14602	256	59
9480	257	59
18075	307	59
1517	532	59
17125	99	60
17087	127	60
12818	317	60
5540	466	60
10197	6	61
12380	72	61
14545	172	61
16789	218	61
3447	292	61
5287	534	61
15333	6	62
786	72	62
982	172	62
8758	218	62
921	292	62
17946	496	62
9309	534	62
6112	98	63
14390	183	63
760	210	63
7399	388	63
14188	416	63
16067	586	63
7590	15	64
9644	42	64
3789	507	64
17671	1	65
7312	129	65
17371	262	65
16673	383	65
12521	450	65
17942	463	65
13527	475	65
9954	511	65
17149	512	65
8455	526	65
17167	210	66
7193	233	66
18133	239	66
5885	266	66
15536	267	66
13550	361	66
17564	403	66
15610	109	67
1875	194	67
11883	344	67
9046	450	67
18159	564	67
7595	72	68
15435	114	68
6306	277	68
8863	362	68
4812	374	68
4171	437	68
2718	465	68
16779	548	68
10012	14	69
3491	98	69
17652	148	69
11600	237	69
905	416	69
12207	515	69
17876	549	69
3771	554	69
18056	147	70
2278	200	70
14641	270	70
12189	348	70
17304	452	70
16169	493	70
7359	552	70
7245	140	71
3605	146	71
3377	402	71
5217	423	71
15622	6	72
7487	37	72
4016	51	72
1033	61	72
17360	62	72
10367	68	72
13964	135	72
16736	177	72
9171	197	72
5783	204	72
3225	277	72
18290	282	72
2208	287	72
1677	292	72
8642	333	72
10941	338	72
7299	362	72
5572	388	72
15275	409	72
12408	411	72
2323	412	72
8209	417	72
12235	424	72
13453	460	72
10186	479	72
16601	496	72
15716	534	72
12647	548	72
3155	45	73
3523	264	73
17092	290	73
11335	394	73
17894	53	74
3396	125	74
759	335	74
9101	344	74
16480	418	74
6128	450	74
11823	487	74
3343	120	75
3236	321	75
2601	367	75
12834	386	75
12998	399	75
18144	461	75
2037	306	76
14826	313	76
8772	101	77
4263	296	77
13282	222	78
6058	238	78
6830	251	78
6063	350	78
10936	422	78
10334	513	78
5416	518	78
1492	22	79
14682	208	79
11610	254	79
17554	404	79
5463	41	80
15621	186	80
14650	211	80
6280	295	80
7696	382	80
17572	490	80
7263	532	80
5291	54	81
1543	129	81
8682	139	81
9075	181	81
9835	447	81
1982	550	81
10148	208	82
1440	254	82
7127	497	82
9133	15	83
6826	42	83
8522	339	83
3054	372	83
18088	13	84
4173	14	84
13858	271	84
5230	332	84
6621	393	84
18280	397	84
15073	531	84
1257	117	85
4439	201	85
10939	208	85
9466	289	85
12605	410	85
12840	446	85
10747	505	85
11709	506	85
7703	413	86
9622	517	86
3146	2	87
1891	29	87
1115	100	87
17627	219	87
2432	223	87
14176	237	87
10239	257	87
7007	275	87
4242	330	87
14765	367	87
14494	405	87
2516	533	87
15776	577	87
18328	172	88
17591	215	88
10168	246	88
9258	56	89
12773	239	89
6439	286	89
11120	344	89
18014	380	89
12958	435	89
5625	357	90
15307	367	90
4560	398	90
9569	523	90
1375	136	91
10792	227	91
1873	231	91
6658	344	91
14643	399	91
10214	461	91
6000	169	92
7331	185	92
4006	193	92
1724	211	92
2464	217	92
5988	252	92
14779	393	92
17750	490	92
5499	559	92
6230	419	93
18139	423	93
2445	508	93
14804	14	94
4754	194	94
5384	206	94
3667	234	94
15378	461	94
14530	505	94
8603	540	94
11245	557	94
1330	586	94
8654	17	95
16027	58	95
7077	167	95
13701	188	95
2452	218	95
17131	261	95
15826	273	95
17129	383	95
13669	463	95
10771	526	95
16576	542	95
7393	559	95
9327	103	96
17408	408	96
14510	206	97
3319	63	98
11106	69	98
12535	237	98
14649	268	98
13665	442	98
8032	554	98
8068	13	99
4368	44	99
15478	60	99
12639	106	99
3264	113	99
2159	115	99
8282	173	99
14145	241	99
1421	253	99
17002	276	99
711	331	99
11233	407	99
9194	565	99
4145	588	99
4952	28	100
3889	44	100
18397	87	100
3440	405	100
1284	456	100
2563	38	101
649	77	101
12886	373	101
11165	429	101
16627	546	101
18247	2	102
8665	11	102
15746	21	102
17840	457	102
15789	3	103
5927	96	103
7930	319	103
3983	408	103
14002	33	104
9602	183	104
6551	309	104
14152	344	104
9363	358	104
1885	399	104
8495	461	104
18200	524	104
5326	118	105
12299	128	105
3986	284	105
11090	357	105
9201	430	105
6787	478	105
5726	547	105
7645	99	106
17855	317	106
13767	271	107
2944	291	107
13365	306	107
5610	309	107
10834	345	107
16629	357	107
14187	524	107
12122	579	107
4629	4	108
4322	119	108
7107	140	108
2574	402	108
15077	452	108
18011	454	108
6593	56	109
9909	67	109
16584	344	109
12432	443	109
7188	284	110
7473	430	110
6127	434	110
9205	502	110
1117	503	110
7002	324	111
2213	361	111
3183	403	111
8269	450	111
17677	36	112
12132	220	112
4133	233	112
9293	418	112
14913	487	112
924	99	113
3917	225	113
3272	241	113
13137	248	113
18089	305	113
5958	350	113
5037	68	114
10692	362	114
2514	99	115
17482	143	115
8379	317	115
15941	366	115
12849	2	116
11896	11	116
8305	21	116
10505	34	116
6466	355	116
10455	30	117
3161	32	117
9629	85	117
10530	165	117
4197	199	117
5190	410	117
15254	505	117
13660	506	117
6065	40	118
16663	105	118
16190	196	118
16157	200	118
13325	318	118
16015	348	118
2476	456	118
8783	547	118
2010	552	118
7831	108	119
12192	146	119
7378	301	119
9968	334	119
2430	392	119
15402	402	119
8777	75	120
11836	187	120
2473	231	120
16574	284	120
17258	321	120
18231	357	120
3614	386	120
11239	399	120
8148	410	120
13205	436	120
2854	502	120
4740	55	121
2801	220	121
8167	418	121
18311	426	121
16628	475	121
18400	580	121
1238	149	122
5199	192	122
15165	209	122
6158	221	122
15998	283	122
4608	384	122
15146	482	122
15695	573	122
11349	9	123
17966	29	123
5395	152	123
12628	237	123
18308	257	123
13682	549	123
13697	554	123
4840	556	123
15285	38	124
17061	206	124
3385	223	124
1143	304	124
18152	366	124
4102	74	125
4990	156	125
15013	192	125
5619	195	125
7743	261	125
11103	324	125
15065	342	125
18274	344	125
4317	383	125
1003	450	125
10019	455	125
13382	541	125
17144	564	125
15152	2	126
2513	237	126
4420	247	126
3152	355	126
11199	549	126
8329	44	127
3047	60	127
5678	225	127
16743	518	127
5613	105	128
11984	245	128
14449	343	128
13868	357	128
15437	502	128
11869	503	128
2373	547	128
2315	65	129
13889	81	129
16356	463	129
13673	475	129
15704	511	129
8461	512	129
1098	45	130
16182	150	130
3760	167	130
2884	356	130
1554	409	130
14282	445	130
2043	572	130
1302	148	131
726	226	131
16968	239	131
5124	250	131
15037	397	131
4213	403	131
755	55	132
4866	188	132
9797	426	132
15965	433	132
967	559	132
10445	580	132
11778	163	133
6918	241	133
4359	319	133
15407	411	133
12727	476	133
4900	587	133
12685	213	134
5391	215	134
6285	259	134
2903	72	135
14813	424	135
17442	91	136
1387	231	136
11188	344	136
13309	399	136
8948	461	136
2757	162	137
1282	243	137
16246	288	137
8651	336	138
3286	413	138
5933	16	139
4905	81	139
14693	181	139
15103	266	139
7917	447	139
11313	550	139
9777	40	140
14842	71	140
4253	108	140
10104	368	140
13638	414	140
11443	52	141
8431	141	141
1332	49	142
7704	145	142
8743	273	142
12549	298	142
15388	520	142
18227	526	142
9092	545	142
10544	10	143
9369	31	143
15218	115	143
13661	175	143
16291	249	143
16050	276	143
5386	297	143
910	366	143
3056	439	143
16830	571	143
13006	13	144
2098	57	144
5972	355	144
1618	388	144
9457	395	144
6891	535	144
9315	142	145
10031	214	145
962	374	145
7145	381	145
13893	465	145
1639	545	145
12986	4	146
8623	71	146
6077	119	146
6480	162	146
15668	70	147
3301	392	147
4227	452	147
2883	493	147
9766	69	148
9344	131	148
17830	156	148
8656	203	148
3992	234	148
16517	240	148
18329	344	148
5683	376	148
13108	586	148
1666	33	149
1691	122	149
3735	344	149
13178	384	149
14620	399	149
16642	461	149
8884	562	149
16770	45	150
2997	49	150
9966	130	150
15542	167	150
11102	280	150
9263	409	150
11810	445	150
5981	511	150
9019	542	150
11842	572	150
6371	170	151
14851	396	151
16727	447	151
5495	123	152
8056	200	152
9729	212	152
702	256	152
17733	478	152
12155	180	153
16144	191	153
3821	222	153
13988	235	153
2784	334	153
7813	346	153
13302	449	153
14982	494	153
4596	52	154
4737	154	154
5168	184	155
6078	400	155
5666	501	155
5241	125	156
8506	148	156
1857	376	156
3180	458	156
16081	551	156
1960	557	156
10718	564	156
9807	573	156
18236	8	157
15831	9	157
3174	485	157
11874	498	157
6352	563	157
4994	45	158
11802	232	158
5549	263	158
3624	280	158
14817	394	158
14719	511	158
7319	569	158
12688	161	159
5832	218	159
6494	246	159
6129	417	159
8496	460	159
14712	43	160
1719	45	160
4882	280	160
11280	285	160
6668	298	160
7063	391	160
2745	475	160
736	159	161
5210	205	161
17039	218	161
12961	472	161
7195	137	162
10065	146	162
5979	402	162
8136	133	163
2190	179	163
4696	422	163
9672	525	163
17220	529	163
4492	52	164
2680	164	164
10621	29	165
17539	117	165
7895	210	165
2066	233	165
1088	365	165
13724	406	165
2973	410	165
12686	468	165
6827	506	165
8799	13	166
7179	56	166
4923	360	166
15546	421	166
4135	461	166
1322	17	167
11207	45	167
1641	49	167
12444	58	167
7881	95	167
3375	130	167
15550	150	167
14450	280	167
17121	328	167
5025	356	167
16572	374	167
9811	409	167
5945	445	167
3920	520	167
16761	572	167
17818	576	167
11043	29	168
5654	227	168
5626	245	168
1887	283	168
2674	309	168
17850	365	168
5426	462	168
12289	543	168
11431	92	169
16150	185	169
1679	193	169
18197	211	169
13035	218	169
1111	219	169
5663	252	169
1831	275	169
12962	300	169
8405	393	169
6712	472	169
18118	506	169
17372	577	169
16548	151	170
3168	447	170
11696	409	171
1357	440	171
11960	6	172
11141	61	172
7022	62	172
11952	88	172
17157	197	172
10668	204	172
14666	215	172
11782	265	172
11353	282	172
14120	287	172
15514	292	172
14992	333	172
17182	336	172
15455	338	172
13320	411	172
6019	412	172
16925	413	172
15909	417	172
10567	460	172
5508	472	172
9618	496	172
4338	534	172
8024	548	172
6022	558	172
11094	31	173
5212	99	173
2164	317	173
2691	324	174
15528	403	174
11136	418	174
2583	426	174
9753	586	174
18054	143	175
10857	276	175
1210	317	175
3843	233	176
8489	289	176
7269	360	176
8876	421	176
7015	459	176
15004	461	176
11405	502	176
5400	536	176
14107	51	177
9496	72	177
16286	479	177
17351	26	178
1326	42	178
1063	387	178
15340	473	178
2798	476	178
14115	9	179
10632	163	179
5238	525	179
16937	563	179
17912	153	180
17531	191	180
1191	224	180
4701	346	180
18374	493	180
9846	11	181
9564	21	181
14805	81	181
15970	139	181
9296	264	181
11773	299	181
2370	457	181
2347	550	181
1552	561	181
3559	582	181
11290	309	182
15604	357	182
1236	430	182
9424	434	182
7607	509	182
8312	63	183
7173	104	183
12038	210	183
12573	221	183
11324	231	183
10572	234	183
6072	239	183
17209	324	183
13959	481	183
10667	482	183
11173	495	183
5515	583	183
14597	155	184
10337	293	184
6060	322	184
17223	400	184
11754	19	185
16502	92	185
13943	169	185
2093	193	185
16063	219	185
11107	275	185
11807	335	185
12371	352	185
6719	382	185
16108	393	185
6507	531	185
5715	577	185
17833	12	186
12615	80	186
10717	295	186
8995	532	186
13844	582	186
2505	585	186
10531	120	187
14645	196	187
14717	357	187
4920	369	187
3802	434	187
1991	556	187
10859	578	187
11027	35	188
8968	95	188
8494	132	188
694	273	188
17230	395	188
17579	426	188
8344	451	188
8580	526	188
16590	52	189
8188	189	189
14313	18	190
7100	326	190
5864	453	190
15085	477	190
1052	554	190
15573	153	191
11803	180	191
4525	222	191
13963	334	191
4215	346	191
1810	422	191
15184	449	191
15986	467	191
18238	20	192
15160	122	192
4631	125	192
13098	551	192
15582	564	192
14728	92	193
1994	169	193
17877	185	193
611	215	193
11697	246	193
11351	279	193
4879	300	193
10057	340	193
3562	354	193
11185	393	193
16132	472	193
5156	485	193
12815	490	193
18073	506	193
4753	67	194
11863	94	194
3224	221	194
6618	250	194
5645	286	194
2668	461	194
15374	573	194
4498	56	195
2468	125	195
13377	564	195
9875	118	196
7298	187	196
6279	200	196
8667	223	196
14453	318	196
17247	502	196
17202	556	196
5554	6	197
12771	37	197
14841	72	197
9300	172	197
3911	218	197
8338	292	197
1559	18	198
9682	39	198
14730	41	198
15866	228	198
7316	275	198
10329	117	199
10399	239	199
2652	247	199
12378	255	199
9756	403	199
17163	410	199
9055	426	199
8048	537	199
2361	544	199
9869	40	200
4202	70	200
5563	118	200
18443	152	200
10433	196	200
7224	318	200
7208	348	200
3761	357	200
15709	449	200
2246	556	200
900	578	200
7603	27	201
606	85	201
4592	410	201
8110	434	201
18341	446	201
6946	557	201
7602	570	202
2310	32	203
2197	34	203
9347	148	203
15327	255	203
10020	294	203
2442	409	203
17158	586	203
1339	72	204
14130	172	204
13798	282	204
6638	338	204
18347	362	204
8928	411	204
12831	473	204
5080	558	204
11545	161	205
15005	217	205
7778	265	205
7617	415	205
2537	473	205
9534	501	205
9330	530	205
8227	94	206
17180	97	206
6425	124	206
12633	304	206
14442	335	206
13418	378	206
3418	428	206
6777	488	206
6552	557	206
5739	577	206
13980	265	207
11265	473	207
1024	490	207
4088	532	207
8746	15	208
15220	22	208
4743	25	208
14732	79	208
12393	82	208
8508	85	208
14479	254	208
10549	404	208
11426	448	208
12503	464	208
2805	497	208
5410	501	208
14933	122	209
6838	312	209
14439	313	209
7485	410	209
3226	505	209
4437	539	209
14124	551	209
5483	557	209
12186	573	209
2242	41	210
12467	59	210
13376	63	210
11362	66	210
12029	165	210
13266	183	210
15292	226	210
9916	237	210
15494	257	210
9284	416	210
10286	80	211
5461	92	211
12861	169	211
3583	218	211
2544	295	211
12053	354	211
3883	485	211
2782	490	211
17311	40	212
14379	152	212
3136	318	212
12966	348	212
3589	478	212
12617	53	213
2018	134	213
10351	312	213
12168	476	213
10234	530	213
17214	23	214
6444	145	214
854	415	214
14799	465	214
12224	574	214
11228	88	215
9479	134	215
4325	172	215
18296	193	215
9451	246	215
18177	465	215
10311	472	215
1535	23	216
12255	279	216
15904	381	216
8649	545	216
10838	574	216
14445	92	217
10397	205	217
16767	530	217
3972	6	218
7694	61	218
2727	62	218
17685	95	218
1081	159	218
10688	161	218
7733	169	218
12837	197	218
6293	211	218
15397	246	218
7477	287	218
2641	292	218
12640	333	218
13969	412	218
2280	417	218
18295	460	218
17915	496	218
8690	534	218
1418	87	219
8865	169	219
10794	185	219
7918	275	219
2169	312	219
6387	533	219
1746	577	219
11805	32	220
12057	36	220
5134	112	220
12906	121	220
11647	251	220
16771	262	220
9088	324	220
2474	377	220
16489	383	220
12693	403	220
2964	580	220
12625	122	221
12579	183	221
2225	194	221
11622	344	221
15466	461	221
12055	482	221
13075	583	221
1053	78	222
18418	153	222
700	191	222
17010	224	222
7795	346	222
13181	350	222
3189	449	222
17190	456	222
10497	498	222
9438	563	222
5617	87	223
10562	124	223
3004	196	223
13541	180	224
15290	222	224
9115	238	224
5150	301	224
16948	498	224
1051	113	225
14627	127	225
10866	400	225
12883	439	225
14562	518	225
7506	5	226
6193	29	226
15000	131	226
15561	210	226
13165	233	226
18270	257	226
16410	481	226
2927	495	226
6440	33	227
13255	91	227
7365	168	227
12348	283	227
10435	315	227
16939	330	227
8226	343	227
15361	7	228
8528	198	228
15409	544	228
15492	45	229
9891	55	229
7685	280	229
4559	406	229
18008	492	229
16342	276	230
6180	304	230
8102	341	230
4205	366	230
11292	439	230
13972	521	230
3277	566	230
5358	571	230
6409	91	231
11458	120	231
7472	136	231
18396	183	231
12741	344	231
15601	399	231
2012	524	231
7834	45	232
7745	158	232
8420	263	232
14347	280	232
15892	311	232
2747	432	232
6510	511	232
14118	539	232
10465	569	232
15652	66	233
9735	112	233
7327	165	233
11242	176	233
12897	226	233
7189	267	233
9497	343	233
14748	376	233
2612	389	233
13612	459	233
12459	461	233
10387	536	233
3625	94	234
11046	148	234
17429	183	234
1628	446	234
4526	447	234
1576	453	234
9427	540	234
10960	153	235
1406	318	235
15936	346	235
17806	456	235
12177	493	235
16497	371	236
17028	447	236
2694	29	237
18447	69	237
8089	87	237
12993	98	237
9081	123	237
3368	126	237
10951	210	237
8414	257	237
18373	442	237
1496	515	237
3754	549	237
13227	556	237
6500	78	238
8206	224	238
12508	251	238
1777	402	238
12952	466	238
2500	66	239
11340	89	239
7700	131	239
17526	183	239
10787	199	239
12097	344	239
9007	416	239
16640	426	239
9959	55	240
2238	148	240
11440	418	240
11112	487	240
17629	99	241
13364	113	241
5676	133	241
11751	305	241
1518	317	241
2860	431	241
4755	466	241
6773	273	242
5618	279	242
7352	381	242
11124	559	242
11625	137	243
3874	422	243
4988	517	244
8145	531	244
8402	128	245
2911	168	245
9240	343	245
15953	434	245
3101	509	245
7096	88	246
4781	159	246
6587	193	246
8737	215	246
15705	218	246
5477	472	246
13602	41	247
3531	126	247
2624	199	247
14386	355	247
8602	462	247
12004	515	247
966	539	247
14054	52	248
15380	113	248
8915	248	248
15235	143	249
8488	317	249
7427	131	250
1058	194	250
5062	286	250
4131	344	250
6136	435	250
12208	481	250
9817	573	250
2113	78	251
1084	220	251
1395	238	251
5677	483	251
6841	92	252
10056	169	252
14475	259	252
2672	340	252
13670	352	252
11408	393	252
9492	420	252
16012	490	252
14707	533	252
2253	99	253
18077	317	253
16201	22	254
12679	25	254
18372	79	254
13867	82	254
16387	208	254
1404	404	254
14017	448	254
13289	464	254
13457	497	254
18031	37	255
4192	199	255
16152	203	255
13577	409	255
15126	582	255
2040	586	255
5604	29	256
12770	33	256
10913	59	256
3877	152	256
11074	269	256
12292	315	256
4862	418	256
17347	495	256
2100	59	257
10905	87	257
16751	123	257
9189	210	257
1601	226	257
969	237	257
11190	315	257
2385	416	257
15928	14	258
4561	291	258
7907	345	258
6315	399	258
14987	538	258
13778	552	258
3067	134	259
5209	252	259
16265	340	259
8042	530	259
9526	52	260
12420	260	260
17389	20	261
3109	95	261
4883	125	261
17762	271	261
12622	273	261
1726	324	261
16303	383	261
17670	475	261
9225	23	262
13981	65	262
8133	220	262
6344	324	262
13650	475	262
4665	574	262
15358	45	263
604	158	263
14942	232	263
17267	280	263
10595	311	263
8416	432	263
14685	511	263
13836	539	263
985	569	263
10681	21	264
15602	73	264
11360	181	264
1189	299	264
9733	332	264
9079	483	264
959	539	264
9810	561	264
6580	582	264
4089	172	265
1382	205	265
18004	207	265
9661	336	265
10574	473	265
2272	480	265
4115	66	266
1712	139	266
6365	349	266
9028	380	266
5220	447	266
18122	540	266
8128	541	266
14844	550	266
15448	553	266
18166	36	267
7720	66	267
8483	233	267
2454	403	267
4132	418	267
4276	447	267
12548	98	268
4544	315	268
5714	355	268
17197	365	268
15870	442	268
1327	515	268
10652	585	268
10193	256	269
11937	348	269
2924	562	269
17229	567	269
2862	579	269
17811	70	270
5334	318	270
10508	334	270
13339	348	270
17944	399	270
3204	456	270
18016	493	270
13931	84	271
18237	107	271
801	261	271
8570	291	271
11168	306	271
16057	342	271
5836	551	271
8480	436	272
15338	461	272
15647	484	272
10413	502	272
14064	1	273
15473	18	273
6244	35	273
9136	95	273
9801	142	273
11033	188	273
10378	242	273
3929	261	273
16945	526	273
17791	2	274
16129	425	274
13212	510	274
9819	558	274
12626	87	275
3542	169	275
15416	185	275
5341	198	275
2630	219	275
13482	382	275
3237	413	275
10034	533	275
4601	577	275
3335	581	275
16920	99	276
2138	143	276
9379	175	276
10509	230	276
7105	305	276
10686	317	276
4864	327	276
14269	68	277
6555	72	277
7184	352	277
4511	548	277
10513	409	278
9270	522	278
12005	193	279
1001	216	279
5876	242	279
10230	381	279
14482	545	279
18169	559	279
10228	45	280
2487	49	280
15874	150	280
5811	158	280
2292	160	280
6659	167	280
6797	229	280
2814	232	280
5289	263	280
5399	290	280
7618	311	280
6729	328	280
3635	394	280
9686	409	280
10495	432	280
9767	445	280
1114	475	280
16742	487	280
783	492	280
17374	511	280
10696	569	280
12838	572	280
1772	576	280
17658	441	281
2664	504	281
14044	511	281
9342	72	282
16288	172	282
2295	204	282
4546	338	282
4296	473	282
722	558	282
4430	33	283
724	122	283
16675	168	283
8905	227	283
4220	315	283
6231	462	283
4108	515	283
5564	105	284
12684	110	284
5592	120	284
6245	405	284
16452	478	284
2158	502	284
6322	503	284
11169	538	284
5284	547	284
16941	55	285
9233	160	285
17970	298	285
9950	458	285
2963	5	286
18176	89	286
5274	194	286
11678	250	286
13962	421	286
8477	461	286
1455	6	287
16892	72	287
9665	172	287
3572	218	287
13117	292	287
3407	417	287
2575	460	287
11377	137	288
14216	323	288
10246	422	288
1895	449	288
13192	85	289
4181	176	289
3999	294	289
14801	360	289
9720	409	289
11653	45	290
10967	73	290
17147	280	290
5690	311	290
14433	14	291
16730	107	291
5425	258	291
5102	271	291
8025	306	291
11414	454	291
1426	538	291
1587	579	291
14690	6	292
16064	37	292
4957	61	292
10009	62	292
2400	72	292
8456	172	292
10147	197	292
5966	218	292
12766	287	292
10958	333	292
15745	412	292
5664	417	292
4340	460	292
12390	496	292
5770	534	292
10715	38	293
9926	184	293
10173	302	293
14036	322	293
7572	555	293
10110	560	293
17309	203	294
3815	289	294
13477	409	294
1067	467	294
7797	468	294
18140	502	294
10944	12	295
3856	80	295
9945	186	295
16535	211	295
1793	382	295
10878	485	295
11780	490	295
17480	532	295
6437	582	295
11753	585	295
7524	77	296
12726	408	296
5582	143	297
1038	317	297
10062	363	297
4398	370	297
5611	401	297
16762	566	297
13463	1	298
12767	142	298
1996	160	298
17410	285	298
10191	390	298
2859	391	298
12668	475	298
12389	21	299
12606	27	299
13804	57	299
11881	181	299
5211	264	299
10768	349	299
4774	539	299
9948	23	300
18107	169	300
8904	193	300
8531	354	300
4513	559	300
14658	8	301
1336	119	301
2386	224	301
12118	449	301
7699	452	301
13627	47	302
2390	293	302
17365	351	302
15991	510	302
6023	570	303
9700	124	304
18325	206	304
8991	230	304
5728	491	304
6892	52	305
8666	113	305
13403	241	305
17500	276	305
16322	305	305
17250	40	306
5208	76	306
4769	107	306
11781	271	306
9318	291	306
16245	478	306
11878	59	307
15036	309	307
8250	578	307
16436	419	308
8286	104	309
17203	107	309
1901	168	309
5264	182	309
15318	307	309
8261	399	309
11370	452	309
2771	44	310
12938	45	311
14314	232	311
7766	263	311
5194	280	311
766	290	311
951	569	311
2312	209	312
18340	213	312
17824	219	312
3731	354	312
17011	393	312
7018	490	312
11809	76	313
11030	209	313
6241	330	313
13611	358	313
15032	368	313
18299	369	313
14050	457	313
13841	537	313
3485	31	314
6987	433	314
6907	33	315
14944	41	315
10469	227	315
4590	256	315
3331	257	315
10393	268	315
11003	283	315
8170	365	315
3257	481	315
15185	495	315
656	515	315
17461	46	316
12475	409	316
12514	469	316
10098	60	317
13244	106	317
5827	115	317
2068	173	317
6174	175	317
13202	241	317
2823	249	317
13367	253	317
4630	276	317
6421	297	317
9065	331	317
1536	347	317
17519	370	317
5992	565	317
12534	568	317
15733	28	318
15278	118	318
3488	196	318
15770	200	318
16404	212	318
18235	235	318
13763	270	318
2512	348	318
5916	502	318
10842	3	319
10807	103	319
1419	133	319
7886	408	319
18413	488	319
9743	501	319
11231	46	320
11674	409	320
3850	75	321
10243	120	321
5132	502	321
14097	567	321
742	184	322
1649	293	322
8218	570	322
4305	288	323
4767	334	323
3213	422	323
16299	111	324
2209	125	324
10371	174	324
11108	183	324
11692	220	324
15020	261	324
16558	262	324
10345	342	324
6097	403	324
5910	418	324
10105	426	324
15091	450	324
16670	455	324
12972	541	324
6397	551	324
16693	335	325
3477	533	325
2885	581	325
10919	18	326
12033	190	326
13021	453	326
7769	52	327
17663	276	327
1756	327	327
9925	17	328
3854	49	328
8336	167	328
13779	280	328
16446	374	328
8093	520	328
7085	349	329
1266	504	329
2535	511	329
15906	33	330
11603	87	330
17580	227	330
9147	313	330
5255	367	330
7180	457	330
3014	99	331
3031	317	331
12814	84	332
14310	264	332
2756	340	332
9662	395	332
13173	505	332
5774	6	333
15099	72	333
16989	172	333
9951	218	333
13735	292	333
7889	412	333
9084	119	334
11006	153	334
7623	191	334
5784	270	334
12439	323	334
18326	74	335
7901	185	335
9478	206	335
12301	325	335
4356	517	335
12552	531	335
15872	533	335
9056	138	336
5261	172	336
15487	265	336
16068	444	336
10847	473	336
9627	548	336
964	24	337
7073	42	337
18431	72	338
7176	172	338
3576	204	338
7494	282	338
17807	473	338
780	558	338
3013	15	339
5139	42	339
17342	83	339
9684	372	339
11396	193	340
16798	252	340
6331	259	340
18433	332	340
6567	393	340
16428	415	340
13009	444	340
12978	530	340
5258	230	341
3398	53	342
2229	125	342
591	271	342
3452	324	342
9890	344	342
8624	380	342
8868	391	342
2861	447	342
7903	450	342
5022	455	342
2230	475	342
12087	29	343
15863	128	343
15214	227	343
825	233	343
16054	245	343
12845	434	343
7171	556	343
16835	53	344
10687	54	344
15100	56	344
713	67	344
15924	74	344
9800	89	344
4714	91	344
12040	104	344
12063	109	344
3794	125	344
5480	136	344
9321	148	344
16794	149	344
3490	221	344
8588	231	344
7394	239	344
6958	250	344
15895	342	344
3755	376	344
11305	380	344
7892	384	344
1150	391	344
3620	435	344
18024	443	344
992	450	344
8303	455	344
4909	461	344
13288	482	344
3507	524	344
15339	562	344
13424	583	344
9668	107	345
9058	258	345
11153	399	345
11084	153	346
15841	180	346
3548	191	346
6529	222	346
3246	235	346
5481	449	346
8266	467	346
17881	494	346
16388	502	346
9168	317	347
790	472	347
5531	580	347
10386	70	348
3996	118	348
6900	200	348
1665	212	348
14198	269	348
15328	270	348
16491	318	348
11569	552	348
10861	58	349
7574	266	349
1899	299	349
8579	329	349
6020	383	349
2531	463	349
11453	504	349
4157	511	349
18050	535	349
10735	8	350
10107	78	350
14308	113	350
3658	222	350
14921	400	350
17373	402	350
5904	490	350
15913	302	351
15838	185	352
1390	252	352
13559	277	352
14550	505	352
14607	531	352
5387	557	352
1523	52	353
1237	353	353
9738	20	354
9272	193	354
8542	211	354
13504	300	354
5113	312	354
14578	485	354
4039	561	354
10642	2	355
17746	34	355
10258	37	355
16946	116	355
18207	126	355
10558	144	355
8301	247	355
1048	268	355
14704	388	355
1169	442	355
3018	462	355
8159	495	355
17891	515	355
14716	558	355
10175	17	356
16888	45	356
12902	130	356
12119	167	356
613	90	357
2872	105	357
971	107	357
9614	120	357
1160	128	357
1442	182	357
8224	187	357
11062	200	357
15603	430	357
9062	456	357
6434	484	357
14146	502	357
6540	509	357
11661	524	357
15457	536	357
10333	547	357
18205	578	357
17550	33	358
7374	104	358
7339	313	358
17852	399	358
4109	579	358
5538	499	359
17398	546	359
17119	5	360
750	166	360
17303	176	360
3968	289	360
3041	447	360
12133	461	360
9655	502	360
3860	536	360
5584	66	361
13862	111	361
5017	377	361
15488	403	361
13360	426	361
12992	458	361
10423	34	362
4969	68	362
11667	72	362
18225	114	362
5754	204	362
1381	558	362
1672	297	363
10845	35	364
5355	445	364
2384	468	364
9781	483	364
12492	561	364
7282	7	365
12351	8	365
3376	29	365
1144	33	365
11534	41	365
16658	165	365
13209	168	365
7584	268	365
9694	315	365
4380	515	365
17164	543	365
16060	544	365
5438	115	366
11235	124	366
4052	143	366
14860	230	366
16070	378	366
10485	566	366
6389	75	367
3234	87	367
17544	90	367
3125	330	367
10384	405	367
18476	4	368
718	140	368
596	313	368
4947	379	368
5780	514	368
9137	2	369
6870	21	369
4604	187	369
15929	313	369
4231	462	369
9631	297	370
10082	317	370
10677	236	371
15330	447	371
3366	15	372
10557	42	372
2123	83	372
1583	339	372
8384	101	373
7846	68	374
18165	145	374
10083	167	374
2763	328	374
14709	381	374
5844	409	374
2651	545	374
17409	52	375
16750	375	375
11476	11	376
8403	56	376
9237	148	376
6498	156	376
5514	233	376
13996	344	376
837	55	377
6748	220	377
8238	361	377
2897	47	378
13226	206	378
1467	366	378
13668	433	378
17845	10	379
2376	368	379
2080	449	379
3449	89	380
18115	266	380
8130	342	380
9351	344	380
14787	396	380
4566	447	380
3476	553	380
14190	23	381
15288	145	381
7740	216	381
12577	242	381
12593	279	381
15926	374	381
12070	409	381
15337	427	381
3690	500	381
14209	526	381
1940	545	381
13620	559	381
2309	580	381
6620	9	382
2369	80	382
7441	185	382
2455	275	382
2099	295	382
1578	397	382
4031	490	382
14819	525	382
2775	532	382
3439	65	383
8214	95	383
1042	125	383
9970	220	383
17239	261	383
3039	349	383
12237	475	383
948	511	383
16554	541	383
5487	33	384
7011	122	384
5655	149	384
7164	344	384
13469	399	384
13591	461	384
8589	2	385
1850	388	385
17706	429	385
9512	75	386
10786	120	386
10684	436	386
15934	461	386
10097	26	387
12047	178	387
9612	30	388
2262	63	388
5900	72	388
2456	144	388
13749	355	388
17160	385	388
10940	29	389
7555	233	389
5528	434	389
12749	556	389
12599	21	390
15496	30	390
6774	35	390
12921	48	390
5608	55	390
9499	298	390
12569	457	390
16032	551	390
8199	561	390
10030	160	391
9265	298	391
3543	342	391
15889	344	391
6700	403	391
16047	450	391
6001	458	391
4773	573	391
7027	4	392
5627	119	392
2886	147	392
12734	514	392
9868	84	393
10171	92	393
2078	169	393
14458	185	393
13466	193	393
2640	252	393
1403	312	393
10889	340	393
17079	490	393
3923	45	394
2606	73	394
18100	158	394
12163	280	394
6522	511	394
11618	48	395
15055	144	395
685	188	395
17764	332	395
9673	410	395
16506	422	395
3114	451	395
1604	494	395
12455	580	395
13018	151	396
1612	380	396
2633	447	396
12785	9	397
9821	84	397
18452	131	397
8006	382	397
18409	532	397
13189	90	398
2427	461	398
6432	502	398
10678	567	398
10132	75	399
1240	91	399
11918	104	399
15990	120	399
1220	136	399
9703	149	399
6121	231	399
18416	258	399
1254	270	399
10180	309	399
11592	345	399
7396	358	399
11037	384	399
14034	524	399
7187	562	399
16918	579	399
9634	155	400
4524	184	400
9639	225	400
4343	350	400
7996	428	400
9770	439	400
5630	491	400
16564	297	401
6676	71	402
3762	108	402
2181	119	402
12862	162	402
5188	238	402
15508	350	402
17921	55	403
14575	66	403
8408	111	403
11193	131	403
16648	174	403
2817	199	403
17420	220	403
4824	267	403
15786	324	403
7875	361	403
2024	391	403
5612	458	403
2634	580	403
5449	22	404
9490	79	404
2526	208	404
12341	254	404
14343	16	405
17906	87	405
1025	100	405
6950	284	405
5809	367	405
5232	165	406
3552	229	406
16302	411	406
13930	474	406
9543	99	407
5040	3	408
4807	96	408
11650	103	408
13764	296	408
6804	319	408
4130	45	409
940	46	409
15828	49	409
7877	72	409
6052	130	409
13585	150	409
18145	167	409
7433	171	409
11466	203	409
13036	255	409
9391	278	409
13296	280	409
9016	289	409
2316	294	409
13258	316	409
7419	320	409
2532	374	409
11922	381	409
11487	427	409
14616	440	409
3016	445	409
15670	469	409
8442	500	409
14288	522	409
8639	572	409
12073	14	410
3461	85	410
14811	117	410
7147	120	410
1767	165	410
1864	199	410
14109	201	410
6556	209	410
11844	395	410
12702	436	410
3406	446	410
14798	506	410
3374	523	410
1966	34	411
9780	72	411
11278	133	411
17743	172	411
13796	204	411
10280	406	411
7940	473	411
4745	6	412
6179	72	412
18479	172	412
8708	218	412
12219	292	412
17691	333	412
3036	86	413
2755	138	413
12387	172	413
18313	275	413
8895	501	413
18327	531	413
13284	540	413
14747	548	413
3835	581	413
15222	8	414
2466	140	414
8586	462	414
10493	498	414
11218	205	415
14518	214	415
10811	340	415
6021	444	415
1995	63	416
15410	69	416
7817	210	416
18370	239	416
6108	257	416
4478	442	416
11988	6	417
17404	72	417
4716	159	417
10777	172	417
7400	218	417
1017	287	417
17744	292	417
16688	460	417
12369	36	418
14534	74	418
10587	112	418
2925	121	418
10918	174	418
6616	240	418
11166	256	418
15680	267	418
10576	324	418
3414	586	418
2194	93	419
6353	308	419
16518	252	420
12095	13	421
7064	166	421
8811	176	421
8164	286	421
9848	461	421
18086	78	422
11416	163	422
9219	191	422
17537	243	422
17874	288	422
1529	323	422
15907	395	422
8954	494	422
6708	10	423
13832	50	423
12956	71	423
1590	93	423
2179	431	423
5845	489	423
4956	72	424
17440	135	424
4895	479	424
17810	274	425
17484	546	425
1821	32	426
5235	121	426
9285	132	426
12148	174	426
13037	188	426
17752	199	426
13306	239	426
10067	324	426
13160	361	426
11219	495	426
14964	551	426
1898	381	427
2561	409	427
12568	500	427
16595	559	427
16556	19	428
17951	206	428
3028	400	428
5097	490	428
5006	491	428
12916	518	428
1819	563	428
14156	566	428
10033	101	429
10992	385	429
7818	546	429
15654	105	430
12894	110	430
9991	182	430
5881	357	430
8035	484	430
9918	509	430
7216	547	430
806	578	430
11694	10	431
11562	241	431
7975	423	431
15516	45	432
13285	232	432
3466	263	432
4448	280	432
1320	492	432
6740	511	432
3964	569	432
1591	132	433
5056	314	433
8789	378	433
11894	491	433
17569	518	433
6822	566	433
9974	110	434
13114	182	434
3178	187	434
11318	201	434
11916	245	434
10134	343	434
3132	389	434
12308	498	434
6262	502	434
16611	509	434
1683	523	434
12112	556	434
10749	89	435
11695	250	435
11503	344	435
15527	443	435
13734	120	436
2405	272	436
15148	386	436
15440	410	436
8454	461	436
14515	18	437
14889	68	437
14397	485	437
15977	582	437
11093	585	437
5381	15	438
14254	527	438
17104	584	438
3026	143	439
14821	225	439
3600	230	439
16959	400	439
13740	171	440
15273	409	440
14256	43	441
13007	281	441
14544	511	441
9035	98	442
3818	237	442
15767	268	442
6197	355	442
5490	416	442
11847	477	442
11411	554	442
6210	109	443
10802	344	443
11626	435	443
2346	336	444
10273	340	444
9923	415	444
7053	530	444
6990	45	445
3510	49	445
14478	58	445
14857	130	445
1786	150	445
3037	167	445
8885	280	445
13940	364	445
1458	409	445
614	511	445
1824	542	445
1157	572	445
10341	30	446
15460	85	446
4967	201	446
1056	234	446
10222	410	446
1570	540	446
14988	54	447
11767	56	447
7138	57	447
17345	81	447
15343	139	447
1437	151	447
11664	170	447
11546	234	447
17088	236	447
8562	266	447
16616	267	447
10948	342	447
13038	360	447
11852	371	447
13784	380	447
2890	396	447
2882	450	447
3643	455	447
11053	461	447
15976	511	447
16550	540	447
2810	550	447
10293	553	447
5340	25	448
5891	208	448
14402	254	448
14490	464	448
3521	153	449
13324	191	449
4934	200	449
1086	222	449
15660	288	449
14771	301	449
4794	346	449
16747	379	449
1843	529	449
10982	54	450
2180	65	450
9758	67	450
16434	74	450
9230	111	450
14242	125	450
16940	324	450
4505	342	450
11010	344	450
3437	391	450
6887	447	450
4051	455	450
16515	475	450
14170	541	450
9685	188	451
3991	395	451
4018	491	451
5534	559	451
18465	580	451
2218	7	452
18368	70	452
13079	108	452
15163	147	452
8283	301	452
12081	309	452
9607	454	452
16566	18	453
2101	28	453
9003	190	453
4020	234	453
1926	326	453
17916	477	453
12020	537	453
10437	554	453
10707	582	453
11508	108	454
11872	291	454
8161	452	454
6776	125	455
10330	324	455
5008	342	455
11442	344	455
11069	447	455
6715	450	455
5524	475	455
15833	28	456
11110	100	456
13428	118	456
5031	222	456
8999	235	456
16464	270	456
4666	357	456
13792	21	457
6881	48	457
5717	102	457
7938	181	457
11734	313	457
11655	330	457
13700	390	457
4734	483	457
14929	551	457
9906	561	457
14935	156	458
11670	285	458
7525	361	458
601	391	458
7267	403	458
15106	551	458
3457	573	458
9140	176	459
13080	233	459
14502	461	459
9698	536	459
8958	583	459
12337	6	460
8163	72	460
13613	159	460
17219	172	460
14279	218	460
12414	287	460
7594	292	460
12947	417	460
7879	5	461
6491	75	461
11588	91	461
10160	94	461
10515	104	461
17063	136	461
4746	149	461
2337	166	461
8762	176	461
8092	194	461
12357	221	461
10439	233	461
8111	272	461
6032	286	461
6457	344	461
12138	360	461
1829	384	461
5321	386	461
5925	398	461
13005	421	461
13555	436	461
10731	447	461
4100	459	461
11679	482	461
10981	484	461
8358	523	461
2297	536	461
11118	562	461
1937	567	461
2673	579	461
15554	583	461
14897	2	462
3064	7	462
3456	168	462
18385	247	462
12458	283	462
791	355	462
7638	369	462
18151	414	462
2553	543	462
14122	65	463
14776	95	463
8295	129	463
3307	349	463
10323	511	463
2536	535	463
16492	25	464
15963	208	464
10909	254	464
897	448	464
17993	68	465
11672	145	465
15800	214	465
12847	215	465
4700	574	465
4328	60	466
5646	238	466
16871	241	466
11332	191	467
4576	294	467
1589	346	467
17325	504	467
918	35	468
12171	165	468
5446	294	468
4333	364	468
9449	526	468
7925	537	468
7773	562	468
7140	316	469
10897	409	469
16692	570	470
3675	52	471
7239	471	471
12750	161	472
9212	169	472
16096	172	472
2092	193	472
11729	215	472
9799	246	472
16664	347	472
7152	15	473
9105	42	473
4373	178	473
13298	204	473
9113	205	473
15967	207	473
11634	265	473
6944	282	473
10770	336	473
13513	338	473
2646	411	473
14316	476	473
6876	501	473
3927	42	474
4536	406	474
4703	1	475
18009	45	475
4285	49	475
1453	54	475
8910	65	475
17427	121	475
3295	129	475
5906	160	475
2893	261	475
14169	262	475
14667	280	475
10401	298	475
15574	342	475
1738	383	475
14172	450	475
16884	455	475
13175	526	475
14076	133	476
10344	178	476
10502	213	476
6171	473	476
5671	12	477
10004	28	477
16717	190	477
11644	442	477
15123	453	477
16385	485	477
15615	558	477
11177	105	478
18387	152	478
11873	212	478
1338	284	478
14529	306	478
16741	538	478
5840	547	478
1775	72	479
8906	177	479
9550	424	479
1713	265	480
12896	501	480
6615	5	481
9051	183	481
18160	226	481
13041	250	481
15616	315	481
5177	536	481
2157	583	481
13794	122	482
9711	183	482
16330	221	482
13761	344	482
16618	461	482
7066	505	482
1018	583	482
12000	48	483
706	251	483
709	264	483
9030	364	483
594	457	483
13639	561	483
3149	272	484
9350	357	484
3798	430	484
11223	461	484
4655	523	484
4678	9	485
829	12	485
4484	18	485
11932	39	485
13762	157	485
4997	193	485
6525	211	485
11304	295	485
17096	354	485
12456	437	485
18338	477	485
7405	490	485
13053	498	485
14003	563	485
5716	585	485
8062	504	486
3892	511	486
12660	36	487
13447	45	487
5894	74	487
8208	112	487
9162	240	487
3978	280	487
2627	511	487
4915	206	488
16850	319	488
8534	570	488
14018	52	489
7771	423	489
14989	489	489
9200	35	490
6784	80	490
12421	92	490
16864	193	490
13300	207	490
1057	211	490
12913	252	490
3517	295	490
15462	312	490
4583	350	490
14038	382	490
8046	393	490
883	428	490
4226	485	490
17064	532	490
8748	19	491
1449	304	491
13532	400	491
8543	428	491
16167	433	491
14636	451	491
18092	577	491
1542	45	492
6368	229	492
13957	280	492
9586	432	492
2392	511	492
13615	70	493
9274	147	493
655	180	493
6255	235	493
16160	270	493
4684	153	494
12516	346	494
1997	395	494
18439	422	494
13116	513	494
12007	183	495
18331	226	495
3421	256	495
14448	315	495
13647	355	495
7960	426	495
14446	515	495
17284	586	495
15345	6	496
16458	62	496
12701	72	496
15379	172	496
4365	218	496
1133	292	496
1100	534	496
5111	82	497
6312	208	497
3981	254	497
7836	157	498
4822	222	498
5389	224	498
13516	414	498
9839	434	498
5182	485	498
757	359	499
16493	546	499
13059	49	500
18084	381	500
10140	409	500
1909	427	500
6268	38	501
9549	155	501
10226	205	501
1573	208	501
11815	319	501
2019	413	501
13268	473	501
6296	480	501
6975	28	502
6329	110	502
13618	120	502
12859	128	502
8638	176	502
6124	196	502
6572	272	502
13358	284	502
3741	294	502
16281	318	502
6501	321	502
15626	346	502
977	357	502
13194	360	502
14638	398	502
10837	434	502
15708	503	502
10253	567	502
15975	110	503
9100	128	503
1206	284	503
13970	502	503
9678	281	504
10843	329	504
7985	349	504
3473	467	504
1920	486	504
12404	511	504
9653	85	505
16405	94	505
9917	117	505
2831	209	505
9864	332	505
15029	352	505
12241	482	505
7957	85	506
7345	117	506
8532	165	506
17452	169	506
5325	193	506
6947	410	506
9235	15	507
2121	42	507
1137	64	507
9175	10	508
13401	93	508
9322	182	509
9874	245	509
4698	357	509
6662	430	509
15385	434	509
5000	274	510
15608	302	510
13703	36	511
10219	43	511
2972	45	511
5382	65	511
5892	129	511
15253	150	511
15195	158	511
11322	232	511
10297	263	511
8181	280	511
14875	281	511
13051	329	511
11856	349	511
4954	383	511
3855	394	511
16318	432	511
12113	441	511
9993	445	511
1547	447	511
9407	463	511
12422	486	511
3263	487	511
14032	492	511
1876	504	511
7811	512	511
15717	542	511
7521	569	511
14840	572	511
4713	20	512
12332	35	512
15848	65	512
12314	129	512
11273	511	512
5141	78	513
18010	494	513
5074	368	514
17709	392	514
4984	41	515
13033	69	515
7043	237	515
11142	247	515
8774	268	515
4311	283	515
5523	315	515
15706	355	515
10342	365	515
16113	495	515
10914	42	516
7540	575	516
3133	86	517
1307	244	517
1598	335	517
8462	531	517
8545	78	518
3446	127	518
1737	225	518
13521	428	518
14273	433	518
6960	588	518
15957	546	519
9029	49	520
16702	142	520
12151	167	520
12037	328	520
10078	10	521
2493	230	521
12306	278	522
4252	409	522
3334	90	523
15154	410	523
2828	434	523
8247	461	523
3460	484	523
9739	33	524
12496	104	524
17314	107	524
11770	231	524
14828	344	524
8378	357	524
17765	399	524
3019	39	525
12107	163	525
11481	179	525
15628	382	525
13624	577	525
5649	1	526
11936	35	526
12080	49	526
14222	65	526
1526	95	526
3435	142	526
16225	188	526
12423	273	526
16191	381	526
11036	468	526
659	475	526
1611	542	526
10985	15	527
2072	438	527
16371	584	527
4935	580	528
8484	9	529
8037	39	529
954	163	529
7130	449	529
16172	205	530
8332	213	530
9090	217	530
13617	259	530
5749	340	530
15822	444	530
1245	84	531
8427	185	531
15715	244	531
845	335	531
8397	352	531
18263	413	531
3241	517	531
8622	12	532
3939	59	532
16974	80	532
12541	186	532
10980	207	532
4428	295	532
16701	382	532
12429	397	532
9643	490	532
15157	87	533
14553	219	533
10324	252	533
3580	275	533
8242	325	533
2767	335	533
16555	577	533
18435	6	534
5427	61	534
10496	62	534
4625	72	534
1178	172	534
8423	218	534
9383	292	534
3108	496	534
14853	27	535
15677	30	535
14333	144	535
7265	349	535
5073	463	535
4152	5	536
11002	176	536
6004	233	536
3791	357	536
13415	360	536
5842	459	536
16382	461	536
16130	481	536
8189	18	537
11115	199	537
1897	313	537
10541	453	537
10972	468	537
10950	561	537
9418	14	538
3612	258	538
5504	284	538
7054	291	538
3593	478	538
13034	579	538
12802	13	539
8087	27	539
7196	57	539
5173	209	539
2496	232	539
16312	247	539
2163	263	539
16808	264	539
853	299	539
8979	569	539
6868	94	540
5568	234	540
15969	266	540
4697	413	540
14823	446	540
10111	447	540
5793	546	540
7232	125	541
13561	266	541
12733	324	541
1678	383	541
6419	450	541
3799	564	541
2892	95	542
11138	150	542
876	445	542
6165	511	542
7829	526	542
12674	572	542
5007	29	543
18474	168	543
17012	365	543
13003	462	543
7588	544	543
2294	549	543
12350	556	543
9785	29	544
16238	41	544
3743	199	544
15446	228	544
17042	365	544
8844	543	544
8695	49	545
3035	142	545
10577	145	545
17502	216	545
7977	279	545
13766	374	545
5909	381	545
17982	548	545
16740	101	546
10285	359	546
2498	425	546
15538	429	546
16041	499	546
3535	519	546
6003	540	546
14617	105	547
3086	118	547
1884	128	547
16034	284	547
15239	357	547
14963	430	547
10892	478	547
14434	23	548
6137	68	548
15707	72	548
5036	172	548
2325	277	548
14916	336	548
8264	413	548
10318	545	548
11468	12	549
12602	41	549
675	69	549
5687	123	549
9635	126	549
16760	237	549
14782	543	549
8074	16	550
13998	81	550
15451	139	550
15517	181	550
5648	266	550
749	447	550
15283	156	551
10447	192	551
18179	209	551
6964	271	551
10301	324	551
10236	390	551
4837	426	551
4324	457	551
10075	458	551
5363	573	551
9333	70	552
9702	118	552
16580	258	552
16083	348	552
1323	54	553
5673	266	553
15778	380	553
8342	447	553
3216	27	554
676	69	554
16411	98	554
17171	123	554
5870	190	554
3814	442	554
15777	453	554
8903	293	555
2773	29	556
4462	123	556
3940	187	556
1785	196	556
4469	200	556
11514	237	556
16258	343	556
2306	389	556
4117	434	556
4579	543	556
14294	94	557
17975	156	557
7508	201	557
10088	206	557
16420	209	557
7999	352	557
6890	2	558
5016	172	558
16077	204	558
10708	274	558
12126	282	558
6579	338	558
8446	355	558
5801	362	558
14831	477	558
8280	35	559
12560	58	559
2613	92	559
13245	95	559
14796	132	559
1923	242	559
11163	279	559
3044	300	559
3540	381	559
17382	427	559
8985	451	559
1894	293	560
10631	1	561
9262	18	561
8116	20	561
9482	21	561
1211	48	561
15665	181	561
5338	264	561
15208	354	561
9633	364	561
10598	390	561
9805	457	561
1165	483	561
13011	537	561
2863	33	562
14764	149	562
2353	269	562
7971	344	562
8176	399	562
9681	461	562
3689	468	562
4044	9	563
15109	39	563
16846	157	563
5757	179	563
17540	222	563
9963	428	563
7908	485	563
14567	67	564
14244	125	564
4628	156	564
15845	192	564
9232	195	564
17787	541	564
2207	99	565
13900	317	565
4099	230	566
12452	297	566
13127	366	566
14512	428	566
3852	433	566
18294	269	567
18436	321	567
1275	398	567
10865	461	567
1812	502	567
9106	317	568
11683	45	569
3207	158	569
14533	232	569
7661	263	569
15562	280	569
8132	311	569
17688	432	569
17804	511	569
1036	539	569
15699	202	570
5778	303	570
16975	322	570
16915	470	570
8371	488	570
1637	587	570
15198	143	571
14852	230	571
8741	45	572
2222	49	572
17928	130	572
6064	150	572
11296	167	572
18444	280	572
15031	409	572
17436	445	572
17763	511	572
12852	542	572
15643	11	573
1392	33	573
4422	122	573
15718	156	573
3541	194	573
17595	209	573
9828	250	573
11548	391	573
7966	458	573
12670	551	573
1346	23	574
4266	214	574
4587	216	574
4529	262	574
12336	465	574
16099	42	575
13329	516	575
1539	17	576
11501	45	576
12403	49	576
11167	167	576
17386	280	576
4246	87	577
18353	169	577
5105	185	577
14226	206	577
8245	219	577
8337	275	577
14772	491	577
5478	525	577
13819	533	577
14971	187	578
16183	200	578
2219	307	578
11470	357	578
12370	430	578
12157	33	579
10023	107	579
2877	269	579
15522	291	579
9769	358	579
9865	399	579
7630	461	579
4965	538	579
12783	121	580
2603	132	580
804	220	580
15883	347	580
13392	381	580
14705	395	580
1855	403	580
2319	451	580
11254	528	580
1424	275	581
8533	325	581
6029	413	581
10425	58	582
11336	181	582
18065	186	582
16321	255	582
925	264	582
7622	295	582
9385	437	582
9893	453	582
5159	585	582
2649	5	583
14815	183	583
3547	221	583
15453	344	583
3043	459	583
2106	461	583
7041	481	583
15298	482	583
9294	15	584
12376	438	584
14483	527	584
5765	37	585
15401	186	585
9825	268	585
2721	295	585
18362	437	585
3790	485	585
17838	582	585
6908	63	586
6323	94	586
9809	148	586
2587	174	586
16473	203	586
11410	255	586
2144	418	586
18017	495	586
1127	133	587
10907	570	587
12115	99	588
8840	518	588
