2995	55	1
13152	65	1
817	121	1
9681	298	1
13096	475	1
7139	526	1
11682	41	2
12503	87	2
8153	102	2
6097	116	2
5723	126	2
15465	247	2
10773	274	2
9943	355	2
5198	369	2
6806	385	2
11382	462	2
17603	558	2
5103	103	3
18213	408	3
7485	108	4
14981	146	4
13913	368	4
10384	392	4
3199	226	5
6199	286	5
13816	360	5
9203	386	5
767	461	5
1347	481	5
15971	536	5
15021	583	5
7184	72	6
14920	172	6
4161	197	6
11763	218	6
4192	287	6
7935	292	6
12331	333	6
15625	412	6
17477	8	7
8097	228	7
15228	365	7
7123	452	7
5089	462	7
13215	7	8
2830	157	8
2778	186	8
4358	301	8
12493	350	8
4755	414	8
9696	39	9
10712	123	9
18340	157	9
6899	179	9
2464	346	9
14232	382	9
5458	397	9
4509	485	9
16783	498	9
16274	529	9
9134	563	9
590	378	10
12697	379	10
10053	431	10
16311	508	10
1079	521	10
4199	59	11
13009	116	11
17245	181	11
12092	376	11
6270	573	11
6122	18	12
8489	295	12
8866	477	12
9171	532	12
4569	549	12
8501	57	13
7623	84	13
15531	99	13
15146	144	13
14315	421	13
4571	539	13
15845	69	14
17694	84	14
2356	94	14
13085	258	14
12218	291	14
2144	332	14
17528	410	14
3654	538	14
17760	42	15
10632	62	15
1518	64	15
7569	83	15
5437	208	15
14819	339	15
13946	372	15
8488	438	15
16739	474	15
6905	496	15
16921	507	15
8555	527	15
8368	584	15
6553	139	16
9893	255	16
3938	405	16
4858	550	16
16646	45	17
7296	167	17
13312	328	17
2658	356	17
8551	576	17
15365	12	18
14796	21	18
1536	35	18
17519	190	18
7226	198	18
14130	326	18
11839	437	18
9578	453	18
3787	485	18
10591	537	18
12362	561	18
14242	185	19
11750	219	19
17556	428	19
12191	491	19
14272	21	20
8335	27	20
7418	48	20
14043	192	20
18219	261	20
7369	354	20
2159	390	20
17005	512	20
1339	18	21
1001	20	21
17190	27	21
5369	48	21
12954	102	21
5594	116	21
3288	181	21
13482	264	21
1661	299	21
16068	369	21
2884	457	21
3027	483	21
16834	561	21
13074	208	22
6694	214	23
7711	216	23
5290	262	23
9388	300	23
4914	381	23
13025	548	23
3862	574	23
3078	42	24
10306	208	25
9390	178	26
13552	20	27
5361	21	27
3264	165	27
8212	201	27
8663	203	27
7956	299	27
17370	539	27
17995	554	27
16466	100	28
4084	318	28
4282	453	28
5520	456	28
10857	477	28
1311	502	28
17314	87	29
13052	98	29
9457	123	29
11525	165	29
9252	168	29
6164	210	29
11133	226	29
15131	237	29
17059	245	29
6703	343	29
13130	365	29
12920	389	29
9336	543	29
3857	556	29
15282	117	30
7448	199	30
4001	285	30
9931	388	30
9600	390	30
5317	446	30
14602	535	30
4281	143	31
13270	173	31
6294	314	31
4837	521	31
6433	34	32
12436	117	32
3248	203	32
11267	220	32
1659	426	32
7359	91	33
13677	104	33
9338	136	33
2877	149	33
699	227	33
11565	231	33
11420	256	33
2265	283	33
2243	291	33
15774	315	33
15343	330	33
18060	358	33
11524	365	33
7408	384	33
15087	524	33
8740	562	33
11563	573	33
1953	579	33
16373	32	34
3449	116	34
14600	362	34
7327	411	34
6095	18	35
1630	48	35
3284	58	35
17429	132	35
4309	188	35
13037	242	35
2973	273	35
9768	364	35
14385	390	35
15004	395	35
7314	468	35
8942	490	35
13228	512	35
9533	112	36
8557	220	36
908	418	36
3159	487	36
10714	511	36
7206	72	37
9464	255	37
13745	355	37
4988	585	37
11767	124	38
10750	184	38
8936	230	38
2364	473	38
8662	501	38
7277	9	39
12067	198	39
13406	525	39
7950	529	39
11450	563	39
14548	140	40
5660	152	40
5944	212	40
6075	306	40
12804	348	40
8168	462	40
2522	478	40
7249	2	41
4285	80	41
2031	183	41
14212	198	41
7208	247	41
6313	268	41
11451	315	41
5724	365	41
10963	515	41
6123	544	41
16639	549	41
13263	15	42
8908	24	42
16976	64	42
9160	83	42
3531	178	42
11559	337	42
17360	339	42
9528	372	42
9865	473	42
3665	474	42
9946	476	42
6234	507	42
12311	516	42
10492	575	42
6648	160	43
2573	329	43
16179	441	43
15970	511	43
17748	100	44
8506	127	44
622	225	44
16644	310	44
2617	494	44
17470	513	44
9806	17	45
9488	68	45
11770	73	45
13472	130	45
11079	150	45
13033	151	45
9259	158	45
1859	160	45
12779	167	45
13539	229	45
13712	232	45
3186	263	45
16492	280	45
17861	311	45
16539	356	45
11428	374	45
12668	394	45
11582	396	45
13728	409	45
4856	411	45
7919	432	45
15088	445	45
11421	463	45
3202	487	45
10872	492	45
17568	511	45
2881	569	45
18320	572	45
16425	576	45
10993	316	46
5645	320	46
13757	409	46
9313	302	47
9367	20	48
7757	21	48
7770	35	48
4630	390	48
18471	395	48
2475	457	48
2286	483	48
9292	561	48
14723	142	49
4685	150	49
13454	160	49
1250	167	49
17719	280	49
9246	409	49
3773	445	49
8929	475	49
8092	500	49
1956	520	49
12788	526	49
7308	545	49
16734	548	49
4015	572	49
759	576	49
8302	423	50
3927	72	51
14807	177	51
7686	52	52
15185	141	52
12956	154	52
8189	164	52
14785	189	52
6901	248	52
14284	260	52
3173	305	52
7499	327	52
8127	353	52
9323	375	52
14648	423	52
4473	431	52
12879	471	52
16578	54	53
9869	74	53
13385	342	53
764	344	53
13908	53	54
7234	81	54
6722	344	54
14109	450	54
10734	475	54
1961	1	55
8872	121	55
13811	132	55
9730	229	55
5151	240	55
10455	285	55
11635	377	55
9063	390	55
2372	403	55
1831	475	55
7027	526	55
3596	166	56
912	195	56
11097	344	56
17478	376	56
8195	447	56
6048	13	57
17599	144	57
13626	268	57
815	299	57
1200	447	57
5761	539	57
2246	35	58
10342	95	58
670	167	58
3951	349	58
4176	445	58
6803	542	58
17820	559	58
639	582	58
5431	11	59
8178	256	59
15219	257	59
3363	307	59
13954	532	59
8155	99	60
4976	317	60
4042	466	60
15623	72	61
18253	172	61
2013	218	61
14270	534	61
11262	15	62
7857	72	62
6134	172	62
1530	218	62
6976	362	62
7083	496	62
1433	534	62
3329	75	63
17558	98	63
3691	183	63
13060	210	63
5710	268	63
14941	388	63
18386	416	63
1221	586	63
9163	15	64
3072	42	64
16442	1	65
17701	129	65
10075	262	65
8903	383	65
15155	450	65
12477	463	65
1710	475	65
5866	526	65
843	151	66
866	210	66
16999	233	66
3238	239	66
9926	266	66
10183	267	66
9176	403	66
17224	125	67
3755	194	67
8150	344	67
1946	450	67
5599	564	67
17144	45	68
12381	72	68
13080	114	68
5324	204	68
3402	277	68
3260	362	68
6877	374	68
3435	548	68
11826	14	69
5848	98	69
14176	148	69
8722	237	69
11523	365	69
15923	416	69
3851	549	69
4869	554	69
5025	348	70
4591	452	70
11652	454	70
6319	552	70
12226	140	71
18435	146	71
17310	164	71
10743	248	71
11639	260	71
8682	402	71
3535	423	71
13209	6	72
4266	37	72
1417	51	72
8179	61	72
11288	62	72
12173	68	72
1565	135	72
9669	177	72
6958	197	72
12862	277	72
2043	282	72
2148	287	72
9752	292	72
11687	333	72
14208	338	72
5946	362	72
8554	388	72
1119	409	72
13149	411	72
12789	412	72
9678	417	72
11752	424	72
1310	460	72
9366	479	72
8125	496	72
16824	534	72
13046	45	73
8338	264	73
8992	290	73
1913	53	74
11632	125	74
12260	335	74
6972	344	74
9648	418	74
10055	450	74
13968	63	75
7605	120	75
14993	321	75
3738	367	75
1542	386	75
9765	399	75
15609	461	75
15998	291	76
5580	306	76
15698	313	76
17511	462	76
3470	101	77
7892	296	77
3217	153	78
9818	222	78
15360	238	78
15766	251	78
11126	350	78
15648	422	78
5881	490	78
862	513	78
9779	518	78
4286	208	79
7102	41	80
9287	186	80
14110	211	80
10386	238	80
17595	295	80
7250	382	80
2704	490	80
9842	532	80
7654	54	81
5147	129	81
13515	139	81
13504	181	81
4137	447	81
16334	550	81
16548	208	82
6545	15	83
10411	42	83
4014	13	84
11973	14	84
2675	252	84
11534	271	84
13471	332	84
7667	393	84
6514	397	84
8787	117	85
16147	165	85
9589	201	85
3557	208	85
13211	289	85
11130	410	85
16321	446	85
2135	505	85
14712	506	85
13973	413	86
4442	517	86
6464	2	87
5401	29	87
13352	100	87
2931	223	87
12533	237	87
3318	257	87
13265	367	87
6793	405	87
12482	577	87
17707	172	88
8312	215	88
14060	246	88
9225	239	89
17695	286	89
3714	344	89
7785	380	89
16451	435	89
609	257	90
13388	357	90
15179	398	90
2069	523	90
14670	33	91
13015	104	91
13428	136	91
6885	183	91
16977	227	91
5685	231	91
17111	344	91
17152	399	91
10746	524	91
11897	583	91
9794	169	92
4772	193	92
5017	217	92
3275	252	92
3713	393	92
14842	490	92
10822	559	92
8061	419	93
2772	423	93
10617	508	93
11102	14	94
1807	148	94
12465	194	94
17928	206	94
9871	234	94
7681	344	94
9837	461	94
8830	505	94
6856	540	94
4198	557	94
8346	586	94
12486	58	95
3880	161	95
6326	167	95
14307	188	95
16441	218	95
14962	261	95
16443	273	95
17911	427	95
1598	463	95
1364	526	95
3859	542	95
15020	559	95
6960	408	96
13732	206	97
12234	29	98
11560	63	98
16663	69	98
11043	237	98
13072	442	98
3366	535	98
14639	554	98
14477	13	99
6582	60	99
9209	106	99
8789	113	99
3385	115	99
2201	241	99
12328	253	99
3205	276	99
14173	331	99
4203	407	99
4808	565	99
17749	588	99
5013	28	100
10100	44	100
13632	87	100
9149	203	100
17753	405	100
8782	456	100
7658	77	101
5579	296	101
17772	373	101
916	425	101
17405	429	101
14837	499	101
10227	546	101
14187	2	102
10191	21	102
11493	457	102
14943	3	103
13324	319	103
6291	408	103
1639	413	103
2455	499	103
7214	33	104
4966	91	104
10333	183	104
15062	309	104
669	344	104
12063	358	104
11081	399	104
2132	524	104
16880	284	105
919	357	105
11591	478	105
2009	502	105
12468	547	105
11712	99	106
15342	317	106
12579	258	107
17740	271	107
17709	291	107
3758	306	107
4483	309	107
4136	345	107
8337	399	107
5011	524	107
13156	538	107
14180	552	107
15705	4	108
920	140	108
7579	452	108
4787	454	108
15742	344	109
1475	443	109
7481	430	110
4379	434	110
2406	502	110
17107	503	110
5844	324	111
6808	361	111
6612	403	111
4965	450	111
15519	36	112
4321	220	112
8713	233	112
2914	418	112
12396	487	112
7862	511	112
2276	99	113
17879	225	113
9314	241	113
6406	248	113
4232	305	113
17688	350	113
5826	400	113
18432	68	114
8051	362	114
6432	99	115
3897	143	115
13723	317	115
11698	366	115
10266	2	116
12818	11	116
11791	21	116
4066	34	116
16340	355	116
13565	495	116
1997	30	117
7840	32	117
16114	85	117
8205	165	117
9153	201	117
8186	272	117
7423	410	117
16507	506	117
12211	196	118
10095	200	118
2461	318	118
12527	348	118
7482	357	118
7501	456	118
3180	552	118
14585	146	119
5600	301	119
11705	334	119
18221	392	119
13434	402	119
16612	75	120
1378	187	120
8582	231	120
9819	284	120
16605	321	120
9647	357	120
3236	386	120
7166	399	120
3641	410	120
2821	436	120
10090	502	120
1644	1	121
5244	55	121
12931	220	121
1547	418	121
12027	426	121
16695	580	121
4130	192	122
12584	209	122
4179	221	122
12716	283	122
5556	482	122
2642	573	122
12177	9	123
2294	29	123
7608	152	123
5854	237	123
16064	549	123
15025	554	123
6448	556	123
8111	38	124
6005	206	124
1968	223	124
8234	366	124
16857	67	125
8261	74	125
16123	156	125
18407	192	125
9047	195	125
9050	261	125
14094	324	125
6089	342	125
13357	344	125
5256	383	125
6314	450	125
1142	541	125
9255	564	125
9236	2	126
3030	247	126
8157	330	126
16346	355	126
15574	535	126
9151	549	126
16740	44	127
18182	225	127
17253	428	127
9331	513	127
15695	518	127
16747	245	128
1354	343	128
1755	357	128
3442	502	128
4543	503	128
12592	65	129
3623	81	129
10980	463	129
1638	475	129
4472	511	129
11953	512	129
9157	45	130
1750	167	130
9671	356	130
10248	148	131
16602	226	131
18395	239	131
3619	250	131
18467	397	131
3609	403	131
1732	481	131
18142	573	131
15309	35	132
2063	55	132
3469	188	132
15417	426	132
8282	433	132
13342	451	132
14062	559	132
10651	580	132
3516	206	133
12183	241	133
11147	319	133
821	411	133
14793	476	133
16460	587	133
4542	213	134
2925	215	134
12910	259	134
7592	517	134
12777	72	135
3390	424	135
17128	33	136
15959	91	136
16304	183	136
5675	231	136
17506	344	136
4650	399	136
15823	524	136
8611	243	137
647	288	137
8465	413	138
8753	16	139
2543	81	139
6133	181	139
17776	266	139
4461	447	139
3769	550	139
17156	40	140
3280	71	140
5433	108	140
10354	306	140
15247	368	140
17359	414	140
1988	510	140
18472	52	141
13784	141	141
4395	423	141
11881	49	142
10341	145	142
3990	298	142
16514	475	142
16767	526	142
17331	545	142
6347	31	143
14832	115	143
12018	175	143
10518	249	143
14440	276	143
4895	297	143
12185	347	143
17294	366	143
3586	439	143
12817	571	143
6587	580	143
2268	13	144
8989	57	144
8845	355	144
17170	388	144
6900	395	144
4218	535	144
3182	142	145
667	214	145
4800	374	145
12695	381	145
12937	465	145
17754	475	145
14451	545	145
4368	4	146
16119	71	146
17769	119	146
5775	162	146
17201	301	147
17778	392	147
9173	399	147
15978	452	147
12294	493	147
5316	69	148
11860	94	148
5811	131	148
4426	156	148
9900	234	148
11741	240	148
6029	344	148
713	586	148
2707	33	149
7794	183	149
18122	344	149
9016	384	149
4577	399	149
7777	562	149
5218	579	149
17199	45	150
13882	49	150
6475	167	150
6087	280	150
12316	409	150
16097	445	150
12607	511	150
5032	542	150
2686	572	150
14795	45	151
7712	66	151
2734	170	151
1783	396	151
1299	447	151
11554	40	152
2504	123	152
9887	200	152
7613	212	152
13529	256	152
4041	478	152
10318	78	153
931	163	153
8544	191	153
17069	222	153
16132	235	153
3515	334	153
4667	346	153
14829	449	153
2445	52	154
6556	154	154
4879	423	154
15749	184	155
15202	400	155
8137	501	155
9280	125	156
4385	148	156
17954	376	156
18285	391	156
13598	458	156
17052	551	156
9136	557	156
9749	564	156
14598	573	156
15047	8	157
3053	9	157
9579	449	157
16429	485	157
5524	498	157
7455	563	157
14085	45	158
12080	232	158
17953	263	158
6752	280	158
10941	394	158
14695	511	158
2472	569	158
14584	161	159
4127	205	159
18123	218	159
8089	246	159
1110	43	160
9731	45	160
13663	49	160
1814	285	160
4659	290	160
1146	298	160
12325	380	160
4248	391	160
12516	475	160
1813	548	160
17322	95	161
13862	159	161
6634	205	161
4603	472	161
9713	146	162
14416	402	162
11480	153	163
14999	179	163
14732	243	163
10224	422	163
17233	525	163
17783	52	164
8837	71	164
6481	164	164
8357	351	164
18451	27	165
954	29	165
14565	85	165
18116	117	165
3414	210	165
4860	406	165
8935	410	165
15841	468	165
9824	506	165
4147	56	166
5285	360	166
6946	421	166
4055	447	166
5884	461	166
1512	17	167
10021	45	167
2375	49	167
14256	58	167
17290	95	167
825	130	167
6804	150	167
1658	266	167
1237	280	167
15298	328	167
6363	356	167
9500	374	167
6482	409	167
3715	445	167
8176	520	167
10052	572	167
6938	576	167
1161	29	168
8217	224	168
10262	227	168
1612	228	168
4496	245	168
1490	309	168
10155	365	168
3165	462	168
8947	543	168
13328	92	169
15028	185	169
16994	193	169
1054	211	169
11787	218	169
14378	219	169
12272	252	169
3740	275	169
2609	300	169
16414	312	169
5422	393	169
2183	472	169
2181	506	169
1017	577	169
9617	151	170
6671	329	170
12834	447	170
11758	409	171
14177	440	171
12485	6	172
10144	61	172
17094	62	172
6466	88	172
14069	197	172
11045	204	172
18092	215	172
4672	265	172
8576	282	172
17113	287	172
1610	292	172
2537	333	172
14170	336	172
12083	338	172
11557	411	172
5730	412	172
5602	413	172
3726	417	172
10058	460	172
10099	472	172
14452	473	172
3870	496	172
1478	534	172
17699	545	172
9168	548	172
876	581	172
7336	31	173
4181	317	173
16257	518	173
6542	324	174
16102	403	174
15905	418	174
4463	426	174
4528	586	174
18118	143	175
10207	230	175
4580	276	175
4153	317	175
2044	233	176
6348	357	176
7329	360	176
16430	421	176
13323	459	176
15983	461	176
16131	536	176
15596	51	177
6207	72	177
5272	479	177
14619	26	178
16789	42	178
4484	387	178
6426	476	178
6650	575	178
11891	9	179
17604	163	179
13905	397	179
10422	494	179
16044	525	179
5763	563	179
17620	191	180
16623	224	180
2712	346	180
4947	493	180
11347	11	181
15467	21	181
16037	81	181
13678	139	181
11019	264	181
8701	299	181
11410	457	181
10844	550	181
15422	582	181
6589	309	182
17743	357	182
11486	430	182
6144	434	182
15838	509	182
6503	538	182
1305	41	183
6412	63	183
17849	91	183
2051	104	183
17647	136	183
8049	149	183
4850	210	183
9466	221	183
1441	231	183
18145	234	183
15163	239	183
14411	324	183
12232	344	183
2699	384	183
15614	481	183
12373	482	183
18297	495	183
5918	524	183
17223	583	183
8265	38	184
6616	155	184
10999	293	184
16525	305	184
17800	322	184
16969	400	184
13821	19	185
15498	169	185
2652	193	185
10671	219	185
16849	275	185
12002	335	185
6404	352	185
18269	382	185
6897	393	185
15647	531	185
14553	577	185
10687	8	186
11748	80	186
5880	295	186
12309	532	186
16731	582	186
15973	585	186
5279	120	187
1699	196	187
13007	389	187
13198	552	187
8008	556	187
2146	578	187
13150	35	188
8243	95	188
14828	132	188
10014	273	188
17718	395	188
16673	426	188
7972	451	188
4730	526	188
3603	52	189
9419	189	189
9911	18	190
3776	326	190
8492	453	190
6560	477	190
9974	554	190
3045	153	191
12379	180	191
13719	222	191
9106	334	191
11025	346	191
9800	422	191
4749	467	191
5037	20	192
4464	122	192
9484	125	192
16558	512	192
9108	551	192
13584	564	192
8022	92	193
17531	169	193
3497	185	193
15215	246	193
11082	279	193
9498	300	193
6413	312	193
13564	340	193
12186	354	193
8149	393	193
16802	472	193
10698	485	193
4535	490	193
5614	506	193
13069	67	194
8924	94	194
17977	221	194
10754	250	194
717	286	194
8731	461	194
14521	573	194
2056	56	195
2490	125	195
17521	321	195
15733	564	195
8764	118	196
12137	187	196
1563	200	196
4393	223	196
16417	318	196
1143	502	196
11317	556	196
9224	6	197
15313	72	197
3240	172	197
9660	218	197
1344	292	197
18449	18	198
12430	39	198
2974	41	198
6767	228	198
1728	275	198
14165	30	199
16197	239	199
15334	247	199
13950	255	199
5027	403	199
4144	410	199
11197	426	199
12235	537	199
14488	544	199
4068	118	200
1312	152	200
2374	196	200
709	203	200
5835	318	200
10755	348	200
615	357	200
4057	456	200
13986	509	200
8007	556	200
11649	578	200
2872	27	201
7255	85	201
8583	117	201
12006	410	201
14877	434	201
18443	446	201
3878	570	202
4406	27	203
6006	32	203
1199	100	203
15940	200	203
835	255	203
1601	294	203
17865	409	203
5503	586	203
17268	68	204
14911	172	204
13979	362	204
8993	411	204
7587	473	204
8496	548	204
5914	558	204
9679	159	205
13249	161	205
17698	207	205
3056	217	205
9220	265	205
9676	415	205
9906	473	205
12374	476	205
13854	501	205
4550	530	205
5593	94	206
8165	97	206
17455	124	206
9917	133	206
18271	304	206
8900	325	206
17194	335	206
10802	428	206
17341	488	206
7815	557	206
14151	577	206
8065	205	207
13433	265	207
1181	437	207
17230	473	207
11028	490	207
10446	15	208
7766	22	208
18353	25	208
11009	79	208
1962	82	208
4486	85	208
1216	254	208
4167	404	208
13528	448	208
3161	464	208
8565	497	208
3839	501	208
9594	122	209
3499	306	209
4675	312	209
9645	313	209
7495	410	209
4402	505	209
2349	539	209
11000	557	209
16341	586	209
15193	29	210
8411	63	210
8772	66	210
4615	165	210
12324	183	210
6609	226	210
8209	237	210
2092	257	210
6288	416	210
11106	484	210
14490	80	211
18262	169	211
11926	218	211
8556	295	211
15649	354	211
12615	490	211
11176	40	212
11366	152	212
18270	318	212
13571	348	212
7383	478	212
2251	134	213
10890	216	213
15986	312	213
6847	340	213
16024	476	213
14582	530	213
17672	23	214
12365	145	214
13146	415	214
6980	574	214
917	88	215
2065	134	215
8038	172	215
6167	246	215
7450	465	215
14244	472	215
16287	23	216
14083	213	216
5960	279	216
3989	381	216
5930	472	216
636	545	216
9780	574	216
5620	92	217
8309	205	217
2443	530	217
5646	6	218
9655	61	218
15295	62	218
16401	95	218
11780	159	218
17649	169	218
16313	197	218
16345	211	218
7221	252	218
9551	287	218
18236	292	218
17829	333	218
4428	378	218
7690	412	218
18369	417	218
5043	460	218
4598	496	218
16365	534	218
15527	19	219
3076	169	219
12398	185	219
2994	275	219
9391	312	219
1559	533	219
5616	577	219
11144	32	220
16506	36	220
17590	112	220
2470	121	220
17863	261	220
14210	262	220
4159	324	220
14731	377	220
7503	383	220
9085	403	220
8794	580	220
13113	122	221
2612	183	221
12504	194	221
3267	344	221
13290	482	221
8613	583	221
2891	78	222
10444	153	222
11592	191	222
14133	224	222
14033	346	222
11638	449	222
1145	563	222
8579	87	223
9782	124	223
14803	196	223
4492	168	224
11261	180	224
16282	222	224
10033	238	224
6219	295	224
16886	301	224
2779	498	224
12765	44	225
12597	113	225
4242	127	225
4643	241	225
5828	400	225
13151	439	225
6850	5	226
16459	29	226
7939	131	226
13636	210	226
3765	233	226
8733	267	226
12874	481	226
17410	495	226
2046	33	227
1324	91	227
4048	168	227
14594	233	227
4200	283	227
7261	315	227
15086	330	227
14436	7	228
12610	168	228
3261	198	228
14642	270	228
6013	544	228
18278	45	229
10789	55	229
17993	280	229
3086	406	229
10907	492	229
15963	511	229
3005	38	230
16115	175	230
786	276	230
15580	304	230
5055	305	230
15945	341	230
1869	366	230
6814	439	230
16120	521	230
3149	566	230
10481	571	230
15492	33	231
3902	91	231
16496	120	231
13178	136	231
11619	183	231
12254	344	231
13829	399	231
4648	524	231
8940	45	232
11392	158	232
10229	263	232
11853	280	232
2794	311	232
11532	432	232
4984	511	232
6478	539	232
16707	569	232
17741	66	233
11526	112	233
12322	176	233
5467	226	233
12023	227	233
16633	267	233
9424	272	233
9296	343	233
6749	360	233
9073	376	233
4087	389	233
15957	459	233
7426	461	233
17073	536	233
6179	94	234
1906	148	234
4693	183	234
877	446	234
13672	447	234
16078	453	234
3046	461	234
18327	540	234
6446	153	235
13679	318	235
5484	346	235
10523	456	235
12952	493	235
17001	371	236
1191	447	236
6617	29	237
11693	69	237
14865	87	237
11241	98	237
2433	123	237
15871	210	237
13937	256	237
10901	257	237
1024	343	237
15222	442	237
3247	515	237
13320	549	237
3607	556	237
1654	78	238
11065	80	238
8332	224	238
11822	251	238
6461	402	238
17666	466	238
6023	66	239
12548	89	239
1010	131	239
2476	183	239
2334	199	239
4094	344	239
10785	361	239
7038	55	240
6217	148	240
14077	418	240
5247	487	240
11477	99	241
10668	113	241
15981	133	241
10056	225	241
15991	305	241
18096	317	241
16630	431	241
17737	466	241
5943	35	242
3339	273	242
10416	279	242
12454	300	242
9302	340	242
4163	381	242
15359	559	242
1780	137	243
12227	163	243
6647	422	243
18245	433	243
8696	494	243
15904	498	243
15378	578	243
6274	517	244
5450	531	244
6409	29	245
9793	128	245
17529	168	245
18166	343	245
13340	434	245
8685	509	245
1870	88	246
12120	159	246
15926	193	246
6443	215	246
15251	472	246
684	2	247
4661	41	247
17819	126	247
2218	199	247
12877	355	247
4012	462	247
15439	515	247
2648	539	247
17696	52	248
14095	71	248
4244	113	248
15197	248	248
8476	351	248
7357	368	248
18114	143	249
5670	131	250
3382	194	250
11898	286	250
15137	344	250
18330	435	250
11086	573	250
14906	583	250
14316	78	251
8561	238	251
12683	483	251
5809	84	252
13492	92	252
2110	169	252
8734	218	252
4848	259	252
2659	340	252
18140	352	252
9677	420	252
4222	533	252
5015	99	253
13887	317	253
11038	208	254
14749	16	255
18184	37	255
5673	199	255
2205	203	255
15223	367	255
2427	409	255
6959	582	255
8444	586	255
6328	33	256
8645	59	256
8714	152	256
6355	237	256
7586	269	256
11408	315	256
12973	418	256
6500	59	257
14377	87	257
18084	90	257
11686	210	257
9394	237	257
9542	416	257
13614	14	258
7643	107	258
16903	291	258
14923	306	258
2003	345	258
1572	399	258
2730	538	258
9915	552	258
7520	134	259
11875	252	259
6956	340	259
4742	530	259
4148	52	260
8494	71	260
4789	260	260
3676	351	260
7863	20	261
1506	95	261
18058	125	261
11052	220	261
10162	273	261
16547	324	261
14805	383	261
9009	475	261
14115	23	262
17589	65	262
6053	220	262
6085	324	262
4585	475	262
8490	574	262
14633	45	263
3826	158	263
10453	232	263
1201	280	263
8904	311	263
17859	432	263
5692	511	263
8952	539	263
14026	569	263
12791	21	264
15224	73	264
10637	181	264
4939	299	264
4967	332	264
18175	437	264
13996	483	264
7020	539	264
9767	561	264
14325	582	264
4488	172	265
3757	205	265
6852	207	265
8726	336	265
13042	473	265
1804	66	266
14539	139	266
6049	167	266
16595	349	266
9444	380	266
7536	447	266
3489	461	266
7288	540	266
14545	541	266
17877	550	266
1401	553	266
7835	66	267
1443	226	267
16448	233	267
5000	403	267
15787	418	267
10045	447	267
18418	41	268
18073	57	268
12907	63	268
10054	315	268
17982	355	268
16825	365	268
8559	442	268
15949	515	268
5684	585	268
9376	256	269
5581	348	269
13212	538	269
1718	562	269
11668	567	269
6551	579	269
6074	228	270
13526	318	270
8187	334	270
14503	348	270
17083	399	270
16242	456	270
11014	493	270
14113	84	271
6811	107	271
11217	291	271
7670	306	271
8540	551	271
5142	117	272
7768	233	272
17898	386	272
1503	434	272
9194	436	272
13437	461	272
11587	484	272
11766	502	272
13690	35	273
14116	95	273
1863	188	273
11502	242	273
3156	261	273
4287	526	273
18372	2	274
18156	425	274
11034	510	274
5018	558	274
2938	169	275
16130	185	275
3194	198	275
15255	219	275
17789	382	275
7679	577	275
11143	99	276
14096	143	276
10873	175	276
15387	230	276
1018	305	276
5409	317	276
14044	327	276
9404	68	277
2600	72	277
8773	352	277
12802	461	277
16622	548	277
10877	409	278
16110	522	278
9524	193	279
2008	216	279
10985	242	279
15678	300	279
6608	381	279
14424	559	279
7737	45	280
16127	49	280
9222	150	280
1763	158	280
16349	167	280
11204	229	280
16619	232	280
14698	263	280
4056	290	280
1723	311	280
18147	328	280
16046	394	280
2283	409	280
9067	432	280
5100	445	280
12843	475	280
6224	487	280
3071	492	280
8608	511	280
12106	520	280
15880	569	280
8721	572	280
1190	576	280
18030	441	281
6000	511	281
9365	72	282
12359	172	282
13902	338	282
802	411	282
4886	473	282
11935	558	282
14075	33	283
15679	122	283
6765	227	283
15019	315	283
872	515	283
1919	105	284
5536	120	284
1423	405	284
654	502	284
10252	503	284
13768	538	284
6910	547	284
5377	30	285
13035	55	285
3917	160	285
11395	298	285
7467	5	286
13425	89	286
4760	194	286
8135	250	286
15667	461	286
7723	6	287
15435	72	287
14421	172	287
6226	218	287
18198	417	287
16445	460	287
18289	137	288
11914	323	288
9543	422	288
11790	449	288
16876	85	289
16723	294	289
10792	360	289
15442	409	289
15320	73	290
9455	160	290
7674	280	290
11161	14	291
1829	33	291
15037	76	291
3775	107	291
4229	258	291
14471	271	291
9235	306	291
17240	454	291
15157	538	291
7024	6	292
2892	72	292
4773	172	292
7799	197	292
15909	218	292
6346	184	293
17475	302	293
17665	322	293
16165	555	293
12473	560	293
1252	203	294
8082	289	294
9074	409	294
2742	467	294
3430	468	294
8784	502	294
3770	12	295
15078	80	295
10126	186	295
18098	211	295
8386	224	295
14368	382	295
9882	485	295
4885	498	295
4728	582	295
13375	585	295
13498	77	296
12419	101	296
16709	408	296
3970	143	297
11867	317	297
18252	363	297
17767	401	297
4671	566	297
10810	1	298
1761	142	298
3636	160	298
13400	285	298
12978	390	298
18387	391	298
14856	475	298
6823	21	299
17867	27	299
16041	57	299
7198	181	299
12190	264	299
14404	539	299
14892	544	299
2235	23	300
7811	169	300
17501	193	300
17720	242	300
14159	279	300
18211	354	300
17936	559	300
8462	8	301
8795	119	301
17524	147	301
10728	224	301
3017	449	301
11968	452	301
10689	47	302
7489	293	302
6025	351	302
3250	510	302
5923	570	303
3888	206	304
8323	230	304
1767	491	304
12354	52	305
11808	113	305
15754	184	305
8047	230	305
12602	241	305
11737	276	305
16000	305	305
11429	40	306
10394	76	306
14373	107	306
12664	140	306
5419	209	306
10339	258	306
8325	271	306
10708	291	306
722	478	306
16990	59	307
8778	309	307
13441	578	307
7948	419	308
17515	423	308
5596	508	308
5633	104	309
12961	107	309
13408	168	309
14973	182	309
5345	307	309
4190	399	309
16066	452	309
5009	44	310
4431	45	311
8301	232	311
8958	263	311
17809	280	311
820	511	311
12525	569	311
5424	169	312
12576	193	312
2777	209	312
6949	213	312
6264	219	312
10471	354	312
15362	393	312
6399	428	312
9145	490	312
16190	76	313
16057	209	313
13761	330	313
11006	358	313
14956	368	313
14023	369	313
15703	457	313
15791	537	313
2824	31	314
16273	433	314
6895	33	315
5604	41	315
17866	227	315
14293	256	315
8560	268	315
15661	283	315
11165	365	315
9854	481	315
14883	495	315
7774	515	315
7034	46	316
15023	409	316
2430	469	316
6206	60	317
6724	106	317
10197	115	317
14028	173	317
7372	175	317
6643	241	317
3246	253	317
11818	276	317
10828	297	317
3575	331	317
7886	347	317
5012	370	317
5982	565	317
12076	566	317
5687	568	317
14659	28	318
8192	118	318
5855	196	318
15719	200	318
4441	212	318
12475	235	318
4336	270	318
1477	502	318
9105	103	319
18420	133	319
14192	408	319
17497	488	319
869	501	319
17784	46	320
9448	409	320
17434	75	321
12772	120	321
1003	195	321
6879	367	321
8035	398	321
18155	502	321
18296	567	321
2307	184	322
765	293	322
3777	570	322
17099	587	322
8235	288	323
3074	334	323
15388	422	323
4680	111	324
2076	125	324
11586	174	324
1487	183	324
5386	220	324
12314	261	324
14872	262	324
1383	342	324
11315	403	324
4687	418	324
9465	426	324
6878	450	324
10871	455	324
15676	541	324
3279	551	324
11077	206	325
9846	335	325
8620	533	325
12969	18	326
1841	190	326
14733	453	326
2376	52	327
16327	276	327
17338	327	327
16332	423	327
696	521	327
6761	17	328
14065	167	328
5924	280	328
3824	374	328
10842	520	328
13637	526	328
15447	43	329
4926	170	329
7360	504	329
6056	511	329
8956	33	330
8730	126	330
17066	227	330
1998	313	330
5388	367	330
10814	457	330
12434	99	331
10208	317	331
11965	14	332
4597	84	332
5066	264	332
4077	340	332
2758	395	332
11260	6	333
12536	72	333
7727	172	333
17746	218	333
16657	412	333
12382	119	334
6281	153	334
15478	191	334
11547	270	334
9113	323	334
14494	529	334
5266	74	335
15773	185	335
12971	206	335
9241	325	335
12970	517	335
5895	531	335
3471	581	335
953	172	336
12028	265	336
3640	413	336
4979	444	336
8679	473	336
5595	548	336
16937	42	337
13955	72	338
6653	172	338
7639	282	338
15169	411	338
772	473	338
17036	558	338
10051	15	339
2647	42	339
9820	193	340
5387	213	340
11239	242	340
14700	252	340
744	259	340
3699	332	340
15952	393	340
7513	444	340
14972	530	340
14875	531	340
11489	230	341
4547	366	341
9901	53	342
12517	125	342
11157	324	342
4429	344	342
17996	391	342
2713	403	342
6312	450	342
2523	455	342
10933	475	342
16157	526	342
7920	29	343
8361	128	343
6534	233	343
16051	237	343
5748	245	343
9237	434	343
9863	556	343
15938	53	344
2594	54	344
14268	56	344
4213	67	344
6572	74	344
15130	89	344
1284	91	344
4380	94	344
3724	104	344
3083	109	344
2701	125	344
18424	136	344
7456	148	344
4780	149	344
11919	183	344
12519	221	344
3444	231	344
5284	239	344
17536	250	344
4491	342	344
13000	376	344
12650	380	344
17034	384	344
10408	435	344
2252	443	344
8025	450	344
10049	455	344
3413	461	344
17147	475	344
690	482	344
16570	562	344
2963	583	344
4378	107	345
6208	258	345
1860	399	345
7733	9	346
7602	153	346
16660	180	346
16241	191	346
13460	222	346
17752	235	346
4180	449	346
17371	456	346
5007	467	346
2404	494	346
2471	498	346
9270	502	346
4956	143	347
11697	317	347
11431	472	347
4025	580	347
16982	40	348
10091	70	348
16440	118	348
12488	200	348
5334	212	348
8991	269	348
6782	270	348
7973	552	348
12481	58	349
8188	266	349
16693	383	349
13308	463	349
3192	511	349
3662	8	350
725	78	350
9920	113	350
1050	400	350
17888	402	350
1128	490	350
14632	164	351
2760	248	351
6750	260	351
640	302	351
12748	185	352
1015	252	352
14843	277	352
16909	531	352
5498	557	352
13059	52	353
15210	353	353
13519	423	353
12710	20	354
10283	193	354
1467	211	354
1853	300	354
10421	312	354
9961	485	354
16249	559	354
7379	561	354
14621	2	355
5127	37	355
9954	116	355
13143	126	355
8840	144	355
1705	247	355
11945	268	355
10489	388	355
11998	442	355
5853	462	355
2020	495	355
14928	515	355
9530	558	355
11611	17	356
4328	45	356
1719	130	356
4613	167	356
16134	90	357
2371	105	357
16336	118	357
2022	120	357
10803	128	357
9987	176	357
3224	182	357
9796	200	357
13662	430	357
16996	456	357
9101	484	357
15381	502	357
2633	536	357
11150	547	357
2741	578	357
3051	33	358
948	104	358
6827	313	358
14960	399	358
9300	562	358
17873	579	358
11389	546	359
3291	5	360
5268	166	360
3858	176	360
10557	233	360
6323	289	360
11323	447	360
8948	461	360
16729	502	360
16571	536	360
14890	111	361
15336	239	361
12734	377	361
16941	403	361
12549	426	361
10451	458	361
11374	34	362
3010	62	362
12928	68	362
17347	72	362
12671	114	362
5090	204	362
9737	406	362
6504	476	362
17401	496	362
9340	297	363
14886	35	364
7516	445	364
8376	468	364
13963	483	364
3412	512	364
8260	7	365
2722	29	365
14771	33	365
2886	41	365
18244	69	365
3894	168	365
771	268	365
15819	315	365
15269	515	365
16764	543	365
11640	544	365
6210	115	366
14172	124	366
8525	143	366
1107	230	366
15089	341	366
14992	378	366
17101	75	367
7556	87	367
12979	255	367
18183	321	367
727	330	367
16931	405	367
2253	4	368
18400	140	368
4467	248	368
11438	313	368
14957	379	368
9750	514	368
3351	2	369
7077	21	369
16560	313	369
16243	462	369
12342	317	370
7637	566	370
10217	236	371
4594	447	371
6538	15	372
600	42	372
3116	101	373
739	45	374
3935	68	374
12601	145	374
4737	167	374
4497	328	374
8712	381	374
9630	409	374
8626	437	374
1551	52	375
7882	375	375
15793	423	375
16974	11	376
4079	56	376
10161	156	376
7478	233	376
15353	344	376
17235	447	376
16307	55	377
14835	220	377
1737	361	377
2843	10	378
5257	218	378
13865	366	378
16409	433	378
11909	10	379
14496	368	379
16837	449	379
16804	89	380
17905	160	380
9510	266	380
10458	344	380
10164	396	380
3110	447	380
17104	461	380
4803	553	380
4628	23	381
7052	145	381
7966	216	381
6354	242	381
679	279	381
9258	374	381
9476	409	381
12629	427	381
18371	500	381
9423	526	381
1144	545	381
17483	580	381
17969	9	382
13219	80	382
8076	185	382
11329	275	382
7806	295	382
16463	397	382
1261	490	382
2224	525	382
15001	532	382
16212	65	383
1776	125	383
4565	220	383
16079	261	383
9710	349	383
16762	475	383
7338	526	383
8354	541	383
3907	33	384
16255	149	384
4972	183	384
4653	344	384
16614	399	384
7680	2	385
5146	388	385
16094	429	385
2568	5	386
13949	75	386
4073	120	386
6780	272	386
6345	436	386
3828	461	386
15236	178	387
14479	30	388
9177	63	388
14396	72	388
16865	144	388
4171	355	388
15333	385	388
1706	29	389
7412	187	389
972	233	389
17525	434	389
6633	556	389
14359	578	389
18132	20	390
7061	30	390
8072	35	390
9075	48	390
4019	55	390
12806	298	390
4323	457	390
13952	551	390
5123	561	390
2803	156	391
13490	160	391
3386	298	391
13683	342	391
3827	403	391
11736	450	391
11434	458	391
13140	573	391
7588	4	392
14736	119	392
16301	147	392
15720	454	392
12353	514	392
13084	84	393
10813	92	393
13778	169	393
10740	185	393
12368	193	393
12341	312	393
14415	340	393
14131	45	394
3219	158	394
6849	280	394
11032	511	394
8208	35	395
9320	48	395
15532	144	395
1295	188	395
12154	332	395
7535	410	395
6690	422	395
14020	451	395
10106	494	395
9611	580	395
1415	45	396
6579	151	396
2087	380	396
17295	447	396
12317	9	397
8949	84	397
11105	131	397
15856	179	397
12174	382	397
4888	532	397
18239	90	398
976	321	398
5956	502	398
14439	567	398
16726	75	399
2077	91	399
6674	104	399
17602	107	399
871	120	399
4855	136	399
5981	147	399
8912	149	399
12903	231	399
2304	258	399
15368	270	399
15189	309	399
13303	345	399
5143	358	399
6915	384	399
3125	493	399
16893	524	399
13876	562	399
3040	579	399
6996	113	400
2967	155	400
3130	184	400
6697	225	400
3242	350	400
6120	428	400
8028	439	400
1483	491	400
3080	297	401
3085	71	402
18384	119	402
2188	162	402
4093	238	402
6456	350	402
9569	55	403
16286	66	403
5254	111	403
10884	131	403
7861	174	403
1266	199	403
12532	220	403
5619	267	403
8364	324	403
10241	342	403
17660	361	403
4752	391	403
14129	450	403
7175	458	403
8774	580	403
1888	208	404
16483	16	405
16692	87	405
616	100	405
2500	284	405
8006	367	405
11840	502	405
9098	165	406
3150	229	406
7486	362	406
9872	411	406
12955	474	406
14101	99	407
17164	3	408
5267	96	408
18205	103	408
17837	296	408
3508	319	408
13658	45	409
13184	46	409
4128	49	409
6602	72	409
17105	150	409
10034	167	409
11679	171	409
5706	203	409
15975	255	409
1450	278	409
3925	280	409
8247	289	409
1632	294	409
17852	316	409
6343	320	409
15798	374	409
4991	381	409
14388	427	409
16380	440	409
12163	445	409
4656	469	409
17300	500	409
12125	511	409
4768	522	409
12666	572	409
14852	14	410
8491	85	410
14939	117	410
4697	120	410
17029	165	410
4552	199	410
11794	201	410
11803	209	410
7743	395	410
2369	436	410
14651	446	410
15220	506	410
11882	523	410
5883	540	410
4234	34	411
3582	45	411
7058	72	411
15100	133	411
16140	172	411
15500	204	411
11959	282	411
16359	338	411
1945	406	411
1440	473	411
11923	548	411
9935	6	412
13818	72	412
15278	172	412
4062	218	412
4774	333	412
17918	86	413
9218	103	413
8198	138	413
16124	172	413
2223	336	413
4039	501	413
17463	531	413
10771	540	413
3132	548	413
13817	581	413
1290	8	414
1459	140	414
4974	205	415
11514	214	415
4736	444	415
14878	63	416
5075	69	416
17383	210	416
16813	257	416
963	72	417
15176	172	417
2816	218	417
15409	287	417
16686	460	417
12900	36	418
16169	74	418
17393	112	418
11243	121	418
6024	174	418
9415	240	418
7885	256	418
7521	267	418
12221	324	418
10709	586	418
11343	93	419
13464	308	419
16023	252	420
9017	13	421
13172	166	421
16203	176	421
12231	461	421
5937	78	422
6925	163	422
1935	191	422
11781	243	422
5717	288	422
17116	323	422
15803	395	422
9293	494	422
12648	50	423
10917	52	423
5837	71	423
2172	93	423
14866	141	423
6844	154	423
8920	308	423
13567	327	423
17249	353	423
17730	375	423
2860	423	423
2583	471	423
16531	489	423
12383	508	423
10926	72	424
15430	135	424
14367	101	425
2423	274	425
11947	499	425
15294	546	425
4100	32	426
3439	121	426
2602	132	426
7236	174	426
4427	188	426
5097	199	426
3193	324	426
7332	361	426
5118	495	426
6562	551	426
9694	95	427
2972	381	427
18113	409	427
6272	500	427
17435	559	427
925	19	428
10922	127	428
14637	206	428
13128	312	428
17544	400	428
13465	490	428
15099	491	428
1359	518	428
9226	563	428
10013	101	429
12139	385	429
4231	546	429
12397	110	430
14453	182	430
14577	357	430
14949	434	430
6951	484	430
12631	509	430
9257	578	430
10304	10	431
10673	52	431
2567	241	431
8841	431	431
4758	45	432
6357	232	432
16820	263	432
1400	280	432
16927	492	432
17228	511	432
10107	569	432
1356	132	433
2370	243	433
6766	314	433
9240	378	433
6411	491	433
13855	518	433
12659	110	434
14686	182	434
8121	201	434
13058	245	434
15000	272	434
7402	343	434
5870	389	434
13738	430	434
16264	498	434
16601	502	434
2328	509	434
5704	523	434
13736	543	434
10468	578	434
1670	89	435
15413	250	435
1595	344	435
14260	443	435
16620	120	436
3728	272	436
9878	386	436
12070	410	436
7647	461	436
15701	18	437
16413	207	437
10598	264	437
11971	374	437
10887	485	437
13377	582	437
10946	585	437
7616	15	438
1921	143	439
14715	225	439
11825	230	439
5174	400	439
4376	171	440
12878	409	440
1214	43	441
3711	281	441
5252	511	441
4701	98	442
2196	237	442
6003	268	442
13797	355	442
4102	477	442
13805	554	442
17010	109	443
15616	344	443
12121	435	443
16754	336	444
12282	340	444
12552	415	444
1687	530	444
1346	531	444
17262	45	445
4532	49	445
3309	58	445
1304	150	445
3606	167	445
5068	280	445
2041	364	445
7971	409	445
18350	511	445
4620	572	445
17343	30	446
10697	85	446
1537	201	446
14513	234	446
11872	410	446
3429	540	446
17591	56	447
9410	57	447
3998	81	447
13561	139	447
9980	151	447
17154	166	447
17494	170	447
1649	234	447
3458	236	447
18127	266	447
6629	267	447
15405	360	447
18185	371	447
15761	376	447
12337	380	447
2140	396	447
15750	461	447
9910	511	447
16821	540	447
16055	550	447
7254	553	447
12225	208	448
13329	153	449
6580	157	449
16535	222	449
13691	288	449
3335	301	449
11416	346	449
1741	379	449
12044	529	449
15132	54	450
8674	65	450
12555	67	450
18200	74	450
9126	111	450
6736	125	450
7697	324	450
7924	342	450
3957	344	450
1979	391	450
17448	403	450
10331	455	450
10170	475	450
15551	526	450
17880	541	450
7014	132	451
16211	188	451
17172	395	451
18106	491	451
7772	580	451
1636	7	452
16733	70	452
5747	108	452
1715	147	452
14603	301	452
9553	309	452
6372	454	452
16792	18	453
4317	28	453
17132	190	453
1129	234	453
10480	326	453
15782	456	453
8230	477	453
2474	537	453
7390	554	453
6094	582	453
7241	70	454
11769	108	454
16071	291	454
17537	392	454
2109	452	454
9975	514	454
17963	544	454
13872	324	455
1882	342	455
16553	344	455
17636	450	455
17937	475	455
721	526	455
4954	28	456
14292	100	456
10505	118	456
10945	200	456
3656	235	456
17541	270	456
2232	346	456
7895	357	456
13190	453	456
1526	21	457
1462	48	457
8610	102	457
13804	181	457
14850	313	457
4400	330	457
2169	390	457
1926	483	457
3396	551	457
8226	561	457
11606	156	458
4298	361	458
6912	391	458
15630	403	458
2804	541	458
13666	551	458
5947	573	458
9080	176	459
17628	233	459
12241	461	459
15624	536	459
15273	72	460
6741	172	460
10148	218	460
13935	287	460
4559	417	460
16330	5	461
14360	75	461
13133	94	461
8865	166	461
17420	176	461
5721	194	461
16710	233	461
12085	234	461
16902	266	461
18174	272	461
7962	277	461
1787	286	461
3127	344	461
12224	360	461
7280	380	461
14675	386	461
10216	421	461
12521	436	461
12628	447	461
14895	459	461
2485	484	461
1480	523	461
17947	536	461
16509	579	461
8220	2	462
12145	7	462
7425	40	462
9795	76	462
17079	168	462
18018	247	462
9192	355	462
13909	369	462
9244	543	462
14964	45	463
16862	65	463
13822	95	463
14710	129	463
5592	349	463
13824	511	463
9026	535	463
11994	208	464
6071	145	465
10347	215	465
5299	574	465
12757	60	466
5515	238	466
2977	241	466
3545	191	467
9574	294	467
18403	346	467
17427	35	468
2983	165	468
6999	294	468
11208	364	468
16583	526	468
827	562	468
17452	316	469
9229	409	469
6091	570	470
2791	52	471
7001	423	471
11598	471	471
14338	161	472
11655	169	472
16712	172	472
12494	193	472
3305	215	472
1788	216	472
8052	246	472
13853	347	472
17614	38	473
9409	42	473
11555	172	473
775	204	473
2556	205	473
2210	207	473
11874	265	473
6410	282	473
1068	336	473
4636	338	473
1711	411	473
4709	476	473
13984	480	473
13577	501	473
4890	15	474
4592	42	474
8103	406	474
13717	1	475
14660	49	475
4964	54	475
5320	55	475
13704	65	475
6069	129	475
11658	142	475
6516	145	475
2260	160	475
2390	261	475
7635	262	475
11824	280	475
17621	298	475
8062	342	475
16042	344	475
15349	383	475
12495	450	475
15261	455	475
18081	500	475
9102	526	475
15829	42	476
14766	133	476
5238	178	476
6657	205	476
14526	213	476
973	362	476
15812	473	476
7678	12	477
17901	28	477
5087	190	477
12408	442	477
9529	453	477
5206	485	477
17530	40	478
11188	105	478
17049	152	478
1897	212	478
15980	306	478
5271	502	478
2869	538	478
17872	547	478
5049	72	479
13605	177	479
2514	473	480
13563	501	480
17344	5	481
16787	131	481
17826	183	481
13906	226	481
12849	315	481
16112	583	481
15906	122	482
4861	183	482
6781	221	482
11865	344	482
15794	505	482
3735	583	482
10983	21	483
13700	48	483
12424	251	483
1781	264	483
5997	364	483
8879	457	483
16750	512	483
16962	561	483
1792	210	484
15252	272	484
1002	357	484
18292	430	484
17188	461	484
5879	523	484
15279	9	485
1416	18	485
2746	157	485
17098	193	485
10105	295	485
8088	354	485
5362	437	485
15324	477	485
8728	490	485
6693	498	485
9521	563	485
10357	585	485
1371	504	486
10062	511	486
5694	36	487
9174	45	487
9206	112	487
17197	240	487
6564	280	487
3057	511	487
16030	206	488
14034	319	488
16631	501	488
6557	423	489
6286	35	490
7540	78	490
16007	80	490
18347	92	490
12305	193	490
14694	207	490
14753	211	490
12858	312	490
6936	350	490
10775	382	490
14927	428	490
7046	485	490
1886	532	490
12906	19	491
4146	304	491
11183	400	491
3760	428	491
3979	433	491
6928	451	491
9057	577	491
17523	45	492
3559	229	492
11266	280	492
3445	432	492
7381	511	492
6096	147	493
16008	180	493
928	235	493
12262	270	493
6460	399	493
8010	44	494
3620	179	494
6704	243	494
12165	346	494
12153	395	494
8296	422	494
7648	513	494
12796	116	495
7997	183	495
9483	226	495
7694	315	495
3354	355	495
4894	426	495
16728	515	495
4621	586	495
12138	15	496
7197	62	496
7229	72	496
5963	172	496
15468	218	496
677	362	496
12925	534	496
10009	208	497
12278	9	498
14240	157	498
7380	224	498
17899	243	498
15768	295	498
3294	346	498
16946	434	498
9981	485	498
7142	101	499
13688	103	499
7464	425	499
4985	546	499
3592	49	500
9978	381	500
4612	409	500
9687	427	500
3694	475	500
13608	512	500
3675	38	501
1254	155	501
13394	205	501
11233	208	501
9417	319	501
2509	413	501
5160	473	501
3230	480	501
11406	488	501
18029	28	502
9364	105	502
4050	110	502
2897	120	502
13697	128	502
12798	196	502
10270	272	502
1160	284	502
3795	294	502
3223	318	502
12437	321	502
9874	346	502
10652	357	502
2513	360	502
13966	398	502
975	405	502
3278	434	502
12042	478	502
3137	503	502
16803	523	502
3930	547	502
11300	567	502
11548	110	503
5892	128	503
14836	284	503
2896	502	503
8538	329	504
18193	486	504
6149	511	504
17680	85	505
17442	94	505
16204	209	505
4164	482	505
10889	85	506
14739	117	506
15876	165	506
6797	169	506
3059	193	506
1812	410	506
16768	15	507
16727	42	507
14217	10	508
7846	93	508
16317	308	508
3748	423	508
3729	182	509
9037	200	509
16758	245	509
5800	430	509
13269	434	509
12375	140	510
5426	274	510
3164	302	510
10838	36	511
10799	43	511
12736	45	511
11381	112	511
621	129	511
899	150	511
12480	158	511
14306	229	511
2980	232	511
10735	263	511
4204	280	511
2797	281	511
10402	311	511
11933	329	511
3241	349	511
4519	394	511
6716	409	511
15881	432	511
3177	441	511
11257	445	511
638	447	511
18276	463	511
2969	486	511
8808	487	511
2465	492	511
1735	504	511
2023	512	511
7823	542	511
14995	569	511
6940	572	511
17611	20	512
1157	35	512
9786	129	512
8385	192	512
16968	364	512
17345	483	512
15639	500	512
7866	511	512
15693	44	513
4909	78	513
4544	127	513
3805	494	513
8170	518	513
2683	368	514
11830	392	514
8131	454	514
13729	41	515
5777	237	515
8792	247	515
9200	268	515
13164	283	515
6245	315	515
5731	355	515
15484	365	515
12387	495	515
9990	42	516
1689	86	517
9938	134	517
3378	244	517
9773	335	517
12442	531	517
8832	78	518
985	127	518
5490	173	518
15096	428	518
2845	433	518
15263	513	518
5778	588	518
10166	546	519
13244	49	520
11944	167	520
17130	280	520
3697	328	520
12652	10	521
5303	31	521
5568	230	521
5832	327	521
15319	278	522
8822	409	522
14574	90	523
17644	410	523
4138	434	523
17552	461	523
7530	484	523
16244	502	523
2645	33	524
6254	91	524
656	104	524
8196	107	524
5868	136	524
11111	183	524
11344	231	524
3926	399	524
3061	39	525
10610	163	525
5552	179	525
5413	382	525
12938	577	525
16374	1	526
14874	49	526
15664	55	526
9709	65	526
5134	95	526
8069	142	526
4433	188	526
7675	273	526
11142	328	526
4820	342	526
3804	381	526
3873	383	526
8433	450	526
2499	455	526
12348	468	526
4168	475	526
1176	542	526
17522	15	527
1726	580	528
10790	9	529
3745	39	529
14735	334	529
16668	449	529
4047	205	530
17127	213	530
16479	217	530
3210	259	530
16537	340	530
10044	444	530
12355	185	531
5420	244	531
16170	335	531
3921	340	531
1772	352	531
17642	413	531
16434	444	531
12244	517	531
7646	557	531
4206	12	532
10892	59	532
3446	80	532
17174	186	532
6584	382	532
4458	397	532
2112	490	532
4347	219	533
9834	252	533
17418	325	533
13034	577	533
7604	61	534
11570	62	534
10629	72	534
7351	172	534
1730	218	534
1196	496	534
10655	30	535
6666	98	535
6449	126	535
11056	144	535
995	463	535
2221	5	536
13940	176	536
7350	233	536
11007	357	536
5177	360	536
9621	459	536
8877	461	536
1206	18	537
3899	199	537
11743	313	537
7518	453	537
16737	14	538
4583	107	538
3349	182	538
10794	258	538
1121	269	538
7816	284	538
17631	291	538
3730	478	538
6816	579	538
17348	13	539
6235	27	539
8194	57	539
14056	209	539
6868	232	539
17986	247	539
17227	263	539
1116	264	539
8843	299	539
7171	569	539
15589	94	540
2898	234	540
10308	266	540
12675	410	540
8834	413	540
6057	446	540
7771	447	540
3846	125	541
13767	266	541
10768	324	541
18399	383	541
5277	450	541
8605	458	541
4120	564	541
17805	58	542
9950	95	542
1292	150	542
12453	511	542
9492	526	542
7029	572	542
1647	29	543
10664	168	543
4754	365	543
4589	434	543
4363	462	543
8174	544	543
15480	549	543
9667	556	543
4114	41	544
13282	199	544
1175	228	544
3093	299	544
12574	365	544
11858	454	544
10201	543	544
11350	49	545
3660	142	545
7666	145	545
3975	172	545
15816	216	545
10597	381	545
11298	548	545
4226	101	546
15065	359	546
6948	425	546
5741	429	546
17465	499	546
15066	519	546
15684	105	547
16280	284	547
852	357	547
18348	478	547
9311	502	547
10087	23	548
8266	49	548
6818	68	548
3555	160	548
1456	172	548
3343	204	548
12217	277	548
1419	336	548
12113	411	548
9825	413	548
18154	545	548
5939	12	549
17839	41	549
13468	69	549
16125	123	549
11854	126	549
16680	237	549
16116	543	549
11209	16	550
1288	81	550
8880	139	550
15537	181	550
11118	266	550
9290	447	550
14386	156	551
8128	192	551
8509	271	551
15672	324	551
11426	390	551
6113	426	551
9044	457	551
10435	458	551
17910	70	552
853	107	552
18091	118	552
14913	187	552
17090	258	552
9896	348	552
15433	266	553
16580	380	553
8529	447	553
11660	27	554
3487	69	554
2149	98	554
12484	123	554
4384	190	554
4097	442	554
2705	453	554
2139	293	555
17329	29	556
12043	123	556
5135	187	556
1340	196	556
632	200	556
8267	237	556
15377	343	556
5529	389	556
5591	543	556
5215	94	557
7936	156	557
12214	206	557
4508	209	557
11378	352	557
2373	531	557
5164	2	558
4188	204	558
15520	274	558
4113	282	558
14266	338	558
15541	355	558
18157	58	559
11063	92	559
10450	95	559
10123	132	559
3844	242	559
18436	279	559
2078	300	559
14966	354	559
16426	427	559
4104	293	560
17855	18	561
15631	21	561
6137	48	561
15777	264	561
14947	354	561
7240	390	561
1782	457	561
17847	483	561
7091	33	562
10552	149	562
17291	269	562
1765	344	562
5812	358	562
3460	399	562
3808	468	562
2358	9	563
10608	39	563
17570	157	563
13654	179	563
2723	222	563
9432	428	563
7487	485	563
9858	67	564
9514	125	564
7337	156	564
3360	192	564
12492	195	564
10558	541	564
16240	99	565
11643	317	565
17397	230	566
17713	297	566
7075	317	566
14783	370	566
5028	586	566
1451	269	567
4013	321	567
7365	398	567
1248	502	567
15148	317	568
10736	45	569
13755	158	569
13597	232	569
2367	263	569
7217	280	569
12068	311	569
3006	432	569
11540	511	569
16671	539	569
13864	202	570
17508	303	570
7391	322	570
6477	470	570
18309	587	570
930	143	571
16652	230	571
15456	45	572
15976	49	572
10290	150	572
11864	167	572
6935	280	572
4992	409	572
6917	445	572
2119	511	572
11309	542	572
2124	11	573
2814	33	573
17045	122	573
15280	131	573
10485	156	573
10085	194	573
9289	250	573
3848	391	573
15666	458	573
3096	586	573
11433	23	574
8871	214	574
17792	216	574
9771	262	574
4515	465	574
17654	42	575
2622	178	575
18186	17	576
1797	45	576
4807	49	576
7017	167	576
17186	280	576
12645	87	577
4465	169	577
2679	185	577
4261	206	577
10190	219	577
12853	275	577
3128	491	577
8813	525	577
12758	533	577
1910	187	578
10003	200	578
8586	243	578
2435	307	578
10625	357	578
4404	389	578
5925	430	578
15303	434	578
1134	33	579
15626	149	579
2137	269	579
4910	358	579
1875	399	579
12198	461	579
14527	538	579
4105	121	580
15499	132	580
7292	143	580
10878	220	580
4449	347	580
9441	381	580
12717	395	580
2776	403	580
718	451	580
8363	528	580
11634	172	581
15022	335	581
18071	413	581
3490	58	582
10311	181	582
4173	186	582
13869	255	582
17674	264	582
816	295	582
7629	437	582
7959	453	582
5886	585	582
1430	5	583
17725	91	583
6547	183	583
7272	221	583
9268	250	583
15605	344	583
8584	481	583
2874	482	583
13939	15	584
9979	37	585
6707	186	585
17032	268	585
11397	295	585
11012	437	585
13165	485	585
12030	582	585
17816	63	586
17123	94	586
17974	148	586
17956	174	586
13562	203	586
680	209	586
2724	255	586
5063	418	586
4938	495	586
17411	566	586
15867	573	586
12318	133	587
17682	322	587
1044	570	587
18079	99	588
17207	518	588
