14445	55	1
3485	65	1
2155	298	1
12257	475	1
3236	526	1
18120	41	2
16945	87	2
996	102	2
3958	116	2
9671	126	2
7206	247	2
7897	274	2
12197	355	2
835	369	2
868	385	2
8064	462	2
16508	558	2
12143	103	3
6026	408	3
14988	546	3
18227	108	4
9910	146	4
18413	368	4
5464	392	4
14863	176	5
16823	226	5
749	286	5
9795	386	5
10243	461	5
14265	481	5
6185	536	5
9219	583	5
13935	72	6
5462	172	6
9107	218	6
13533	8	7
15883	228	7
3898	365	7
16261	452	7
15334	462	7
10782	7	8
13874	157	8
8786	186	8
16008	301	8
14389	350	8
7349	414	8
16936	39	9
3981	123	9
7301	157	9
6537	179	9
3569	346	9
2341	382	9
4937	397	9
7414	485	9
4655	498	9
14057	529	9
10927	563	9
1428	378	10
13892	379	10
13593	431	10
9692	508	10
17447	521	10
4020	59	11
3185	116	11
1337	166	11
17051	181	11
2723	256	11
1768	376	11
1336	573	11
1714	18	12
5953	295	12
1632	477	12
7065	532	12
7747	549	12
9312	57	13
3758	84	13
1138	99	13
13672	421	13
17421	518	13
17709	539	13
9275	69	14
3633	84	14
2025	107	14
1594	258	14
14602	291	14
7984	332	14
14165	410	14
12574	538	14
11115	42	15
9655	61	15
8484	62	15
7762	64	15
16605	83	15
7752	208	15
13153	339	15
14287	372	15
1247	438	15
8801	474	15
18268	476	15
12076	496	15
16842	507	15
17398	527	15
17851	534	15
9730	584	15
5237	139	16
10435	255	16
6744	405	16
10077	539	16
13279	550	16
3351	45	17
5715	167	17
10134	328	17
18251	356	17
14839	576	17
17792	12	18
15104	21	18
6101	35	18
4718	190	18
3337	198	18
13915	326	18
9830	437	18
10186	453	18
8107	485	18
17876	537	18
6572	561	18
6721	60	19
10143	219	19
17422	428	19
16420	491	19
4608	21	20
13718	27	20
8300	48	20
5890	192	20
8823	261	20
14312	354	20
1692	390	20
11526	512	20
10281	18	21
10517	20	21
9268	27	21
8560	48	21
7405	102	21
16838	116	21
12313	181	21
4591	264	21
8736	299	21
10619	457	21
2804	483	21
4898	561	21
16704	208	22
16065	216	23
16720	262	23
10178	300	23
17499	381	23
659	548	23
13627	574	23
9181	42	24
11844	208	25
3464	178	26
1602	20	27
4562	21	27
7343	165	27
9861	201	27
8562	203	27
9585	299	27
4214	539	27
15944	554	27
10553	100	28
14744	318	28
6871	453	28
3878	456	28
3118	477	28
6172	502	28
7809	98	29
7470	123	29
15134	165	29
12429	168	29
2042	210	29
15091	226	29
2353	233	29
4152	237	29
6322	245	29
11740	389	29
7320	543	29
17559	55	30
9442	199	30
13338	285	30
3072	390	30
13870	446	30
13817	535	30
14516	143	31
15588	173	31
18404	314	31
2049	521	31
12223	34	32
11163	117	32
16320	203	32
18389	220	32
7139	299	32
6746	426	32
11255	75	33
18410	91	33
16350	104	33
14817	136	33
1579	149	33
16168	227	33
9931	231	33
10260	256	33
10295	283	33
9920	291	33
10919	315	33
2779	330	33
5484	358	33
10017	365	33
4291	384	33
6785	524	33
1140	562	33
13697	573	33
5310	579	33
10346	32	34
15416	116	34
16012	362	34
2333	411	34
14014	476	34
17399	18	35
6005	48	35
5829	58	35
7737	132	35
12880	188	35
10196	211	35
669	242	35
16551	273	35
1627	364	35
5658	390	35
11198	395	35
12729	468	35
6170	490	35
11698	512	35
11479	112	36
2645	220	36
3350	418	36
1503	487	36
7560	511	36
17169	72	37
13666	255	37
9948	355	37
5214	585	37
15959	124	38
18288	184	38
6052	230	38
7675	473	38
11390	501	38
4392	9	39
15097	198	39
17606	525	39
9083	529	39
1474	563	39
15789	140	40
9723	152	40
4551	212	40
6538	306	40
14601	348	40
1722	462	40
9110	2	41
15820	183	41
11028	198	41
11490	247	41
12136	268	41
2725	365	41
11594	515	41
12650	544	41
17941	549	41
14204	15	42
11856	24	42
12869	64	42
14319	83	42
8740	178	42
5689	337	42
13346	339	42
9739	372	42
16769	473	42
15342	474	42
10975	476	42
7599	507	42
10332	516	42
5499	575	42
9097	160	43
18432	329	43
14504	511	43
6527	100	44
8468	127	44
7091	225	44
2071	310	44
13891	494	44
10141	513	44
7746	17	45
17843	68	45
10406	73	45
12797	130	45
15404	150	45
13775	151	45
2028	158	45
14362	160	45
4165	167	45
16495	170	45
891	204	45
13510	229	45
15873	232	45
10161	263	45
17766	280	45
14636	311	45
12034	328	45
3718	356	45
6862	374	45
13211	394	45
18311	396	45
8092	409	45
6008	411	45
8493	432	45
14573	445	45
3146	463	45
11958	487	45
10448	492	45
5304	569	45
15962	572	45
1781	576	45
18002	278	46
5078	316	46
5874	320	46
5259	409	46
16361	302	47
2004	419	47
10653	20	48
4684	21	48
2057	35	48
16693	390	48
15904	395	48
4639	457	48
6362	483	48
17224	561	48
702	142	49
9296	150	49
8263	160	49
11267	167	49
4352	409	49
1873	445	49
17115	475	49
4890	500	49
12139	520	49
1341	526	49
7637	545	49
11923	572	49
8185	576	49
2337	423	50
616	72	51
15120	177	51
4200	52	52
14624	141	52
9117	154	52
1815	164	52
17647	189	52
10996	248	52
18040	260	52
16625	327	52
5538	353	52
3241	375	52
15481	423	52
9344	431	52
15981	471	52
2395	54	53
2102	74	53
1981	344	53
14658	53	54
17611	81	54
11363	344	54
14292	450	54
10342	475	54
6075	1	55
15539	30	55
14390	121	55
5171	132	55
16817	229	55
919	240	55
16571	285	55
8296	377	55
16142	390	55
17400	403	55
7855	475	55
16200	526	55
7522	166	56
4580	195	56
13953	376	56
5165	447	56
15919	13	57
15330	144	57
14529	268	57
17734	447	57
7768	539	57
11870	35	58
18194	95	58
2519	167	58
8998	349	58
6802	445	58
6431	483	58
11125	542	58
12457	559	58
16444	582	58
4731	11	59
3767	256	59
16333	257	59
16813	307	59
18312	532	59
4092	19	60
14259	99	60
9259	317	60
8420	466	60
680	15	61
9454	72	61
908	172	61
12432	218	61
12923	15	62
4995	72	62
1906	172	62
1964	218	62
16689	362	62
9677	75	63
4717	98	63
4911	183	63
11855	210	63
18264	268	63
9002	388	63
18387	416	63
4529	586	63
6205	15	64
5549	42	64
9646	1	65
14542	129	65
15720	262	65
9695	383	65
16979	403	65
11608	450	65
16219	463	65
3961	475	65
12051	526	65
14367	151	66
17961	210	66
16646	233	66
9918	239	66
18377	266	66
18188	324	66
6323	403	66
11336	125	67
16944	194	67
11129	344	67
8601	450	67
10311	564	67
15686	45	68
1292	114	68
8137	204	68
11228	277	68
7133	362	68
2777	548	68
10266	14	69
14231	98	69
9362	148	69
11480	237	69
2348	365	69
11245	416	69
9815	549	69
10684	554	69
1677	348	70
6555	452	70
15372	454	70
4083	552	70
14649	140	71
13686	146	71
4871	164	71
4556	189	71
11714	248	71
14338	260	71
2272	375	71
10559	402	71
2576	423	71
744	471	71
742	6	72
15041	37	72
15834	51	72
5111	61	72
9923	62	72
3383	135	72
4792	177	72
4337	197	72
15546	277	72
14001	282	72
7353	287	72
16895	292	72
11077	333	72
8728	338	72
6939	362	72
4436	409	72
12597	411	72
9762	412	72
14770	417	72
3957	424	72
15455	460	72
3419	479	72
9969	496	72
7156	534	72
1538	45	73
6534	264	73
16097	290	73
14372	53	74
9638	125	74
9052	324	74
8256	335	74
4986	344	74
18230	418	74
2292	450	74
11776	33	75
1323	63	75
1053	120	75
3574	286	75
13590	321	75
15862	367	75
13005	386	75
11552	399	75
13762	461	75
6619	291	76
6046	306	76
7629	313	76
9368	355	76
12885	462	76
12920	101	77
7716	296	77
2433	153	78
2982	163	78
3064	238	78
15468	350	78
18430	422	78
5199	490	78
12939	513	78
3233	518	78
13448	208	79
12978	186	80
9907	211	80
5714	238	80
1887	295	80
16692	382	80
15111	483	80
4091	490	80
18426	532	80
16453	549	80
8558	54	81
10237	129	81
2254	181	81
4393	195	81
11954	364	81
1941	447	81
8379	208	82
5116	15	83
9122	42	83
761	13	84
4204	14	84
14488	252	84
13792	271	84
1777	332	84
1331	393	84
11138	397	84
10247	117	85
1010	165	85
12088	201	85
17986	208	85
7841	289	85
14451	410	85
17710	446	85
2411	505	85
14200	413	86
13563	517	86
16880	2	87
4922	100	87
3554	223	87
6291	237	87
8272	257	87
8759	367	87
3044	405	87
16579	577	87
4502	172	88
2963	215	88
17238	246	88
11001	239	89
10302	286	89
15153	344	89
1989	435	89
5367	257	90
7256	357	90
7429	398	90
15371	523	90
7977	33	91
4912	104	91
9022	136	91
16438	183	91
17027	227	91
3000	231	91
4412	344	91
9637	399	91
12150	524	91
3162	583	91
5639	169	92
17901	185	92
11523	193	92
15931	217	92
6076	312	92
14550	393	92
17950	490	92
13090	559	92
12776	419	93
11600	423	93
1058	508	93
5509	148	94
13727	206	94
6117	344	94
10140	461	94
5824	505	94
15038	557	94
2037	586	94
8262	58	95
3597	161	95
6218	167	95
13185	188	95
829	218	95
1918	220	95
2300	261	95
15540	273	95
16642	427	95
3490	463	95
9688	465	95
9906	526	95
2064	542	95
9491	559	95
1963	408	96
2899	206	97
9079	521	97
10191	29	98
791	63	98
11208	69	98
14113	120	98
6767	237	98
13128	442	98
10686	535	98
5266	554	98
16561	13	99
6576	60	99
4486	113	99
7968	407	99
2390	451	99
10341	588	99
2912	28	100
6765	44	100
9379	87	100
7395	203	100
13701	405	100
18178	456	100
7537	77	101
15739	373	101
1948	429	101
5606	499	101
2330	546	101
2770	2	102
10558	21	102
11901	181	102
4232	457	102
11559	3	103
948	319	103
6724	408	103
12421	413	103
14786	499	103
14476	33	104
5177	91	104
16056	183	104
14413	309	104
11194	358	104
11171	399	104
885	524	104
5532	284	105
5888	357	105
6838	478	105
10675	502	105
8013	547	105
12398	253	106
15052	297	106
7276	317	106
9106	14	107
17093	258	107
10835	271	107
14882	291	107
6830	309	107
15459	345	107
7654	365	107
7270	399	107
13755	538	107
17699	552	107
10046	4	108
17415	140	108
5163	452	108
15268	454	108
10649	344	109
3019	443	109
4182	128	110
15352	182	110
7505	430	110
12165	434	110
17497	502	110
1340	503	110
16614	509	110
17816	324	111
3532	361	111
1432	403	111
15503	450	111
12315	36	112
11340	220	112
16215	233	112
3040	418	112
16735	487	112
12955	511	112
5460	99	113
10368	225	113
14815	241	113
8338	248	113
2828	305	113
7896	350	113
11264	400	113
6060	68	114
5766	362	114
9280	143	115
1812	317	115
2845	366	115
15165	2	116
18479	11	116
17904	21	116
4466	34	116
3041	332	116
4540	355	116
17261	495	116
7879	32	117
14388	85	117
7699	165	117
14219	201	117
16177	272	117
3705	410	117
14184	506	117
11626	196	118
6668	200	118
3951	318	118
10765	348	118
10284	357	118
7138	456	118
6934	502	118
2432	552	118
13516	146	119
17618	301	119
7515	332	119
15150	334	119
17841	392	119
12185	402	119
7322	75	120
8141	98	120
15815	165	120
14696	168	120
1547	187	120
12104	231	120
14282	284	120
1235	321	120
12728	357	120
17108	386	120
17410	399	120
14845	410	120
17480	436	120
9479	502	120
5361	55	121
9168	220	121
3352	377	121
11071	426	121
10989	580	121
15832	192	122
2832	209	122
7042	221	122
13407	283	122
15043	482	122
17593	551	122
6820	573	122
13807	9	123
1790	29	123
10475	152	123
5991	196	123
15016	237	123
14714	549	123
5119	554	123
18262	556	123
11064	38	124
17959	206	124
7417	223	124
14858	325	124
18218	366	124
17688	67	125
12876	74	125
6795	156	125
12155	192	125
18207	195	125
1437	261	125
8136	324	125
13995	342	125
15764	344	125
6806	383	125
9088	450	125
13337	541	125
12894	564	125
9099	2	126
13226	247	126
17514	330	126
16162	355	126
2524	535	126
16429	549	126
10497	44	127
16745	225	127
12919	405	127
2334	428	127
13263	513	127
6064	518	127
5139	110	128
10659	245	128
12688	343	128
10328	357	128
16783	502	128
4864	503	128
7375	65	129
8370	81	129
9668	463	129
6818	475	129
644	511	129
12974	512	129
1317	45	130
14878	167	130
12884	356	130
11754	148	131
13480	226	131
11611	239	131
8277	250	131
12335	397	131
6928	403	131
10634	481	131
15998	573	131
14507	35	132
1705	55	132
2416	188	132
17466	300	132
10168	426	132
2331	433	132
1115	451	132
17361	559	132
11213	241	133
15347	319	133
10019	411	133
14373	476	133
9639	501	133
1500	213	134
9994	215	134
9831	259	134
1679	517	134
9708	72	135
13696	424	135
16032	33	136
2552	91	136
7843	183	136
17513	231	136
12691	344	136
1031	399	136
1430	524	136
7410	243	137
12892	288	137
12711	413	138
14671	16	139
6949	181	139
11108	447	139
1731	550	139
2738	40	140
6868	71	140
15701	108	140
13485	306	140
3372	368	140
13646	414	140
11265	510	140
13342	52	141
8202	141	141
14045	423	141
14175	49	142
2631	145	142
1652	215	142
2490	216	142
18325	298	142
11858	475	142
4654	526	142
846	545	142
13405	31	143
16795	115	143
18159	175	143
15512	230	143
5395	249	143
13597	276	143
14688	297	143
9727	347	143
3432	366	143
10970	439	143
1483	566	143
10688	571	143
13180	580	143
4049	57	144
5971	355	144
5301	388	144
11065	395	144
8195	535	144
1673	142	145
4170	167	145
11042	214	145
998	374	145
7453	381	145
5531	465	145
5848	475	145
16672	545	145
6497	4	146
12778	71	146
14475	119	146
2456	162	146
2865	414	146
17536	301	147
2289	392	147
1992	399	147
17842	452	147
15307	493	147
12765	69	148
1669	94	148
15430	131	148
14626	234	148
6618	240	148
10983	344	148
12570	586	148
13841	33	149
15283	183	149
3982	344	149
6656	384	149
7811	399	149
8187	562	149
13832	579	149
16796	45	150
8571	49	150
8920	167	150
15464	280	150
14407	409	150
3148	445	150
4053	511	150
8077	542	150
9603	572	150
7021	45	151
1765	66	151
6058	170	151
9404	396	151
15520	447	151
2329	461	151
1544	40	152
12930	123	152
11210	200	152
3769	212	152
17575	256	152
6674	478	152
13888	78	153
8502	163	153
6069	191	153
932	222	153
7141	235	153
7117	346	153
5216	449	153
13392	52	154
5940	154	154
1877	423	154
2229	205	155
2014	400	155
13484	501	155
11767	125	156
5562	376	156
1495	391	156
11803	458	156
14255	551	156
15292	557	156
7551	564	156
16506	573	156
5702	8	157
7624	9	157
10871	449	157
6926	498	157
1175	563	157
3547	45	158
5424	232	158
10113	263	158
4094	280	158
14924	394	158
4371	511	158
8142	569	158
7886	161	159
964	205	159
6275	218	159
8974	246	159
8166	43	160
14987	45	160
15429	49	160
15570	167	160
3824	285	160
13343	290	160
15197	298	160
17419	380	160
9128	391	160
18026	475	160
4946	548	160
14326	95	161
8333	159	161
16275	205	161
15614	472	161
12418	146	162
1588	402	162
2211	78	163
8794	153	163
15350	179	163
10949	243	163
4399	422	163
8147	525	163
11176	52	164
6152	71	164
2418	164	164
8556	351	164
4661	27	165
18142	29	165
14955	85	165
11160	117	165
2032	120	165
5263	210	165
4036	406	165
11402	410	165
11465	468	165
13854	506	165
6966	11	166
11718	56	166
15566	360	166
15600	421	166
14137	447	166
3028	461	166
3059	17	167
8682	45	167
15428	49	167
10087	58	167
14607	95	167
1067	130	167
17188	145	167
15785	150	167
9686	160	167
6529	266	167
786	280	167
15121	328	167
14496	356	167
16246	374	167
11568	409	167
10788	445	167
1017	520	167
9364	572	167
6338	576	167
10972	29	168
6187	120	168
9581	224	168
1338	227	168
7973	228	168
16080	245	168
16775	309	168
14357	365	168
13399	462	168
1557	543	168
3693	92	169
3375	185	169
7467	193	169
10920	211	169
5203	218	169
17712	252	169
1445	275	169
8978	300	169
13450	312	169
7650	393	169
12820	472	169
16423	485	169
4786	506	169
3164	577	169
17515	45	170
6984	151	170
10248	329	170
16829	447	170
2532	461	170
4004	278	171
2745	409	171
3169	440	171
15151	6	172
8019	61	172
14331	62	172
8454	88	172
11510	197	172
14534	204	172
8544	215	172
3661	265	172
5446	282	172
6788	287	172
2151	292	172
8840	333	172
12786	336	172
1775	338	172
17578	411	172
2021	412	172
8432	413	172
5211	417	172
3674	460	172
14710	472	172
8044	473	172
16709	496	172
14163	534	172
1860	545	172
11430	548	172
16116	581	172
17331	31	173
1295	317	173
16047	518	173
10431	324	174
5323	403	174
3445	418	174
896	426	174
2273	586	174
17394	143	175
18149	230	175
6702	276	175
3616	317	175
15168	366	175
17741	5	176
9255	233	176
17902	357	176
9422	360	176
7870	421	176
17935	459	176
2380	461	176
7327	536	176
1368	51	177
5712	72	177
6490	479	177
8917	26	178
11182	42	178
17087	387	178
14209	476	178
2222	9	179
3519	163	179
10847	397	179
18457	494	179
8499	525	179
11540	563	179
11650	187	180
8626	191	180
16198	224	180
2941	346	180
5093	493	180
16793	11	181
15699	21	181
6399	81	181
4857	102	181
12567	139	181
2366	264	181
14235	299	181
12709	457	181
17278	550	181
8121	582	181
8916	110	182
854	309	182
4132	357	182
17548	430	182
16541	434	182
12046	538	182
8787	41	183
16548	63	183
1505	91	183
4899	104	183
12332	136	183
14606	149	183
8346	210	183
9276	221	183
14672	231	183
14680	239	183
3828	344	183
15212	384	183
5032	399	183
7247	481	183
9939	482	183
10421	495	183
16653	524	183
15432	562	183
6090	583	183
8522	38	184
9504	293	184
16387	305	184
3206	322	184
6084	501	184
17324	92	185
14146	169	185
13769	193	185
15164	219	185
1671	312	185
16428	335	185
14172	352	185
3022	382	185
2905	393	185
13955	531	185
1087	577	185
6649	8	186
4414	80	186
13402	295	186
18382	532	186
14143	582	186
4434	585	186
14225	120	187
2579	180	187
15322	196	187
15413	389	187
9187	552	187
14561	556	187
7757	578	187
16663	35	188
15947	95	188
12080	132	188
2592	273	188
3666	300	188
6565	395	188
5143	426	188
9883	451	188
10462	526	188
10610	52	189
16189	71	189
10007	189	189
18242	423	189
13275	18	190
7356	326	190
11474	453	190
6415	477	190
12773	153	191
2583	180	191
594	222	191
15288	334	191
6496	346	191
5664	422	191
11318	467	191
7487	20	192
8882	122	192
10127	125	192
8559	512	192
13852	551	192
5188	564	192
17612	92	193
14691	169	193
7244	185	193
11979	246	193
11031	279	193
8969	300	193
16285	312	193
16889	354	193
6577	393	193
3996	472	193
14751	485	193
971	490	193
11294	506	193
10384	67	194
10862	221	194
3104	250	194
12575	286	194
8080	344	194
6410	461	194
3654	573	194
1176	56	195
15070	81	195
11771	125	195
9273	321	195
15040	564	195
16081	118	196
10232	123	196
4015	187	196
9186	200	196
12937	223	196
9982	502	196
10691	556	196
13612	72	197
17561	172	197
3378	218	197
12638	18	198
5723	39	198
7125	41	198
8885	228	198
12598	270	198
16425	275	198
9595	493	198
6258	30	199
2336	239	199
12490	255	199
7932	324	199
8165	410	199
11394	426	199
6881	537	199
12805	544	199
18206	118	200
6142	152	200
10283	196	200
17731	203	200
8232	318	200
7194	348	200
3506	357	200
17222	456	200
12532	502	200
5561	509	200
14256	556	200
6787	578	200
14116	27	201
9528	85	201
6328	117	201
3412	410	201
8444	434	201
11050	446	201
9450	570	202
2709	27	203
11550	32	203
2166	100	203
7415	200	203
10673	255	203
16733	294	203
15396	409	203
17026	586	203
9796	45	204
13605	68	204
5922	172	204
5649	411	204
2031	473	204
13763	548	204
11892	558	204
17393	155	205
14467	159	205
11059	161	205
13545	207	205
4058	217	205
14774	241	205
3068	265	205
3734	415	205
11689	473	205
18005	476	205
956	480	205
3487	488	205
17553	501	205
4458	530	205
2562	94	206
14419	97	206
1646	124	206
1051	304	206
16919	325	206
4386	335	206
16673	488	206
843	557	206
9281	577	206
14778	205	207
1287	265	207
11697	437	207
5746	473	207
4130	490	207
10902	15	208
12518	22	208
3224	25	208
6432	79	208
16384	82	208
979	85	208
3087	254	208
3909	404	208
16336	448	208
16751	464	208
16500	497	208
9472	501	208
11174	122	209
6836	306	209
1523	312	209
15360	313	209
17000	410	209
3299	505	209
5417	539	209
3671	557	209
10668	586	209
6217	29	210
10669	63	210
1709	66	210
11961	165	210
1288	183	210
3242	226	210
9532	257	210
18324	416	210
1438	436	210
5936	484	210
16950	35	211
12609	80	211
13883	169	211
17586	218	211
17170	295	211
10013	312	211
1583	354	211
7523	40	212
14094	152	212
4763	318	212
1721	348	212
1310	478	212
4753	134	213
10994	216	213
5608	312	213
9333	476	213
14594	530	213
16864	145	214
4693	415	214
11843	574	214
14294	88	215
10085	134	215
6681	142	215
16383	172	215
2728	246	215
2022	472	215
17109	23	216
11351	142	216
17942	213	216
16013	246	216
15253	279	216
4113	381	216
2024	472	216
18445	545	216
11358	574	216
12956	92	217
2308	205	217
16358	530	217
4105	6	218
1185	61	218
5145	62	218
11966	95	218
14500	159	218
14631	169	218
18253	197	218
16582	211	218
2872	252	218
12238	287	218
6013	292	218
16108	333	218
9895	378	218
4396	412	218
16359	417	218
9524	460	218
17973	496	218
17247	534	218
3712	19	219
3747	185	219
13905	275	219
3743	312	219
4354	533	219
4840	577	219
2636	32	220
9715	36	220
15791	95	220
672	112	220
14655	121	220
13300	261	220
9350	262	220
13230	324	220
6003	377	220
1206	383	220
12685	463	220
11069	122	221
5993	183	221
8229	194	221
1622	344	221
5908	482	221
13616	573	221
2871	583	221
2204	153	222
13651	191	222
9521	346	222
14152	449	222
8439	563	222
17675	87	223
8190	124	223
16922	196	223
12417	405	223
10950	168	224
10657	180	224
7404	238	224
15215	295	224
1966	301	224
9087	493	224
11180	498	224
10116	44	225
15196	113	225
11745	127	225
11720	241	225
12028	350	225
12751	400	225
3376	439	225
8108	5	226
13430	29	226
14867	131	226
12236	210	226
661	233	226
3545	267	226
11544	481	226
9408	495	226
15770	33	227
3157	91	227
7541	168	227
9632	233	227
8810	315	227
18351	330	227
2788	7	228
3559	168	228
17403	198	228
1648	270	228
12599	299	228
18323	452	228
13296	544	228
8833	45	229
18371	55	229
14532	280	229
17736	406	229
917	492	229
937	511	229
6745	38	230
9378	143	230
11468	175	230
8757	276	230
12860	304	230
4959	305	230
3827	341	230
16953	366	230
11304	439	230
18097	521	230
13001	566	230
15925	571	230
4039	33	231
12484	91	231
10507	120	231
17601	136	231
11094	183	231
6522	330	231
6950	399	231
14195	524	231
3730	45	232
15440	158	232
8329	263	232
16901	280	232
2228	311	232
8694	432	232
17054	511	232
2685	539	232
14981	569	232
8470	29	233
13823	66	233
17063	112	233
4519	176	233
5040	226	233
5633	227	233
12981	272	233
4145	360	233
8596	376	233
4326	389	233
3499	459	233
12426	461	233
4193	484	233
2208	536	233
16360	148	234
3457	446	234
4162	447	234
7499	453	234
14570	461	234
1943	540	234
17330	554	234
6657	153	235
9244	318	235
13956	346	235
9058	456	235
3456	493	235
10049	371	236
15450	447	236
12444	29	237
5392	69	237
12636	87	237
6569	98	237
10312	123	237
17974	256	237
14966	257	237
4905	343	237
14800	442	237
15023	502	237
7034	549	237
15837	556	237
3463	78	238
2389	80	238
17523	224	238
16099	251	238
10174	402	238
15556	466	238
10758	66	239
13126	89	239
13182	131	239
17858	183	239
15824	199	239
16079	344	239
16374	361	239
16530	55	240
13526	148	240
8029	418	240
6235	487	240
15015	113	241
10545	133	241
15941	205	241
12777	225	241
14190	305	241
8712	317	241
9634	431	241
7382	466	241
8156	35	242
7123	273	242
13108	279	242
8793	300	242
3001	340	242
18172	381	242
10581	559	242
15458	137	243
10511	163	243
15855	422	243
5360	433	243
9933	494	243
6334	498	243
17390	578	243
7800	517	244
4197	531	244
6109	29	245
14951	128	245
5828	168	245
15137	343	245
6530	434	245
13760	509	245
8878	88	246
2768	159	246
2815	193	246
14904	215	246
606	216	246
13996	472	246
2055	2	247
12491	41	247
15708	126	247
12811	355	247
5987	462	247
15267	539	247
9812	52	248
1791	71	248
13111	113	248
847	248	248
6116	351	248
16982	368	248
4120	143	249
13687	131	250
13479	194	250
11386	286	250
4542	344	250
11229	573	250
13370	583	250
16638	238	251
11004	483	251
1532	84	252
16158	169	252
18260	218	252
3120	259	252
4924	340	252
5616	352	252
5583	420	252
9490	533	252
17276	106	253
3970	317	253
5575	331	253
12830	565	253
5590	208	254
14307	16	255
5748	37	255
14118	199	255
15223	203	255
14032	367	255
4099	409	255
14199	582	255
11438	586	255
11746	11	256
6528	33	256
11640	59	256
5526	152	256
17090	237	256
16274	269	256
16311	315	256
17589	418	256
6372	538	256
17691	59	257
10824	87	257
8450	90	257
1806	210	257
17328	237	257
7178	416	257
6755	14	258
14826	107	258
17321	291	258
8923	306	258
15461	345	258
17265	399	258
2604	552	258
10264	134	259
2910	252	259
12818	340	259
8690	530	259
2415	52	260
15522	71	260
1953	260	260
13424	351	260
8049	20	261
2956	95	261
14007	125	261
3288	220	261
17891	273	261
8662	324	261
6267	383	261
13632	475	261
1139	23	262
7558	65	262
6232	220	262
9811	324	262
5546	403	262
4178	475	262
3782	574	262
2581	45	263
10540	158	263
6720	232	263
2670	280	263
8877	311	263
4576	432	263
905	511	263
8380	539	263
1356	569	263
7222	21	264
12722	73	264
7582	181	264
6663	299	264
1165	332	264
13600	437	264
17260	483	264
4171	539	264
15631	561	264
1422	582	264
4030	172	265
13734	205	265
10674	207	265
3602	336	265
15207	473	265
11886	548	265
8744	66	266
16110	167	266
7965	349	266
10506	380	266
14436	447	266
6602	461	266
4474	540	266
11872	541	266
11080	553	266
17939	226	267
8104	418	267
10066	447	267
11610	41	268
4288	57	268
14071	63	268
14703	315	268
10128	355	268
17721	365	268
14364	442	268
6350	515	268
4797	585	268
1482	256	269
8030	330	269
4087	348	269
16474	538	269
10245	567	269
12081	579	269
10776	198	270
13541	228	270
15303	318	270
16407	334	270
980	348	270
10933	399	270
7682	456	270
9706	493	270
17630	84	271
15005	107	271
5320	291	271
12229	306	271
17788	551	271
2553	117	272
4605	233	272
9391	386	272
10936	434	272
15718	436	272
10442	461	272
4581	484	272
7296	502	272
3978	35	273
4116	95	273
1112	188	273
2868	242	273
10294	261	273
5368	279	273
6665	383	273
4103	526	273
11517	2	274
7153	425	274
6440	510	274
7333	558	274
16649	169	275
2518	198	275
6857	219	275
1224	400	275
865	577	275
12639	143	276
2755	175	276
14322	230	276
3268	327	276
618	341	276
1238	68	277
5194	72	277
13091	461	277
18274	548	277
3551	46	278
14886	171	278
6734	316	278
9750	320	278
1261	409	278
10319	440	278
16603	469	278
9636	522	278
7776	193	279
13824	216	279
887	242	279
1255	273	279
5126	300	279
800	381	279
18345	559	279
18155	45	280
11250	150	280
2704	158	280
11366	167	280
1738	229	280
14029	232	280
2403	263	280
10165	290	280
17376	311	280
7234	328	280
11516	394	280
4306	409	280
10575	432	280
11142	445	280
16683	487	280
11753	492	280
14240	511	280
2527	520	280
9757	569	280
5189	572	280
17011	576	280
5404	441	281
4942	511	281
15305	72	282
16426	172	282
1373	338	282
14280	411	282
2434	473	282
7621	558	282
12043	33	283
2006	122	283
2430	315	283
4495	515	283
14244	551	283
11217	105	284
4101	120	284
10397	405	284
5918	502	284
12442	503	284
17442	538	284
2714	547	284
17462	30	285
11741	55	285
6646	160	285
9565	298	285
7704	528	285
6321	5	286
14081	75	286
10225	89	286
18192	194	286
13203	250	286
6062	461	286
6617	72	287
18362	172	287
12447	218	287
2010	137	288
4660	323	288
17938	422	288
3388	449	288
2746	494	288
12678	85	289
8017	360	289
15851	409	289
5072	73	290
2651	160	290
11644	280	290
9148	14	291
5521	33	291
3557	76	291
17135	107	291
1465	258	291
15201	271	291
16798	306	291
17905	399	291
16572	454	291
4492	538	291
10494	72	292
2453	172	292
3475	218	292
5775	184	293
16875	302	293
9506	308	293
9116	322	293
6592	555	293
6096	560	293
14498	203	294
9369	409	294
2940	468	294
15951	502	294
14317	12	295
14454	80	295
11389	186	295
8069	211	295
10598	224	295
16772	382	295
1920	485	295
13497	498	295
11992	582	295
13454	77	296
4202	408	296
10502	106	297
14386	143	297
8825	317	297
8953	363	297
5064	401	297
5986	566	297
3774	1	298
7662	142	298
12881	160	298
3317	285	298
3387	475	298
5688	21	299
6068	27	299
9902	32	299
17980	181	299
9856	228	299
8491	264	299
15116	539	299
14281	544	299
12750	23	300
10399	132	300
3783	169	300
17789	188	300
4743	193	300
11203	242	300
8839	279	300
11242	354	300
17533	559	300
7101	8	301
3621	119	301
10126	147	301
7703	224	301
12769	452	301
17933	47	302
17368	293	302
12681	351	302
17754	510	302
7559	570	303
5469	206	304
6666	230	304
6429	491	304
3258	113	305
5097	184	305
10427	230	305
11664	241	305
17770	351	305
16388	411	305
8471	473	305
13451	476	305
16470	40	306
10100	76	306
9530	140	306
16493	209	306
3567	258	306
15209	271	306
12628	291	306
16890	495	306
12212	59	307
15744	309	307
1079	578	307
10805	293	308
4887	419	308
2350	423	308
17945	508	308
4852	104	309
13429	107	309
8105	168	309
657	182	309
11371	307	309
7371	399	309
10733	44	310
9101	513	310
4719	45	311
652	232	311
16038	263	311
7568	280	311
9189	511	311
15236	569	311
2781	92	312
18443	169	312
12462	185	312
18166	193	312
5838	209	312
14575	211	312
18077	213	312
11529	219	312
3529	354	312
7862	393	312
15894	428	312
6731	490	312
17857	76	313
9449	209	313
7964	330	313
7658	358	313
12508	368	313
11254	369	313
1693	457	313
1723	495	313
15724	524	313
15531	537	313
17632	31	314
17373	433	314
11101	33	315
9962	227	315
4257	256	315
4470	268	315
1490	283	315
5588	365	315
8854	481	315
3580	495	315
11668	515	315
5066	46	316
8832	278	316
18286	409	316
11807	469	316
5955	60	317
1343	106	317
5307	115	317
14321	173	317
4104	175	317
8101	241	317
3210	253	317
3304	297	317
12823	331	317
5984	370	317
8337	565	317
6302	566	317
4419	568	317
3252	28	318
18049	118	318
6834	200	318
4176	212	318
14416	235	318
8038	270	318
3929	434	318
10459	502	318
5547	103	319
3484	133	319
10662	408	319
9996	488	319
10749	501	319
7191	46	320
16957	278	320
10872	409	320
2148	75	321
18478	120	321
11834	195	321
14731	367	321
7668	502	321
7591	567	321
14591	184	322
8176	293	322
15899	570	322
7093	288	323
2073	334	323
6552	422	323
4637	66	324
5807	74	324
3122	111	324
5678	125	324
5217	174	324
1222	199	324
10044	220	324
4865	261	324
8172	262	324
1419	342	324
7028	403	324
17029	418	324
3257	426	324
1387	450	324
2998	455	324
13036	541	324
7011	551	324
6454	124	325
8020	206	325
4411	335	325
15583	533	325
10873	18	326
17720	190	326
2221	453	326
15983	52	327
14612	276	327
9859	327	327
7791	423	327
5551	521	327
3486	17	328
15617	45	328
15901	167	328
3585	280	328
3692	374	328
4369	520	328
10508	43	329
1036	170	329
13839	511	329
18425	33	330
17878	126	330
1169	227	330
1541	231	330
9529	269	330
5275	313	330
6999	367	330
2249	253	331
7550	317	331
6874	565	331
7532	14	332
5856	84	332
15874	116	332
12375	119	332
18109	264	332
13161	340	332
6083	395	332
11378	72	333
11357	172	333
2219	218	333
6481	119	334
15786	191	334
17725	270	334
17544	323	334
14554	348	334
14102	529	334
7225	74	335
6886	185	335
4347	206	335
10889	325	335
13098	517	335
5701	530	335
13416	531	335
11120	581	335
5921	172	336
3784	265	336
8700	413	336
11331	444	336
14336	473	336
5677	548	336
5624	42	337
15417	72	338
6233	172	338
4824	282	338
5952	411	338
4430	473	338
17210	558	338
6057	15	339
12449	42	339
4902	242	340
17889	252	340
5059	259	340
15596	332	340
17805	393	340
9709	420	340
11662	444	340
10080	530	340
7714	230	341
11122	276	341
16631	366	341
12958	125	342
16464	324	342
9609	344	342
15859	391	342
1134	403	342
17875	450	342
9309	455	342
5471	475	342
773	526	342
9957	128	343
9690	237	343
8894	245	343
11272	434	343
12237	556	343
1715	53	344
7338	54	344
3172	67	344
721	74	344
13251	89	344
2205	91	344
8408	94	344
7745	109	344
8274	125	344
16031	136	344
6343	148	344
8271	149	344
5477	183	344
1111	194	344
4577	221	344
13585	239	344
17279	250	344
12551	342	344
14762	376	344
5864	380	344
1584	384	344
9407	391	344
18349	399	344
17534	435	344
14109	443	344
9882	450	344
17266	455	344
14666	461	344
17751	475	344
5844	482	344
16191	540	344
10385	553	344
11527	583	344
11556	107	345
1685	258	345
2480	399	345
9956	9	346
10486	153	346
14466	180	346
1803	191	346
3358	222	346
9322	235	346
10390	449	346
12886	456	346
13345	467	346
14411	494	346
18283	498	346
4296	563	346
17746	143	347
13867	472	347
8625	580	347
8475	40	348
12848	70	348
15687	118	348
12704	200	348
14608	212	348
2526	269	348
11751	270	348
12091	334	348
10244	543	348
5294	552	348
2207	58	349
7657	266	349
13719	383	349
7614	463	349
3725	511	349
4702	8	350
16759	78	350
4885	113	350
6154	225	350
14559	402	350
4067	490	350
2959	164	351
754	248	351
16316	260	351
4622	302	351
17794	305	351
14073	185	352
11197	252	352
16213	531	352
16758	557	352
13442	52	353
9591	353	353
13086	423	353
9824	20	354
10498	193	354
4112	211	354
3577	300	354
11736	312	354
16481	485	354
13152	559	354
18143	561	354
12263	2	355
13873	37	355
15524	76	355
8313	116	355
1759	126	355
15787	144	355
14641	247	355
15382	268	355
12721	388	355
15327	442	355
9405	462	355
5560	495	355
6082	558	355
14646	17	356
17779	45	356
11896	130	356
15235	167	356
18023	90	357
18395	105	357
3537	118	357
13310	120	357
5867	128	357
2328	176	357
9123	182	357
6722	200	357
8010	430	357
5719	434	357
17669	456	357
13829	484	357
16366	502	357
16781	536	357
8068	547	357
15002	578	357
16235	33	358
7702	104	358
5012	313	358
4323	399	358
5281	562	358
5545	579	358
5527	546	359
9577	166	360
9338	176	360
13151	233	360
3914	289	360
2978	447	360
5378	461	360
10347	502	360
2325	536	360
18211	111	361
13160	239	361
851	377	361
8755	403	361
16094	426	361
11995	458	361
14645	34	362
5777	62	362
4574	68	362
14775	72	362
14318	114	362
12837	406	362
3624	476	362
17711	496	362
2023	297	363
14273	401	363
9093	35	364
5632	81	364
17248	445	364
11429	483	364
14562	512	364
16098	7	365
11051	33	365
12720	41	365
16959	69	365
13231	107	365
6443	168	365
2869	268	365
4938	315	365
7994	399	365
6902	515	365
14873	543	365
9303	544	365
15562	115	366
15263	124	366
5492	143	366
14975	175	366
8955	230	366
6840	341	366
10777	378	366
15572	75	367
3525	87	367
6449	255	367
16746	321	367
8517	330	367
15818	405	367
18041	4	368
14048	140	368
3936	248	368
3038	313	368
8362	379	368
2852	514	368
2702	2	369
7761	313	369
18330	462	369
5847	317	370
15337	566	370
1194	568	370
609	236	371
4188	447	371
10772	15	372
2809	42	372
6908	101	373
15601	45	374
10768	145	374
1159	167	374
1214	328	374
12927	381	374
3340	409	374
3795	52	375
698	71	375
1862	375	375
16674	423	375
6506	11	376
6065	56	376
9527	156	376
11369	233	376
1450	344	376
4727	447	376
11447	55	377
15271	121	377
15655	220	377
7701	361	377
7067	10	378
11341	218	378
5682	366	378
6567	433	378
5144	10	379
13326	368	379
4148	449	379
3731	160	380
3543	266	380
3234	344	380
13051	396	380
5942	447	380
17862	461	380
11700	553	380
4903	23	381
2514	145	381
2994	216	381
12844	242	381
12995	279	381
6581	374	381
7257	427	381
17846	500	381
3834	526	381
17264	545	381
13033	580	381
11248	9	382
16212	80	382
15564	185	382
2311	295	382
928	397	382
10095	490	382
12055	525	382
5750	532	382
14547	65	383
858	125	383
5172	220	383
5627	261	383
8914	273	383
12629	349	383
5455	475	383
1054	526	383
7208	541	383
16482	33	384
13907	149	384
2448	183	384
16026	344	384
15492	399	384
17020	2	385
9330	388	385
5970	429	385
9878	510	385
4819	5	386
3218	75	386
10979	120	386
15063	272	386
3751	436	386
837	461	386
2988	506	386
4703	178	387
7705	63	388
13229	144	388
13831	355	388
6216	385	388
10218	29	389
8001	187	389
14438	233	389
4880	434	389
12492	556	389
1848	578	389
17949	20	390
660	30	390
4076	35	390
8583	48	390
7283	55	390
7902	393	390
3650	457	390
8753	551	390
4227	561	390
11701	156	391
14031	160	391
18467	342	391
14523	344	391
7518	403	391
11837	450	391
8249	458	391
6274	573	391
3212	4	392
6460	119	392
9941	147	392
8410	454	392
16167	514	392
17042	84	393
5297	92	393
10183	169	393
10844	185	393
8106	193	393
18378	312	393
10831	340	393
16724	390	393
6901	45	394
1225	158	394
14541	280	394
13144	511	394
16485	35	395
13133	48	395
1178	144	395
15011	188	395
6192	332	395
1528	410	395
12022	422	395
17094	451	395
10930	494	395
5001	580	395
11165	45	396
12044	151	396
8742	380	396
5592	447	396
4685	461	396
14099	9	397
9108	84	397
16380	131	397
10153	179	397
5941	382	397
9611	532	397
10192	90	398
12415	502	398
7275	567	398
8695	75	399
6594	91	399
6825	104	399
3161	107	399
12513	120	399
3208	136	399
11201	147	399
5762	149	399
12053	183	399
5872	231	399
7611	258	399
10854	270	399
16178	291	399
663	309	399
6793	344	399
5074	345	399
9182	358	399
11187	365	399
7743	384	399
11443	493	399
16290	524	399
6363	562	399
12615	579	399
11755	113	400
17814	155	400
11158	225	400
8698	275	400
17519	439	400
9284	491	400
17826	577	400
5904	297	401
16254	363	401
11574	71	402
7534	119	402
11984	162	402
17615	238	402
14069	350	402
16027	55	403
2099	65	403
15062	66	403
5183	111	403
8609	131	403
8622	174	403
15958	262	403
3903	324	403
17018	342	403
14753	361	403
13096	391	403
7335	450	403
13112	455	403
8747	458	403
4450	580	403
16599	208	404
13476	16	405
13527	87	405
14520	100	405
8115	127	405
11181	223	405
3807	284	405
6130	367	405
5026	502	405
17098	165	406
2925	229	406
617	362	406
2573	411	406
4025	474	406
15980	99	407
6255	3	408
16491	96	408
14368	103	408
9441	296	408
14465	319	408
12357	45	409
6630	46	409
6643	49	409
15781	72	409
10273	150	409
12972	167	409
9642	171	409
13566	203	409
10015	255	409
9590	278	409
13530	280	409
2890	289	409
15954	294	409
1623	316	409
5965	320	409
1180	374	409
3687	440	409
10205	445	409
4538	469	409
9922	500	409
10928	511	409
6827	522	409
5751	572	409
8708	14	410
3771	85	410
7362	117	410
5418	120	410
12299	165	410
11373	199	410
2545	201	410
8835	209	410
14080	395	410
7174	436	410
2076	446	410
608	540	410
16523	34	411
6171	45	411
7461	72	411
2783	133	411
17994	172	411
3844	204	411
1808	282	411
10471	305	411
12479	338	411
3905	406	411
969	473	411
13537	548	411
11980	72	412
3191	172	412
17833	218	412
9955	86	413
7603	103	413
2958	138	413
5622	172	413
16902	336	413
6424	501	413
5327	531	413
11996	540	413
14124	548	413
17288	581	413
14919	8	414
13460	140	414
6303	146	414
15765	205	415
9627	214	415
15384	444	415
8851	63	416
2733	69	416
9498	210	416
17160	257	416
9866	72	417
1654	172	417
13904	218	417
17356	36	418
2826	74	418
1370	112	418
10699	174	418
1285	240	418
16473	256	418
11587	267	418
9816	324	418
7956	47	419
14431	93	419
2855	308	419
16459	252	420
13857	340	420
15671	13	421
15122	166	421
4861	176	421
12964	461	421
5056	78	422
2613	163	422
10234	191	422
16185	243	422
5289	288	422
2816	323	422
17944	395	422
14117	494	422
10078	513	422
18468	525	422
8426	50	423
1300	52	423
17355	71	423
18429	93	423
13398	141	423
3642	154	423
2226	189	423
10297	308	423
14802	327	423
6141	353	423
16343	375	423
11910	423	423
6796	471	423
17405	489	423
1821	508	423
18007	72	424
9567	135	424
1858	274	425
18001	546	425
4487	32	426
16671	121	426
15379	132	426
17291	174	426
10790	188	426
2598	199	426
6869	324	426
4917	361	426
11655	495	426
934	551	426
18401	95	427
16401	381	427
12455	500	427
17764	559	427
1543	19	428
16620	127	428
15776	312	428
9184	491	428
9347	518	428
17025	563	428
11661	101	429
11504	385	429
11866	546	429
9332	110	430
6888	182	430
2731	357	430
5886	434	430
16731	484	430
16341	509	430
12283	578	430
10903	10	431
13411	52	431
10181	241	431
2314	431	431
6411	45	432
3314	232	432
12740	263	432
14787	280	432
4348	492	432
745	511	432
5365	569	432
4478	132	433
2860	243	433
11135	314	433
8772	378	433
12206	491	433
17069	518	433
5198	110	434
10381	182	434
18359	201	434
9109	245	434
11383	272	434
6344	318	434
6629	343	434
17180	357	434
14426	389	434
4040	430	434
7238	436	434
15108	498	434
15343	502	434
14013	509	434
10555	523	434
14369	543	434
5576	578	434
2455	89	435
12555	344	435
8258	443	435
17343	120	436
13665	210	436
6543	272	436
5201	386	436
6004	410	436
4305	434	436
13582	461	436
7764	18	437
8580	207	437
1993	264	437
17732	485	437
1233	585	437
1459	15	438
9438	143	439
16818	225	439
1460	230	439
7150	400	439
13308	171	440
17738	278	440
15439	409	440
4263	281	441
12667	511	441
4893	98	442
17467	237	442
11212	268	442
5054	355	442
9550	477	442
16941	109	443
16181	344	443
14972	435	443
18048	336	444
11205	340	444
7017	415	444
4594	530	444
16648	531	444
14133	45	445
6489	49	445
1259	58	445
3392	150	445
17199	167	445
12733	280	445
10860	364	445
16039	409	445
16230	511	445
11473	572	445
1962	30	446
12560	85	446
1448	201	446
3138	234	446
6682	410	446
12234	56	447
13201	57	447
2342	81	447
15594	139	447
7481	151	447
17232	166	447
10158	170	447
7465	234	447
17807	236	447
16836	266	447
12724	267	447
14791	360	447
9901	371	447
1772	376	447
16160	380	447
15114	396	447
15027	511	447
14965	540	447
6854	550	447
12511	553	447
11625	208	448
4073	153	449
17253	157	449
10573	222	449
10016	288	449
5343	346	449
15245	379	449
16596	529	449
10175	54	450
8000	65	450
9211	67	450
17453	74	450
4189	111	450
13622	125	450
5506	324	450
11335	342	450
7484	344	450
7500	391	450
1307	403	450
1555	455	450
4713	475	450
11704	526	450
1281	541	450
5487	99	451
7890	132	451
2417	188	451
10444	395	451
13554	491	451
13080	580	451
1727	7	452
4355	70	452
12614	108	452
4115	147	452
8280	228	452
5358	301	452
18447	454	452
13189	18	453
5153	28	453
11848	190	453
4512	234	453
12557	326	453
8358	456	453
11707	477	453
9003	537	453
2013	554	453
13384	582	453
7400	70	454
9601	108	454
748	291	454
10169	392	454
18438	452	454
14738	514	454
14274	544	454
10883	324	455
13572	342	455
7070	344	455
7980	403	455
9133	450	455
2443	526	455
16221	28	456
14847	100	456
13579	118	456
4804	200	456
11797	235	456
13768	270	456
12934	346	456
12073	357	456
6815	453	456
15794	21	457
11570	48	457
13748	102	457
3193	181	457
13903	313	457
3160	390	457
2683	483	457
18340	551	457
9801	561	457
13653	156	458
9386	361	458
8971	391	458
17485	403	458
18326	541	458
6287	551	458
4627	573	458
9196	176	459
14396	233	459
3153	461	459
11035	536	459
7282	72	460
13368	172	460
1319	218	460
14310	5	461
4955	75	461
13872	94	461
3232	151	461
13176	166	461
8615	170	461
9191	176	461
10195	194	461
15117	233	461
7217	234	461
11584	266	461
17769	272	461
13097	277	461
18393	286	461
13830	344	461
11857	360	461
3139	380	461
2717	386	461
1347	396	461
17191	421	461
16422	436	461
8357	459	461
3937	484	461
16354	523	461
1102	536	461
15982	579	461
14394	2	462
16106	7	462
17095	40	462
12330	76	462
9995	168	462
17134	247	462
4894	355	462
8557	369	462
6764	543	462
2924	45	463
15943	65	463
15633	95	463
15340	129	463
4960	220	463
14315	349	463
2980	511	463
11476	535	463
4599	208	464
15950	95	465
16424	145	465
6641	559	465
17879	574	465
4714	60	466
15719	238	466
14633	241	466
16629	191	467
4926	346	467
6812	35	468
10131	165	468
15756	294	468
8117	526	468
9094	562	468
4815	278	469
3223	316	469
7535	409	469
7476	570	470
4068	52	471
5855	71	471
10360	423	471
11761	471	471
17516	161	472
17003	169	472
17705	172	472
4360	193	472
9657	215	472
14719	216	472
13467	246	472
9834	347	472
4356	38	473
14382	42	473
16355	172	473
11950	204	473
11680	205	473
17903	207	473
10410	265	473
10564	282	473
17937	305	473
6597	336	473
14647	338	473
8750	411	473
18335	476	473
11816	480	473
1415	501	473
16565	548	473
5118	15	474
1949	42	474
16585	406	474
12510	1	475
5780	49	475
6469	54	475
6826	55	475
9570	65	475
3776	129	475
13625	142	475
14171	145	475
3845	160	475
1880	261	475
13634	262	475
11327	298	475
4127	342	475
3011	344	475
1762	383	475
12749	450	475
17425	500	475
6139	526	475
11622	15	476
1375	34	476
7854	42	476
7931	133	476
3793	178	476
852	205	476
7411	213	476
4021	305	476
7106	362	476
2404	473	476
15133	12	477
7001	28	477
16465	190	477
10704	442	477
2225	453	477
6645	485	477
17943	105	478
11670	152	478
13639	212	478
15064	502	478
14772	538	478
15046	547	478
1454	72	479
3867	177	479
12652	205	480
15346	473	480
11026	501	480
11367	5	481
2716	131	481
6728	183	481
4854	226	481
11703	315	481
4791	583	481
11015	122	482
12748	183	482
10253	221	482
6865	344	482
9238	505	482
7889	583	482
13528	21	483
8548	48	483
5845	58	483
10893	80	483
1856	251	483
15589	264	483
2819	364	483
13871	457	483
7630	512	483
6997	561	483
3272	210	484
11824	233	484
15769	272	484
4109	357	484
6039	430	484
3013	461	484
13923	523	484
11792	9	485
18157	18	485
9821	169	485
16322	193	485
6467	295	485
15115	354	485
9518	437	485
6955	477	485
2612	490	485
5963	585	485
13561	504	486
11058	511	486
17613	36	487
8178	45	487
1739	112	487
10236	240	487
3752	280	487
17129	511	487
13391	205	488
17283	206	488
3407	319	488
9236	501	488
9049	423	489
18045	35	490
14129	78	490
16801	80	490
8419	92	490
8132	193	490
13848	207	490
12992	312	490
6781	350	490
12064	382	490
9213	485	490
15227	532	490
6146	19	491
14178	304	491
7233	400	491
1664	428	491
8090	433	491
11370	451	491
13174	577	491
4190	45	492
12181	229	492
15928	280	492
15525	432	492
14039	511	492
10572	147	493
5002	180	493
12388	198	493
7583	224	493
14729	235	493
3399	270	493
13552	399	493
12216	552	493
12788	44	494
13181	179	494
18357	243	494
6207	288	494
15548	346	494
900	395	494
12953	422	494
11114	513	494
805	116	495
11350	183	495
4539	226	495
14160	306	495
1619	313	495
7988	315	495
13360	355	495
11877	426	495
18254	515	495
8889	586	495
5120	15	496
17183	72	496
7649	172	496
5224	218	496
8093	362	496
13641	208	497
8275	9	498
7940	157	498
13487	224	498
3678	243	498
9781	295	498
15496	346	498
3565	434	498
9086	101	499
13911	103	499
9617	546	499
10176	49	500
7749	381	500
10137	409	500
2112	427	500
1530	475	500
10372	512	500
5068	38	501
15000	133	501
10060	155	501
1246	184	501
11326	205	501
10434	208	501
8547	319	501
4220	413	501
4614	473	501
5757	480	501
15177	488	501
14833	28	502
15842	105	502
4712	110	502
2761	118	502
1901	120	502
13494	128	502
7004	196	502
7933	200	502
14929	237	502
8807	272	502
2240	284	502
3984	294	502
12397	318	502
12391	321	502
4878	357	502
3395	360	502
11355	398	502
13856	405	502
8430	434	502
15110	478	502
6544	503	502
16700	523	502
15410	547	502
13595	567	502
8500	110	503
15622	128	503
5038	284	503
12161	502	503
8873	486	504
18332	511	504
1675	85	505
4335	94	505
8848	209	505
5877	482	505
9605	117	506
7377	165	506
5313	169	506
5348	193	506
8587	386	506
15073	15	507
13252	42	507
2002	10	508
16764	93	508
15985	308	508
2711	423	508
3328	110	509
7910	200	509
1480	245	509
9293	430	509
4062	434	509
3248	140	510
5566	274	510
8317	302	510
9396	385	510
5426	36	511
1746	43	511
17570	112	511
9680	129	511
18421	150	511
16328	158	511
13339	229	511
10343	232	511
8673	263	511
9311	280	511
1372	281	511
12363	311	511
16958	329	511
4018	349	511
3588	394	511
16591	409	511
4951	432	511
3303	441	511
12661	445	511
8246	447	511
14218	463	511
9759	486	511
1146	487	511
9865	492	511
10963	504	511
2822	512	511
15533	542	511
7839	569	511
12514	572	511
2654	20	512
16761	35	512
2803	129	512
13470	192	512
13423	364	512
18015	483	512
1539	500	512
17681	511	512
13241	44	513
12857	78	513
17883	127	513
10681	310	513
5966	422	513
16900	494	513
8393	518	513
5257	368	514
9754	392	514
11121	454	514
2686	41	515
13147	268	515
2387	283	515
14638	315	515
10340	365	515
4338	495	515
11448	42	516
709	86	517
17113	134	517
3354	244	517
15732	335	517
790	531	517
6867	13	518
16405	78	518
7204	127	518
16441	173	518
15743	428	518
4454	433	518
5901	513	518
2206	588	518
5749	546	519
5124	49	520
18170	167	520
18164	280	520
1217	328	520
18083	526	520
976	10	521
6516	31	521
17242	97	521
5745	230	521
840	327	521
16904	278	522
18220	409	522
12950	90	523
8604	434	523
869	461	523
1190	484	523
10631	502	523
15321	33	524
2641	91	524
16153	104	524
2388	136	524
3735	183	524
2093	231	524
2888	313	524
8260	399	524
13079	39	525
12362	163	525
13588	179	525
16499	382	525
13298	422	525
4181	577	525
3477	1	526
9998	49	526
13503	55	526
2452	65	526
3080	95	526
8749	142	526
10287	188	526
3077	273	526
7993	342	526
9539	381	526
10476	383	526
7564	450	526
8297	455	526
17882	468	526
3579	475	526
4426	520	526
4620	542	526
6151	15	527
7299	285	528
5964	580	528
13592	9	529
1408	39	529
13565	334	529
6599	449	529
16514	205	530
10481	213	530
14356	217	530
17228	259	530
641	335	530
1986	340	530
1007	444	530
3239	185	531
11477	244	531
8884	335	531
7875	352	531
13647	413	531
15049	444	531
8934	517	531
17195	557	531
16509	12	532
2920	59	532
7850	80	532
14088	186	532
10102	382	532
5337	397	532
7758	490	532
18440	219	533
5286	252	533
11975	325	533
15602	566	533
11849	577	533
11311	15	534
7945	72	534
5089	172	534
18056	218	534
3247	30	535
8123	98	535
3479	126	535
5550	144	535
14206	463	535
5747	5	536
11634	176	536
17181	233	536
5132	357	536
4322	360	536
9843	459	536
16173	461	536
6063	18	537
15541	199	537
5906	313	537
13227	453	537
15814	14	538
5505	107	538
12946	182	538
5628	256	538
12367	269	538
14272	284	538
5440	291	538
2539	478	538
1834	579	538
4985	13	539
14953	16	539
14243	27	539
6259	57	539
10222	209	539
7312	232	539
6936	247	539
15889	263	539
17987	264	539
9663	299	539
10918	569	539
14767	234	540
6071	266	540
16243	344	540
7298	410	540
13406	413	540
11437	447	540
10541	125	541
3330	266	541
6518	324	541
5156	383	541
13850	450	541
4357	458	541
8773	564	541
7129	58	542
1647	95	542
5672	150	542
17801	511	542
17189	526	542
15375	572	542
4867	29	543
5601	168	543
5977	348	543
13163	365	543
3467	434	543
11738	462	543
8481	544	543
18203	549	543
13099	556	543
17547	41	544
4715	199	544
13260	228	544
3002	299	544
12437	365	544
14539	454	544
10474	543	544
3568	49	545
8139	142	545
9666	145	545
12495	172	545
10211	216	545
14708	381	545
1720	548	545
8781	3	546
13694	101	546
6754	359	546
13761	425	546
18296	429	546
9891	499	546
16839	519	546
17852	105	547
16214	284	547
7974	357	547
6223	478	547
6578	502	547
6168	23	548
6050	68	548
17366	160	548
3333	172	548
13925	204	548
7986	265	548
17665	277	548
16484	336	548
17906	411	548
8993	413	548
9103	473	548
8765	545	548
12660	12	549
16041	41	549
8171	69	549
1742	80	549
10644	123	549
7440	126	549
7636	237	549
11442	543	549
2114	16	550
15582	139	550
5929	181	550
8883	447	550
1747	122	551
16069	156	551
15403	192	551
1163	271	551
13023	283	551
9073	324	551
2521	390	551
11514	426	551
1704	457	551
720	458	551
8718	70	552
5713	107	552
3965	118	552
12643	187	552
7644	258	552
6229	348	552
6191	493	552
7711	266	553
14851	344	553
18117	380	553
7780	447	553
11881	27	554
5280	69	554
6061	98	554
12918	123	554
11017	234	554
3603	453	554
16054	293	555
17039	123	556
12539	187	556
3306	196	556
17083	200	556
13458	237	556
4868	343	556
11743	389	556
5115	543	556
8919	94	557
10766	156	557
11561	206	557
3672	209	557
9833	352	557
1922	531	557
8697	2	558
12153	204	558
1569	274	558
14285	282	558
5954	338	558
16083	355	558
12344	58	559
1369	92	559
2170	95	559
12993	132	559
5591	242	559
5055	279	559
2568	300	559
14926	354	559
7202	427	559
16409	465	559
16070	293	560
12141	18	561
3459	21	561
18102	48	561
12045	264	561
17097	354	561
2259	390	561
2103	457	561
15684	483	561
7610	33	562
9349	149	562
10455	183	562
2347	358	562
16931	399	562
6320	468	562
8614	9	563
18065	39	563
15592	157	563
11977	179	563
4242	222	563
18208	346	563
9415	428	563
10888	67	564
12682	125	564
17371	156	564
15166	192	564
654	195	564
15807	541	564
9359	253	565
4173	317	565
17122	331	565
10157	143	566
12718	230	566
14670	297	566
7243	317	566
1227	370	566
2953	533	566
4464	586	566
8572	269	567
8566	321	567
6169	398	567
11882	502	567
13358	317	568
16033	370	568
678	45	569
8002	158	569
11717	232	569
11874	263	569
8649	280	569
15200	311	569
5539	432	569
4672	511	569
13287	539	569
8550	202	570
12304	303	570
8636	322	570
18309	470	570
4724	587	570
6167	143	571
8576	230	571
13282	45	572
15607	49	572
13461	150	572
12428	167	572
10088	280	572
16967	409	572
3466	445	572
8546	511	572
2344	542	572
3348	11	573
15474	33	573
6149	122	573
14404	131	573
9425	156	573
11801	194	573
8382	221	573
16963	250	573
3686	391	573
4889	458	573
6246	586	573
17229	23	574
17345	214	574
14685	216	574
2996	262	574
3631	465	574
10089	42	575
17307	17	576
14816	45	576
10951	49	576
15653	167	576
17692	280	576
7920	87	577
12990	169	577
1897	185	577
12006	206	577
12499	219	577
12865	275	577
16310	400	577
5025	491	577
8067	525	577
2472	533	577
1298	187	578
3274	200	578
15085	243	578
14020	307	578
2694	357	578
2215	389	578
6286	430	578
5629	434	578
16059	33	579
2438	149	579
13636	269	579
17270	358	579
12723	399	579
13813	461	579
15543	538	579
9813	121	580
5950	143	580
1065	347	580
16934	381	580
14060	395	580
6965	403	580
8354	451	580
12541	528	580
8478	172	581
3868	335	581
4841	413	581
13247	58	582
8026	181	582
2277	186	582
4238	255	582
7829	264	582
13604	295	582
3625	453	582
11942	585	582
8672	5	583
8811	91	583
967	183	583
15079	221	583
11405	250	583
1081	344	583
16708	481	583
13218	482	583
15759	15	584
7418	37	585
2955	186	585
14463	268	585
6339	437	585
9031	485	585
11565	582	585
7972	63	586
10466	94	586
12976	148	586
7519	174	586
16971	203	586
14112	209	586
17436	255	586
13828	495	586
12507	566	586
15210	573	586
10103	570	587
1550	99	588
17106	518	588
