2995	55	1
13152	65	1
9681	298	1
13096	475	1
7139	526	1
11682	41	2
12503	87	2
8153	102	2
5723	126	2
15465	247	2
10773	274	2
9943	355	2
5198	369	2
6806	385	2
11382	462	2
17603	558	2
5103	103	3
18213	408	3
1826	546	3
7485	108	4
14981	146	4
13913	368	4
10384	392	4
5110	176	5
3199	226	5
6199	286	5
9203	386	5
767	461	5
1347	481	5
15971	536	5
15021	583	5
7184	72	6
10186	178	6
11763	218	6
17477	8	7
5394	70	7
8097	228	7
15228	365	7
7123	452	7
3771	454	7
5089	462	7
13215	7	8
3135	119	8
2830	157	8
2778	186	8
4358	301	8
12493	350	8
4755	414	8
9696	39	9
10712	123	9
18340	157	9
6899	179	9
2335	295	9
2464	346	9
14232	382	9
5458	397	9
4509	485	9
16783	498	9
16274	529	9
9134	563	9
590	378	10
12697	379	10
10053	431	10
1079	521	10
4199	59	11
13009	116	11
17245	181	11
14223	256	11
6270	573	11
6122	18	12
11041	235	12
8489	295	12
8866	477	12
9171	532	12
4569	549	12
8501	57	13
7623	84	13
15531	99	13
1320	451	13
7633	518	13
15845	69	14
17694	84	14
7814	107	14
13085	258	14
12218	291	14
3654	538	14
8014	586	14
17760	42	15
16412	61	15
10632	62	15
1518	64	15
7569	83	15
5437	208	15
14819	339	15
13946	372	15
2491	417	15
8488	438	15
8890	460	15
16739	474	15
6905	496	15
16921	507	15
8555	527	15
8530	534	15
8368	584	15
16524	78	16
6553	139	16
9893	255	16
3938	405	16
11064	539	16
4858	550	16
16646	45	17
7296	167	17
13312	328	17
2658	356	17
8551	576	17
15365	12	18
14796	21	18
1536	35	18
17519	190	18
7226	198	18
14130	326	18
9578	453	18
3787	485	18
10591	537	18
12362	561	18
633	60	19
13158	99	19
11750	219	19
7268	407	19
17556	428	19
12191	491	19
14272	21	20
8335	27	20
5521	35	20
7418	48	20
14043	192	20
18219	261	20
7369	354	20
2159	390	20
17005	512	20
1339	18	21
1001	20	21
17190	27	21
5369	48	21
12954	102	21
5594	116	21
3288	181	21
13482	264	21
1661	299	21
15769	437	21
3027	483	21
17330	485	21
16834	561	21
13074	208	22
7711	216	23
5290	262	23
9388	300	23
4914	381	23
13025	548	23
3862	574	23
3078	42	24
10306	208	25
9390	178	26
13552	20	27
5361	21	27
3264	165	27
5348	190	27
8212	201	27
8663	203	27
7956	299	27
17995	554	27
16466	100	28
4084	318	28
751	434	28
4282	453	28
5520	456	28
10857	477	28
13052	98	29
9457	123	29
9252	168	29
6164	210	29
11133	226	29
15369	233	29
15131	237	29
17059	245	29
12920	389	29
3233	430	29
1954	55	30
7448	199	30
16013	298	30
5317	446	30
14602	535	30
4281	143	31
13270	173	31
6294	314	31
11468	378	31
4837	521	31
6433	34	32
12417	100	32
12436	117	32
3248	203	32
11267	220	32
14769	299	32
10193	418	32
1659	426	32
18203	75	33
7359	91	33
13677	104	33
9338	136	33
2877	149	33
699	227	33
11565	231	33
11420	256	33
2265	283	33
2243	291	33
15774	315	33
15343	330	33
18060	358	33
11524	365	33
7408	384	33
15087	524	33
8740	562	33
11563	573	33
1953	579	33
16373	32	34
3449	116	34
14600	362	34
7327	411	34
8268	476	34
6095	18	35
2089	20	35
1630	48	35
3284	58	35
17429	132	35
4309	188	35
13409	211	35
13037	242	35
2973	273	35
9768	364	35
14385	390	35
15004	395	35
7314	468	35
8942	490	35
13228	512	35
908	418	36
3159	487	36
10714	511	36
7206	72	37
9464	255	37
13745	355	37
4988	585	37
11767	124	38
8936	230	38
2364	473	38
8662	501	38
7277	9	39
12067	198	39
13242	485	39
13406	525	39
7950	529	39
11450	563	39
14548	140	40
5660	152	40
5944	212	40
6075	306	40
12804	348	40
8168	462	40
7249	2	41
2031	183	41
14212	198	41
5227	228	41
7208	247	41
6313	268	41
6266	307	41
5724	365	41
5640	462	41
6123	544	41
16639	549	41
13263	15	42
8908	24	42
16976	64	42
9160	83	42
3531	178	42
12976	287	42
15300	333	42
11559	337	42
17360	339	42
9528	372	42
6213	412	42
9865	473	42
3665	474	42
6234	507	42
12311	516	42
10492	575	42
8237	45	43
6648	160	43
2573	329	43
15970	511	43
17748	100	44
8506	127	44
622	225	44
16644	310	44
2617	494	44
9806	17	45
13502	43	45
9488	68	45
11770	73	45
12833	112	45
13472	130	45
11079	150	45
13033	151	45
9259	158	45
1859	160	45
12779	167	45
4184	170	45
6743	204	45
13539	229	45
13712	232	45
3186	263	45
16492	280	45
17861	311	45
12543	328	45
5862	329	45
16539	356	45
11428	374	45
12668	394	45
11582	396	45
4856	411	45
7919	432	45
15088	445	45
11421	463	45
3202	487	45
10872	492	45
2881	569	45
18320	572	45
16425	576	45
10993	316	46
5645	320	46
13757	409	46
9313	302	47
10540	419	47
9367	20	48
7757	21	48
7770	35	48
2945	382	48
4630	390	48
18471	395	48
2475	457	48
2286	483	48
9292	561	48
12166	88	49
14723	142	49
4685	150	49
13454	160	49
9246	409	49
3773	445	49
8929	475	49
8092	500	49
1956	520	49
12788	526	49
7308	545	49
15351	553	49
4015	572	49
759	576	49
8302	423	50
3927	72	51
7686	52	52
15185	141	52
12956	154	52
8189	164	52
14785	189	52
6901	248	52
14284	260	52
7499	327	52
8127	353	52
9323	375	52
14648	423	52
4473	431	52
12879	471	52
16578	54	53
9869	74	53
764	344	53
13908	53	54
7234	81	54
6722	344	54
14109	450	54
10734	475	54
1961	1	55
12977	30	55
8872	121	55
9730	229	55
5151	240	55
11635	377	55
2372	403	55
1831	475	55
7027	526	55
3596	166	56
912	195	56
17478	376	56
8195	447	56
6048	13	57
17599	144	57
13626	268	57
6768	515	57
5761	539	57
2246	35	58
10342	95	58
670	167	58
3951	349	58
8587	483	58
6803	542	58
17820	559	58
639	582	58
5431	11	59
8178	256	59
15219	257	59
3363	307	59
13954	532	59
12105	19	60
8155	99	60
4976	317	60
4042	466	60
5044	15	61
15623	72	61
2013	218	61
11262	15	62
7857	72	62
6976	362	62
3329	75	63
17558	98	63
3691	183	63
13060	210	63
5710	268	63
18386	416	63
1221	586	63
9163	15	64
3072	42	64
16442	1	65
17701	129	65
10075	262	65
8903	383	65
10379	403	65
15155	450	65
12477	463	65
1710	475	65
5866	526	65
843	151	66
16999	233	66
9926	266	66
18469	324	66
9176	403	66
10660	461	66
17224	125	67
3755	194	67
8150	344	67
1946	450	67
5599	564	67
17144	45	68
3402	277	68
3260	362	68
3435	548	68
11826	14	69
5848	98	69
14176	148	69
8722	237	69
11523	365	69
15923	416	69
3851	549	69
4869	554	69
5807	7	70
5025	348	70
4591	452	70
11652	454	70
6319	552	70
12226	140	71
18435	146	71
17310	164	71
3807	189	71
10743	248	71
11639	260	71
9499	375	71
8682	402	71
3535	423	71
3021	471	71
13209	6	72
4266	37	72
1417	51	72
8179	61	72
11288	62	72
1565	135	72
9669	177	72
6958	197	72
12862	277	72
2043	282	72
2148	287	72
9752	292	72
11687	333	72
14208	338	72
5946	362	72
1119	409	72
12789	412	72
9678	417	72
11752	424	72
1310	460	72
9366	479	72
8125	496	72
16824	534	72
13046	45	73
8992	290	73
1913	53	74
11632	125	74
16383	324	74
12260	335	74
6972	344	74
6524	403	74
10055	450	74
18373	455	74
4438	33	75
13968	63	75
7605	120	75
10862	286	75
14993	321	75
3738	367	75
1542	386	75
9765	399	75
15609	461	75
15998	291	76
5580	306	76
15698	313	76
13675	355	76
17511	462	76
3470	101	77
7892	296	77
945	16	78
3217	153	78
17217	163	78
15360	238	78
11126	350	78
15648	422	78
5881	490	78
862	513	78
9779	518	78
4286	208	79
9287	186	80
14110	211	80
10386	238	80
17595	295	80
7250	382	80
5544	483	80
2704	490	80
9842	532	80
8994	549	80
7654	54	81
5147	129	81
13504	181	81
1736	195	81
12034	364	81
4137	447	81
16548	208	82
6545	15	83
10411	42	83
4014	13	84
11973	14	84
2675	252	84
11534	271	84
13471	332	84
7667	393	84
6514	397	84
8787	117	85
16147	165	85
9589	201	85
3557	208	85
13211	289	85
11130	410	85
16321	446	85
2135	505	85
13973	413	86
4442	517	86
6464	2	87
13352	100	87
2607	219	87
2931	223	87
12533	237	87
3318	257	87
13265	367	87
6793	405	87
12482	577	87
17514	49	88
17707	172	88
8312	215	88
14060	246	88
9225	239	89
17695	286	89
3714	344	89
16451	435	89
609	257	90
13388	357	90
15179	398	90
12869	502	90
2069	523	90
14670	33	91
13015	104	91
13428	136	91
6885	183	91
16977	227	91
5685	231	91
17111	344	91
17152	399	91
10746	524	91
11897	583	91
9794	169	92
9573	185	92
4772	193	92
5017	217	92
12062	312	92
3713	393	92
14842	490	92
10822	559	92
8061	419	93
2772	423	93
10617	508	93
1807	148	94
6289	183	94
17928	206	94
7681	344	94
9837	461	94
8830	505	94
4198	557	94
5648	573	94
8346	586	94
12486	58	95
3880	161	95
6326	167	95
14307	188	95
16441	218	95
8820	220	95
14962	261	95
16443	273	95
4578	279	95
17911	427	95
1598	463	95
8042	465	95
1364	526	95
3859	542	95
15020	559	95
6960	408	96
13732	206	97
7157	521	97
12234	29	98
11560	63	98
16663	69	98
12677	120	98
13072	442	98
3366	535	98
14639	554	98
14477	13	99
5358	19	99
6582	60	99
8789	113	99
4203	407	99
5033	451	99
17749	588	99
5013	28	100
8775	32	100
10100	44	100
13632	87	100
9149	203	100
6828	310	100
17753	405	100
8782	456	100
7658	77	101
17772	373	101
17405	429	101
10227	546	101
14187	2	102
10191	21	102
5578	181	102
11493	457	102
14943	3	103
13324	319	103
6291	408	103
1639	413	103
2455	499	103
7214	33	104
4966	91	104
10333	183	104
13633	227	104
15062	309	104
11081	399	104
2132	524	104
11046	583	104
16880	284	105
919	357	105
11591	478	105
2009	502	105
12468	547	105
11629	253	106
4859	297	106
15342	317	106
16195	14	107
12579	258	107
17740	271	107
17709	291	107
4483	309	107
4136	345	107
3519	365	107
8337	399	107
13156	538	107
14180	552	107
15705	4	108
920	140	108
15808	392	108
7579	452	108
4787	454	108
15742	344	109
1475	443	109
12606	128	110
10832	182	110
1618	201	110
9382	343	110
7481	430	110
4379	434	110
2406	502	110
17107	503	110
6008	509	110
5844	324	111
6808	361	111
6612	403	111
4965	450	111
7980	45	112
4321	220	112
8713	233	112
12396	487	112
7862	511	112
2276	99	113
17879	225	113
9314	241	113
6406	248	113
4232	305	113
17688	350	113
5826	400	113
8051	362	114
3897	143	115
13723	317	115
11698	366	115
12818	11	116
11791	21	116
4066	34	116
16340	355	116
13565	495	116
7840	32	117
16114	85	117
8205	165	117
9153	201	117
8186	272	117
16507	506	117
12211	196	118
10095	200	118
2461	318	118
12527	348	118
7482	357	118
7501	456	118
6729	502	118
15008	8	119
14585	146	119
5600	301	119
4388	332	119
11705	334	119
18221	392	119
13434	402	119
16612	75	120
6062	98	120
14884	165	120
6046	168	120
1378	187	120
8582	231	120
9819	284	120
16605	321	120
9647	357	120
3236	386	120
7166	399	120
3641	410	120
2821	436	120
10090	502	120
14984	578	120
5244	55	121
12931	220	121
7483	377	121
12027	426	121
16695	580	121
4130	192	122
12584	209	122
4179	221	122
12716	283	122
5556	482	122
9393	551	122
2642	573	122
12177	9	123
2294	29	123
7608	152	123
13345	196	123
5854	237	123
16064	549	123
15025	554	123
6448	556	123
8111	38	124
6005	206	124
1968	223	124
14767	325	124
8234	366	124
16857	67	125
8261	74	125
16123	156	125
18407	192	125
9047	195	125
9050	261	125
14094	324	125
6089	342	125
13357	344	125
5256	383	125
6314	450	125
1142	541	125
9255	564	125
9236	2	126
3030	247	126
8157	330	126
16346	355	126
15574	535	126
9151	549	126
16740	44	127
1136	405	127
17253	428	127
9331	513	127
15695	518	127
3443	110	128
16747	245	128
1354	343	128
1755	357	128
3442	502	128
4543	503	128
12592	65	129
3623	81	129
10980	463	129
1638	475	129
4472	511	129
11953	512	129
9157	45	130
1750	167	130
9671	356	130
10248	148	131
16602	226	131
18395	239	131
3619	250	131
3609	403	131
1732	481	131
18142	573	131
15309	35	132
3469	188	132
12402	242	132
3231	300	132
15417	426	132
8282	433	132
13342	451	132
14062	559	132
12183	241	133
11147	319	133
821	411	133
7454	473	133
14793	476	133
15304	501	133
4542	213	134
2925	215	134
12910	259	134
7592	517	134
12777	72	135
17128	33	136
15959	91	136
16304	183	136
5675	231	136
4650	399	136
15823	524	136
8611	243	137
647	288	137
8465	413	138
8753	16	139
6133	181	139
4461	447	139
3769	550	139
17156	40	140
3280	71	140
5433	108	140
10354	306	140
15247	368	140
17359	414	140
1988	510	140
18472	52	141
13784	141	141
4395	423	141
11881	49	142
10341	145	142
4254	215	142
7778	216	142
3990	298	142
16514	475	142
16767	526	142
17331	545	142
6347	31	143
14832	115	143
12018	175	143
3254	230	143
10518	249	143
14440	276	143
12185	347	143
17294	366	143
3586	439	143
6203	566	143
12817	571	143
6587	580	143
8989	57	144
8845	355	144
17170	388	144
6900	395	144
9148	494	144
4218	535	144
3182	142	145
12895	167	145
667	214	145
4800	374	145
12695	381	145
12937	465	145
17754	475	145
4368	4	146
16119	71	146
17769	119	146
5775	162	146
5951	414	146
17201	301	147
17778	392	147
9173	399	147
15978	452	147
12294	493	147
5316	69	148
11860	94	148
5811	131	148
9900	234	148
11741	240	148
6029	344	148
713	586	148
2707	33	149
7794	183	149
9016	384	149
4577	399	149
7777	562	149
5218	579	149
17199	45	150
13882	49	150
6475	167	150
6087	280	150
12316	409	150
16097	445	150
12607	511	150
2686	572	150
14795	45	151
7712	66	151
2734	170	151
1783	396	151
1299	447	151
608	461	151
11554	40	152
2504	123	152
9887	200	152
7613	212	152
15170	323	152
4041	478	152
10318	78	153
18131	157	153
931	163	153
8544	191	153
16132	235	153
4667	346	153
14829	449	153
2445	52	154
6556	154	154
4879	423	154
811	205	155
15202	400	155
8137	501	155
9280	125	156
18285	391	156
13598	458	156
17052	551	156
9136	557	156
9749	564	156
14598	573	156
15047	8	157
3053	9	157
6833	153	157
5941	346	157
9579	449	157
5524	498	157
7455	563	157
14085	45	158
12080	232	158
17953	263	158
6752	280	158
10941	394	158
14695	511	158
2472	569	158
4127	205	159
18123	218	159
8089	246	159
1110	43	160
9731	45	160
13663	49	160
14725	167	160
1814	285	160
1146	298	160
12325	380	160
12516	475	160
1813	548	160
17322	95	161
6634	205	161
17204	214	161
4603	472	161
9713	146	162
14416	402	162
6390	78	163
11480	153	163
14999	179	163
14732	243	163
11436	288	163
10224	422	163
17233	525	163
17783	52	164
8837	71	164
6481	164	164
8357	351	164
18451	27	165
14565	85	165
18116	117	165
5647	120	165
3414	210	165
8935	410	165
15841	468	165
9824	506	165
4147	56	166
5285	360	166
6946	421	166
4055	447	166
5884	461	166
15361	502	166
1512	17	167
10021	45	167
14256	58	167
17290	95	167
825	130	167
3889	145	167
6804	150	167
14618	160	167
18218	265	167
1658	266	167
15298	328	167
6363	356	167
9500	374	167
3715	445	167
4494	461	167
8176	520	167
10052	572	167
6938	576	167
1161	29	168
13177	120	168
8217	224	168
10262	227	168
1612	228	168
4496	245	168
1490	309	168
10155	365	168
8947	543	168
13328	92	169
15028	185	169
16994	193	169
12272	252	169
3740	275	169
2609	300	169
16414	312	169
5422	393	169
2181	506	169
1017	577	169
2208	45	170
9617	151	170
6671	329	170
12834	447	170
17527	461	170
11758	409	171
14177	440	171
6466	88	172
11045	204	172
18092	215	172
4672	265	172
8576	282	172
14170	336	172
12083	338	172
9552	341	172
11557	411	172
5602	413	172
10099	472	172
17699	545	172
9168	548	172
876	581	172
7336	31	173
4181	317	173
16257	518	173
6542	324	174
16102	403	174
15905	418	174
4463	426	174
4528	586	174
18118	143	175
10207	230	175
4580	276	175
4153	317	175
8102	366	175
8710	5	176
2044	233	176
6348	357	176
7329	360	176
16430	421	176
13323	459	176
15983	461	176
16131	536	176
6207	72	177
13395	6	178
14619	26	178
16789	42	178
10171	197	178
12463	292	178
4484	387	178
11891	9	179
17604	163	179
13905	397	179
10422	494	179
16044	525	179
5763	563	179
2564	187	180
17620	191	180
16623	224	180
12696	301	180
2712	346	180
4947	493	180
11347	11	181
15467	21	181
16037	81	181
12332	102	181
13678	139	181
11019	264	181
8701	299	181
11410	457	181
10844	550	181
15422	582	181
17926	110	182
6589	309	182
11486	430	182
6144	434	182
6503	538	182
1305	41	183
6412	63	183
17849	91	183
4081	94	183
2051	104	183
17647	136	183
8049	149	183
4850	210	183
9466	221	183
1441	231	183
15163	239	183
12232	344	183
2699	384	183
1244	399	183
15614	481	183
12373	482	183
18297	495	183
5918	524	183
9913	562	183
17223	583	183
10999	293	184
17800	322	184
11876	501	184
13118	92	185
15498	169	185
2652	193	185
10671	219	185
7630	312	185
6404	352	185
18269	382	185
6897	393	185
15647	531	185
14553	577	185
10687	8	186
11748	80	186
5880	295	186
12309	532	186
16731	582	186
15973	585	186
5279	120	187
16512	180	187
1699	196	187
13007	389	187
13198	552	187
8008	556	187
2146	578	187
13150	35	188
8243	95	188
14828	132	188
10014	273	188
3262	300	188
17718	395	188
16673	426	188
7972	451	188
4730	526	188
3603	52	189
6660	71	189
9419	189	189
933	351	189
9911	18	190
1558	27	190
3776	326	190
8492	453	190
6560	477	190
3045	153	191
12379	180	191
13719	222	191
9106	334	191
11025	346	191
9800	422	191
4749	467	191
5037	20	192
4464	122	192
9484	125	192
16558	512	192
9108	551	192
13584	564	192
8022	92	193
17531	169	193
3497	185	193
4344	219	193
15215	246	193
9498	300	193
6413	312	193
11571	347	193
12186	354	193
8149	393	193
16802	472	193
10698	485	193
4535	490	193
5614	506	193
13069	67	194
17977	221	194
10754	250	194
10834	344	194
8731	461	194
14521	573	194
2056	56	195
3098	81	195
2490	125	195
17521	321	195
12884	376	195
15733	564	195
8764	118	196
4907	123	196
12137	187	196
1563	200	196
4393	223	196
1143	502	196
11317	556	196
15313	72	197
14213	178	197
9660	218	197
18449	18	198
12430	39	198
2974	41	198
13931	270	198
1728	275	198
7706	493	198
14165	30	199
16197	239	199
13950	255	199
12276	324	199
11197	426	199
12235	537	199
14488	544	199
4068	118	200
1312	152	200
2374	196	200
709	203	200
5835	318	200
10755	348	200
4057	456	200
4265	502	200
13986	509	200
8007	556	200
11649	578	200
2872	27	201
7255	85	201
6627	110	201
8583	117	201
12006	410	201
14877	434	201
18443	446	201
3878	570	202
4406	27	203
6006	32	203
1199	100	203
15940	200	203
835	255	203
1601	294	203
5503	586	203
17548	45	204
14911	172	204
8993	411	204
7587	473	204
8496	548	204
5914	558	204
4870	155	205
9679	159	205
13249	161	205
17698	207	205
3056	217	205
12197	241	205
9220	265	205
9676	415	205
9906	473	205
12374	476	205
9042	480	205
1685	488	205
13854	501	205
4550	530	205
5593	94	206
8165	97	206
17455	124	206
18271	304	206
3239	319	206
8900	325	206
17194	335	206
17341	488	206
8065	205	207
7209	312	207
1181	437	207
17230	473	207
10446	15	208
7766	22	208
18353	25	208
11009	79	208
1962	82	208
4486	85	208
1216	254	208
4167	404	208
13528	448	208
3161	464	208
8565	497	208
3839	501	208
9594	122	209
3499	306	209
4675	312	209
4402	505	209
2349	539	209
11000	557	209
16341	586	209
15193	29	210
8411	63	210
4615	165	210
12324	183	210
6609	226	210
2092	257	210
6288	416	210
1666	436	210
11106	484	210
9683	35	211
14490	80	211
11926	218	211
8556	295	211
4854	312	211
15649	354	211
3404	512	211
8884	559	211
11176	40	212
11366	152	212
13571	348	212
7383	478	212
2527	543	212
2251	134	213
10890	216	213
14582	530	213
12365	145	214
3579	161	214
13146	415	214
6980	574	214
917	88	215
2065	134	215
5588	142	215
8038	172	215
6167	246	215
16287	23	216
7790	142	216
14083	213	216
2795	246	216
6801	259	216
5960	279	216
3989	381	216
5930	472	216
15212	530	216
636	545	216
9780	574	216
5620	92	217
8309	205	217
5968	505	217
2443	530	217
5646	6	218
9655	61	218
16401	95	218
11780	159	218
16313	197	218
16345	211	218
7221	252	218
9551	287	218
18236	292	218
17829	333	218
4428	378	218
7690	412	218
18369	417	218
13355	427	218
5043	460	218
15527	19	219
1924	87	219
12398	185	219
11804	193	219
2994	275	219
9391	312	219
1559	533	219
5616	577	219
11144	32	220
3564	95	220
17590	112	220
2470	121	220
17863	261	220
4159	324	220
14731	377	220
7503	383	220
17030	463	220
13113	122	221
2612	183	221
12504	194	221
3267	344	221
13290	482	221
14616	573	221
8613	583	221
11592	191	222
14033	346	222
1145	563	222
8579	87	223
9782	124	223
14803	196	223
2888	405	223
4492	168	224
11261	180	224
10033	238	224
6219	295	224
16886	301	224
10093	493	224
2779	498	224
12765	44	225
12597	113	225
4643	241	225
7179	350	225
5828	400	225
13151	439	225
6850	5	226
16459	29	226
7939	131	226
13636	210	226
3765	233	226
8733	267	226
12874	481	226
17410	495	226
2046	33	227
1324	91	227
1345	104	227
4048	168	227
14594	233	227
7261	315	227
1733	365	227
11274	399	227
14436	7	228
12323	41	228
12610	168	228
14642	270	228
5202	299	228
5048	452	228
8528	493	228
6013	544	228
18278	45	229
10789	55	229
17993	280	229
3086	406	229
15963	511	229
3005	38	230
9284	143	230
16115	175	230
786	276	230
15580	304	230
5055	305	230
15945	341	230
1869	366	230
6814	439	230
16120	521	230
3149	566	230
10481	571	230
15492	33	231
3902	91	231
16496	120	231
13178	136	231
11619	183	231
2615	330	231
13829	399	231
4648	524	231
8940	45	232
11392	158	232
10229	263	232
11853	280	232
2794	311	232
4984	511	232
6478	539	232
16707	569	232
16536	29	233
17741	66	233
11526	112	233
12322	176	233
5467	226	233
12023	227	233
9424	272	233
6749	360	233
9073	376	233
5693	386	233
15957	459	233
7426	461	233
5070	484	233
17073	536	233
1906	148	234
877	446	234
13672	447	234
16078	453	234
3046	461	234
18327	540	234
11756	554	234
7910	12	235
6446	153	235
13679	318	235
5484	346	235
10523	456	235
12952	493	235
17001	371	236
1191	447	236
6617	29	237
11693	69	237
14865	87	237
2433	123	237
13937	256	237
10901	257	237
1024	343	237
15222	442	237
4411	502	237
13320	549	237
3607	556	237
1654	78	238
11065	80	238
8332	224	238
14445	243	238
11822	251	238
6461	402	238
17666	466	238
12548	89	239
1010	131	239
2476	183	239
2334	199	239
4094	344	239
10785	361	239
7038	55	240
6217	148	240
14077	418	240
5247	487	240
10668	113	241
15981	133	241
14326	205	241
10056	225	241
15991	305	241
18096	317	241
16630	431	241
17737	466	241
5943	35	242
1828	132	242
3339	273	242
10416	279	242
12454	300	242
9302	340	242
4163	381	242
1780	137	243
12227	163	243
1048	238	243
1442	389	243
6647	422	243
18245	433	243
8696	494	243
15904	498	243
15378	578	243
6274	517	244
5450	531	244
6409	29	245
9793	128	245
17529	168	245
18166	343	245
4375	430	245
13340	434	245
8685	509	245
1870	88	246
12120	159	246
15926	193	246
6443	215	246
15597	216	246
16736	279	246
15251	472	246
684	2	247
4661	41	247
17819	126	247
12877	355	247
4012	462	247
2648	539	247
17696	52	248
14095	71	248
4244	113	248
15197	248	248
8476	351	248
7357	368	248
18114	143	249
5670	131	250
3382	194	250
11898	286	250
15137	344	250
11086	573	250
14906	583	250
8561	238	251
12683	483	251
4312	513	251
5809	84	252
2110	169	252
8734	218	252
4848	259	252
2659	340	252
18140	352	252
9677	420	252
4222	533	252
11575	106	253
13887	317	253
15900	331	253
8595	565	253
11038	208	254
14749	16	255
18184	37	255
5673	199	255
2205	203	255
15223	367	255
2427	409	255
6959	582	255
8444	586	255
10929	11	256
6328	33	256
8645	59	256
6355	237	256
7586	269	256
11408	315	256
12973	418	256
16181	538	256
6500	59	257
14377	87	257
18084	90	257
11686	210	257
9394	237	257
9542	416	257
13614	14	258
7643	107	258
4750	268	258
16903	291	258
14923	306	258
2003	345	258
1572	399	258
9915	552	258
7520	134	259
4498	216	259
11875	252	259
6956	340	259
4742	530	259
4148	52	260
8494	71	260
4789	260	260
3676	351	260
7863	20	261
1506	95	261
18058	125	261
11052	220	261
16547	324	261
14805	383	261
9009	475	261
14115	23	262
17589	65	262
6085	324	262
5708	403	262
4585	475	262
8490	574	262
14633	45	263
3826	158	263
10453	232	263
1201	280	263
8904	311	263
5692	511	263
8952	539	263
14026	569	263
12791	21	264
10637	181	264
4939	299	264
4967	332	264
18175	437	264
13996	483	264
7020	539	264
9767	561	264
14325	582	264
8779	167	265
4488	172	265
3757	205	265
13042	473	265
16853	548	265
1804	66	266
6049	167	266
7567	280	266
16595	349	266
9444	380	266
7536	447	266
7288	540	266
14545	541	266
1401	553	266
1443	226	267
15787	418	267
10045	447	267
18418	41	268
18073	57	268
12907	63	268
6124	258	268
10054	315	268
17982	355	268
16825	365	268
15949	515	268
5684	585	268
9376	256	269
16433	330	269
5581	348	269
11668	567	269
6551	579	269
12101	198	270
6074	228	270
13526	318	270
8187	334	270
14503	348	270
17083	399	270
16242	456	270
11014	493	270
14113	84	271
6811	107	271
11217	291	271
7670	306	271
8540	551	271
5142	117	272
7768	233	272
17898	386	272
1503	434	272
9194	436	272
13437	461	272
11587	484	272
11766	502	272
13690	35	273
14116	95	273
1863	188	273
11502	242	273
1169	279	273
9744	383	273
4287	526	273
18372	2	274
18156	425	274
11034	510	274
5018	558	274
2938	169	275
3194	198	275
15255	219	275
14304	400	275
7679	577	275
14096	143	276
10873	175	276
15387	230	276
14044	327	276
8412	341	276
9404	68	277
2600	72	277
12838	411	277
12802	461	277
16622	548	277
10877	409	278
16110	522	278
9254	95	279
2008	216	279
10985	242	279
5402	246	279
11163	273	279
15678	300	279
6608	381	279
14424	559	279
7737	45	280
9222	150	280
1763	158	280
11204	229	280
16619	232	280
14698	263	280
1573	266	280
4056	290	280
1723	311	280
18147	328	280
16046	394	280
2283	409	280
9067	432	280
5100	445	280
6224	487	280
3071	492	280
8608	511	280
12106	520	280
15880	569	280
8721	572	280
1190	576	280
18030	441	281
6000	511	281
9365	72	282
12359	172	282
802	411	282
4886	473	282
14075	33	283
15679	122	283
15019	315	283
4377	506	283
872	515	283
10900	551	283
1919	105	284
5536	120	284
654	502	284
10252	503	284
6910	547	284
3917	160	285
11395	298	285
13664	528	285
7467	5	286
4304	75	286
13425	89	286
8135	250	286
15667	461	286
5957	42	287
15435	72	287
6226	218	287
18289	137	288
15893	163	288
11914	323	288
9543	422	288
11790	449	288
15564	494	288
7190	498	288
16876	85	289
10792	360	289
15442	409	289
9828	502	289
15320	73	290
7674	280	290
11161	14	291
1829	33	291
15037	76	291
3775	107	291
4229	258	291
14471	271	291
9235	306	291
5047	399	291
17240	454	291
15157	538	291
2892	72	292
9212	178	292
15909	218	292
6346	184	293
17475	302	293
11807	308	293
17665	322	293
13214	510	293
16165	555	293
12473	560	293
1252	203	294
9074	409	294
12507	434	294
3430	468	294
8784	502	294
18397	9	295
3770	12	295
15078	80	295
10126	186	295
18098	211	295
8386	224	295
9882	485	295
4885	498	295
4728	582	295
13498	77	296
16709	408	296
1582	106	297
11867	317	297
18252	363	297
17767	401	297
4671	566	297
10810	1	298
14088	30	298
1761	142	298
3636	160	298
13400	285	298
14856	475	298
6823	21	299
17867	27	299
14703	32	299
7198	181	299
11200	228	299
12190	264	299
14404	539	299
14892	544	299
2235	23	300
3320	132	300
7811	169	300
6971	188	300
17501	193	300
17720	242	300
14159	279	300
18211	354	300
17936	559	300
8462	8	301
8795	119	301
17524	147	301
8672	180	301
10728	224	301
10689	47	302
7489	293	302
6025	351	302
3250	510	302
5923	570	303
3888	206	304
8323	230	304
1767	491	304
11808	113	305
8047	230	305
12602	241	305
6070	351	305
10393	411	305
7987	473	305
7544	476	305
11429	40	306
10394	76	306
12664	140	306
5419	209	306
10339	258	306
8325	271	306
10708	291	306
9185	495	306
14171	41	307
16990	59	307
8778	309	307
18007	399	307
13441	578	307
17731	293	308
7948	419	308
17515	423	308
5596	508	308
5633	104	309
12961	107	309
13408	168	309
14973	182	309
5345	307	309
4190	399	309
5009	44	310
13971	100	310
1509	513	310
4431	45	311
8301	232	311
8958	263	311
17809	280	311
820	511	311
12525	569	311
3062	92	312
5424	169	312
8855	185	312
12576	193	312
1891	207	312
2777	209	312
1899	211	312
6264	219	312
10471	354	312
6399	428	312
9145	490	312
16190	76	313
13761	330	313
11006	358	313
14956	368	313
14023	369	313
15703	457	313
4017	495	313
12409	524	313
15791	537	313
2824	31	314
16273	433	314
6895	33	315
17866	227	315
14293	256	315
8560	268	315
15661	283	315
11165	365	315
9099	384	315
9854	481	315
14883	495	315
7774	515	315
10101	573	315
7992	586	315
7034	46	316
15023	409	316
2430	469	316
6206	60	317
6724	106	317
10197	115	317
14028	173	317
7372	175	317
6643	241	317
3246	253	317
10828	297	317
3575	331	317
5012	370	317
5982	565	317
12076	566	317
5687	568	317
14659	28	318
8192	118	318
15719	200	318
12475	235	318
4336	270	318
3008	434	318
1477	502	318
9105	103	319
18420	133	319
2852	206	319
14192	408	319
17497	488	319
869	501	319
17784	46	320
9448	409	320
17434	75	321
12772	120	321
1003	195	321
6879	367	321
18155	502	321
18296	567	321
2307	184	322
765	293	322
3777	570	322
12999	152	323
8235	288	323
3074	334	323
15388	422	323
11674	66	324
10019	74	324
4680	111	324
2076	125	324
11586	174	324
6573	199	324
5386	220	324
12314	261	324
14872	262	324
1383	342	324
14612	361	324
17502	383	324
11315	403	324
4687	418	324
9465	426	324
6878	450	324
10871	455	324
15676	541	324
3279	551	324
10622	124	325
11077	206	325
9846	335	325
14549	366	325
15474	531	325
8620	533	325
12969	18	326
1841	190	326
14733	453	326
2376	52	327
16327	276	327
17338	327	327
16332	423	327
696	521	327
6761	17	328
14729	45	328
14065	167	328
5924	280	328
3824	374	328
10842	520	328
15447	43	329
7427	45	329
4926	170	329
6056	511	329
8956	33	330
8730	126	330
16027	231	330
18299	269	330
1998	313	330
5388	367	330
1534	253	331
10208	317	331
13842	565	331
4597	84	332
1241	119	332
5066	264	332
9969	514	332
2542	42	333
12536	72	333
17746	218	333
12382	119	334
15478	191	334
11547	270	334
9113	323	334
7797	346	334
18246	348	334
2331	437	334
14494	529	334
5266	74	335
12971	206	335
9241	325	335
12970	517	335
7942	530	335
5895	531	335
3471	581	335
953	172	336
3640	413	336
4979	444	336
8679	473	336
5595	548	336
16937	42	337
13955	72	338
6653	172	338
15169	411	338
772	473	338
10051	15	339
2647	42	339
11239	242	340
14700	252	340
744	259	340
15952	393	340
11948	420	340
7513	444	340
14972	530	340
16697	172	341
11489	230	341
11714	276	341
4547	366	341
12517	125	342
11157	324	342
4429	344	342
17996	391	342
2713	403	342
6312	450	342
2523	455	342
16157	526	342
10108	110	343
8361	128	343
16051	237	343
5748	245	343
9237	434	343
9863	556	343
15938	53	344
2594	54	344
4213	67	344
6572	74	344
15130	89	344
1284	91	344
4380	94	344
3083	109	344
2701	125	344
7456	148	344
11919	183	344
3145	194	344
12519	221	344
5284	239	344
17536	250	344
4491	342	344
13000	376	344
12650	380	344
11338	391	344
6585	399	344
10408	435	344
2252	443	344
8025	450	344
10049	455	344
3413	461	344
17147	475	344
690	482	344
7303	540	344
1631	553	344
2963	583	344
4378	107	345
6208	258	345
7740	365	345
1860	399	345
7733	9	346
7602	153	346
13026	157	346
16660	180	346
16241	191	346
13460	222	346
17752	235	346
16841	334	346
4180	449	346
17371	456	346
5007	467	346
2404	494	346
2471	498	346
8353	563	346
4956	143	347
2957	193	347
11431	472	347
4025	580	347
16982	40	348
10091	70	348
16440	118	348
12488	200	348
5334	212	348
8991	269	348
6782	270	348
9513	334	348
1746	538	348
18401	543	348
7973	552	348
12481	58	349
8188	266	349
16693	383	349
13308	463	349
3192	511	349
3662	8	350
725	78	350
9920	113	350
15912	225	350
17888	402	350
1128	490	350
14632	164	351
18421	189	351
2760	248	351
6750	260	351
640	302	351
1338	305	351
12748	185	352
1015	252	352
13059	52	353
15210	353	353
13519	423	353
12710	20	354
10283	193	354
1467	211	354
1853	300	354
10421	312	354
16249	559	354
14621	2	355
5127	37	355
16954	76	355
9954	116	355
13143	126	355
8840	144	355
1705	247	355
11945	268	355
10489	388	355
11998	442	355
5853	462	355
9530	558	355
11611	17	356
4328	45	356
1719	130	356
4613	167	356
16134	90	357
2371	105	357
16336	118	357
2022	120	357
10803	128	357
9987	176	357
13662	430	357
13765	434	357
16996	456	357
9101	484	357
15381	502	357
2633	536	357
11150	547	357
3051	33	358
6827	313	358
14960	399	358
9300	562	358
17873	579	358
11389	546	359
5268	166	360
3858	176	360
10557	233	360
6323	289	360
5034	459	360
8948	461	360
16729	502	360
16571	536	360
14890	111	361
15336	239	361
9839	324	361
12734	377	361
16941	403	361
10451	458	361
11374	34	362
3010	62	362
12928	68	362
17347	72	362
12671	114	362
9737	406	362
6504	476	362
17401	496	362
9340	297	363
14362	401	363
14886	35	364
15717	81	364
7516	445	364
8376	468	364
13963	483	364
3412	512	364
8260	7	365
14771	33	365
2886	41	365
18244	69	365
15570	107	365
3894	168	365
7449	227	365
771	268	365
15819	315	365
11761	345	365
11551	399	365
15269	515	365
11640	544	365
6210	115	366
14172	124	366
8525	143	366
15919	175	366
1107	230	366
8627	325	366
15089	341	366
14992	378	366
17101	75	367
7556	87	367
12979	255	367
18183	321	367
727	330	367
16931	405	367
2253	4	368
18400	140	368
4467	248	368
11438	313	368
14957	379	368
6258	462	368
9750	514	368
3351	2	369
16560	313	369
16243	462	369
12342	317	370
7637	566	370
4021	568	370
10217	236	371
4594	447	371
6538	15	372
600	42	372
3116	101	373
739	45	374
12601	145	374
4737	167	374
4497	328	374
8712	381	374
9630	409	374
4446	548	374
1551	52	375
12403	71	375
7882	375	375
15793	423	375
4079	56	376
5735	195	376
7478	233	376
15353	344	376
17235	447	376
16307	55	377
14400	121	377
14835	220	377
1737	361	377
2843	10	378
14233	31	378
5257	218	378
13865	366	378
16409	433	378
11909	10	379
14496	368	379
16837	449	379
17905	160	380
9510	266	380
10458	344	380
10164	396	380
17104	461	380
4803	553	380
4628	23	381
7052	145	381
7966	216	381
6354	242	381
679	279	381
9258	374	381
12629	427	381
18371	500	381
9423	526	381
1144	545	381
17483	580	381
17969	9	382
8943	48	382
13219	80	382
8076	185	382
16463	397	382
1261	490	382
2224	525	382
15001	532	382
16212	65	383
1776	125	383
4565	220	383
16079	261	383
8183	273	383
1586	324	383
9710	349	383
16762	475	383
7338	526	383
8354	541	383
3907	33	384
16255	149	384
4972	183	384
13514	315	384
16614	399	384
7680	2	385
5146	388	385
16094	429	385
932	510	385
2568	5	386
13949	75	386
4073	120	386
9657	233	386
6780	272	386
6345	436	386
3828	461	386
7064	506	386
15236	178	387
16865	144	388
4171	355	388
15333	385	388
1706	29	389
7412	187	389
822	243	389
17525	434	389
6633	556	389
14359	578	389
18132	20	390
8072	35	390
9075	48	390
6380	393	390
4323	457	390
5123	561	390
2803	156	391
13683	342	391
5999	344	391
3827	403	391
11736	450	391
10783	475	391
8532	526	391
7588	4	392
18475	108	392
14736	119	392
16301	147	392
15720	454	392
12353	514	392
13084	84	393
10813	92	393
13778	169	393
10740	185	393
12368	193	393
14415	340	393
16128	390	393
14131	45	394
3219	158	394
6849	280	394
11032	511	394
8208	35	395
9320	48	395
15532	144	395
1295	188	395
7535	410	395
6690	422	395
10106	494	395
9611	580	395
1415	45	396
6579	151	396
2087	380	396
17295	447	396
13705	461	396
12317	9	397
8949	84	397
15856	179	397
12174	382	397
4888	532	397
18239	90	398
5956	502	398
14439	567	398
16726	75	399
2077	91	399
6674	104	399
17602	107	399
871	120	399
4855	136	399
5981	147	399
8912	149	399
13082	183	399
934	227	399
12903	231	399
2304	258	399
15368	270	399
4698	291	399
6440	307	399
15189	309	399
12851	344	399
13303	345	399
5143	358	399
8379	365	399
6915	384	399
16893	524	399
13876	562	399
3040	579	399
6996	113	400
2967	155	400
6697	225	400
1184	275	400
8028	439	400
1483	491	400
13544	506	400
3705	577	400
3080	297	401
5030	363	401
3085	71	402
18384	119	402
2188	162	402
4093	238	402
6456	350	402
9569	55	403
17881	65	403
16286	66	403
4247	74	403
5254	111	403
10884	131	403
7861	174	403
1983	262	403
8364	324	403
10241	342	403
17660	361	403
4752	391	403
14129	450	403
7589	455	403
7175	458	403
8774	580	403
1888	208	404
16483	16	405
16692	87	405
616	100	405
17109	127	405
1127	223	405
8006	367	405
11840	502	405
3150	229	406
7486	362	406
9872	411	406
12955	474	406
7923	19	407
14101	99	407
17164	3	408
5267	96	408
18205	103	408
17837	296	408
3508	319	408
6969	570	408
13184	46	409
4128	49	409
6602	72	409
17105	150	409
11679	171	409
15975	255	409
1450	278	409
3925	280	409
8247	289	409
1632	294	409
17852	316	409
6343	320	409
15798	374	409
16380	440	409
12163	445	409
4656	469	409
17300	500	409
12125	511	409
4768	522	409
12666	572	409
8491	85	410
4697	120	410
17029	165	410
11794	201	410
7743	395	410
2369	436	410
14651	446	410
4234	34	411
3582	45	411
15100	133	411
16140	172	411
15500	204	411
2544	277	411
11959	282	411
5819	305	411
16359	338	411
1945	406	411
1440	473	411
9233	534	411
11923	548	411
5863	558	411
6039	42	412
13818	72	412
4062	218	412
17918	86	413
9218	103	413
8198	138	413
16124	172	413
2223	336	413
4039	501	413
17463	531	413
10771	540	413
3132	548	413
13817	581	413
1290	8	414
1459	140	414
3637	146	414
2719	585	414
4974	205	415
11514	214	415
4736	444	415
14878	63	416
5075	69	416
17383	210	416
16813	257	416
11912	15	417
963	72	417
2816	218	417
6454	32	418
12900	36	418
6024	174	418
9415	240	418
7885	256	418
7521	267	418
12221	324	418
9512	47	419
11343	93	419
13464	308	419
16023	252	420
5779	340	420
13172	166	421
16203	176	421
12231	461	421
5937	78	422
6925	163	422
1935	191	422
11781	243	422
5717	288	422
17116	323	422
15803	395	422
9293	494	422
2662	525	422
12648	50	423
10917	52	423
5837	71	423
2172	93	423
14866	141	423
6844	154	423
8920	308	423
13567	327	423
17249	353	423
17730	375	423
2860	423	423
2583	471	423
16531	489	423
12383	508	423
10926	72	424
2423	274	425
9482	476	425
15294	546	425
4100	32	426
3439	121	426
2602	132	426
7236	174	426
4427	188	426
5097	199	426
3193	324	426
5118	495	426
15740	515	426
6562	551	426
9694	95	427
978	218	427
2972	381	427
6272	500	427
12391	542	427
17435	559	427
925	19	428
10922	127	428
13128	312	428
15099	491	428
1359	518	428
9226	563	428
10013	101	429
12139	385	429
4231	546	429
9650	29	430
12397	110	430
14453	182	430
8151	245	430
14577	357	430
14949	434	430
6951	484	430
12631	509	430
9257	578	430
10304	10	431
10673	52	431
2567	241	431
8841	431	431
4758	45	432
1400	280	432
16927	492	432
17228	511	432
1356	132	433
2370	243	433
6766	314	433
9240	378	433
6411	491	433
13855	518	433
7210	28	434
12659	110	434
14686	182	434
8121	201	434
13058	245	434
15000	272	434
15274	294	434
3702	318	434
7402	343	434
13901	357	434
5870	389	434
13738	430	434
2876	436	434
7626	459	434
4818	484	434
16264	498	434
16601	502	434
2328	509	434
5704	523	434
8105	536	434
13736	543	434
10468	578	434
1670	89	435
1595	344	435
14260	443	435
16620	120	436
16085	210	436
3728	272	436
9878	386	436
12070	410	436
16090	434	436
7647	461	436
15932	21	437
16413	207	437
10598	264	437
13796	334	437
10887	485	437
10946	585	437
7616	15	438
1921	143	439
14715	225	439
11825	230	439
5174	400	439
4376	171	440
12878	409	440
3711	281	441
5252	511	441
4701	98	442
2196	237	442
13797	355	442
4102	477	442
17010	109	443
15616	344	443
12121	435	443
16754	336	444
12282	340	444
12552	415	444
1687	530	444
1346	531	444
17262	45	445
4532	49	445
1304	150	445
3606	167	445
5068	280	445
2041	364	445
7971	409	445
18350	511	445
4620	572	445
17343	30	446
10697	85	446
1537	201	446
14513	234	446
11872	410	446
13185	502	446
13746	554	446
17591	56	447
3998	81	447
13561	139	447
9980	151	447
17154	166	447
17494	170	447
1649	234	447
3458	236	447
18127	266	447
6629	267	447
18185	371	447
15761	376	447
2140	396	447
9910	511	447
16821	540	447
16055	550	447
7254	553	447
12225	208	448
13329	153	449
6580	157	449
13691	288	449
11416	346	449
1741	379	449
12044	529	449
15132	54	450
8674	65	450
12555	67	450
18200	74	450
9126	111	450
6736	125	450
7697	324	450
7924	342	450
3957	344	450
1979	391	450
17448	403	450
15551	526	450
17880	541	450
13641	13	451
6498	99	451
7014	132	451
16211	188	451
18106	491	451
1636	7	452
16733	70	452
5747	108	452
1715	147	452
14897	228	452
6372	454	452
16792	18	453
4317	28	453
17132	190	453
1129	234	453
10480	326	453
15782	456	453
8230	477	453
2474	537	453
7390	554	453
6094	582	453
9914	7	454
7241	70	454
11769	108	454
16071	291	454
17537	392	454
2109	452	454
9975	514	454
17963	544	454
14678	74	455
13872	324	455
1882	342	455
16553	344	455
8776	403	455
721	526	455
4954	28	456
14292	100	456
10505	118	456
10945	200	456
3656	235	456
17541	270	456
2232	346	456
7895	357	456
13190	453	456
1462	48	457
8610	102	457
13804	181	457
14850	313	457
2169	390	457
1926	483	457
3396	551	457
8226	561	457
11606	156	458
4298	361	458
15630	403	458
2804	541	458
13666	551	458
5947	573	458
9080	176	459
17628	233	459
14248	360	459
4500	434	459
12241	461	459
15624	536	459
779	15	460
15273	72	460
10148	218	460
16330	5	461
4023	66	461
14360	75	461
13133	94	461
2049	151	461
8865	166	461
7434	167	461
2482	170	461
17420	176	461
5721	194	461
16710	233	461
12085	234	461
18174	272	461
7962	277	461
1787	286	461
3127	344	461
12224	360	461
7280	380	461
14675	386	461
3936	396	461
10216	421	461
12521	436	461
14895	459	461
2485	484	461
1480	523	461
17947	536	461
9139	578	461
16509	579	461
8220	2	462
12145	7	462
7425	40	462
11085	41	462
9795	76	462
18018	247	462
9192	355	462
7422	368	462
13909	369	462
9244	543	462
14964	45	463
16862	65	463
13822	95	463
14710	129	463
16366	220	463
5592	349	463
13824	511	463
9026	535	463
11994	208	464
8622	95	465
6071	145	465
5299	574	465
12757	60	466
5515	238	466
2977	241	466
5824	491	466
3545	191	467
18403	346	467
17427	35	468
2983	165	468
6999	294	468
11208	364	468
16053	524	468
16583	526	468
827	562	468
17452	316	469
9229	409	469
6091	570	470
2791	52	471
12176	71	471
7001	423	471
11598	471	471
14338	161	472
16712	172	472
12494	193	472
1788	216	472
8052	246	472
13853	347	472
17614	38	473
9409	42	473
7161	133	473
775	204	473
2556	205	473
2210	207	473
11874	265	473
6410	282	473
7218	305	473
1068	336	473
4636	338	473
1711	411	473
4709	476	473
13984	480	473
13577	501	473
18264	548	473
4890	15	474
4592	42	474
8103	406	474
13717	1	475
14660	49	475
4964	54	475
5320	55	475
13704	65	475
6069	129	475
11658	142	475
6516	145	475
2260	160	475
2390	261	475
7635	262	475
17621	298	475
16042	344	475
15349	383	475
10287	391	475
18081	500	475
9102	526	475
5026	34	476
14766	133	476
6657	205	476
4071	305	476
973	362	476
14103	425	476
15812	473	476
7678	12	477
17901	28	477
5087	190	477
12408	442	477
9529	453	477
5206	485	477
11188	105	478
17049	152	478
1897	212	478
5271	502	478
2869	538	478
17872	547	478
5049	72	479
1140	205	480
2514	473	480
13563	501	480
17344	5	481
16787	131	481
17826	183	481
13906	226	481
12849	315	481
16112	583	481
15906	122	482
4861	183	482
6781	221	482
11865	344	482
15794	505	482
3735	583	482
10983	21	483
13700	48	483
2107	58	483
17985	80	483
12424	251	483
1781	264	483
5997	364	483
8879	457	483
16750	512	483
16962	561	483
1792	210	484
5662	233	484
15252	272	484
1002	357	484
18292	430	484
5972	434	484
17188	461	484
5879	523	484
15279	9	485
1416	18	485
10835	21	485
18088	39	485
17098	193	485
10105	295	485
5362	437	485
15324	477	485
8728	490	485
8995	532	485
10357	585	485
1371	504	486
10062	511	486
5694	36	487
9174	45	487
9206	112	487
17197	240	487
6564	280	487
3057	511	487
12115	205	488
16030	206	488
14034	319	488
16631	501	488
6557	423	489
6286	35	490
7540	78	490
16007	80	490
18347	92	490
12305	193	490
12858	312	490
6936	350	490
10775	382	490
7046	485	490
7582	513	490
12906	19	491
4146	304	491
11183	400	491
3760	428	491
3979	433	491
6928	451	491
9662	466	491
9057	577	491
17523	45	492
11266	280	492
3445	432	492
7381	511	492
6096	147	493
16008	180	493
2153	198	493
14250	224	493
12832	228	493
928	235	493
12262	270	493
8888	514	493
2541	552	493
8010	44	494
3628	144	494
3620	179	494
6704	243	494
4214	288	494
12165	346	494
12153	395	494
8296	422	494
7648	513	494
12796	116	495
7997	183	495
9483	226	495
13670	306	495
11190	313	495
7694	315	495
4894	426	495
4621	586	495
12138	15	496
7229	72	496
677	362	496
10009	208	497
12278	9	498
14240	157	498
7380	224	498
17899	243	498
17919	288	498
15768	295	498
3294	346	498
16946	434	498
13688	103	499
4985	546	499
3592	49	500
9978	381	500
4612	409	500
9687	427	500
3694	475	500
13608	512	500
3675	38	501
16550	133	501
1254	155	501
11594	184	501
13394	205	501
11233	208	501
9417	319	501
2509	413	501
5160	473	501
3230	480	501
11406	488	501
9279	90	502
9364	105	502
4050	110	502
13510	118	502
2897	120	502
13697	128	502
3867	166	502
12798	196	502
7446	200	502
2920	237	502
10270	272	502
1160	284	502
11452	289	502
3795	294	502
3223	318	502
12437	321	502
10652	357	502
2513	360	502
13966	398	502
975	405	502
3278	434	502
3919	446	502
12042	478	502
3137	503	502
16803	523	502
3930	547	502
11300	567	502
11548	110	503
5892	128	503
14836	284	503
2896	502	503
18193	486	504
6149	511	504
17680	85	505
17442	94	505
16204	209	505
864	217	505
4164	482	505
14739	117	506
15876	165	506
6797	169	506
3059	193	506
4389	283	506
2631	386	506
9605	400	506
16768	15	507
16727	42	507
7846	93	508
16317	308	508
3748	423	508
9622	110	509
9037	200	509
16758	245	509
5800	430	509
13269	434	509
17626	538	509
12375	140	510
5426	274	510
3543	293	510
3164	302	510
14228	385	510
10838	36	511
10799	43	511
11381	112	511
621	129	511
899	150	511
12480	158	511
14306	229	511
2980	232	511
10735	263	511
4204	280	511
2797	281	511
10402	311	511
11933	329	511
3241	349	511
4519	394	511
6716	409	511
15881	432	511
3177	441	511
11257	445	511
638	447	511
18276	463	511
2969	486	511
8808	487	511
2465	492	511
1735	504	511
2023	512	511
7823	542	511
14995	569	511
6940	572	511
17611	20	512
1157	35	512
9786	129	512
8385	192	512
17375	211	512
16968	364	512
17345	483	512
15639	500	512
7866	511	512
4909	78	513
4544	127	513
3837	251	513
14050	310	513
3099	490	513
3805	494	513
8170	518	513
16382	332	514
2683	368	514
11830	392	514
8131	454	514
2501	493	514
1025	57	515
9200	268	515
13164	283	515
6245	315	515
15484	365	515
1856	426	515
14806	586	515
9990	42	516
1689	86	517
9938	134	517
3378	244	517
9773	335	517
12442	531	517
8659	13	518
8832	78	518
985	127	518
5490	173	518
15096	428	518
2845	433	518
15263	513	518
5778	588	518
10166	546	519
13244	49	520
11944	167	520
17130	280	520
3697	328	520
1045	526	520
12652	10	521
5303	31	521
4782	97	521
5568	230	521
5832	327	521
15319	278	522
8822	409	522
14574	90	523
4138	434	523
17552	461	523
7530	484	523
16244	502	523
2645	33	524
6254	91	524
656	104	524
5868	136	524
11111	183	524
11344	231	524
9567	313	524
3926	399	524
4035	468	524
3061	39	525
10610	163	525
5552	179	525
5413	382	525
17951	422	525
12938	577	525
16374	1	526
14874	49	526
15664	55	526
9709	65	526
5134	95	526
8069	142	526
4433	188	526
7675	273	526
4820	342	526
3804	381	526
3873	383	526
3831	391	526
8433	450	526
2499	455	526
12348	468	526
4168	475	526
3304	520	526
1176	542	526
17522	15	527
6830	285	528
1726	580	528
10790	9	529
3745	39	529
14735	334	529
16668	449	529
4047	205	530
17127	213	530
11815	216	530
16479	217	530
3210	259	530
14677	335	530
16537	340	530
10044	444	530
12355	185	531
5420	244	531
13781	325	531
16170	335	531
17642	413	531
16434	444	531
12244	517	531
7646	557	531
4206	12	532
10892	59	532
3446	80	532
17174	186	532
6584	382	532
4458	397	532
1589	485	532
4347	219	533
9834	252	533
17418	325	533
16793	566	533
13034	577	533
13237	15	534
10629	72	534
9197	411	534
10655	30	535
6666	98	535
6449	126	535
11056	144	535
995	463	535
2221	5	536
13940	176	536
7350	233	536
11007	357	536
5177	360	536
11356	434	536
9621	459	536
8877	461	536
1206	18	537
3899	199	537
11743	313	537
7518	453	537
16737	14	538
4583	107	538
3349	182	538
3790	256	538
17631	291	538
10206	348	538
3730	478	538
14102	509	538
6816	579	538
17236	16	539
8194	57	539
14056	209	539
6868	232	539
17986	247	539
17227	263	539
1116	264	539
8843	299	539
7171	569	539
865	586	539
2898	234	540
10308	266	540
11268	344	540
8834	413	540
7771	447	540
3846	125	541
13767	266	541
10768	324	541
18399	383	541
5277	450	541
8605	458	541
4120	564	541
17805	58	542
9950	95	542
13431	427	542
12453	511	542
9492	526	542
10664	168	543
9330	212	543
7421	348	543
4589	434	543
4363	462	543
8174	544	543
15480	549	543
9667	556	543
4114	41	544
13282	199	544
1175	228	544
3093	299	544
12574	365	544
11858	454	544
10201	543	544
11350	49	545
3660	142	545
3975	172	545
15816	216	545
10597	381	545
11298	548	545
7982	3	546
4226	101	546
15065	359	546
6948	425	546
5741	429	546
17465	499	546
15066	519	546
15684	105	547
16280	284	547
852	357	547
18348	478	547
9311	502	547
10087	23	548
6818	68	548
3555	160	548
1456	172	548
3343	204	548
14508	265	548
12217	277	548
1419	336	548
1404	374	548
12113	411	548
9825	413	548
10314	473	548
18154	545	548
5939	12	549
17839	41	549
13468	69	549
13337	80	549
16125	123	549
11854	126	549
16680	237	549
16116	543	549
14468	552	549
11209	16	550
8880	139	550
15537	181	550
9290	447	550
16456	122	551
14386	156	551
8128	192	551
8509	271	551
14802	283	551
15672	324	551
6113	426	551
9044	457	551
10435	458	551
17910	70	552
853	107	552
14913	187	552
17090	258	552
9896	348	552
2090	493	552
8703	549	552
2643	49	553
15433	266	553
2858	344	553
16580	380	553
8529	447	553
11660	27	554
3487	69	554
2149	98	554
12484	123	554
18383	234	554
11107	446	554
2705	453	554
2139	293	555
12043	123	556
5135	187	556
1340	196	556
632	200	556
8267	237	556
15377	343	556
5529	389	556
5591	543	556
5215	94	557
7936	156	557
4508	209	557
2373	531	557
5164	2	558
4188	204	558
15520	274	558
15541	355	558
4016	411	558
18157	58	559
11063	92	559
10450	95	559
10123	132	559
3401	211	559
18436	279	559
2078	300	559
14966	354	559
16426	427	559
4104	293	560
17855	18	561
15631	21	561
6137	48	561
15777	264	561
7240	390	561
1782	457	561
17847	483	561
7091	33	562
10552	149	562
6310	183	562
5812	358	562
3460	399	562
3808	468	562
2358	9	563
10608	39	563
17570	157	563
13654	179	563
2723	222	563
11254	346	563
9432	428	563
9858	67	564
9514	125	564
7337	156	564
3360	192	564
12492	195	564
10558	541	564
18078	253	565
11643	317	565
13629	331	565
17563	143	566
17397	230	566
17713	297	566
7075	317	566
14783	370	566
16250	533	566
5028	586	566
1451	269	567
4013	321	567
7365	398	567
1248	502	567
15148	317	568
17120	370	568
10736	45	569
13755	158	569
13597	232	569
2367	263	569
7217	280	569
12068	311	569
11540	511	569
16671	539	569
13864	202	570
17508	303	570
7391	322	570
17836	408	570
6477	470	570
18309	587	570
930	143	571
16652	230	571
15456	45	572
15976	49	572
10290	150	572
11864	167	572
6935	280	572
4992	409	572
6917	445	572
2119	511	572
2124	11	573
2814	33	573
12168	94	573
17045	122	573
15280	131	573
10485	156	573
10085	194	573
9670	221	573
9289	250	573
3042	315	573
15666	458	573
3096	586	573
11433	23	574
8871	214	574
17792	216	574
9771	262	574
4515	465	574
17654	42	575
18186	17	576
1797	45	576
4807	49	576
7017	167	576
17186	280	576
12645	87	577
4465	169	577
2679	185	577
10190	219	577
12853	275	577
10465	400	577
3128	491	577
8813	525	577
12758	533	577
18240	120	578
1910	187	578
10003	200	578
8586	243	578
2435	307	578
4404	389	578
5925	430	578
15303	434	578
18191	461	578
1134	33	579
15626	149	579
2137	269	579
4910	358	579
1875	399	579
12198	461	579
14527	538	579
4105	121	580
7292	143	580
4449	347	580
9441	381	580
12717	395	580
2776	403	580
8363	528	580
11634	172	581
15022	335	581
18071	413	581
3490	58	582
10311	181	582
4173	186	582
13869	255	582
17674	264	582
816	295	582
7959	453	582
5886	585	582
1430	5	583
17725	91	583
15710	104	583
6547	183	583
7272	221	583
9268	250	583
15605	344	583
8584	481	583
2874	482	583
13939	15	584
9979	37	585
6707	186	585
17032	268	585
10457	414	585
11012	437	585
13165	485	585
12030	582	585
6886	14	586
17816	63	586
17123	94	586
17974	148	586
17956	174	586
13562	203	586
680	209	586
2724	255	586
7960	315	586
4938	495	586
10527	515	586
905	539	586
17411	566	586
15867	573	586
1044	570	587
18079	99	588
17207	518	588
1031	55	1
17920	65	1
5068	298	1
1516	475	1
17400	526	1
15534	41	2
6225	87	2
10656	102	2
5918	126	2
11671	247	2
17583	274	2
10042	355	2
16758	369	2
13565	385	2
10624	462	2
6205	558	2
12074	103	3
3297	408	3
10813	546	3
3519	108	4
18028	146	4
1561	368	4
17565	392	4
10346	176	5
9829	226	5
3588	286	5
10223	386	5
16947	461	5
5684	481	5
623	536	5
16406	583	5
15751	72	6
4729	178	6
11189	218	6
14126	8	7
11463	70	7
15411	228	7
1072	365	7
10314	452	7
9127	454	7
16332	462	7
6145	7	8
657	119	8
10511	157	8
7546	186	8
9134	301	8
12353	350	8
8675	414	8
3008	39	9
16981	123	9
17599	157	9
9032	179	9
8902	295	9
6082	346	9
11549	382	9
4350	397	9
13056	485	9
12104	498	9
12601	529	9
12302	563	9
6749	378	10
15301	379	10
13131	431	10
1690	521	10
9486	59	11
15229	116	11
5782	181	11
7469	256	11
16791	573	11
2429	18	12
4275	235	12
9403	295	12
15764	477	12
16093	532	12
18124	549	12
14148	57	13
18023	84	13
7732	99	13
11288	451	13
17819	518	13
15880	69	14
12090	84	14
6767	107	14
4477	258	14
9824	291	14
17636	538	14
2770	586	14
15712	42	15
6697	61	15
4221	62	15
8947	64	15
14652	83	15
8031	208	15
9996	339	15
17551	372	15
6775	417	15
9125	438	15
16787	460	15
12091	474	15
5539	496	15
11246	507	15
3787	527	15
14934	534	15
7498	584	15
8304	78	16
5172	139	16
644	255	16
7156	405	16
7357	539	16
11748	550	16
3205	45	17
15743	167	17
5545	328	17
3072	356	17
11379	576	17
4616	12	18
13631	21	18
17316	35	18
14358	190	18
7779	198	18
16934	326	18
17459	453	18
10383	485	18
17556	537	18
6509	561	18
11684	60	19
10659	99	19
2857	219	19
10127	407	19
3049	428	19
14999	491	19
17044	21	20
10362	27	20
16478	35	20
12176	48	20
1391	192	20
16082	261	20
17711	354	20
17110	390	20
17297	512	20
17643	18	21
16431	20	21
13122	27	21
6361	48	21
11130	102	21
11578	116	21
11855	181	21
6821	264	21
11054	299	21
3932	437	21
3159	483	21
9717	485	21
5083	561	21
9281	208	22
704	216	23
4239	262	23
14339	300	23
3528	381	23
4654	548	23
13460	574	23
7823	42	24
10390	208	25
8558	178	26
1348	20	27
15155	21	27
7384	165	27
11226	190	27
2758	201	27
17715	203	27
16919	299	27
2355	554	27
9508	100	28
3487	318	28
4621	434	28
13752	453	28
17622	456	28
9287	477	28
5282	98	29
15788	123	29
11480	168	29
6543	210	29
5476	226	29
12204	233	29
11662	237	29
3315	245	29
5928	389	29
891	430	29
10734	55	30
10352	199	30
10432	298	30
7671	446	30
15921	535	30
1002	143	31
12934	173	31
9107	314	31
7086	378	31
6985	521	31
5301	34	32
11783	100	32
638	117	32
15206	203	32
16240	220	32
12676	299	32
10490	418	32
1050	426	32
1255	75	33
12473	91	33
6355	104	33
6049	136	33
7591	149	33
16261	227	33
4598	231	33
8232	256	33
9982	283	33
4908	291	33
5367	315	33
6859	330	33
14613	358	33
6218	365	33
1558	384	33
15853	524	33
6092	562	33
14676	573	33
8230	579	33
6406	32	34
10759	116	34
11028	362	34
9750	411	34
7763	476	34
3534	18	35
9026	20	35
17412	48	35
12411	58	35
1661	132	35
13729	188	35
15549	211	35
6744	242	35
12854	273	35
7548	364	35
12190	390	35
4267	395	35
13106	468	35
1715	490	35
5180	512	35
3397	418	36
17586	487	36
12611	511	36
8565	72	37
15739	255	37
12850	355	37
17527	585	37
15898	124	38
5688	230	38
11798	473	38
7083	501	38
9048	9	39
10178	198	39
7789	485	39
2300	525	39
17511	529	39
16825	563	39
2228	140	40
18201	152	40
17494	212	40
15108	306	40
4506	348	40
4699	462	40
11609	2	41
18093	183	41
10836	198	41
15251	228	41
3501	247	41
5797	268	41
17934	307	41
1341	365	41
4605	462	41
14039	544	41
2796	549	41
14213	15	42
1207	24	42
17233	64	42
13679	83	42
2875	178	42
12805	287	42
15381	333	42
15948	337	42
17648	339	42
16652	372	42
7279	412	42
18346	473	42
11717	474	42
12919	507	42
2717	516	42
2546	575	42
16716	45	43
6267	160	43
13715	329	43
9747	511	43
14608	100	44
13351	127	44
1011	225	44
7820	310	44
6085	494	44
16184	17	45
12574	43	45
16533	68	45
3740	73	45
8228	112	45
11131	130	45
10760	150	45
9299	151	45
7586	158	45
17460	160	45
14197	167	45
5222	170	45
13195	204	45
1164	229	45
5021	232	45
1046	263	45
8674	280	45
3848	311	45
18051	328	45
7697	329	45
1796	356	45
9902	374	45
12519	394	45
12374	396	45
17049	411	45
15293	432	45
11966	445	45
15164	463	45
6993	487	45
6664	492	45
12062	569	45
7712	572	45
7257	576	45
4372	316	46
6653	320	46
10790	409	46
2470	302	47
1754	419	47
1229	20	48
5181	21	48
4486	35	48
9674	382	48
3549	390	48
7581	395	48
7395	457	48
2635	483	48
2647	561	48
12839	88	49
10018	142	49
13147	150	49
2533	160	49
14220	409	49
834	445	49
4449	475	49
6402	500	49
16443	520	49
17714	526	49
15723	545	49
3844	553	49
16471	572	49
4346	576	49
10856	423	50
14174	72	51
16544	52	52
17451	141	52
2151	154	52
10641	164	52
3544	189	52
11012	248	52
16109	260	52
11889	327	52
13246	353	52
12891	375	52
9910	423	52
17797	431	52
14954	471	52
17287	54	53
11750	74	53
12510	344	53
8766	53	54
16071	81	54
16051	344	54
6728	450	54
17667	475	54
2675	1	55
15201	30	55
14886	121	55
14025	229	55
6938	240	55
14931	377	55
15846	403	55
11070	475	55
10761	526	55
8919	166	56
13560	195	56
16836	376	56
16777	447	56
6930	13	57
11955	144	57
14766	268	57
11761	515	57
1751	539	57
5011	35	58
7313	95	58
7943	167	58
16865	349	58
4433	483	58
6766	542	58
9421	559	58
13710	582	58
4693	11	59
14602	256	59
9480	257	59
18075	307	59
1517	532	59
12048	19	60
17125	99	60
12818	317	60
5540	466	60
8360	15	61
12380	72	61
16789	218	61
4127	15	62
786	72	62
8578	362	62
15072	75	63
6112	98	63
14390	183	63
760	210	63
7626	268	63
14188	416	63
16067	586	63
7590	15	64
9644	42	64
17671	1	65
7312	129	65
17371	262	65
16673	383	65
17071	403	65
12521	450	65
17942	463	65
13527	475	65
8455	526	65
7175	151	66
7193	233	66
5885	266	66
3065	324	66
17564	403	66
6235	461	66
1064	125	67
1875	194	67
11883	344	67
9046	450	67
18159	564	67
2446	45	68
6306	277	68
8863	362	68
16779	548	68
10012	14	69
3491	98	69
17652	148	69
11600	237	69
1733	365	69
905	416	69
17876	549	69
3771	554	69
8712	7	70
12189	348	70
17304	452	70
808	454	70
7359	552	70
7245	140	71
3605	146	71
602	164	71
3287	189	71
11491	248	71
14199	260	71
9128	375	71
3377	402	71
5217	423	71
16856	471	71
15622	6	72
7487	37	72
4016	51	72
1033	61	72
17360	62	72
13964	135	72
16736	177	72
9171	197	72
3225	277	72
18290	282	72
2208	287	72
1677	292	72
8642	333	72
10941	338	72
7299	362	72
15275	409	72
2323	412	72
8209	417	72
12235	424	72
13453	460	72
10186	479	72
16601	496	72
15716	534	72
3155	45	73
17092	290	73
17894	53	74
3396	125	74
13993	324	74
759	335	74
9101	344	74
1512	403	74
6128	450	74
11710	455	74
13722	33	75
11511	63	75
3343	120	75
14708	286	75
3236	321	75
2601	367	75
12834	386	75
12998	399	75
18144	461	75
8429	291	76
2037	306	76
14826	313	76
5657	355	76
7177	462	76
8772	101	77
4263	296	77
4715	16	78
13517	153	78
14087	163	78
6058	238	78
6063	350	78
10936	422	78
6869	490	78
10334	513	78
5416	518	78
14682	208	79
15621	186	80
14650	211	80
16432	238	80
6280	295	80
7696	382	80
1952	483	80
17572	490	80
7263	532	80
8655	549	80
5291	54	81
1543	129	81
9075	181	81
14697	195	81
5991	364	81
9835	447	81
10148	208	82
9133	15	83
6826	42	83
18088	13	84
4173	14	84
13788	252	84
13858	271	84
5230	332	84
6621	393	84
18280	397	84
1257	117	85
18074	165	85
4439	201	85
10939	208	85
9466	289	85
12605	410	85
12840	446	85
10747	505	85
7703	413	86
9622	517	86
3146	2	87
1115	100	87
17627	219	87
2432	223	87
14176	237	87
10239	257	87
14765	367	87
14494	405	87
15776	577	87
9220	49	88
18328	172	88
17591	215	88
10168	246	88
12773	239	89
6439	286	89
11120	344	89
12958	435	89
1730	257	90
5625	357	90
4560	398	90
7408	502	90
9569	523	90
4402	33	91
12266	104	91
1375	136	91
15227	183	91
10792	227	91
1873	231	91
6658	344	91
14643	399	91
15369	524	91
14265	583	91
6000	169	92
7331	185	92
4006	193	92
2464	217	92
8648	312	92
14779	393	92
17750	490	92
5499	559	92
6230	419	93
18139	423	93
2445	508	93
13768	148	94
10630	183	94
5384	206	94
14614	344	94
15378	461	94
14530	505	94
11245	557	94
7251	573	94
1330	586	94
16027	58	95
4551	161	95
7077	167	95
13701	188	95
2452	218	95
5191	220	95
17131	261	95
15826	273	95
12557	279	95
1498	427	95
13669	463	95
5804	465	95
10771	526	95
16576	542	95
7393	559	95
17408	408	96
14510	206	97
1023	521	97
8722	29	98
3319	63	98
11106	69	98
13800	120	98
13665	442	98
7337	535	98
8032	554	98
8068	13	99
14668	19	99
15478	60	99
3264	113	99
11233	407	99
9067	451	99
4145	588	99
4952	28	100
14331	32	100
3889	44	100
18397	87	100
9316	203	100
17428	310	100
3440	405	100
1284	456	100
649	77	101
12886	373	101
11165	429	101
16627	546	101
18247	2	102
15746	21	102
16002	181	102
17840	457	102
15789	3	103
7930	319	103
3983	408	103
6448	413	103
8668	499	103
14002	33	104
11903	91	104
9602	183	104
10284	227	104
6551	309	104
1885	399	104
18200	524	104
9314	583	104
3986	284	105
11090	357	105
6787	478	105
4074	502	105
5726	547	105
17972	253	106
14847	297	106
17855	317	106
1851	14	107
8893	258	107
13767	271	107
2944	291	107
5610	309	107
10834	345	107
10482	365	107
11563	399	107
13311	538	107
3305	552	107
4629	4	108
7107	140	108
6106	392	108
15077	452	108
18011	454	108
16584	344	109
12432	443	109
4783	128	110
17210	182	110
2916	201	110
2077	343	110
7473	430	110
6127	434	110
9205	502	110
1117	503	110
11428	509	110
7002	324	111
2213	361	111
3183	403	111
8269	450	111
8814	45	112
12132	220	112
4133	233	112
14913	487	112
16075	511	112
924	99	113
3917	225	113
3272	241	113
13137	248	113
18089	305	113
5958	350	113
3678	400	113
10692	362	114
17482	143	115
8379	317	115
15941	366	115
11896	11	116
8305	21	116
10505	34	116
6466	355	116
13632	495	116
3161	32	117
9629	85	117
10530	165	117
10534	201	117
10957	272	117
13660	506	117
16190	196	118
16157	200	118
13325	318	118
16015	348	118
14053	357	118
2476	456	118
12230	502	118
9221	8	119
12192	146	119
7378	301	119
16005	332	119
9968	334	119
2430	392	119
15402	402	119
8777	75	120
17089	98	120
680	165	120
4295	168	120
11836	187	120
2473	231	120
16574	284	120
17258	321	120
18231	357	120
3614	386	120
11239	399	120
8148	410	120
13205	436	120
2854	502	120
17674	578	120
4740	55	121
2801	220	121
9786	377	121
18311	426	121
18400	580	121
5199	192	122
15165	209	122
6158	221	122
15998	283	122
15146	482	122
5200	551	122
15695	573	122
11349	9	123
17966	29	123
5395	152	123
17977	196	123
12628	237	123
13682	549	123
13697	554	123
4840	556	123
15285	38	124
17061	206	124
3385	223	124
13335	325	124
18152	366	124
11917	67	125
4102	74	125
4990	156	125
15013	192	125
5619	195	125
7743	261	125
11103	324	125
15065	342	125
18274	344	125
4317	383	125
1003	450	125
13382	541	125
17144	564	125
15152	2	126
4420	247	126
9041	330	126
3152	355	126
10554	535	126
11199	549	126
8329	44	127
12479	405	127
12022	428	127
4011	513	127
16743	518	127
10260	110	128
11984	245	128
14449	343	128
13868	357	128
15437	502	128
11869	503	128
2315	65	129
13889	81	129
16356	463	129
13673	475	129
15704	511	129
8461	512	129
1098	45	130
3760	167	130
2884	356	130
1302	148	131
726	226	131
16968	239	131
5124	250	131
4213	403	131
18224	481	131
6422	573	131
18105	35	132
4866	188	132
9494	242	132
3657	300	132
9797	426	132
15965	433	132
1230	451	132
967	559	132
6918	241	133
4359	319	133
15407	411	133
11081	473	133
12727	476	133
13228	501	133
12685	213	134
5391	215	134
6285	259	134
5130	517	134
2903	72	135
15234	33	136
17442	91	136
12931	183	136
1387	231	136
13309	399	136
2866	524	136
1282	243	137
16246	288	137
3286	413	138
5933	16	139
14693	181	139
7917	447	139
11313	550	139
9777	40	140
14842	71	140
4253	108	140
2554	306	140
10104	368	140
13638	414	140
18297	510	140
11443	52	141
8431	141	141
2344	423	141
1332	49	142
7704	145	142
11994	215	142
16812	216	142
12549	298	142
14583	475	142
18227	526	142
9092	545	142
9369	31	143
15218	115	143
13661	175	143
13383	230	143
16291	249	143
16050	276	143
14660	347	143
910	366	143
3056	439	143
17522	566	143
16830	571	143
5550	580	143
2098	57	144
5972	355	144
1618	388	144
9457	395	144
7899	494	144
6891	535	144
9315	142	145
2335	167	145
10031	214	145
962	374	145
7145	381	145
13893	465	145
8617	475	145
12986	4	146
8623	71	146
6077	119	146
6480	162	146
1731	414	146
13201	301	147
3301	392	147
1308	399	147
4227	452	147
2883	493	147
9766	69	148
4718	94	148
9344	131	148
3992	234	148
16517	240	148
18329	344	148
13108	586	148
1666	33	149
2982	183	149
13178	384	149
14620	399	149
8884	562	149
12884	579	149
16770	45	150
2997	49	150
15542	167	150
11102	280	150
9263	409	150
11810	445	150
5981	511	150
11842	572	150
11159	45	151
9076	66	151
6371	170	151
14851	396	151
16727	447	151
1922	461	151
10438	40	152
5495	123	152
8056	200	152
9729	212	152
2728	323	152
17733	478	152
11063	78	153
13628	157	153
9792	163	153
16144	191	153
13988	235	153
7813	346	153
13302	449	153
4596	52	154
4737	154	154
14689	423	154
7663	205	155
6078	400	155
5666	501	155
5241	125	156
3965	391	156
3180	458	156
16081	551	156
1960	557	156
10718	564	156
9807	573	156
18236	8	157
15831	9	157
668	153	157
3042	346	157
13191	449	157
11874	498	157
6352	563	157
4994	45	158
11802	232	158
5549	263	158
3624	280	158
14817	394	158
14719	511	158
7319	569	158
2523	205	159
5832	218	159
6494	246	159
14712	43	160
1719	45	160
18321	49	160
16204	167	160
11280	285	160
6668	298	160
6125	380	160
2745	475	160
13847	548	160
11088	95	161
5210	205	161
12619	214	161
12961	472	161
10065	146	162
5979	402	162
14342	78	163
18364	153	163
2190	179	163
2394	243	163
7853	288	163
4696	422	163
9672	525	163
4492	52	164
6599	71	164
2680	164	164
17413	351	164
16242	27	165
17910	85	165
17539	117	165
5696	120	165
7895	210	165
2973	410	165
12686	468	165
6827	506	165
7179	56	166
4923	360	166
15546	421	166
8606	447	166
4135	461	166
3077	502	166
1322	17	167
11207	45	167
12444	58	167
7881	95	167
3375	130	167
17421	145	167
15550	150	167
6074	160	167
3011	265	167
15500	266	167
17121	328	167
5025	356	167
16572	374	167
5945	445	167
11978	461	167
3920	520	167
16761	572	167
17818	576	167
11043	29	168
6756	120	168
12656	224	168
5654	227	168
16505	228	168
5626	245	168
2674	309	168
17850	365	168
12289	543	168
11431	92	169
16150	185	169
1679	193	169
5663	252	169
1831	275	169
12962	300	169
10643	312	169
8405	393	169
18118	506	169
17372	577	169
13870	45	170
16548	151	170
7097	329	170
3168	447	170
15023	461	170
11696	409	171
1357	440	171
11952	88	172
10668	204	172
14666	215	172
11782	265	172
11353	282	172
17182	336	172
15455	338	172
13757	341	172
13320	411	172
16925	413	172
5508	472	172
16671	545	172
8024	548	172
3905	581	172
11094	31	173
2164	317	173
2088	518	173
2691	324	174
15528	403	174
11136	418	174
2583	426	174
9753	586	174
18054	143	175
3196	230	175
10857	276	175
1210	317	175
3312	366	175
7242	5	176
3843	233	176
15270	357	176
7269	360	176
8876	421	176
7015	459	176
15004	461	176
5400	536	176
9496	72	177
1802	6	178
17351	26	178
1326	42	178
14639	197	178
5513	292	178
1063	387	178
14115	9	179
10632	163	179
14833	397	179
11225	494	179
5238	525	179
16937	563	179
2709	187	180
17531	191	180
1191	224	180
16465	301	180
4701	346	180
18374	493	180
9846	11	181
9564	21	181
14805	81	181
2153	102	181
15970	139	181
9296	264	181
11773	299	181
2370	457	181
2347	550	181
3559	582	181
16304	110	182
11290	309	182
1236	430	182
9424	434	182
7004	538	182
16206	41	183
8312	63	183
3464	91	183
9507	94	183
7173	104	183
10231	136	183
10923	149	183
12038	210	183
12573	221	183
11324	231	183
6072	239	183
6069	344	183
4423	384	183
13997	399	183
13959	481	183
10667	482	183
11173	495	183
11604	524	183
4950	562	183
5515	583	183
10337	293	184
6060	322	184
2741	501	184
16502	92	185
13943	169	185
2093	193	185
16063	219	185
1998	312	185
12371	352	185
6719	382	185
16108	393	185
6507	531	185
5715	577	185
4177	8	186
12615	80	186
10717	295	186
8995	532	186
13844	582	186
2505	585	186
10531	120	187
13879	180	187
14645	196	187
2009	389	187
7787	552	187
1991	556	187
10859	578	187
11027	35	188
8968	95	188
8494	132	188
694	273	188
17308	300	188
17230	395	188
17579	426	188
8344	451	188
8580	526	188
16590	52	189
18153	71	189
8188	189	189
10839	351	189
14313	18	190
7270	27	190
7100	326	190
5864	453	190
15085	477	190
15573	153	191
11803	180	191
4525	222	191
13963	334	191
4215	346	191
1810	422	191
15986	467	191
18238	20	192
15160	122	192
4631	125	192
9836	512	192
13098	551	192
15582	564	192
14728	92	193
1994	169	193
17877	185	193
4392	219	193
11697	246	193
4879	300	193
4026	312	193
2465	347	193
3562	354	193
11185	393	193
16132	472	193
5156	485	193
12815	490	193
18073	506	193
4753	67	194
3224	221	194
6618	250	194
9444	344	194
2668	461	194
15374	573	194
4498	56	195
18210	81	195
2468	125	195
18157	321	195
12728	376	195
13377	564	195
9875	118	196
13992	123	196
7298	187	196
6279	200	196
8667	223	196
17247	502	196
17202	556	196
14841	72	197
10654	178	197
3911	218	197
1559	18	198
9682	39	198
14730	41	198
3327	270	198
7316	275	198
16997	493	198
14067	30	199
10399	239	199
12378	255	199
6172	324	199
9055	426	199
8048	537	199
2361	544	199
5563	118	200
18443	152	200
10433	196	200
14514	203	200
7224	318	200
7208	348	200
11735	456	200
11698	502	200
6320	509	200
2246	556	200
900	578	200
7603	27	201
606	85	201
11099	110	201
6909	117	201
4592	410	201
8110	434	201
18341	446	201
7602	570	202
4667	27	203
2310	32	203
15547	100	203
12229	200	203
15327	255	203
10020	294	203
17158	586	203
7190	45	204
14130	172	204
8928	411	204
12831	473	204
16214	548	204
5080	558	204
13977	155	205
16454	159	205
11545	161	205
4182	207	205
15005	217	205
11648	241	205
7778	265	205
7617	415	205
2537	473	205
8693	476	205
7335	480	205
7518	488	205
9534	501	205
9330	530	205
8227	94	206
17180	97	206
6425	124	206
12633	304	206
10991	319	206
17854	325	206
14442	335	206
6777	488	206
17827	205	207
15349	312	207
2970	437	207
11265	473	207
8746	15	208
15220	22	208
4743	25	208
14732	79	208
12393	82	208
8508	85	208
14479	254	208
10549	404	208
11426	448	208
12503	464	208
2805	497	208
5410	501	208
14933	122	209
4843	306	209
6838	312	209
3226	505	209
4437	539	209
5483	557	209
11930	586	209
17628	29	210
13376	63	210
12029	165	210
13266	183	210
15292	226	210
15494	257	210
9284	416	210
816	436	210
2762	484	210
5484	35	211
10286	80	211
3583	218	211
2544	295	211
11434	312	211
12053	354	211
1187	512	211
17861	559	211
17311	40	212
14379	152	212
12966	348	212
3589	478	212
8320	543	212
2018	134	213
5567	216	213
10234	530	213
6444	145	214
17513	161	214
854	415	214
12224	574	214
11228	88	215
9479	134	215
17029	142	215
4325	172	215
9451	246	215
1535	23	216
895	142	216
10543	213	216
8356	246	216
12363	259	216
12255	279	216
15904	381	216
3516	472	216
1537	530	216
8649	545	216
10838	574	216
14445	92	217
10397	205	217
16408	505	217
16767	530	217
3972	6	218
7694	61	218
17685	95	218
1081	159	218
12837	197	218
6293	211	218
12131	252	218
7477	287	218
2641	292	218
12640	333	218
10011	378	218
13969	412	218
2280	417	218
7762	427	218
18295	460	218
9866	19	219
1418	87	219
10794	185	219
14070	193	219
7918	275	219
2169	312	219
6387	533	219
1746	577	219
11805	32	220
15505	95	220
5134	112	220
12906	121	220
14611	261	220
9088	324	220
2474	377	220
16489	383	220
18044	463	220
12625	122	221
12579	183	221
2225	194	221
11622	344	221
12055	482	221
15276	573	221
13075	583	221
700	191	222
7795	346	222
9438	563	222
5617	87	223
10562	124	223
3004	196	223
15141	405	223
3428	168	224
13541	180	224
9115	238	224
14413	295	224
5150	301	224
1622	493	224
16948	498	224
11263	44	225
1051	113	225
17947	241	225
8428	350	225
10866	400	225
12883	439	225
7506	5	226
6193	29	226
15000	131	226
15561	210	226
13165	233	226
1840	267	226
16410	481	226
2927	495	226
6440	33	227
13255	91	227
17078	104	227
7365	168	227
6635	233	227
10435	315	227
11816	365	227
7601	399	227
15361	7	228
16632	41	228
6983	168	228
8179	270	228
6570	299	228
10119	452	228
3539	493	228
15409	544	228
15492	45	229
9891	55	229
7685	280	229
4559	406	229
18437	511	229
9588	38	230
4964	143	230
15187	175	230
16342	276	230
6180	304	230
5712	305	230
8102	341	230
4205	366	230
11292	439	230
13972	521	230
3277	566	230
5358	571	230
8309	33	231
6409	91	231
11458	120	231
7472	136	231
18396	183	231
2303	330	231
15601	399	231
2012	524	231
7834	45	232
7745	158	232
8420	263	232
14347	280	232
15892	311	232
6510	511	232
14118	539	232
10465	569	232
8081	29	233
15652	66	233
9735	112	233
11242	176	233
12897	226	233
4075	227	233
2530	272	233
597	360	233
14748	376	233
16956	386	233
13612	459	233
12459	461	233
15537	484	233
10387	536	233
11046	148	234
1628	446	234
4526	447	234
1576	453	234
6679	461	234
9427	540	234
17189	554	234
4674	12	235
10960	153	235
1406	318	235
15936	346	235
17806	456	235
12177	493	235
16497	371	236
17028	447	236
2694	29	237
18447	69	237
8089	87	237
9081	123	237
2956	256	237
8414	257	237
2596	343	237
18373	442	237
9397	502	237
3754	549	237
13227	556	237
6500	78	238
15110	80	238
8206	224	238
15038	243	238
12508	251	238
1777	402	238
12952	466	238
11340	89	239
7700	131	239
17526	183	239
10787	199	239
12097	344	239
1476	361	239
9959	55	240
2238	148	240
11440	418	240
11112	487	240
13364	113	241
5676	133	241
6447	205	241
9696	225	241
11751	305	241
1518	317	241
2860	431	241
4755	466	241
9587	35	242
18045	132	242
6773	273	242
5618	279	242
10976	300	242
12826	340	242
7352	381	242
11625	137	243
3525	163	243
11766	238	243
9873	389	243
3874	422	243
9154	433	243
831	494	243
3165	498	243
17278	578	243
4988	517	244
8145	531	244
17857	29	245
8402	128	245
2911	168	245
9240	343	245
7803	430	245
15953	434	245
3101	509	245
7096	88	246
4781	159	246
6587	193	246
8737	215	246
15543	216	246
7406	279	246
5477	472	246
8217	2	247
13602	41	247
3531	126	247
14386	355	247
8602	462	247
966	539	247
14054	52	248
3950	71	248
15380	113	248
8915	248	248
7260	351	248
16323	368	248
15235	143	249
7427	131	250
1058	194	250
5062	286	250
4131	344	250
9817	573	250
2825	583	250
1395	238	251
5677	483	251
5738	513	251
17777	84	252
10056	169	252
14275	218	252
14475	259	252
2672	340	252
13670	352	252
9492	420	252
14707	533	252
3692	106	253
18077	317	253
8259	331	253
18309	565	253
16387	208	254
3532	16	255
18031	37	255
4192	199	255
16152	203	255
11178	367	255
13577	409	255
15126	582	255
2040	586	255
1560	11	256
12770	33	256
10913	59	256
17666	237	256
11074	269	256
12292	315	256
4862	418	256
16971	538	256
2100	59	257
10905	87	257
1627	90	257
9189	210	257
969	237	257
2385	416	257
15928	14	258
9022	107	258
12088	268	258
4561	291	258
3099	306	258
7907	345	258
6315	399	258
13778	552	258
3067	134	259
3259	216	259
5209	252	259
16265	340	259
8042	530	259
9526	52	260
1273	71	260
12420	260	260
7819	351	260
17389	20	261
3109	95	261
4883	125	261
12287	220	261
1726	324	261
16303	383	261
17670	475	261
9225	23	262
13981	65	262
6344	324	262
9889	403	262
13650	475	262
4665	574	262
15358	45	263
604	158	263
14942	232	263
17267	280	263
10595	311	263
14685	511	263
13836	539	263
985	569	263
10681	21	264
11360	181	264
1189	299	264
9733	332	264
17483	437	264
9079	483	264
959	539	264
9810	561	264
6580	582	264
4013	167	265
4089	172	265
1382	205	265
10574	473	265
12463	548	265
4115	66	266
3586	167	266
9876	280	266
6365	349	266
9028	380	266
5220	447	266
18122	540	266
8128	541	266
15448	553	266
13942	226	267
4132	418	267
4276	447	267
7859	41	268
12023	57	268
7678	63	268
10754	258	268
4544	315	268
5714	355	268
17197	365	268
1327	515	268
10652	585	268
10193	256	269
18213	330	269
11937	348	269
17229	567	269
2862	579	269
10374	198	270
9784	228	270
5334	318	270
10508	334	270
13339	348	270
17944	399	270
3204	456	270
18016	493	270
13931	84	271
18237	107	271
8570	291	271
11168	306	271
5836	551	271
2570	117	272
8842	233	272
8146	386	272
14378	434	272
8480	436	272
15338	461	272
15647	484	272
10413	502	272
6244	35	273
9136	95	273
11033	188	273
10378	242	273
1709	279	273
2206	383	273
16945	526	273
17791	2	274
16129	425	274
13212	510	274
9819	558	274
3542	169	275
5341	198	275
2630	219	275
3078	400	275
4601	577	275
2138	143	276
9379	175	276
10509	230	276
4864	327	276
17306	341	276
14269	68	277
6555	72	277
6114	411	277
12484	461	277
4511	548	277
10513	409	278
9270	522	278
5598	95	279
1001	216	279
5876	242	279
9958	246	279
1251	273	279
12888	300	279
10230	381	279
18169	559	279
10228	45	280
15874	150	280
5811	158	280
6797	229	280
2814	232	280
5289	263	280
6187	266	280
5399	290	280
7618	311	280
6729	328	280
3635	394	280
9686	409	280
10495	432	280
9767	445	280
16742	487	280
783	492	280
17374	511	280
7726	520	280
10696	569	280
12838	572	280
1772	576	280
17658	441	281
14044	511	281
9342	72	282
16288	172	282
11212	411	282
4296	473	282
4430	33	283
724	122	283
4220	315	283
12205	506	283
4108	515	283
770	551	283
5564	105	284
5592	120	284
2158	502	284
6322	503	284
5284	547	284
9233	160	285
17970	298	285
9887	528	285
2963	5	286
4291	75	286
18176	89	286
11678	250	286
8477	461	286
12116	42	287
16892	72	287
3572	218	287
11377	137	288
11524	163	288
14216	323	288
10246	422	288
1895	449	288
8933	494	288
6451	498	288
13192	85	289
14801	360	289
9720	409	289
2808	502	289
10967	73	290
17147	280	290
14433	14	291
857	33	291
1480	76	291
16730	107	291
5425	258	291
5102	271	291
8025	306	291
979	399	291
11414	454	291
1426	538	291
2400	72	292
16810	178	292
5966	218	292
9926	184	293
10173	302	293
12111	308	293
14036	322	293
4981	510	293
7572	555	293
10110	560	293
17309	203	294
13477	409	294
7343	434	294
7797	468	294
18140	502	294
11926	9	295
10944	12	295
3856	80	295
9945	186	295
16535	211	295
4383	224	295
10878	485	295
6228	498	295
6437	582	295
7524	77	296
12726	408	296
12525	106	297
1038	317	297
10062	363	297
5611	401	297
16762	566	297
13463	1	298
13837	30	298
12767	142	298
1996	160	298
17410	285	298
12668	475	298
12389	21	299
12606	27	299
15231	32	299
11881	181	299
2273	228	299
5211	264	299
4774	539	299
1176	544	299
9948	23	300
5247	132	300
18107	169	300
7302	188	300
8904	193	300
12415	242	300
17093	279	300
8531	354	300
4513	559	300
14658	8	301
1336	119	301
10968	147	301
13435	180	301
2386	224	301
13627	47	302
2390	293	302
17365	351	302
15991	510	302
6023	570	303
18325	206	304
8991	230	304
5728	491	304
8666	113	305
10756	230	305
13403	241	305
2203	351	305
1248	411	305
4817	473	305
9178	476	305
17250	40	306
5208	76	306
953	140	306
2094	209	306
7874	258	306
11781	271	306
9318	291	306
15305	495	306
14523	41	307
11878	59	307
15036	309	307
5433	399	307
8250	578	307
9997	293	308
16436	419	308
14714	423	308
17570	508	308
8286	104	309
17203	107	309
1901	168	309
5264	182	309
15318	307	309
8261	399	309
2771	44	310
13861	100	310
9483	513	310
12938	45	311
14314	232	311
7766	263	311
5194	280	311
14743	511	311
951	569	311
12443	92	312
16567	169	312
17331	185	312
10457	193	312
10952	207	312
2312	209	312
16424	211	312
17824	219	312
3731	354	312
9688	428	312
7018	490	312
11809	76	313
6241	330	313
13611	358	313
15032	368	313
18299	369	313
14050	457	313
14878	495	313
11736	524	313
13841	537	313
3485	31	314
6987	433	314
6907	33	315
10469	227	315
4590	256	315
10393	268	315
11003	283	315
8170	365	315
12083	384	315
3257	481	315
15185	495	315
656	515	315
15659	573	315
1039	586	315
17461	46	316
12475	409	316
12514	469	316
10098	60	317
13244	106	317
5827	115	317
2068	173	317
6174	175	317
13202	241	317
13367	253	317
6421	297	317
9065	331	317
17519	370	317
5992	565	317
7348	566	317
12534	568	317
15733	28	318
15278	118	318
15770	200	318
18235	235	318
13763	270	318
6765	434	318
5916	502	318
10807	103	319
1419	133	319
10238	206	319
7886	408	319
18413	488	319
9743	501	319
11231	46	320
11674	409	320
3850	75	321
10243	120	321
5013	195	321
12009	367	321
5132	502	321
14097	567	321
742	184	322
1649	293	322
8218	570	322
17361	152	323
4305	288	323
4767	334	323
3213	422	323
9760	66	324
8248	74	324
16299	111	324
2209	125	324
10371	174	324
7767	199	324
11692	220	324
15020	261	324
16558	262	324
10345	342	324
8445	361	324
16462	383	324
6097	403	324
5910	418	324
10105	426	324
15091	450	324
16670	455	324
12972	541	324
6397	551	324
12878	124	325
9857	206	325
16693	335	325
18357	366	325
7424	531	325
3477	533	325
10919	18	326
12033	190	326
13021	453	326
7769	52	327
17663	276	327
1756	327	327
15203	423	327
3615	521	327
9925	17	328
17883	45	328
8336	167	328
13779	280	328
16446	374	328
8093	520	328
4360	43	329
12848	45	329
5069	170	329
2535	511	329
15906	33	330
1242	126	330
9877	231	330
14129	269	330
9147	313	330
5255	367	330
5454	253	331
3031	317	331
13955	565	331
12814	84	332
3987	119	332
14310	264	332
8826	514	332
16455	42	333
15099	72	333
9951	218	333
9084	119	334
7623	191	334
5784	270	334
12439	323	334
1878	346	334
1429	348	334
13807	437	334
11086	529	334
18326	74	335
9478	206	335
12301	325	335
4356	517	335
10510	530	335
12552	531	335
4390	581	335
5261	172	336
16843	413	336
16068	444	336
10847	473	336
9627	548	336
7073	42	337
18431	72	338
7176	172	338
5745	411	338
17807	473	338
3013	15	339
5139	42	339
10005	242	340
16798	252	340
6331	259	340
6567	393	340
15761	420	340
13009	444	340
12978	530	340
7132	172	341
5258	230	341
6035	276	341
9886	366	341
2229	125	342
3452	324	342
9890	344	342
8868	391	342
7200	403	342
7903	450	342
5022	455	342
18275	526	342
1262	110	343
15863	128	343
12213	237	343
16054	245	343
12845	434	343
7171	556	343
16835	53	344
10687	54	344
713	67	344
15924	74	344
9800	89	344
4714	91	344
10875	94	344
12063	109	344
3794	125	344
9321	148	344
2051	183	344
1028	194	344
3490	221	344
7394	239	344
6958	250	344
15895	342	344
3755	376	344
11305	380	344
1150	391	344
17271	399	344
3620	435	344
18024	443	344
992	450	344
8303	455	344
4909	461	344
14247	475	344
13288	482	344
7055	540	344
13786	553	344
13424	583	344
9668	107	345
9058	258	345
13161	365	345
11153	399	345
3356	9	346
11084	153	346
3127	157	346
15841	180	346
3548	191	346
6529	222	346
3246	235	346
6333	334	346
5481	449	346
7627	456	346
8266	467	346
17881	494	346
9209	498	346
11198	563	346
12755	143	347
12031	193	347
790	472	347
5531	580	347
5816	40	348
10386	70	348
3996	118	348
6900	200	348
1665	212	348
14198	269	348
15328	270	348
11391	334	348
9611	538	348
12923	543	348
11569	552	348
10861	58	349
7574	266	349
6020	383	349
2531	463	349
4157	511	349
10735	8	350
10107	78	350
14308	113	350
4466	225	350
17373	402	350
5904	490	350
17249	164	351
10364	189	351
9361	248	351
13060	260	351
15913	302	351
2874	305	351
15838	185	352
1390	252	352
1523	52	353
1237	353	353
13538	423	353
9738	20	354
9272	193	354
8542	211	354
13504	300	354
5113	312	354
4591	559	354
10642	2	355
10258	37	355
1168	76	355
16946	116	355
18207	126	355
10558	144	355
8301	247	355
1048	268	355
14704	388	355
1169	442	355
3018	462	355
14716	558	355
10175	17	356
16888	45	356
12902	130	356
12119	167	356
613	90	357
2872	105	357
12657	118	357
9614	120	357
1160	128	357
3242	176	357
15603	430	357
2522	434	357
9062	456	357
6434	484	357
14146	502	357
15457	536	357
10333	547	357
17550	33	358
7339	313	358
17852	399	358
4417	562	358
4109	579	358
17398	546	359
750	166	360
17303	176	360
18026	233	360
3968	289	360
11471	459	360
12133	461	360
9655	502	360
3860	536	360
13862	111	361
16755	239	361
15814	324	361
5017	377	361
15488	403	361
12992	458	361
10423	34	362
4661	62	362
4969	68	362
11667	72	362
18225	114	362
15620	406	362
747	476	362
18121	496	362
1672	297	363
8155	401	363
10845	35	364
10519	81	364
5355	445	364
2384	468	364
9781	483	364
16568	512	364
7282	7	365
1144	33	365
11534	41	365
13491	69	365
2266	107	365
13209	168	365
11758	227	365
7584	268	365
9694	315	365
14983	345	365
10649	399	365
4380	515	365
16060	544	365
5438	115	366
11235	124	366
4052	143	366
16165	175	366
14860	230	366
9119	325	366
2485	341	366
16070	378	366
6389	75	367
3234	87	367
14513	255	367
7496	321	367
3125	330	367
10384	405	367
18476	4	368
718	140	368
7431	248	368
596	313	368
4947	379	368
10220	462	368
5780	514	368
9137	2	369
15929	313	369
4231	462	369
10082	317	370
2393	566	370
975	568	370
10677	236	371
15330	447	371
3366	15	372
10557	42	372
8384	101	373
11687	45	374
18165	145	374
10083	167	374
2763	328	374
14709	381	374
5844	409	374
12319	548	374
17409	52	375
2109	71	375
16750	375	375
4292	423	375
8403	56	376
3029	195	376
5514	233	376
13996	344	376
7058	447	376
837	55	377
3759	121	377
6748	220	377
8238	361	377
15056	10	378
8764	31	378
17183	218	378
1467	366	378
13668	433	378
17845	10	379
2376	368	379
2080	449	379
5964	160	380
18115	266	380
9351	344	380
14787	396	380
7864	461	380
3476	553	380
14190	23	381
15288	145	381
7740	216	381
12577	242	381
12593	279	381
15926	374	381
15337	427	381
3690	500	381
14209	526	381
1940	545	381
2309	580	381
6620	9	382
13145	48	382
2369	80	382
7441	185	382
1578	397	382
4031	490	382
14819	525	382
2775	532	382
3439	65	383
1042	125	383
9970	220	383
17239	261	383
5086	273	383
3021	324	383
3039	349	383
12237	475	383
12184	526	383
16554	541	383
5487	33	384
5655	149	384
18032	183	384
5415	315	384
13469	399	384
8589	2	385
1850	388	385
17706	429	385
10801	510	385
9031	5	386
9512	75	386
10786	120	386
15419	233	386
8205	272	386
10684	436	386
15934	461	386
7362	506	386
12047	178	387
2456	144	388
13749	355	388
17160	385	388
10940	29	389
15427	187	389
14398	243	389
5528	434	389
12749	556	389
745	578	389
10073	20	390
6774	35	390
12921	48	390
14290	393	390
12569	457	390
8199	561	390
8435	156	391
3543	342	391
15889	344	391
6700	403	391
16047	450	391
13455	475	391
15571	526	391
7027	4	392
12240	108	392
5627	119	392
2886	147	392
10365	454	392
12734	514	392
9868	84	393
10171	92	393
2078	169	393
14458	185	393
13466	193	393
10889	340	393
10670	390	393
3923	45	394
18100	158	394
12163	280	394
6522	511	394
5855	35	395
11618	48	395
15055	144	395
685	188	395
9673	410	395
16506	422	395
1604	494	395
12455	580	395
13390	45	396
13018	151	396
1612	380	396
2633	447	396
3513	461	396
12785	9	397
9821	84	397
8071	179	397
8006	382	397
18409	532	397
13189	90	398
6432	502	398
10678	567	398
10132	75	399
1240	91	399
11918	104	399
4293	107	399
15990	120	399
1220	136	399
14702	147	399
9703	149	399
5599	183	399
9859	227	399
6121	231	399
18416	258	399
1254	270	399
13859	291	399
7734	307	399
10180	309	399
6763	344	399
11592	345	399
7396	358	399
5419	365	399
11037	384	399
14034	524	399
7187	562	399
16918	579	399
7628	113	400
9634	155	400
9639	225	400
9697	275	400
9770	439	400
5630	491	400
15961	506	400
17690	577	400
16564	297	401
17025	363	401
6676	71	402
2181	119	402
12862	162	402
5188	238	402
15508	350	402
17921	55	403
2706	65	403
14575	66	403
1708	74	403
8408	111	403
11193	131	403
16648	174	403
12226	262	403
15786	324	403
8192	342	403
7875	361	403
2024	391	403
11529	450	403
17611	455	403
5612	458	403
2634	580	403
2526	208	404
14343	16	405
17906	87	405
1025	100	405
11162	127	405
17272	223	405
5809	367	405
8576	502	405
3552	229	406
10669	362	406
16302	411	406
13930	474	406
17939	19	407
9543	99	407
5040	3	408
4807	96	408
11650	103	408
13764	296	408
6804	319	408
696	570	408
940	46	409
15828	49	409
7877	72	409
13585	150	409
7433	171	409
13036	255	409
9391	278	409
13296	280	409
9016	289	409
2316	294	409
13258	316	409
7419	320	409
2532	374	409
14616	440	409
3016	445	409
15670	469	409
8442	500	409
13814	511	409
14288	522	409
8639	572	409
3461	85	410
7147	120	410
1767	165	410
14109	201	410
11844	395	410
12702	436	410
3406	446	410
1966	34	411
5285	45	411
11278	133	411
17743	172	411
13796	204	411
11125	277	411
9680	282	411
2486	305	411
5092	338	411
10280	406	411
7940	473	411
9236	534	411
9898	548	411
16176	558	411
963	42	412
6179	72	412
8708	218	412
3036	86	413
3087	103	413
2755	138	413
12387	172	413
3514	336	413
8895	501	413
18327	531	413
13284	540	413
14747	548	413
3835	581	413
15222	8	414
2466	140	414
1478	146	414
14447	585	414
11218	205	415
14518	214	415
6021	444	415
1995	63	416
15410	69	416
7817	210	416
6108	257	416
8033	15	417
17404	72	417
7400	218	417
1313	32	418
12369	36	418
10918	174	418
6616	240	418
11166	256	418
15680	267	418
10576	324	418
6547	47	419
2194	93	419
6353	308	419
16518	252	420
13973	340	420
7064	166	421
8811	176	421
9848	461	421
18086	78	422
11416	163	422
9219	191	422
17537	243	422
17874	288	422
1529	323	422
15907	395	422
8954	494	422
18106	525	422
13832	50	423
619	52	423
12956	71	423
1590	93	423
13543	141	423
13050	154	423
7284	308	423
7941	327	423
2991	353	423
2983	375	423
1906	423	423
2803	471	423
5845	489	423
2913	508	423
4956	72	424
17810	274	425
7089	476	425
17484	546	425
1821	32	426
5235	121	426
9285	132	426
12148	174	426
13037	188	426
17752	199	426
10067	324	426
11219	495	426
16591	515	426
14964	551	426
2896	95	427
14184	218	427
1898	381	427
12568	500	427
4927	542	427
16595	559	427
16556	19	428
13092	127	428
14726	312	428
5006	491	428
12916	518	428
1819	563	428
10033	101	429
10992	385	429
7818	546	429
7468	29	430
12894	110	430
9991	182	430
15311	245	430
5881	357	430
3116	434	430
8035	484	430
9918	509	430
806	578	430
11694	10	431
6168	52	431
11562	241	431
7491	431	431
15516	45	432
4448	280	432
1320	492	432
6740	511	432
1591	132	433
6595	243	433
5056	314	433
8789	378	433
11894	491	433
17569	518	433
12320	28	434
9974	110	434
13114	182	434
11318	201	434
11916	245	434
2006	272	434
3130	294	434
15268	318	434
10134	343	434
17748	357	434
3132	389	434
14770	430	434
5857	436	434
16461	459	434
1586	484	434
12308	498	434
6262	502	434
16611	509	434
1683	523	434
7139	536	434
6455	543	434
10274	578	434
10749	89	435
11503	344	435
15527	443	435
13734	120	436
17446	210	436
2405	272	436
15148	386	436
15440	410	436
6978	434	436
8454	461	436
5452	21	437
10764	207	437
5852	264	437
7314	334	437
14397	485	437
11093	585	437
5381	15	438
3026	143	439
14821	225	439
3600	230	439
16959	400	439
13740	171	440
15273	409	440
13007	281	441
14544	511	441
9035	98	442
3818	237	442
6197	355	442
11847	477	442
6210	109	443
10802	344	443
11626	435	443
2346	336	444
10273	340	444
9923	415	444
7053	530	444
10048	531	444
6990	45	445
3510	49	445
1786	150	445
3037	167	445
8885	280	445
13940	364	445
1458	409	445
614	511	445
1157	572	445
10341	30	446
15460	85	446
4967	201	446
1056	234	446
10222	410	446
5009	502	446
15329	554	446
11767	56	447
17345	81	447
15343	139	447
1437	151	447
9155	166	447
11664	170	447
11546	234	447
17088	236	447
8562	266	447
16616	267	447
11852	371	447
15851	376	447
2890	396	447
15976	511	447
16550	540	447
2810	550	447
10293	553	447
5891	208	448
3521	153	449
14517	157	449
15660	288	449
4794	346	449
16747	379	449
1843	529	449
10982	54	450
2180	65	450
9758	67	450
16434	74	450
9230	111	450
14242	125	450
16940	324	450
4505	342	450
11010	344	450
3437	391	450
18394	403	450
2096	526	450
14170	541	450
8010	13	451
7613	99	451
1030	132	451
9685	188	451
4018	491	451
2218	7	452
18368	70	452
13079	108	452
15163	147	452
16340	228	452
9607	454	452
16566	18	453
2101	28	453
9003	190	453
4020	234	453
1926	326	453
14974	456	453
17916	477	453
12020	537	453
10437	554	453
10707	582	453
1643	7	454
4249	70	454
11508	108	454
11872	291	454
16003	392	454
8161	452	454
12616	514	454
14729	544	454
6649	74	455
10330	324	455
5008	342	455
11442	344	455
1680	403	455
7437	526	455
15833	28	456
11110	100	456
13428	118	456
8333	200	456
8999	235	456
16464	270	456
12564	346	456
4666	357	456
17009	453	456
6881	48	457
5717	102	457
7938	181	457
11734	313	457
13700	390	457
4734	483	457
14929	551	457
9906	561	457
14935	156	458
7525	361	458
7267	403	458
14882	541	458
15106	551	458
3457	573	458
9140	176	459
13080	233	459
13472	360	459
8126	434	459
14502	461	459
9698	536	459
3661	15	460
8163	72	460
14279	218	460
7879	5	461
11947	66	461
6491	75	461
10160	94	461
17698	151	461
2337	166	461
4163	167	461
9121	170	461
8762	176	461
8092	194	461
10439	233	461
3621	234	461
8111	272	461
16784	277	461
6032	286	461
6457	344	461
12138	360	461
4704	380	461
5321	386	461
15475	396	461
13005	421	461
13555	436	461
4100	459	461
10981	484	461
8358	523	461
2297	536	461
10431	578	461
2673	579	461
14897	2	462
3064	7	462
8142	40	462
16552	41	462
1271	76	462
18385	247	462
791	355	462
3443	368	462
7638	369	462
2553	543	462
8873	45	463
14122	65	463
14776	95	463
8295	129	463
10405	220	463
3307	349	463
10323	511	463
2536	535	463
15963	208	464
14735	95	465
11672	145	465
4700	574	465
4328	60	466
5646	238	466
16871	241	466
6690	491	466
11332	191	467
1589	346	467
918	35	468
12171	165	468
5446	294	468
4333	364	468
6994	524	468
9449	526	468
7773	562	468
7140	316	469
10897	409	469
16692	570	470
3675	52	471
14753	71	471
11555	423	471
7239	471	471
12750	161	472
16096	172	472
2092	193	472
16285	216	472
9799	246	472
16664	347	472
17495	38	473
9105	42	473
15188	133	473
13298	204	473
9113	205	473
15967	207	473
11634	265	473
6944	282	473
3770	305	473
10770	336	473
13513	338	473
2646	411	473
14316	476	473
16666	480	473
6876	501	473
15519	548	473
11970	15	474
3927	42	474
4536	406	474
4703	1	475
4285	49	475
1453	54	475
3859	55	475
8910	65	475
3295	129	475
1630	142	475
9732	145	475
5906	160	475
2893	261	475
14169	262	475
10401	298	475
14536	344	475
1738	383	475
10202	391	475
15933	500	475
13175	526	475
2116	34	476
14076	133	476
18021	205	476
14925	305	476
10781	362	476
15569	425	476
6171	473	476
5671	12	477
10004	28	477
16717	190	477
11644	442	477
15123	453	477
16385	485	477
11177	105	478
18387	152	478
11873	212	478
17322	502	478
16741	538	478
5840	547	478
1775	72	479
13549	205	480
14102	473	480
12896	501	480
6615	5	481
13941	131	481
9051	183	481
18160	226	481
15616	315	481
2157	583	481
13794	122	482
9711	183	482
16330	221	482
13761	344	482
7066	505	482
1018	583	482
16170	21	483
12000	48	483
13653	58	483
6923	80	483
706	251	483
709	264	483
9030	364	483
594	457	483
4632	512	483
13639	561	483
4000	210	484
12065	233	484
3149	272	484
9350	357	484
3798	430	484
6061	434	484
11223	461	484
4655	523	484
4678	9	485
4484	18	485
4595	21	485
11932	39	485
4997	193	485
11304	295	485
12456	437	485
18338	477	485
7405	490	485
16326	532	485
5716	585	485
8062	504	486
3892	511	486
12660	36	487
13447	45	487
8208	112	487
9162	240	487
3978	280	487
2627	511	487
5511	205	488
4915	206	488
16850	319	488
835	501	488
7771	423	489
9200	35	490
6761	78	490
6784	80	490
12421	92	490
16864	193	490
15462	312	490
4583	350	490
14038	382	490
4226	485	490
4269	513	490
8748	19	491
1449	304	491
13532	400	491
8543	428	491
16167	433	491
14636	451	491
12769	466	491
18092	577	491
1542	45	492
13957	280	492
9586	432	492
2392	511	492
9274	147	493
655	180	493
16028	198	493
13413	224	493
4831	228	493
6255	235	493
16160	270	493
7567	514	493
4594	552	493
18266	44	494
1936	144	494
15824	179	494
7997	243	494
5977	288	494
12516	346	494
1997	395	494
18439	422	494
13116	513	494
11851	116	495
12007	183	495
18331	226	495
9506	306	495
13934	313	495
14448	315	495
7960	426	495
17284	586	495
17841	15	496
12701	72	496
16313	362	496
6312	208	497
2869	9	498
7836	157	498
5389	224	498
12565	243	498
9936	288	498
16275	295	498
8725	346	498
9839	434	498
16226	103	499
16493	546	499
13059	49	500
18084	381	500
10140	409	500
1909	427	500
15982	475	500
5295	512	500
6268	38	501
1141	133	501
9549	155	501
5993	184	501
10226	205	501
1573	208	501
11815	319	501
2019	413	501
13268	473	501
6296	480	501
10922	488	501
3253	90	502
2746	105	502
6329	110	502
7605	118	502
13618	120	502
12859	128	502
13111	166	502
6124	196	502
2629	200	502
6384	237	502
6572	272	502
13358	284	502
16107	289	502
3741	294	502
16281	318	502
6501	321	502
977	357	502
13194	360	502
14638	398	502
10521	405	502
10837	434	502
17994	446	502
17403	478	502
15708	503	502
12555	523	502
2249	547	502
10253	567	502
15975	110	503
9100	128	503
1206	284	503
13970	502	503
1920	486	504
12404	511	504
9653	85	505
16405	94	505
2831	209	505
2849	217	505
12241	482	505
7345	117	506
8532	165	506
17452	169	506
5325	193	506
10322	283	506
6903	386	506
11240	400	506
9235	15	507
2121	42	507
13401	93	508
9077	308	508
10559	423	508
4582	110	509
4166	200	509
9874	245	509
6662	430	509
15385	434	509
8959	538	509
7194	140	510
5000	274	510
10096	293	510
15608	302	510
8207	385	510
13703	36	511
10219	43	511
828	112	511
5892	129	511
15253	150	511
15195	158	511
884	229	511
11322	232	511
10297	263	511
8181	280	511
14875	281	511
9394	311	511
13051	329	511
11856	349	511
3855	394	511
4005	409	511
16318	432	511
12113	441	511
9993	445	511
1547	447	511
9407	463	511
12422	486	511
3263	487	511
14032	492	511
1876	504	511
7811	512	511
15717	542	511
7521	569	511
14840	572	511
4713	20	512
12332	35	512
12314	129	512
11105	192	512
12794	211	512
1085	364	512
5682	483	512
15585	500	512
11273	511	512
5141	78	513
1781	127	513
4645	251	513
3550	310	513
9994	490	513
18010	494	513
15454	518	513
17771	332	514
5074	368	514
17709	392	514
3890	454	514
10784	493	514
4564	57	515
8774	268	515
4311	283	515
5523	315	515
10342	365	515
4874	426	515
2117	586	515
10914	42	516
3133	86	517
8382	134	517
1307	244	517
1598	335	517
8462	531	517
16085	13	518
8545	78	518
3446	127	518
7198	173	518
13521	428	518
14273	433	518
7134	513	518
6960	588	518
15957	546	519
9029	49	520
12151	167	520
14993	280	520
12037	328	520
10797	526	520
10078	10	521
12504	31	521
11906	97	521
2493	230	521
14231	327	521
12306	278	522
4252	409	522
3334	90	523
2828	434	523
8247	461	523
3460	484	523
10608	502	523
9739	33	524
13024	91	524
12496	104	524
1295	136	524
3719	183	524
11770	231	524
8001	313	524
17765	399	524
10017	468	524
3019	39	525
12107	163	525
11481	179	525
15628	382	525
12440	422	525
13624	577	525
5649	1	526
12080	49	526
5207	55	526
14222	65	526
1526	95	526
3435	142	526
16225	188	526
12423	273	526
2969	342	526
16191	381	526
16106	383	526
4046	391	526
4780	450	526
16870	455	526
11036	468	526
659	475	526
15467	520	526
1611	542	526
10985	15	527
11579	285	528
4935	580	528
8484	9	529
8037	39	529
4735	334	529
7130	449	529
16172	205	530
8332	213	530
14883	216	530
9090	217	530
13617	259	530
15025	335	530
5749	340	530
15822	444	530
8427	185	531
15715	244	531
15938	325	531
845	335	531
18263	413	531
7530	444	531
3241	517	531
13933	557	531
8622	12	532
3939	59	532
16974	80	532
12541	186	532
16701	382	532
12429	397	532
15774	485	532
14553	219	533
10324	252	533
8242	325	533
12360	566	533
16555	577	533
6446	15	534
4625	72	534
6928	411	534
15677	30	535
14698	98	535
2461	126	535
14333	144	535
5073	463	535
4152	5	536
11002	176	536
6004	233	536
3791	357	536
13415	360	536
7928	434	536
5842	459	536
16382	461	536
8189	18	537
11115	199	537
1897	313	537
10541	453	537
9418	14	538
5886	107	538
9590	182	538
9882	256	538
7054	291	538
10529	348	538
3593	478	538
12875	509	538
13034	579	538
7650	16	539
7196	57	539
5173	209	539
2496	232	539
16312	247	539
2163	263	539
16808	264	539
853	299	539
8979	569	539
11845	586	539
5568	234	540
15969	266	540
16200	344	540
4697	413	540
10111	447	540
7232	125	541
13561	266	541
12733	324	541
1678	383	541
6419	450	541
16494	458	541
3799	564	541
11673	58	542
2892	95	542
5044	427	542
6165	511	542
7829	526	542
18474	168	543
5628	212	543
18196	348	543
12409	434	543
13003	462	543
7588	544	543
2294	549	543
12350	556	543
16238	41	544
3743	199	544
15446	228	544
3984	299	544
17042	365	544
4519	454	544
8844	543	544
8695	49	545
3035	142	545
11200	172	545
17502	216	545
5909	381	545
17982	548	545
3045	3	546
16740	101	546
10285	359	546
2498	425	546
15538	429	546
16041	499	546
3535	519	546
14617	105	547
16034	284	547
15239	357	547
10892	478	547
12909	502	547
14434	23	548
6137	68	548
16316	160	548
5036	172	548
16483	204	548
17645	265	548
2325	277	548
14916	336	548
12222	374	548
11355	411	548
8264	413	548
12346	473	548
10318	545	548
11468	12	549
12602	41	549
675	69	549
16440	80	549
5687	123	549
9635	126	549
16760	237	549
14782	543	549
744	552	549
8074	16	550
15451	139	550
15517	181	550
749	447	550
6216	122	551
15283	156	551
10447	192	551
6964	271	551
8321	283	551
10301	324	551
4837	426	551
4324	457	551
10075	458	551
9333	70	552
3474	107	552
2577	187	552
16580	258	552
16083	348	552
11447	493	552
15899	549	552
7366	49	553
5673	266	553
13634	344	553
15778	380	553
8342	447	553
3216	27	554
676	69	554
16411	98	554
17171	123	554
3399	234	554
15724	446	554
15777	453	554
8903	293	555
4462	123	556
3940	187	556
1785	196	556
4469	200	556
11514	237	556
16258	343	556
2306	389	556
4579	543	556
14294	94	557
17975	156	557
16420	209	557
1957	531	557
6890	2	558
16077	204	558
10708	274	558
8446	355	558
1951	411	558
12560	58	559
2613	92	559
13245	95	559
14796	132	559
16952	211	559
11163	279	559
3044	300	559
17536	354	559
17382	427	559
1894	293	560
9262	18	561
9482	21	561
1211	48	561
5338	264	561
10598	390	561
9805	457	561
1165	483	561
2863	33	562
14764	149	562
12704	183	562
14678	358	562
8176	399	562
3689	468	562
4044	9	563
15109	39	563
16846	157	563
5757	179	563
17540	222	563
4378	346	563
9963	428	563
14567	67	564
14244	125	564
4628	156	564
15845	192	564
9232	195	564
17787	541	564
11004	253	565
13900	317	565
13444	331	565
1349	143	566
4099	230	566
12452	297	566
6575	317	566
11051	370	566
7045	533	566
17359	586	566
18294	269	567
18436	321	567
1275	398	567
1812	502	567
9106	317	568
17533	370	568
11683	45	569
3207	158	569
14533	232	569
7661	263	569
15562	280	569
8132	311	569
17804	511	569
1036	539	569
15699	202	570
5778	303	570
16975	322	570
2562	408	570
16915	470	570
1637	587	570
15198	143	571
14852	230	571
8741	45	572
2222	49	572
6064	150	572
11296	167	572
18444	280	572
15031	409	572
17436	445	572
17763	511	572
15643	11	573
1392	33	573
9040	94	573
4422	122	573
9091	131	573
15718	156	573
3541	194	573
993	221	573
9828	250	573
2488	315	573
7966	458	573
17976	586	573
1346	23	574
4266	214	574
4587	216	574
4529	262	574
12336	465	574
16099	42	575
1539	17	576
11501	45	576
12403	49	576
11167	167	576
17386	280	576
4246	87	577
18353	169	577
5105	185	577
8245	219	577
8337	275	577
11381	400	577
14772	491	577
5478	525	577
13819	533	577
1129	120	578
14971	187	578
16183	200	578
11749	243	578
2219	307	578
14349	389	578
12370	430	578
8896	434	578
4352	461	578
12157	33	579
11686	149	579
2877	269	579
9769	358	579
9865	399	579
7630	461	579
4965	538	579
12783	121	580
10805	143	580
15883	347	580
13392	381	580
14705	395	580
1855	403	580
11254	528	580
4815	172	581
12550	335	581
6029	413	581
10425	58	582
11336	181	582
18065	186	582
16321	255	582
925	264	582
7622	295	582
9893	453	582
5159	585	582
2649	5	583
18453	91	583
2528	104	583
14815	183	583
3547	221	583
17546	250	583
15453	344	583
7041	481	583
15298	482	583
9294	15	584
5765	37	585
15401	186	585
9825	268	585
7893	414	585
18362	437	585
3790	485	585
17838	582	585
15098	14	586
6908	63	586
6323	94	586
9809	148	586
2587	174	586
16473	203	586
14968	209	586
11410	255	586
8038	315	586
18017	495	586
15799	515	586
10762	539	586
9323	566	586
10966	573	586
10907	570	587
12115	99	588
8840	518	588
