2995	55	1
13152	65	1
12293	246	1
17148	383	1
15033	444	1
13096	475	1
7139	526	1
8153	102	2
10773	274	2
5198	369	2
6806	385	2
11382	462	2
5103	103	3
6824	208	3
18213	408	3
1826	546	3
2939	140	4
14981	146	4
15525	271	4
10384	392	4
3199	226	5
10072	233	5
6199	286	5
9203	386	5
767	461	5
7184	72	6
10186	178	6
17477	8	7
5394	70	7
8097	228	7
15228	365	7
7123	452	7
3771	454	7
5089	462	7
14181	514	7
13215	7	8
3135	119	8
14324	137	8
2778	186	8
4358	301	8
12493	350	8
9696	39	9
10712	123	9
18340	157	9
17833	191	9
17002	222	9
2464	346	9
14232	382	9
5458	397	9
4509	485	9
7869	490	9
16783	498	9
16274	529	9
9134	563	9
590	378	10
12697	379	10
10053	431	10
1079	521	10
3677	34	11
13009	116	11
17245	181	11
3178	195	11
14223	256	11
6122	18	12
11041	235	12
5440	416	12
8866	477	12
9171	532	12
4569	549	12
8501	57	13
7623	84	13
6211	433	13
1320	451	13
7633	518	13
11318	588	13
17694	84	14
7814	107	14
13085	258	14
12218	291	14
9325	315	14
2144	332	14
3654	538	14
8014	586	14
17760	42	15
16412	61	15
10632	62	15
1518	64	15
7569	83	15
5437	208	15
14819	339	15
13946	372	15
2491	417	15
8488	438	15
8890	460	15
16739	474	15
6905	496	15
16921	507	15
8555	527	15
8530	534	15
8368	584	15
16524	78	16
3938	405	16
16646	45	17
2658	356	17
15365	12	18
1536	35	18
2559	48	18
17519	190	18
7226	198	18
11058	235	18
14130	326	18
9578	453	18
3787	485	18
10591	537	18
2438	57	19
633	60	19
13158	99	19
2798	127	19
15181	188	19
11750	219	19
2021	400	19
7268	407	19
17556	428	19
12191	491	19
14888	577	19
14272	21	20
5521	35	20
7418	48	20
18332	188	20
14043	192	20
18219	261	20
9100	312	20
7369	354	20
2159	390	20
1001	20	21
17190	27	21
12954	102	21
5594	116	21
3288	181	21
1661	299	21
15769	437	21
3027	483	21
17330	485	21
11017	532	21
16834	561	21
13074	208	22
7711	216	23
5290	262	23
4914	381	23
13025	548	23
3862	574	23
3078	42	24
1603	178	25
10306	208	25
9390	178	26
5361	21	27
5348	190	27
8212	201	27
8663	203	27
7956	299	27
17995	554	27
9143	34	28
17535	235	28
4084	318	28
751	434	28
4282	453	28
5520	456	28
10857	477	28
17117	120	29
9252	168	29
6164	210	29
15369	233	29
15131	237	29
17059	245	29
5119	357	29
12920	389	29
3233	430	29
1313	87	30
7448	199	30
4386	273	30
14602	535	30
8281	55	31
13270	173	31
14974	206	31
10876	249	31
6294	314	31
11468	378	31
4837	521	31
12417	100	32
11267	220	32
14769	299	32
6034	367	32
17777	377	32
10193	418	32
1659	426	32
8425	559	32
18203	75	33
7359	91	33
9338	136	33
2877	149	33
16450	221	33
699	227	33
11565	231	33
11420	256	33
2265	283	33
2243	291	33
15774	315	33
18060	358	33
11524	365	33
7408	384	33
1336	514	33
15087	524	33
8740	562	33
11563	573	33
1953	579	33
10879	11	34
2580	28	34
2610	313	34
896	346	34
8268	476	34
4060	537	34
6095	18	35
2089	20	35
1630	48	35
2113	78	35
17429	132	35
13409	211	35
13037	242	35
2973	273	35
9768	364	35
14385	390	35
15004	395	35
7314	468	35
11974	229	36
14889	234	36
3159	487	36
10714	511	36
7206	72	37
13745	355	37
4988	585	37
11869	172	38
8936	230	38
2364	473	38
7277	9	39
15053	157	39
12067	198	39
8826	346	39
5051	382	39
16900	477	39
13242	485	39
11450	563	39
5660	152	40
5944	212	40
6075	306	40
12804	348	40
4897	355	40
8168	462	40
2522	478	40
2031	183	41
5227	228	41
6313	268	41
6266	307	41
7012	309	41
5724	365	41
10680	399	41
6123	544	41
16639	549	41
4432	582	41
13263	15	42
8908	24	42
16976	64	42
15073	79	42
1454	82	42
9160	83	42
3531	178	42
12976	287	42
15300	333	42
11559	337	42
17360	339	42
9528	372	42
6213	412	42
3665	474	42
11905	497	42
6234	507	42
12311	516	42
10492	575	42
8237	45	43
2573	329	43
15970	511	43
17738	99	44
17748	100	44
8506	127	44
622	225	44
16644	310	44
2617	494	44
9806	17	45
13502	43	45
9488	68	45
11770	73	45
12833	112	45
13472	130	45
12589	133	45
13033	151	45
1859	160	45
12779	167	45
4184	170	45
6743	204	45
800	277	45
16492	280	45
2444	305	45
17861	311	45
12543	328	45
5862	329	45
16539	356	45
12202	362	45
11428	374	45
11582	396	45
11421	463	45
6068	476	45
1204	480	45
3202	487	45
18360	558	45
16425	576	45
13757	409	46
9313	302	47
10540	419	47
9504	560	47
16947	18	48
9367	20	48
7770	35	48
16842	179	48
2945	382	48
4630	390	48
18471	395	48
2475	457	48
2286	483	48
9292	561	48
12166	88	49
11536	131	49
13454	160	49
8929	475	49
12788	526	49
7308	545	49
15351	553	49
8302	423	50
3927	72	51
7686	52	52
14785	189	52
4473	431	52
16578	54	53
9869	74	53
764	344	53
13908	53	54
4779	111	54
1552	160	54
6722	344	54
8249	391	54
7310	435	54
14109	450	54
10734	475	54
1961	1	55
1849	31	55
8872	121	55
13558	195	55
9730	229	55
5151	240	55
6107	330	55
11635	377	55
2372	403	55
10041	427	55
13927	512	55
7027	526	55
2481	542	55
3596	166	56
8195	447	56
4310	502	56
6048	13	57
9408	19	57
7461	84	57
17599	144	57
13626	268	57
16150	388	57
8084	506	57
6768	515	57
5761	539	57
5696	266	58
17820	559	58
639	582	58
14514	225	59
8178	256	59
14036	269	59
3363	307	59
14550	405	59
13954	532	59
12105	19	60
8155	99	60
8870	188	60
10826	219	60
8380	331	60
3109	400	60
16076	565	60
5044	15	61
15623	72	61
17958	409	61
11262	15	62
7857	72	62
6976	362	62
2965	409	62
3329	75	63
17558	98	63
3691	183	63
13060	210	63
5710	268	63
18386	416	63
9163	15	64
3072	42	64
16442	1	65
10075	262	65
8903	383	65
8300	391	65
10379	403	65
12477	463	65
1710	475	65
5866	526	65
8807	574	65
843	151	66
16999	233	66
18469	324	66
10660	461	66
5493	156	67
3755	194	67
8150	344	67
1946	450	67
17828	557	67
5599	564	67
17144	45	68
2721	411	68
3435	548	68
5848	98	69
14176	148	69
8722	237	69
4156	399	69
15923	416	69
15690	532	69
3851	549	69
4869	554	69
5807	7	70
17007	120	70
4394	231	70
11035	299	70
5025	348	70
4591	452	70
11652	454	70
6319	552	70
18435	146	71
12733	154	71
17310	164	71
3807	189	71
10743	248	71
11639	260	71
10298	306	71
11282	351	71
9499	375	71
8682	402	71
6037	406	71
3021	471	71
13209	6	72
4266	37	72
1417	51	72
8179	61	72
11288	62	72
1565	135	72
9669	177	72
6958	197	72
2148	287	72
9752	292	72
11687	333	72
5946	362	72
1119	409	72
12789	412	72
9678	417	72
11752	424	72
1310	460	72
9366	479	72
8125	496	72
16824	534	72
13046	45	73
8992	290	73
1913	53	74
11632	125	74
15476	143	74
4239	206	74
16383	324	74
13936	381	74
6524	403	74
18373	455	74
4438	33	75
13968	63	75
7605	120	75
11913	160	75
1621	168	75
10862	286	75
14993	321	75
3738	367	75
1542	386	75
9765	399	75
1256	436	75
9261	481	75
6429	247	76
5580	306	76
15698	313	76
13675	355	76
6138	369	76
17793	390	76
17511	462	76
7892	296	77
945	16	78
10818	35	78
3217	153	78
17217	163	78
11126	350	78
862	513	78
9779	518	78
9908	42	79
4286	208	79
10386	238	80
17595	295	80
7250	382	80
7095	466	80
5544	483	80
2704	490	80
9842	532	80
5147	129	81
1736	195	81
17219	348	81
4137	447	81
16551	512	81
13801	42	82
9557	178	82
16548	208	82
6545	15	83
10411	42	83
4014	13	84
11973	14	84
8644	57	84
2675	252	84
11534	271	84
16769	291	84
13471	332	84
7667	393	84
6514	397	84
10592	531	84
8787	117	85
16147	165	85
9589	201	85
3557	208	85
11460	226	85
15327	233	85
13211	289	85
11130	410	85
16321	446	85
3855	502	85
2135	505	85
13973	413	86
7764	548	86
13879	581	86
11665	30	87
13352	100	87
6812	105	87
2607	219	87
2931	223	87
6793	405	87
832	547	87
12482	577	87
17514	49	88
2321	244	88
14060	246	88
1832	304	88
6719	475	88
7089	131	89
9225	239	89
17695	286	89
3714	344	89
7785	380	89
16451	435	89
609	257	90
13388	357	90
15179	398	90
12869	502	90
14670	33	91
13015	104	91
6885	183	91
16977	227	91
14249	358	91
17152	399	91
10746	524	91
9573	185	92
4772	193	92
5017	217	92
15125	219	92
12062	312	92
10822	559	92
8061	419	93
6289	183	94
12465	194	94
17928	206	94
7681	344	94
4198	557	94
5648	573	94
8346	586	94
3880	161	95
6326	167	95
11906	217	95
16441	218	95
8820	220	95
14962	261	95
14462	314	95
8535	349	95
18374	362	95
17911	427	95
1598	463	95
8042	465	95
3859	542	95
15020	559	95
6960	408	96
13732	206	97
7157	521	97
11560	63	98
16663	69	98
12677	120	98
13072	442	98
3366	535	98
5113	559	98
5358	19	99
14108	44	99
6582	60	99
5574	199	99
17466	219	99
14173	331	99
4203	407	99
5033	451	99
4808	565	99
17749	588	99
8775	32	100
10100	44	100
13632	87	100
9149	203	100
6828	310	100
17753	405	100
2641	453	100
8782	456	100
5874	208	101
17772	373	101
17405	429	101
10227	546	101
979	570	101
14187	2	102
10191	21	102
5578	181	102
14186	198	102
11493	457	102
14943	3	103
6291	408	103
1639	413	103
2455	499	103
4966	91	104
10333	183	104
13633	227	104
15062	309	104
11081	399	104
11046	583	104
14716	87	105
16880	284	105
919	357	105
2009	502	105
12468	547	105
11629	253	106
4859	297	106
16195	14	107
12579	258	107
17740	271	107
4483	309	107
4136	345	107
3519	365	107
8337	399	107
5011	524	107
14180	552	107
920	140	108
15808	392	108
7579	452	108
4787	454	108
15742	344	109
1475	443	109
12606	128	110
1618	201	110
4521	245	110
9382	343	110
7481	430	110
4379	434	110
2406	502	110
6008	509	110
3152	543	110
11855	54	111
5844	324	111
6808	361	111
6612	403	111
4965	450	111
7980	45	112
4321	220	112
8713	233	112
9314	241	113
6406	248	113
17688	350	113
5826	400	113
8051	362	114
4238	124	115
3897	143	115
6563	249	115
7194	331	115
3922	347	115
11698	366	115
17860	565	115
16469	580	115
12818	11	116
11791	21	116
7762	180	116
16340	355	116
3551	467	116
16114	85	117
8205	165	117
9153	201	117
8186	272	117
12213	434	117
16507	506	117
12211	196	118
10095	200	118
2461	318	118
7501	456	118
6729	502	118
15008	8	119
14585	146	119
4388	332	119
11705	334	119
18221	392	119
13434	402	119
16436	454	119
9490	585	119
8081	29	120
3939	70	120
16612	75	120
6062	98	120
14884	165	120
6046	168	120
1378	187	120
1174	226	120
8582	231	120
16605	321	120
9647	357	120
3236	386	120
3641	410	120
10090	502	120
9583	540	120
2636	553	120
5244	55	121
7483	377	121
16695	580	121
12584	209	122
12716	283	122
5556	482	122
9393	551	122
12177	9	123
13345	196	123
17957	200	123
5854	237	123
15025	554	123
15072	115	124
6005	206	124
1968	223	124
14767	325	124
8234	366	124
8261	74	125
16123	156	125
9047	195	125
9050	261	125
14094	324	125
13357	344	125
1142	541	125
5031	551	125
9255	564	125
12472	573	125
8157	330	126
16346	355	126
15574	535	126
9151	549	126
4731	19	127
16740	44	127
1895	312	127
1136	405	127
17253	428	127
9331	513	127
15695	518	127
3443	110	128
18260	200	128
10747	318	128
1354	343	128
17102	434	128
17067	442	128
3442	502	128
4543	503	128
9666	523	128
3623	81	129
15612	344	129
1638	475	129
11953	512	129
12728	538	129
9157	45	130
1750	167	130
18087	49	131
1172	89	131
11616	168	131
3022	194	131
16602	226	131
8046	231	131
18395	239	131
3619	250	131
7397	286	131
3609	403	131
1732	481	131
10811	524	131
15309	35	132
3469	188	132
12402	242	132
3231	300	132
14529	420	132
8282	433	132
13342	451	132
14062	559	132
15277	45	133
12183	241	133
7454	473	133
7730	172	134
4542	213	134
2925	215	134
12910	259	134
10187	465	134
8725	475	134
7592	517	134
12777	72	135
12714	409	135
17128	33	136
16304	183	136
2592	227	136
4650	399	136
15823	524	136
7539	8	137
10142	186	137
8611	243	137
647	288	137
10263	348	137
1153	402	137
8465	413	138
4461	447	139
3769	550	139
13021	4	140
5433	108	140
10354	306	140
17359	414	140
4395	423	141
7778	216	142
3990	298	142
9907	381	142
16514	475	142
16767	526	142
17331	545	142
11098	74	143
14832	115	143
17138	206	143
3254	230	143
10518	249	143
14440	276	143
6146	325	143
12185	347	143
17294	366	143
6203	566	143
6587	580	143
8989	57	144
8845	355	144
6900	395	144
13907	397	144
11333	422	144
9148	494	144
4218	535	144
12895	167	145
667	214	145
12695	381	145
12937	465	145
17754	475	145
4368	4	146
16119	71	146
17769	119	146
5775	162	146
5951	414	146
7037	198	147
17201	301	147
14197	365	147
17778	392	147
9173	399	147
15978	452	147
12294	493	147
5316	69	148
9900	234	148
11741	240	148
6029	344	148
2707	33	149
7794	183	149
14029	291	149
2774	358	149
8307	365	149
9016	384	149
7777	562	149
5218	579	149
6087	280	150
12316	409	150
12607	511	150
14795	45	151
7712	66	151
2734	170	151
1783	396	151
1299	447	151
608	461	151
11554	40	152
9887	200	152
7613	212	152
15170	323	152
4041	478	152
10318	78	153
18131	157	153
931	163	153
8544	191	153
16132	235	153
4667	346	153
6103	529	153
10807	71	154
2867	406	154
4879	423	154
8319	587	154
3047	167	155
811	205	155
10586	230	155
15202	400	155
8137	501	155
12950	67	156
9280	125	156
13988	192	156
3916	195	156
17251	383	156
18285	391	156
13598	458	156
7903	541	156
9136	557	156
9749	564	156
14598	573	156
3053	9	157
17043	39	157
6833	153	157
5941	346	157
9579	449	157
5524	498	157
6752	280	158
14695	511	158
4127	205	159
18123	218	159
9731	45	160
13663	49	160
12514	54	160
5207	75	160
9753	280	160
1814	285	160
4349	286	160
1146	298	160
6870	328	160
5634	374	160
12325	380	160
12516	475	160
5434	488	160
7916	520	160
1813	548	160
17322	95	161
6634	205	161
7742	217	161
7067	463	161
9713	146	162
14416	402	162
6390	78	163
11480	153	163
14999	179	163
14732	243	163
10224	422	163
8837	71	164
8357	351	164
10184	406	164
14565	85	165
18116	117	165
5647	120	165
3414	210	165
8935	410	165
15841	468	165
9824	506	165
4147	56	166
5285	360	166
906	376	166
4055	447	166
5884	461	166
15361	502	166
10021	45	167
17290	95	167
825	130	167
3889	145	167
15650	155	167
18218	265	167
1658	266	167
13124	285	167
15298	328	167
6363	356	167
5319	362	167
9500	374	167
17669	400	167
4494	461	167
16361	488	167
8176	520	167
1161	29	168
10830	75	168
13177	120	168
13615	131	168
8217	224	168
1612	228	168
4496	245	168
1490	309	168
10155	365	168
10018	389	168
8718	399	168
8947	543	168
15028	185	169
16994	193	169
12272	252	169
3740	275	169
2609	300	169
5422	393	169
1017	577	169
2208	45	170
9617	151	170
14709	434	170
12834	447	170
17527	461	170
11758	409	171
17441	38	172
4990	134	172
18092	215	172
4672	265	172
9552	341	172
10099	472	172
2654	475	172
17699	545	172
9168	548	172
876	581	172
7336	31	173
12009	297	173
634	420	173
10888	451	173
16257	518	173
909	566	173
6542	324	174
14910	363	174
16102	403	174
13652	458	174
4528	586	174
10207	230	175
4580	276	175
3898	310	175
8102	366	175
5342	571	175
2044	233	176
16430	421	176
11578	434	176
13323	459	176
15983	461	176
16131	536	176
6207	72	177
13395	6	178
11940	25	178
14619	26	178
16789	42	178
1151	82	178
10171	197	178
16402	254	178
12463	292	178
4484	387	178
14893	448	178
15807	464	178
15367	48	179
17604	163	179
18216	346	179
5541	382	179
13905	397	179
10422	494	179
16044	525	179
15501	532	179
9443	116	180
2564	187	180
17620	191	180
16623	224	180
12696	301	180
5083	321	180
2712	346	180
12556	483	180
4947	493	180
11347	11	181
15467	21	181
12332	102	181
11776	224	181
11019	264	181
10984	295	181
8701	299	181
11410	457	181
15422	582	181
7299	399	182
11486	430	182
6144	434	182
10274	543	182
1305	41	183
6412	63	183
17849	91	183
4081	94	183
2051	104	183
17647	136	183
8049	149	183
9466	221	183
12670	227	183
1441	231	183
15163	239	183
14988	250	183
12232	344	183
9964	358	183
2699	384	183
1244	399	183
17999	416	183
15614	481	183
12373	482	183
18297	495	183
5918	524	183
9913	562	183
1167	579	183
17223	583	183
10999	293	184
16717	473	184
16554	476	184
11876	501	184
13118	92	185
15498	169	185
10671	219	185
7630	312	185
18269	382	185
6897	393	185
13764	491	185
15647	531	185
14553	577	185
10687	8	186
8886	137	186
4875	228	186
2918	243	186
5880	295	186
6081	307	186
17166	483	186
12309	532	186
16731	582	186
15973	585	186
5279	120	187
16512	180	187
8008	556	187
2146	578	187
9414	19	188
15875	20	188
2407	60	188
14828	132	188
10014	273	188
3262	300	188
16673	426	188
7972	451	188
4730	526	188
3603	52	189
6660	71	189
9419	189	189
933	351	189
6102	406	189
14605	587	189
9911	18	190
1558	27	190
3776	326	190
8492	453	190
6560	477	190
7548	9	191
3045	153	191
12379	180	191
13719	222	191
11025	346	191
9800	422	191
4749	467	191
5037	20	192
12072	156	192
11206	209	192
11047	426	192
16558	512	192
9108	551	192
13584	564	192
8022	92	193
17531	169	193
4344	219	193
9498	300	193
6413	312	193
11571	347	193
12186	354	193
16802	472	193
4535	490	193
5614	506	193
11884	551	193
13069	67	194
8924	94	194
11985	131	194
17977	221	194
10754	250	194
10834	344	194
14521	573	194
16148	11	195
8860	55	195
3098	81	195
2490	125	195
11092	156	195
9761	218	195
4326	256	195
17521	321	195
6018	377	195
1269	427	195
3746	457	195
15863	500	195
15733	564	195
8764	118	196
4907	123	196
1563	200	196
1143	502	196
11317	556	196
15313	72	197
14213	178	197
18449	18	198
12430	39	198
9377	102	198
8468	147	198
13931	270	198
1728	275	198
9966	334	198
10915	348	198
7706	493	198
14165	30	199
12287	99	199
11197	426	199
14488	544	199
4068	118	200
4523	123	200
11566	128	200
1312	152	200
2374	196	200
709	203	200
5835	318	200
10755	348	200
4057	456	200
4265	502	200
13986	509	200
8007	556	200
11649	578	200
2872	27	201
7255	85	201
6627	110	201
8583	117	201
11271	343	201
14877	434	201
11768	442	201
14929	523	201
3878	570	202
4406	27	203
1199	100	203
15940	200	203
835	255	203
1601	294	203
1521	513	203
5503	586	203
17548	45	204
8993	411	204
7587	473	204
8496	548	204
4870	155	205
9679	159	205
13249	161	205
17698	207	205
3056	217	205
12197	241	205
9220	265	205
16823	374	205
9676	415	205
14985	431	205
12374	476	205
9042	480	205
1685	488	205
13854	501	205
4550	530	205
14800	31	206
11901	74	206
5593	94	206
8165	97	206
17455	124	206
9515	143	206
18271	304	206
8900	325	206
8065	205	207
7209	312	207
1181	437	207
5297	501	207
6414	3	208
10446	15	208
7766	22	208
18353	25	208
11009	79	208
1962	82	208
4486	85	208
1815	101	208
1216	254	208
4167	404	208
7642	429	208
13528	448	208
3161	464	208
8565	497	208
9594	122	209
8445	192	209
3499	306	209
12499	310	209
4675	312	209
11078	495	209
4402	505	209
2349	539	209
16341	586	209
15193	29	210
8411	63	210
4615	165	210
6609	226	210
2092	257	210
6288	416	210
1666	436	210
11106	484	210
9683	35	211
11926	218	211
8556	295	211
4854	312	211
15649	354	211
605	427	211
3404	512	211
5448	518	211
8884	559	211
16898	561	211
11176	40	212
11366	152	212
13571	348	212
7383	478	212
17492	538	212
2527	543	212
2251	134	213
10890	216	213
6677	217	213
10182	325	213
1991	335	213
14582	530	213
12365	145	214
15180	352	214
13146	415	214
6980	574	214
2065	134	215
8038	172	215
6167	246	215
15554	475	215
16287	23	216
7790	142	216
14083	213	216
3036	217	216
6801	259	216
5960	279	216
18111	335	216
5668	347	216
3989	381	216
1080	455	216
5930	472	216
15212	530	216
636	545	216
9780	574	216
5620	92	217
5239	95	217
12577	161	217
8309	205	217
16503	213	217
4078	216	217
12238	325	217
5968	505	217
2443	530	217
16401	95	218
11780	159	218
1255	195	218
16345	211	218
9841	352	218
4428	378	218
13355	427	218
3527	542	218
15527	19	219
3353	60	219
1924	87	219
11090	92	219
13918	99	219
12398	185	219
11804	193	219
2994	275	219
9391	312	219
1559	533	219
5616	577	219
893	588	219
11144	32	220
3564	95	220
17590	112	220
17863	261	220
4159	324	220
7644	349	220
14731	377	220
17030	463	220
11313	33	221
2612	183	221
12504	194	221
9699	403	221
13290	482	221
15026	526	221
8613	583	221
10626	9	222
11592	191	222
14033	346	222
1463	485	222
1145	563	222
8579	87	223
9782	124	223
2888	405	223
4492	168	224
11261	180	224
8202	181	224
4676	228	224
10033	238	224
6219	295	224
16886	301	224
2779	498	224
12765	44	225
17755	59	225
7179	350	225
5828	400	225
7262	494	225
5109	513	225
6850	5	226
5175	85	226
1212	120	226
7939	131	226
13636	210	226
3765	233	226
17440	553	226
2046	33	227
1324	91	227
1345	104	227
2697	136	227
11667	183	227
11274	399	227
14436	7	228
12323	41	228
12610	168	228
2840	186	228
1798	224	228
14642	270	228
5048	452	228
8528	493	228
6013	544	228
1154	36	229
10789	55	229
17993	280	229
3086	406	229
10907	492	229
15963	511	229
3005	38	230
9284	143	230
4662	155	230
16115	175	230
2786	244	230
14030	259	230
786	276	230
15580	304	230
6814	439	230
5321	475	230
15778	488	230
16161	517	230
10481	571	230
15492	33	231
10028	70	231
16496	120	231
5702	131	231
11619	183	231
2615	330	231
13829	399	231
4648	524	231
11853	280	232
4984	511	232
5611	5	233
16536	29	233
17741	66	233
2258	85	233
11526	112	233
12322	176	233
5467	226	233
11198	257	233
9424	272	233
6749	360	233
9073	376	233
5693	386	233
12242	434	233
14336	436	233
15957	459	233
7426	461	233
5070	484	233
17073	536	233
5077	36	234
1906	148	234
11359	267	234
13672	447	234
18327	540	234
11756	554	234
7910	12	235
9249	18	235
11127	28	235
6446	153	235
13679	318	235
5484	346	235
10523	456	235
12952	493	235
17001	371	236
1191	447	236
6617	29	237
11693	69	237
2433	123	237
10901	257	237
3741	267	237
1024	343	237
15222	442	237
4411	502	237
11065	80	238
8332	224	238
14445	243	238
11822	251	238
6461	402	238
12548	89	239
1010	131	239
2476	183	239
4094	344	239
4678	481	239
7808	528	239
7038	55	240
6217	148	240
14077	418	240
5247	487	240
6774	512	240
10668	113	241
15981	133	241
14326	205	241
15991	305	241
18096	317	241
17737	466	241
8507	566	241
5943	35	242
1828	132	242
9405	252	242
3339	273	242
10416	279	242
9302	340	242
4163	381	242
17763	420	242
1780	137	243
12227	163	243
6100	186	243
1048	238	243
1442	389	243
18245	433	243
8696	494	243
15904	498	243
17691	88	244
7607	230	244
1843	475	244
6274	517	244
5450	531	244
6409	29	245
15775	110	245
17529	168	245
5797	357	245
4375	430	245
13340	434	245
8685	509	245
12011	1	246
1870	88	246
6443	215	246
16736	279	246
3874	444	246
15251	472	246
1754	76	247
12877	355	247
4012	462	247
2648	539	247
14095	71	248
4244	113	248
8476	351	248
9324	362	248
7357	368	248
7851	31	249
6086	115	249
18114	143	249
2389	325	249
4995	370	249
7137	401	249
5670	131	250
5395	183	250
3382	194	250
11898	286	250
15137	344	250
11086	573	250
14906	583	250
8561	238	251
12683	483	251
4312	513	251
16493	561	251
5809	84	252
2110	169	252
3089	242	252
4848	259	252
12000	273	252
7970	279	252
2659	340	252
18140	352	252
10159	363	252
4834	383	252
14078	401	252
9677	420	252
4222	533	252
11575	106	253
13887	317	253
15900	331	253
8595	565	253
4381	178	254
11038	208	254
2205	203	255
15223	367	255
3310	405	255
2427	409	255
6959	582	255
8444	586	255
10929	11	256
6328	33	256
8645	59	256
11951	195	256
7586	269	256
12361	321	256
12973	418	256
2782	505	256
16181	538	256
18084	90	257
11686	210	257
10658	233	257
9394	237	257
9542	416	257
6791	523	257
13614	14	258
7643	107	258
4750	268	258
16903	291	258
14923	306	258
5976	309	258
2003	345	258
9811	358	258
17708	365	258
1572	399	258
16964	452	258
11786	509	258
10327	562	258
7520	134	259
4498	216	259
17303	230	259
11875	252	259
10532	325	259
6956	340	259
15150	472	259
14012	517	259
4742	530	259
8494	71	260
3676	351	260
16103	406	260
7863	20	261
1506	95	261
18058	125	261
11052	220	261
16547	324	261
6744	381	261
14805	383	261
14115	23	262
17589	65	262
6085	324	262
5708	403	262
8490	574	262
1201	280	263
5692	511	263
10637	181	264
4939	299	264
4967	332	264
18175	437	264
9767	561	264
14325	582	264
8779	167	265
4488	172	265
3757	205	265
16853	548	265
13050	58	266
6049	167	266
7567	280	266
16595	349	266
7536	447	266
7288	540	266
1401	553	266
8413	234	267
7975	237	267
15787	418	267
10045	447	267
18418	41	268
18073	57	268
12907	63	268
6124	258	268
10054	315	268
16825	365	268
15949	515	268
5684	585	268
3422	59	269
9376	256	269
16433	330	269
5581	348	269
11668	567	269
6551	579	269
12101	198	270
6074	228	270
13526	318	270
8187	334	270
14503	348	270
17083	399	270
16242	456	270
11014	493	270
16771	543	270
4821	544	270
2508	4	271
14113	84	271
6811	107	271
11217	291	271
7670	306	271
7773	426	271
8063	515	271
8540	551	271
5142	117	272
7768	233	272
17898	386	272
1503	434	272
9194	436	272
11587	484	272
10358	30	273
13690	35	273
1863	188	273
11502	242	273
18070	252	273
1169	279	273
9758	300	273
4209	340	273
9744	383	273
4287	526	273
18372	2	274
18156	425	274
11034	510	274
5018	558	274
2938	169	275
3194	198	275
15255	219	275
14304	400	275
1527	506	275
7679	577	275
1742	581	275
14096	143	276
10873	175	276
15387	230	276
12489	304	276
8412	341	276
4237	521	276
3075	45	277
12838	411	277
12802	461	277
10877	409	278
2008	216	279
10985	242	279
5402	246	279
5609	252	279
11163	273	279
15678	300	279
6608	381	279
5398	383	279
8222	526	279
7737	45	280
9222	150	280
1763	158	280
2219	160	280
11204	229	280
16619	232	280
14698	263	280
1573	266	280
4056	290	280
1723	311	280
18147	328	280
16046	394	280
9067	432	280
5100	445	280
3071	492	280
17864	501	280
15880	569	280
8721	572	280
1190	576	280
6000	511	281
802	411	282
4886	473	282
14075	33	283
15679	122	283
15019	315	283
1408	365	283
4377	506	283
872	515	283
10900	551	283
1919	105	284
12406	357	284
654	502	284
6910	547	284
3917	160	285
8821	167	285
11395	298	285
2953	380	285
15245	439	285
13664	528	285
7467	5	286
4304	75	286
13425	89	286
14276	131	286
5463	160	286
8135	250	286
15667	461	286
5957	42	287
15435	72	287
18289	137	288
11914	323	288
11790	449	288
15564	494	288
7190	498	288
16876	85	289
10792	360	289
9828	502	289
15320	73	290
7674	280	290
8637	328	290
11161	14	291
1829	33	291
8657	84	291
18300	149	291
4229	258	291
14471	271	291
9235	306	291
13516	358	291
17240	454	291
15157	538	291
6916	562	291
2892	72	292
9212	178	292
6346	184	293
17475	302	293
11807	308	293
13214	510	293
10265	546	293
16165	555	293
12473	560	293
1252	203	294
927	362	294
12507	434	294
8784	502	294
15078	80	295
18178	181	295
10126	186	295
18098	211	295
8386	224	295
9882	485	295
4885	498	295
4728	582	295
13498	77	296
16709	408	296
1582	106	297
10621	173	297
11867	317	297
18252	363	297
17767	401	297
4671	566	297
1761	142	298
3636	160	298
13400	285	298
14856	475	298
6823	21	299
17867	27	299
14703	32	299
1372	70	299
7198	181	299
12190	264	299
6135	349	299
14070	483	299
14892	544	299
3320	132	300
7811	169	300
6971	188	300
17501	193	300
9355	273	300
14159	279	300
16215	551	300
17936	559	300
8462	8	301
17524	147	301
8672	180	301
10728	224	301
14509	365	301
10689	47	302
7489	293	302
6025	351	302
3222	419	302
2318	408	303
5923	570	303
13566	88	304
3888	206	304
8323	230	304
11644	276	304
8144	531	304
11445	45	305
12602	241	305
4249	366	305
7987	473	305
11429	40	306
16347	71	306
10394	76	306
12664	140	306
5419	209	306
10339	258	306
8325	271	306
10708	291	306
9185	495	306
14171	41	307
16990	59	307
2524	186	307
8778	309	307
18007	399	307
17731	293	308
7948	419	308
17515	423	308
844	41	309
5633	104	309
12961	107	309
13408	168	309
1846	258	309
5345	307	309
4190	399	309
5009	44	310
13971	100	310
2130	175	310
14664	209	310
16457	494	310
1509	513	310
4431	45	311
17809	280	311
820	511	311
12713	20	312
3062	92	312
9502	127	312
8855	185	312
12576	193	312
1891	207	312
2777	209	312
1899	211	312
6264	219	312
10471	354	312
6399	428	312
9145	490	312
2666	34	313
16190	76	313
13761	330	313
14956	368	313
14023	369	313
15703	457	313
4017	495	313
12409	524	313
15791	537	313
2824	31	314
9450	95	314
3942	418	314
16273	433	314
7472	14	315
6895	33	315
8560	268	315
15661	283	315
9099	384	315
7774	515	315
10101	573	315
7992	586	315
15023	409	316
6643	241	317
3246	253	317
10828	297	317
3575	331	317
5982	565	317
12076	566	317
5687	568	317
14659	28	318
8192	118	318
11744	128	318
15719	200	318
12475	235	318
4336	270	318
3008	434	318
1477	502	318
4871	543	318
9909	413	319
17497	488	319
869	501	319
9448	409	320
17434	75	321
12772	120	321
10300	180	321
1003	195	321
5887	256	321
2993	330	321
6879	367	321
13411	416	321
18155	502	321
4110	552	321
18296	567	321
7149	560	322
3777	570	322
12999	152	323
8235	288	323
3074	334	323
15388	422	323
16615	494	323
13838	535	323
11674	66	324
10019	74	324
4680	111	324
2076	125	324
11586	174	324
5386	220	324
12314	261	324
14872	262	324
1383	342	324
14612	361	324
17502	383	324
11315	403	324
4687	418	324
9465	426	324
6878	450	324
10871	455	324
17764	458	324
15676	541	324
3279	551	324
10622	124	325
17617	143	325
11077	206	325
17372	213	325
10885	217	325
5865	249	325
9571	259	325
9846	335	325
18308	381	325
17349	444	325
17121	530	325
15474	531	325
8620	533	325
12969	18	326
1841	190	326
14733	453	326
16332	423	327
696	521	327
14729	45	328
17787	160	328
14065	167	328
5924	280	328
17572	290	328
3824	374	328
10842	520	328
13637	526	328
15447	43	329
7427	45	329
6056	511	329
14860	55	330
8730	126	330
16027	231	330
18299	269	330
1998	313	330
9697	321	330
5388	367	330
12657	468	330
2694	552	330
801	60	331
12434	99	331
13503	115	331
1534	253	331
10208	317	331
13842	565	331
2157	568	331
11965	14	332
4597	84	332
1241	119	332
5066	264	332
18237	483	332
2809	487	332
9969	514	332
2542	42	333
12536	72	333
12382	119	334
7710	198	334
11547	270	334
9113	323	334
8269	350	334
2331	437	334
14494	529	334
7203	538	334
2480	213	335
9021	216	335
9241	325	335
12970	517	335
7942	530	335
5895	531	335
11385	571	335
3471	581	335
3640	413	336
5595	548	336
16937	42	337
15169	411	338
772	473	338
10051	15	339
2647	42	339
11239	242	340
14700	252	340
744	259	340
17198	273	340
15952	393	340
11948	420	340
7513	444	340
14972	530	340
16697	172	341
11714	276	341
11157	324	342
4429	344	342
17996	391	342
2713	403	342
6312	450	342
2523	455	342
16157	526	342
10108	110	343
8361	128	343
6591	201	343
16051	237	343
9237	434	343
4751	502	343
3581	523	343
15938	53	344
2594	54	344
4213	67	344
15130	89	344
4380	94	344
3083	109	344
2701	125	344
15681	129	344
7456	148	344
11919	183	344
3145	194	344
5284	239	344
17536	250	344
4491	342	344
13000	376	344
12650	380	344
6585	399	344
10408	435	344
2252	443	344
8025	450	344
10049	455	344
3413	461	344
17147	475	344
2963	583	344
4378	107	345
6208	258	345
7740	365	345
1860	399	345
2849	552	345
7733	9	346
10284	34	346
12505	39	346
7602	153	346
13026	157	346
18355	179	346
16660	180	346
16241	191	346
13460	222	346
17752	235	346
1885	388	346
4180	449	346
17371	456	346
5007	467	346
11568	485	346
2404	494	346
2471	498	346
8353	563	346
10902	115	347
4956	143	347
2957	193	347
12279	216	347
10476	381	347
4025	580	347
16982	40	348
10091	70	348
1004	81	348
18430	137	348
7442	198	348
12488	200	348
5334	212	348
8991	269	348
6782	270	348
2270	542	348
18401	543	348
7973	552	348
2512	95	349
16435	220	349
8188	266	349
4901	299	349
16693	383	349
3192	511	349
5916	538	349
3662	8	350
725	78	350
9920	113	350
15912	225	350
8392	334	350
17888	402	350
1128	490	350
11742	529	350
12376	71	351
14632	164	351
18421	189	351
2760	248	351
6750	260	351
640	302	351
2200	362	351
16505	368	351
2731	406	351
12200	487	351
2909	214	352
4160	218	352
1015	252	352
12130	415	352
13519	423	353
12710	20	354
10283	193	354
1467	211	354
10421	312	354
17302	483	354
9644	490	354
16249	559	354
5127	37	355
5813	40	355
16954	76	355
9954	116	355
13143	126	355
8840	144	355
1705	247	355
10489	388	355
15972	418	355
11998	442	355
9530	558	355
11611	17	356
4328	45	356
4613	167	356
2732	29	357
16134	90	357
2371	105	357
2022	120	357
5190	245	357
2226	284	357
15496	421	357
13765	434	357
15381	502	357
11150	547	357
3051	33	358
17457	91	358
11862	149	358
6401	183	358
2025	258	358
6044	291	358
7460	468	358
9300	562	358
11389	546	359
5268	166	360
10557	233	360
6323	289	360
17187	376	360
16729	502	360
16571	536	360
14890	111	361
9839	324	361
16941	403	361
12528	455	361
14663	580	361
4845	45	362
3010	62	362
17347	72	362
3772	95	362
12671	114	362
5672	167	362
4230	248	362
17242	294	362
11422	351	362
9737	406	362
6504	476	362
13934	487	362
17401	496	362
2073	174	363
1009	252	363
9340	297	363
14362	401	363
14886	35	364
8376	468	364
13963	483	364
3412	512	364
8260	7	365
14771	33	365
2886	41	365
15570	107	365
15052	147	365
2588	149	365
3894	168	365
18351	258	365
771	268	365
14721	283	365
9285	301	365
11761	345	365
2197	384	365
11551	399	365
15269	515	365
14727	562	365
17278	579	365
6210	115	366
14172	124	366
8525	143	366
15919	175	366
14668	305	366
14425	571	366
4788	32	367
17101	75	367
12979	255	367
18183	321	367
727	330	367
16931	405	367
4467	248	368
11438	313	368
11194	351	368
14957	379	368
6258	462	368
9750	514	368
3351	2	369
7028	76	369
16560	313	369
16243	462	369
16108	249	370
7637	566	370
4021	568	370
10217	236	371
4594	447	371
6538	15	372
600	42	372
3116	101	373
739	45	374
1332	160	374
4737	167	374
9937	205	374
4497	328	374
8626	437	374
4446	548	374
12403	71	375
4459	406	375
15793	423	375
18227	587	375
12633	166	376
7478	233	376
15353	344	376
18363	360	376
17235	447	376
8926	32	377
16307	55	377
14400	121	377
14820	195	377
14835	220	377
2843	10	378
14233	31	378
5257	218	378
11909	10	379
14496	368	379
16804	89	380
17905	160	380
14235	285	380
10458	344	380
10110	455	380
17104	461	380
4803	553	380
4628	23	381
1604	74	381
9940	142	381
7052	145	381
7966	216	381
6354	242	381
14926	261	381
679	279	381
6733	325	381
4997	347	381
12629	427	381
11219	455	381
18371	500	381
9423	526	381
17483	580	381
17969	9	382
9757	39	382
8943	48	382
13219	80	382
13540	179	382
8076	185	382
16463	397	382
16616	513	382
2224	525	382
15001	532	382
7967	1	383
16212	65	383
11295	156	383
11546	252	383
16079	261	383
8183	273	383
5576	279	383
1586	324	383
9710	349	383
13989	403	383
16762	475	383
7338	526	383
3907	33	384
16255	149	384
4972	183	384
13514	315	384
3450	365	384
6869	482	384
7680	2	385
5146	388	385
7000	406	385
11305	425	385
932	510	385
2568	5	386
13949	75	386
4073	120	386
9657	233	386
6780	272	386
6345	436	386
3828	461	386
7064	506	386
15236	178	387
4576	57	388
8735	346	388
4171	355	388
15333	385	388
1706	29	389
5890	168	389
822	243	389
17525	434	389
14359	578	389
18132	20	390
8072	35	390
9075	48	390
14287	76	390
6380	393	390
12236	513	390
5123	561	390
13336	54	391
15136	65	391
2803	156	391
13683	342	391
3827	403	391
11736	450	391
8532	526	391
7588	4	392
18475	108	392
14736	119	392
16301	147	392
15720	454	392
12353	514	392
13084	84	393
13778	169	393
10740	185	393
14415	340	393
16128	390	393
9838	491	393
6849	280	394
11032	511	394
8208	35	395
9320	48	395
15532	144	395
10106	494	395
1415	45	396
6579	151	396
17295	447	396
13705	461	396
12317	9	397
8949	84	397
14158	144	397
15856	179	397
12174	382	397
10310	494	397
4888	532	397
18239	90	398
7082	410	398
5956	502	398
14439	567	398
7541	41	399
13706	69	399
16726	75	399
2077	91	399
6674	104	399
17602	107	399
4855	136	399
5981	147	399
7591	168	399
8723	182	399
13082	183	399
934	227	399
12903	231	399
2304	258	399
15368	270	399
6440	307	399
15189	309	399
12851	344	399
13303	345	399
8379	365	399
16893	524	399
13876	562	399
16362	19	400
5970	60	400
6996	113	400
2967	155	400
15961	167	400
6697	225	400
1184	275	400
8028	439	400
13544	506	400
10473	249	401
9256	252	401
3080	297	401
5030	363	401
7096	491	401
16721	566	401
3085	71	402
18384	119	402
3306	137	402
2188	162	402
4093	238	402
6456	350	402
9569	55	403
17881	65	403
4247	74	403
5254	111	403
10884	131	403
7861	174	403
11337	221	403
1983	262	403
8364	324	403
10241	342	403
17660	361	403
3791	383	403
4752	391	403
14129	450	403
7589	455	403
18042	553	403
15195	557	403
1888	208	404
16483	16	405
11981	59	405
16692	87	405
616	100	405
17109	127	405
1127	223	405
4916	255	405
8006	367	405
11840	502	405
8090	71	406
8678	154	406
5308	164	406
6646	189	406
3150	229	406
6513	260	406
9956	351	406
7486	362	406
5447	375	406
14634	385	406
9872	411	406
6794	471	406
12955	474	406
7923	19	407
14101	99	407
10454	433	407
7922	577	407
17164	3	408
5267	96	408
18205	103	408
17837	296	408
5152	303	408
6969	570	408
13184	46	409
5926	61	409
9948	62	409
6602	72	409
8037	135	409
17105	150	409
11679	171	409
15975	255	409
1450	278	409
17852	316	409
6343	320	409
15403	417	409
16380	440	409
12163	445	409
18023	460	409
4656	469	409
7384	496	409
12125	511	409
4768	522	409
2663	534	409
12666	572	409
8491	85	410
4697	120	410
17029	165	410
4272	398	410
2369	436	410
14651	446	410
12992	68	411
15500	204	411
2544	277	411
11959	282	411
16359	338	411
1945	406	411
1440	473	411
5863	558	411
6039	42	412
13818	72	412
17918	86	413
9218	103	413
8198	138	413
5651	319	413
2223	336	413
4039	501	413
17463	531	413
10771	540	413
3132	548	413
13817	581	413
1459	140	414
3637	146	414
2719	585	414
4974	205	415
11514	214	415
17395	352	415
4736	444	415
6679	12	416
14878	63	416
5075	69	416
1281	183	416
17383	210	416
16813	257	416
10348	321	416
11912	15	417
963	72	417
11519	409	417
6454	32	418
9415	240	418
7885	256	418
7521	267	418
3140	314	418
12221	324	418
4786	355	418
9512	47	419
11343	93	419
18459	302	419
13464	308	419
6315	132	420
8441	173	420
17625	242	420
16023	252	420
5779	340	420
16203	176	421
8814	357	421
5482	434	421
12231	461	421
2670	144	422
6925	163	422
1935	191	422
17116	323	422
9293	494	422
2662	525	422
12648	50	423
14866	141	423
6844	154	423
8920	308	423
13567	327	423
17249	353	423
17730	375	423
2583	471	423
16531	489	423
12383	508	423
10926	72	424
2423	274	425
7086	385	425
9482	476	425
4100	32	426
4427	188	426
14950	192	426
5097	199	426
14311	271	426
3193	324	426
5118	495	426
15740	515	426
6562	551	426
8143	55	427
9694	95	427
15067	195	427
13976	211	427
978	218	427
2972	381	427
6272	500	427
838	526	427
17435	559	427
925	19	428
10922	127	428
13128	312	428
1646	513	428
1359	518	428
901	577	428
10013	101	429
11504	208	429
4231	546	429
9650	29	430
12397	110	430
14453	182	430
8151	245	430
14949	434	430
6951	484	430
12631	509	430
9257	578	430
10304	10	431
10673	52	431
16745	205	431
8841	431	431
1400	280	432
17228	511	432
14502	13	433
1356	132	433
2370	243	433
6766	314	433
14898	407	433
929	451	433
6411	491	433
13855	518	433
7210	28	434
12659	110	434
8716	117	434
18343	128	434
4202	170	434
8704	176	434
14686	182	434
8121	201	434
11158	233	434
13058	245	434
15000	272	434
15274	294	434
3702	318	434
7402	343	434
13901	357	434
5870	389	434
874	421	434
13738	430	434
2876	436	434
7626	459	434
4818	484	434
16264	498	434
16601	502	434
2328	509	434
5704	523	434
8105	536	434
13736	543	434
10468	578	434
4245	54	435
1670	89	435
1595	344	435
14260	443	435
12522	75	436
16085	210	436
16867	233	436
3728	272	436
9878	386	436
12070	410	436
16090	434	436
7647	461	436
15932	21	437
16413	207	437
10598	264	437
13796	334	437
11971	374	437
6908	532	437
10946	585	437
7616	15	438
11825	230	439
3815	285	439
5174	400	439
12878	409	440
5252	511	441
4701	98	442
5076	128	442
5623	201	442
2196	237	442
13797	355	442
4102	477	442
17010	109	443
15616	344	443
12121	435	443
14741	1	444
8377	246	444
12614	325	444
12282	340	444
12552	415	444
1687	530	444
1346	531	444
5068	280	445
7971	409	445
18350	511	445
10697	85	446
11872	410	446
13185	502	446
13746	554	446
17591	56	447
3998	81	447
13561	139	447
9980	151	447
17154	166	447
17494	170	447
1649	234	447
3458	236	447
18127	266	447
6629	267	447
18185	371	447
15761	376	447
2140	396	447
9910	511	447
16821	540	447
16055	550	447
3171	178	448
12225	208	448
6580	157	449
13691	288	449
11416	346	449
12044	529	449
15132	54	450
12555	67	450
9126	111	450
7697	324	450
7924	342	450
3957	344	450
1979	391	450
17448	403	450
15551	526	450
13641	13	451
6498	99	451
7014	132	451
9804	173	451
16211	188	451
7176	433	451
1636	7	452
16733	70	452
5747	108	452
1715	147	452
14897	228	452
7315	258	452
6372	454	452
16792	18	453
4317	28	453
8004	100	453
17132	190	453
10480	326	453
15782	456	453
8230	477	453
2474	537	453
7390	554	453
9914	7	454
7241	70	454
11769	108	454
11303	119	454
16071	291	454
17537	392	454
2109	452	454
9975	514	454
17963	544	454
12180	585	454
14678	74	455
5074	216	455
13872	324	455
1882	342	455
16553	344	455
9117	361	455
7057	380	455
3102	381	455
8776	403	455
4546	463	455
721	526	455
4954	28	456
14292	100	456
10505	118	456
10945	200	456
3656	235	456
17541	270	456
2232	346	456
13190	453	456
1462	48	457
8610	102	457
13804	181	457
3270	195	457
14850	313	457
3396	551	457
8226	561	457
11606	156	458
15129	174	458
797	324	458
2804	541	458
13666	551	458
5947	573	458
9080	176	459
17628	233	459
4500	434	459
12241	461	459
15624	536	459
779	15	460
15273	72	460
14708	409	460
16330	5	461
4023	66	461
2049	151	461
8865	166	461
7434	167	461
2482	170	461
17420	176	461
16710	233	461
7962	277	461
1787	286	461
3127	344	461
7280	380	461
14675	386	461
3936	396	461
10216	421	461
12521	436	461
14895	459	461
2485	484	461
1480	523	461
9139	578	461
16509	579	461
8220	2	462
12145	7	462
7425	40	462
9795	76	462
18018	247	462
7422	368	462
13909	369	462
14964	45	463
16862	65	463
13822	95	463
3218	161	463
16366	220	463
7689	455	463
9026	535	463
5004	178	464
11994	208	464
8622	95	465
13839	134	465
6071	145	465
625	475	465
5299	574	465
14455	80	466
2977	241	466
5824	491	466
10806	559	466
11124	116	467
3545	191	467
18403	346	467
17427	35	468
2983	165	468
7795	330	468
9792	358	468
11208	364	468
16053	524	468
16583	526	468
9229	409	469
6091	570	470
12176	71	471
4452	406	471
7001	423	471
1469	587	471
16712	172	472
12494	193	472
1788	216	472
8052	246	472
16314	259	472
17485	574	472
17614	38	473
7161	133	473
11550	184	473
775	204	473
6410	282	473
7218	305	473
4636	338	473
1711	411	473
4709	476	473
13984	480	473
13577	501	473
4890	15	474
4592	42	474
8103	406	474
13717	1	475
14660	49	475
4964	54	475
13704	65	475
1163	88	475
6069	129	475
7926	134	475
11658	142	475
6516	145	475
2260	160	475
1233	172	475
1766	215	475
15221	230	475
17446	244	475
17621	298	475
16042	344	475
15349	383	475
18035	465	475
18081	500	475
12140	517	475
9102	526	475
9138	545	475
5026	34	476
15415	45	476
6986	184	476
6657	205	476
973	362	476
14103	425	476
15812	473	476
7678	12	477
17901	28	477
18441	39	477
5087	190	477
12408	442	477
9529	453	477
5206	485	477
17530	40	478
17049	152	478
1897	212	478
5271	502	478
2869	538	478
5049	72	479
5978	45	480
1140	205	480
2514	473	480
13563	501	480
7163	75	481
16787	131	481
17826	183	481
13038	239	481
16112	583	481
15906	122	482
4861	183	482
6781	221	482
8463	384	482
15794	505	482
9059	573	482
10983	21	483
13700	48	483
17985	80	483
2405	180	483
12953	186	483
12424	251	483
8414	299	483
12343	332	483
10008	354	483
5997	364	483
16962	561	483
1792	210	484
5662	233	484
15252	272	484
18292	430	484
5972	434	484
17188	461	484
5879	523	484
15279	9	485
1416	18	485
10835	21	485
18088	39	485
5155	222	485
10105	295	485
16360	346	485
15324	477	485
8728	490	485
10062	511	486
5694	36	487
9174	45	487
17197	240	487
14640	332	487
5758	351	487
5473	362	487
3057	511	487
5016	160	488
4824	167	488
12115	205	488
13087	230	488
14034	319	488
16631	501	488
6557	423	489
18016	9	490
16007	80	490
12305	193	490
12858	312	490
6936	350	490
12932	354	490
7046	485	490
7582	513	490
6933	525	490
12906	19	491
12155	185	491
6430	393	491
11383	401	491
3979	433	491
9662	466	491
18019	518	491
9057	577	491
8818	588	491
3559	229	492
11266	280	492
7381	511	492
6096	147	493
16008	180	493
2153	198	493
12832	228	493
928	235	493
12262	270	493
8888	514	493
2541	552	493
8010	44	494
3628	144	494
3620	179	494
10710	225	494
6704	243	494
4214	288	494
3821	310	494
10452	323	494
12165	346	494
12153	395	494
4456	397	494
8296	422	494
7648	513	494
7274	525	494
7997	183	495
17856	209	495
13670	306	495
11190	313	495
4894	426	495
12138	15	496
7229	72	496
677	362	496
15182	409	496
15735	42	497
10009	208	497
12278	9	498
14240	157	498
7380	224	498
17899	243	498
17919	288	498
15768	295	498
3294	346	498
16946	434	498
13688	103	499
17399	508	499
4985	546	499
12116	587	499
9762	195	500
9978	381	500
9687	427	500
3694	475	500
13608	512	500
11892	526	500
823	574	500
1254	155	501
11594	184	501
13394	205	501
5644	207	501
10795	280	501
9417	319	501
2509	413	501
5160	473	501
3230	480	501
11406	488	501
3333	548	501
17498	56	502
3734	85	502
9279	90	502
9364	105	502
4050	110	502
13510	118	502
2897	120	502
13697	128	502
3867	166	502
12798	196	502
7446	200	502
2920	237	502
1160	284	502
11452	289	502
3795	294	502
3223	318	502
12437	321	502
12461	343	502
10652	357	502
2513	360	502
13966	398	502
975	405	502
3278	434	502
3919	446	502
12042	478	502
3137	503	502
16803	523	502
3930	547	502
6445	556	502
11300	567	502
5892	128	503
2896	502	503
6149	511	504
17680	85	505
16204	209	505
864	217	505
16856	256	505
4164	482	505
13418	579	505
15757	57	506
14739	117	506
15876	165	506
3059	193	506
5372	275	506
4389	283	506
2631	386	506
9605	400	506
16768	15	507
16727	42	507
3748	423	508
16844	499	508
9622	110	509
9037	200	509
16758	245	509
5757	258	509
5800	430	509
13269	434	509
17626	538	509
5426	274	510
3543	293	510
14228	385	510
10838	36	511
10799	43	511
899	150	511
12480	158	511
14306	229	511
2980	232	511
10735	263	511
2797	281	511
10402	311	511
11933	329	511
3241	349	511
4519	394	511
6716	409	511
15881	432	511
3177	441	511
11257	445	511
638	447	511
2969	486	511
8808	487	511
2465	492	511
1735	504	511
2023	512	511
7823	542	511
14995	569	511
6940	572	511
11321	55	512
9984	81	512
9786	129	512
8385	192	512
17375	211	512
3991	240	512
16968	364	512
15639	500	512
7866	511	512
4909	78	513
4544	127	513
8646	203	513
9688	225	513
3837	251	513
14050	310	513
666	382	513
14885	390	513
14143	428	513
3099	490	513
3805	494	513
8170	518	513
12219	7	514
4407	33	514
16382	332	514
2683	368	514
11830	392	514
8131	454	514
2501	493	514
1025	57	515
9200	268	515
2037	271	515
13164	283	515
6245	315	515
15484	365	515
1856	426	515
9990	42	516
9938	134	517
5446	230	517
3378	244	517
7765	259	517
9773	335	517
11277	475	517
12442	531	517
8659	13	518
8832	78	518
985	127	518
5490	173	518
7045	211	518
15096	428	518
2845	433	518
17412	491	518
15263	513	518
5778	588	518
10166	546	519
5390	160	520
11944	167	520
3697	328	520
1045	526	520
12652	10	521
5303	31	521
4782	97	521
10739	276	521
5832	327	521
8822	409	522
971	128	523
4638	201	523
1418	257	523
9658	343	523
4138	434	523
17552	461	523
7530	484	523
16244	502	523
2645	33	524
6254	91	524
8196	107	524
12384	131	524
5868	136	524
11111	183	524
11344	231	524
9567	313	524
3926	399	524
4035	468	524
5552	179	525
5413	382	525
17951	422	525
11308	490	525
2729	494	525
16374	1	526
14874	49	526
15664	55	526
9709	65	526
8069	142	526
4433	188	526
6267	221	526
7675	273	526
16084	279	526
11142	328	526
4820	342	526
3804	381	526
3873	383	526
3831	391	526
3273	427	526
8433	450	526
2499	455	526
12348	468	526
4168	475	526
5220	500	526
3304	520	526
1176	542	526
5325	574	526
17522	15	527
16587	239	528
6830	285	528
7791	545	528
1726	580	528
10790	9	529
5040	153	529
14735	334	529
13613	350	529
16668	449	529
4047	205	530
17127	213	530
11815	216	530
16479	217	530
3210	259	530
14261	325	530
14677	335	530
16537	340	530
10044	444	530
9334	84	531
12355	185	531
5420	244	531
4051	304	531
13781	325	531
16170	335	531
17642	413	531
16434	444	531
12244	517	531
7646	557	531
4206	12	532
16585	21	532
10892	59	532
11104	69	532
3446	80	532
5273	179	532
17174	186	532
6584	382	532
4458	397	532
9766	437	532
4302	549	532
4347	219	533
9834	252	533
17418	325	533
16793	566	533
13237	15	534
10629	72	534
10683	409	534
10655	30	535
6666	98	535
6449	126	535
11056	144	535
17044	323	535
995	463	535
13940	176	536
7350	233	536
5177	360	536
11356	434	536
9621	459	536
1206	18	537
15946	34	537
11743	313	537
7518	453	537
16737	14	538
17664	129	538
902	212	538
3790	256	538
17631	291	538
15398	334	538
2005	349	538
3730	478	538
14102	509	538
6816	579	538
8194	57	539
14056	209	539
17986	247	539
16658	120	540
2898	234	540
10308	266	540
8834	413	540
7771	447	540
3846	125	541
8996	156	541
10768	324	541
8605	458	541
4120	564	541
5382	55	542
9950	95	542
1836	218	542
10627	348	542
12453	511	542
9492	526	542
2333	110	543
10664	168	543
15503	182	543
9330	212	543
1460	270	543
4419	318	543
7421	348	543
4589	434	543
15480	549	543
4114	41	544
13282	199	544
1175	228	544
855	270	544
3093	299	544
11858	454	544
14965	585	544
11350	49	545
3660	142	545
3975	172	545
15816	216	545
12188	475	545
15583	528	545
11298	548	545
7982	3	546
4226	101	546
17195	293	546
15065	359	546
5741	429	546
17465	499	546
15066	519	546
5569	87	547
15684	105	547
16280	284	547
852	357	547
9311	502	547
10087	23	548
6818	68	548
17293	86	548
3555	160	548
1456	172	548
3343	204	548
14508	265	548
1419	336	548
1404	374	548
9825	413	548
17403	501	548
18154	545	548
10908	581	548
5939	12	549
17839	41	549
13468	69	549
11854	126	549
7953	532	549
16116	543	549
14468	552	549
8880	139	550
9290	447	550
16456	122	551
6517	125	551
8128	192	551
16184	193	551
8509	271	551
14802	283	551
16972	300	551
15672	324	551
6113	426	551
9044	457	551
10435	458	551
17910	70	552
853	107	552
6626	321	552
18124	330	552
9544	345	552
9896	348	552
2090	493	552
8703	549	552
2643	49	553
1468	120	553
10312	226	553
15433	266	553
16580	380	553
4526	403	553
11660	27	554
3487	69	554
12484	123	554
18383	234	554
11107	446	554
2705	453	554
5481	556	554
2139	293	555
5135	187	556
1340	196	556
632	200	556
10068	502	556
14447	554	556
13883	67	557
5215	94	557
7936	156	557
1222	403	557
2373	531	557
6375	45	558
15520	274	558
15541	355	558
4016	411	558
4089	32	559
18157	58	559
11063	92	559
10450	95	559
11412	98	559
10123	132	559
3401	211	559
2078	300	559
14966	354	559
16426	427	559
7779	466	559
12209	47	560
4104	293	560
10816	322	560
15631	21	561
6137	48	561
8078	211	561
13348	251	561
15777	264	561
7240	390	561
1782	457	561
17847	483	561
7091	33	562
10552	149	562
6310	183	562
5196	258	562
5056	291	562
5812	358	562
7927	365	562
3460	399	562
2358	9	563
10608	39	563
2723	222	563
11254	346	563
9858	67	564
9514	125	564
7337	156	564
3360	192	564
12492	195	564
10558	541	564
8953	60	565
16240	99	565
4632	115	565
18078	253	565
11643	317	565
13629	331	565
13073	568	565
17563	143	566
665	173	566
11720	241	566
17713	297	566
7075	317	566
14783	370	566
8878	401	566
16250	533	566
5028	586	566
1451	269	567
4013	321	567
7365	398	567
1248	502	567
15148	317	568
5188	331	568
17120	370	568
1916	565	568
7217	280	569
11540	511	569
9371	101	570
13864	202	570
17508	303	570
7391	322	570
17836	408	570
6477	470	570
18309	587	570
10599	175	571
16652	230	571
2495	335	571
3197	366	571
6935	280	572
4992	409	572
2119	511	572
2814	33	573
12168	94	573
6494	125	573
10485	156	573
10085	194	573
9289	250	573
3042	315	573
15666	458	573
8244	482	573
3096	586	573
11433	23	574
13041	65	574
8871	214	574
17792	216	574
9771	262	574
4515	465	574
1341	472	574
5840	500	574
7260	526	574
17654	42	575
1797	45	576
17186	280	576
2362	19	577
12645	87	577
4465	169	577
2679	185	577
10190	219	577
12853	275	577
14846	407	577
16938	428	577
3128	491	577
1910	187	578
10003	200	578
4404	389	578
5925	430	578
15303	434	578
18191	461	578
1134	33	579
15626	149	579
4011	183	579
2137	269	579
15925	365	579
12198	461	579
18141	505	579
14527	538	579
8180	115	580
4105	121	580
7292	143	580
4449	347	580
8665	361	580
9441	381	580
8363	528	580
7258	86	581
11634	172	581
17909	275	581
15022	335	581
18071	413	581
16662	548	581
1223	41	582
3490	58	582
10311	181	582
4173	186	582
13869	255	582
17674	264	582
816	295	582
5886	585	582
15710	104	583
6547	183	583
7272	221	583
9268	250	583
15605	344	583
8584	481	583
13939	15	584
9979	37	585
11727	119	585
6707	186	585
17032	268	585
10457	414	585
11012	437	585
15545	454	585
10076	544	585
12030	582	585
6886	14	586
17123	94	586
17956	174	586
13562	203	586
680	209	586
2724	255	586
7960	315	586
17411	566	586
15867	573	586
8705	154	587
9704	189	587
17491	375	587
17211	471	587
14726	499	587
1044	570	587
1049	13	588
18079	99	588
4922	219	588
4303	491	588
17207	518	588
1031	55	1
17920	65	1
18232	246	1
1865	383	1
9227	444	1
1516	475	1
17400	526	1
10656	102	2
17583	274	2
16758	369	2
13565	385	2
10624	462	2
12074	103	3
9382	208	3
3297	408	3
10813	546	3
17462	140	4
18028	146	4
17644	271	4
17565	392	4
9829	226	5
17476	233	5
3588	286	5
10223	386	5
16947	461	5
15751	72	6
4729	178	6
14126	8	7
11463	70	7
15411	228	7
1072	365	7
10314	452	7
9127	454	7
16332	462	7
17520	514	7
6145	7	8
657	119	8
2813	137	8
7546	186	8
9134	301	8
12353	350	8
3008	39	9
16981	123	9
17599	157	9
15367	191	9
1919	222	9
6082	346	9
11549	382	9
4350	397	9
13056	485	9
15697	490	9
12104	498	9
12601	529	9
12302	563	9
6749	378	10
15301	379	10
13131	431	10
1690	521	10
5408	34	11
15229	116	11
5782	181	11
7013	195	11
7469	256	11
2429	18	12
4275	235	12
12642	416	12
15764	477	12
16093	532	12
18124	549	12
14148	57	13
18023	84	13
16179	433	13
11288	451	13
17819	518	13
15891	588	13
12090	84	14
6767	107	14
4477	258	14
9824	291	14
11251	315	14
10514	332	14
17636	538	14
2770	586	14
15712	42	15
6697	61	15
4221	62	15
8947	64	15
14652	83	15
8031	208	15
9996	339	15
17551	372	15
6775	417	15
9125	438	15
16787	460	15
12091	474	15
5539	496	15
11246	507	15
3787	527	15
14934	534	15
7498	584	15
8304	78	16
7156	405	16
3205	45	17
3072	356	17
4616	12	18
17316	35	18
4323	48	18
14358	190	18
7779	198	18
8941	235	18
16934	326	18
17459	453	18
10383	485	18
17556	537	18
1807	57	19
11684	60	19
10659	99	19
10375	127	19
1136	188	19
2857	219	19
15425	400	19
10127	407	19
3049	428	19
14999	491	19
15658	577	19
17044	21	20
16478	35	20
12176	48	20
8891	188	20
1391	192	20
16082	261	20
16352	312	20
17711	354	20
17110	390	20
16431	20	21
13122	27	21
11130	102	21
11578	116	21
11855	181	21
11054	299	21
3932	437	21
3159	483	21
9717	485	21
7075	532	21
5083	561	21
9281	208	22
704	216	23
4239	262	23
3528	381	23
4654	548	23
13460	574	23
7823	42	24
9761	178	25
10390	208	25
8558	178	26
15155	21	27
11226	190	27
2758	201	27
17715	203	27
16919	299	27
2355	554	27
7425	34	28
11499	235	28
3487	318	28
4621	434	28
13752	453	28
17622	456	28
9287	477	28
7428	120	29
11480	168	29
6543	210	29
12204	233	29
11662	237	29
3315	245	29
4876	357	29
5928	389	29
891	430	29
7466	87	30
10352	199	30
915	273	30
15921	535	30
13054	55	31
12934	173	31
6739	206	31
2824	249	31
9107	314	31
7086	378	31
6985	521	31
11783	100	32
16240	220	32
12676	299	32
3861	367	32
11911	377	32
10490	418	32
1050	426	32
10774	559	32
1255	75	33
12473	91	33
6049	136	33
7591	149	33
10999	221	33
16261	227	33
4598	231	33
8232	256	33
9982	283	33
4908	291	33
5367	315	33
14613	358	33
6218	365	33
1558	384	33
1763	514	33
15853	524	33
6092	562	33
14676	573	33
8230	579	33
12384	11	34
7780	28	34
14962	313	34
12024	346	34
7763	476	34
9103	537	34
3534	18	35
9026	20	35
17412	48	35
2314	78	35
1661	132	35
15549	211	35
6744	242	35
12854	273	35
7548	364	35
12190	390	35
4267	395	35
13106	468	35
14919	229	36
4902	234	36
17586	487	36
12611	511	36
8565	72	37
12850	355	37
17527	585	37
10924	172	38
5688	230	38
11798	473	38
9048	9	39
10898	157	39
10178	198	39
6677	346	39
1757	382	39
15348	477	39
7789	485	39
16825	563	39
18201	152	40
17494	212	40
15108	306	40
4506	348	40
11016	355	40
4699	462	40
17756	478	40
18093	183	41
15251	228	41
5797	268	41
17934	307	41
9244	309	41
1341	365	41
12910	399	41
14039	544	41
2796	549	41
592	582	41
14213	15	42
1207	24	42
17233	64	42
12506	79	42
5742	82	42
13679	83	42
2875	178	42
12805	287	42
15381	333	42
15948	337	42
17648	339	42
16652	372	42
7279	412	42
11717	474	42
15772	497	42
12919	507	42
2717	516	42
2546	575	42
16716	45	43
13715	329	43
9747	511	43
9745	99	44
14608	100	44
13351	127	44
1011	225	44
7820	310	44
6085	494	44
16184	17	45
12574	43	45
16533	68	45
3740	73	45
8228	112	45
11131	130	45
4863	133	45
9299	151	45
17460	160	45
14197	167	45
5222	170	45
13195	204	45
7293	277	45
8674	280	45
15279	305	45
3848	311	45
18051	328	45
7697	329	45
1796	356	45
8760	362	45
9902	374	45
12374	396	45
15164	463	45
8646	476	45
1147	480	45
6993	487	45
15312	558	45
7257	576	45
10790	409	46
2470	302	47
1754	419	47
7350	560	47
8640	18	48
1229	20	48
4486	35	48
13483	179	48
9674	382	48
3549	390	48
7581	395	48
7395	457	48
2635	483	48
2647	561	48
12839	88	49
4681	131	49
2533	160	49
4449	475	49
17714	526	49
15723	545	49
3844	553	49
10856	423	50
14174	72	51
16544	52	52
3544	189	52
17797	431	52
17287	54	53
11750	74	53
12510	344	53
8766	53	54
11073	111	54
12150	160	54
16051	344	54
11040	391	54
914	435	54
6728	450	54
17667	475	54
2675	1	55
11997	31	55
14886	121	55
11938	195	55
14025	229	55
6938	240	55
15482	330	55
14931	377	55
15846	403	55
9615	427	55
11711	512	55
10761	526	55
698	542	55
8919	166	56
16777	447	56
16069	502	56
6930	13	57
6104	19	57
5206	84	57
11955	144	57
14766	268	57
6009	388	57
3998	506	57
11761	515	57
1751	539	57
4577	266	58
9421	559	58
13710	582	58
14994	225	59
14602	256	59
4931	269	59
18075	307	59
4888	405	59
1517	532	59
12048	19	60
17125	99	60
10133	188	60
8662	219	60
9150	331	60
10013	400	60
11885	565	60
8360	15	61
12380	72	61
16635	409	61
4127	15	62
786	72	62
8578	362	62
830	409	62
15072	75	63
6112	98	63
14390	183	63
760	210	63
7626	268	63
14188	416	63
7590	15	64
9644	42	64
17671	1	65
17371	262	65
16673	383	65
9683	391	65
17071	403	65
17942	463	65
13527	475	65
8455	526	65
13894	574	65
7175	151	66
7193	233	66
3065	324	66
6235	461	66
6208	156	67
1875	194	67
11883	344	67
9046	450	67
12256	557	67
18159	564	67
2446	45	68
7492	411	68
16779	548	68
3491	98	69
17652	148	69
11600	237	69
8272	399	69
905	416	69
10129	532	69
17876	549	69
3771	554	69
8712	7	70
18068	120	70
4670	231	70
16198	299	70
12189	348	70
17304	452	70
808	454	70
7359	552	70
3605	146	71
4939	154	71
602	164	71
3287	189	71
11491	248	71
14199	260	71
12424	306	71
2589	351	71
9128	375	71
3377	402	71
13029	406	71
16856	471	71
15622	6	72
7487	37	72
4016	51	72
1033	61	72
17360	62	72
13964	135	72
16736	177	72
9171	197	72
2208	287	72
1677	292	72
8642	333	72
7299	362	72
15275	409	72
2323	412	72
8209	417	72
12235	424	72
13453	460	72
10186	479	72
16601	496	72
15716	534	72
3155	45	73
17092	290	73
17894	53	74
3396	125	74
9548	143	74
10348	206	74
13993	324	74
1103	381	74
1512	403	74
11710	455	74
13722	33	75
11511	63	75
3343	120	75
13498	160	75
3977	168	75
14708	286	75
3236	321	75
2601	367	75
12834	386	75
12998	399	75
16849	436	75
6542	481	75
10296	247	76
2037	306	76
14826	313	76
5657	355	76
6467	369	76
13340	390	76
7177	462	76
4263	296	77
4715	16	78
13043	35	78
13517	153	78
14087	163	78
6063	350	78
10334	513	78
5416	518	78
6178	42	79
14682	208	79
16432	238	80
6280	295	80
7696	382	80
14361	466	80
1952	483	80
17572	490	80
7263	532	80
1543	129	81
14697	195	81
7028	348	81
9835	447	81
9190	512	81
8883	42	82
15196	178	82
10148	208	82
9133	15	83
6826	42	83
18088	13	84
4173	14	84
18095	57	84
13788	252	84
13858	271	84
5428	291	84
5230	332	84
6621	393	84
18280	397	84
15073	531	84
1257	117	85
18074	165	85
4439	201	85
10939	208	85
8504	226	85
2054	233	85
9466	289	85
12605	410	85
12840	446	85
13327	502	85
10747	505	85
7703	413	86
7495	548	86
11768	581	86
10935	30	87
1115	100	87
7060	105	87
17627	219	87
2432	223	87
14494	405	87
13544	547	87
15776	577	87
9220	49	88
1468	244	88
10168	246	88
17399	304	88
12991	475	88
15199	131	89
12773	239	89
6439	286	89
11120	344	89
18014	380	89
12958	435	89
1730	257	90
5625	357	90
4560	398	90
7408	502	90
4402	33	91
12266	104	91
15227	183	91
10792	227	91
11580	358	91
14643	399	91
15369	524	91
7331	185	92
4006	193	92
2464	217	92
3097	219	92
8648	312	92
5499	559	92
6230	419	93
10630	183	94
4754	194	94
5384	206	94
14614	344	94
11245	557	94
7251	573	94
1330	586	94
4551	161	95
7077	167	95
888	217	95
2452	218	95
5191	220	95
17131	261	95
10377	314	95
5138	349	95
13354	362	95
1498	427	95
13669	463	95
5804	465	95
16576	542	95
7393	559	95
17408	408	96
14510	206	97
1023	521	97
3319	63	98
11106	69	98
13800	120	98
13665	442	98
7337	535	98
18181	559	98
14668	19	99
4368	44	99
15478	60	99
13789	199	99
8614	219	99
711	331	99
11233	407	99
9067	451	99
9194	565	99
4145	588	99
14331	32	100
3889	44	100
18397	87	100
9316	203	100
17428	310	100
3440	405	100
9759	453	100
1284	456	100
4692	208	101
12886	373	101
11165	429	101
16627	546	101
9830	570	101
18247	2	102
15746	21	102
16002	181	102
5718	198	102
17840	457	102
15789	3	103
3983	408	103
6448	413	103
8668	499	103
11903	91	104
9602	183	104
10284	227	104
6551	309	104
1885	399	104
9314	583	104
11909	87	105
3986	284	105
11090	357	105
4074	502	105
5726	547	105
17972	253	106
14847	297	106
1851	14	107
8893	258	107
13767	271	107
5610	309	107
10834	345	107
10482	365	107
11563	399	107
14187	524	107
3305	552	107
7107	140	108
6106	392	108
15077	452	108
18011	454	108
16584	344	109
12432	443	109
4783	128	110
2916	201	110
10808	245	110
2077	343	110
7473	430	110
6127	434	110
9205	502	110
11428	509	110
11395	543	110
10249	54	111
7002	324	111
2213	361	111
3183	403	111
8269	450	111
8814	45	112
12132	220	112
4133	233	112
3272	241	113
13137	248	113
5958	350	113
3678	400	113
10692	362	114
6839	124	115
17482	143	115
9725	249	115
7730	331	115
6840	347	115
15941	366	115
7443	565	115
9094	580	115
11896	11	116
8305	21	116
1412	180	116
6466	355	116
2149	467	116
9629	85	117
10530	165	117
10534	201	117
10957	272	117
3089	434	117
13660	506	117
16190	196	118
16157	200	118
13325	318	118
2476	456	118
12230	502	118
9221	8	119
12192	146	119
16005	332	119
9968	334	119
2430	392	119
15402	402	119
3482	454	119
11742	585	119
14389	29	120
2224	70	120
8777	75	120
17089	98	120
680	165	120
4295	168	120
11836	187	120
12970	226	120
2473	231	120
17258	321	120
18231	357	120
3614	386	120
8148	410	120
2854	502	120
3879	540	120
10460	553	120
4740	55	121
9786	377	121
18400	580	121
15165	209	122
15998	283	122
15146	482	122
5200	551	122
11349	9	123
17977	196	123
16790	200	123
12628	237	123
13697	554	123
968	115	124
17061	206	124
3385	223	124
13335	325	124
18152	366	124
4102	74	125
4990	156	125
5619	195	125
7743	261	125
11103	324	125
18274	344	125
13382	541	125
4442	551	125
17144	564	125
870	573	125
9041	330	126
3152	355	126
10554	535	126
11199	549	126
4209	19	127
8329	44	127
18271	312	127
12479	405	127
12022	428	127
4011	513	127
16743	518	127
10260	110	128
1385	200	128
1344	318	128
14449	343	128
12784	434	128
955	442	128
15437	502	128
11869	503	128
9069	523	128
13889	81	129
12259	344	129
13673	475	129
8461	512	129
7878	538	129
1098	45	130
3760	167	130
1625	49	131
1717	89	131
2154	168	131
9787	194	131
726	226	131
17718	231	131
16968	239	131
5124	250	131
7333	286	131
4213	403	131
18224	481	131
10969	524	131
18105	35	132
4866	188	132
9494	242	132
3657	300	132
5249	420	132
15965	433	132
1230	451	132
967	559	132
9880	45	133
6918	241	133
11081	473	133
5701	172	134
12685	213	134
5391	215	134
6285	259	134
15565	465	134
15644	475	134
5130	517	134
2903	72	135
14264	409	135
15234	33	136
12931	183	136
10877	227	136
13309	399	136
2866	524	136
6345	8	137
3309	186	137
1282	243	137
16246	288	137
14300	348	137
17986	402	137
3286	413	138
7917	447	139
11313	550	139
6523	4	140
4253	108	140
2554	306	140
13638	414	140
2344	423	141
16812	216	142
12549	298	142
15539	381	142
14583	475	142
18227	526	142
9092	545	142
7688	74	143
15218	115	143
11570	206	143
13383	230	143
16291	249	143
16050	276	143
4273	325	143
14660	347	143
910	366	143
17522	566	143
5550	580	143
2098	57	144
5972	355	144
9457	395	144
6182	397	144
13198	422	144
7899	494	144
6891	535	144
2335	167	145
10031	214	145
7145	381	145
13893	465	145
8617	475	145
12986	4	146
8623	71	146
6077	119	146
6480	162	146
1731	414	146
6811	198	147
13201	301	147
2165	365	147
3301	392	147
1308	399	147
4227	452	147
2883	493	147
9766	69	148
3992	234	148
16517	240	148
18329	344	148
1666	33	149
2982	183	149
17175	291	149
17433	358	149
10003	365	149
13178	384	149
8884	562	149
12884	579	149
11102	280	150
9263	409	150
5981	511	150
11159	45	151
9076	66	151
6371	170	151
14851	396	151
16727	447	151
1922	461	151
10438	40	152
8056	200	152
9729	212	152
2728	323	152
17733	478	152
11063	78	153
13628	157	153
9792	163	153
16144	191	153
13988	235	153
7813	346	153
7785	529	153
6633	71	154
9742	406	154
14689	423	154
10928	587	154
17728	167	155
7663	205	155
13423	230	155
6078	400	155
5666	501	155
11525	67	156
5241	125	156
15596	192	156
12199	195	156
4515	383	156
3965	391	156
3180	458	156
13961	541	156
1960	557	156
10718	564	156
9807	573	156
15831	9	157
13488	39	157
668	153	157
3042	346	157
13191	449	157
11874	498	157
3624	280	158
14719	511	158
2523	205	159
5832	218	159
1719	45	160
18321	49	160
8392	54	160
16672	75	160
4882	280	160
11280	285	160
9326	286	160
6668	298	160
8970	328	160
16127	374	160
6125	380	160
2745	475	160
734	488	160
6013	520	160
13847	548	160
11088	95	161
5210	205	161
11343	217	161
2820	463	161
10065	146	162
5979	402	162
14342	78	163
18364	153	163
2190	179	163
2394	243	163
4696	422	163
6599	71	164
17413	351	164
16380	406	164
17910	85	165
17539	117	165
5696	120	165
7895	210	165
2973	410	165
12686	468	165
6827	506	165
7179	56	166
4923	360	166
6537	376	166
8606	447	166
4135	461	166
3077	502	166
11207	45	167
7881	95	167
3375	130	167
17421	145	167
15719	155	167
3011	265	167
15500	266	167
1074	285	167
17121	328	167
5025	356	167
8641	362	167
16572	374	167
2966	400	167
11978	461	167
17463	488	167
3920	520	167
11043	29	168
6470	75	168
6756	120	168
1929	131	168
12656	224	168
16505	228	168
5626	245	168
2674	309	168
17850	365	168
12932	389	168
13666	399	168
12289	543	168
16150	185	169
1679	193	169
5663	252	169
1831	275	169
12962	300	169
8405	393	169
17372	577	169
13870	45	170
16548	151	170
5954	434	170
3168	447	170
15023	461	170
11696	409	171
8587	38	172
832	134	172
14666	215	172
11782	265	172
13757	341	172
5508	472	172
10927	475	172
16671	545	172
8024	548	172
3905	581	172
11094	31	173
16111	297	173
6044	420	173
18183	451	173
2088	518	173
12069	566	173
2691	324	174
14856	363	174
15528	403	174
9044	458	174
9753	586	174
3196	230	175
10857	276	175
11556	310	175
3312	366	175
15493	571	175
3843	233	176
8876	421	176
738	434	176
7015	459	176
15004	461	176
5400	536	176
9496	72	177
1802	6	178
12787	25	178
17351	26	178
1326	42	178
5488	82	178
14639	197	178
12933	254	178
5513	292	178
1063	387	178
6612	448	178
4463	464	178
7945	48	179
10632	163	179
12067	346	179
3825	382	179
14833	397	179
11225	494	179
5238	525	179
10103	532	179
3244	116	180
2709	187	180
17531	191	180
1191	224	180
16465	301	180
17567	321	180
4701	346	180
11232	483	180
18374	493	180
9846	11	181
9564	21	181
2153	102	181
15671	224	181
9296	264	181
17068	295	181
11773	299	181
2370	457	181
3559	582	181
5837	399	182
1236	430	182
9424	434	182
14551	543	182
16206	41	183
8312	63	183
3464	91	183
9507	94	183
7173	104	183
10231	136	183
10923	149	183
12573	221	183
15787	227	183
11324	231	183
6072	239	183
13583	250	183
6069	344	183
4404	358	183
4423	384	183
13997	399	183
15575	416	183
13959	481	183
10667	482	183
11173	495	183
11604	524	183
4950	562	183
7320	579	183
5515	583	183
10337	293	184
12430	473	184
16154	476	184
2741	501	184
16502	92	185
13943	169	185
16063	219	185
1998	312	185
6719	382	185
16108	393	185
4256	491	185
6507	531	185
5715	577	185
4177	8	186
5544	137	186
17027	228	186
7115	243	186
10717	295	186
9603	307	186
13132	483	186
8995	532	186
13844	582	186
2505	585	186
10531	120	187
13879	180	187
1991	556	187
10859	578	187
8234	19	188
2790	20	188
8597	60	188
8494	132	188
694	273	188
17308	300	188
17579	426	188
8344	451	188
8580	526	188
16590	52	189
18153	71	189
8188	189	189
10839	351	189
4232	406	189
2636	587	189
14313	18	190
7270	27	190
7100	326	190
5864	453	190
15085	477	190
10251	9	191
15573	153	191
11803	180	191
4525	222	191
4215	346	191
1810	422	191
15986	467	191
18238	20	192
14283	156	192
13458	209	192
739	426	192
9836	512	192
13098	551	192
15582	564	192
14728	92	193
1994	169	193
4392	219	193
4879	300	193
4026	312	193
2465	347	193
3562	354	193
16132	472	193
12815	490	193
18073	506	193
11334	551	193
4753	67	194
11863	94	194
14100	131	194
3224	221	194
6618	250	194
9444	344	194
15374	573	194
9669	11	195
2217	55	195
18210	81	195
2468	125	195
15395	156	195
17997	218	195
9197	256	195
18157	321	195
14679	377	195
10091	427	195
16463	457	195
5470	500	195
13377	564	195
9875	118	196
13992	123	196
6279	200	196
17247	502	196
17202	556	196
14841	72	197
10654	178	197
1559	18	198
9682	39	198
16295	102	198
16562	147	198
3327	270	198
7316	275	198
13854	334	198
14606	348	198
16997	493	198
14067	30	199
11308	99	199
9055	426	199
2361	544	199
5563	118	200
12285	123	200
12281	128	200
18443	152	200
10433	196	200
14514	203	200
7224	318	200
7208	348	200
11735	456	200
11698	502	200
6320	509	200
2246	556	200
900	578	200
7603	27	201
606	85	201
11099	110	201
6909	117	201
15849	343	201
8110	434	201
10986	442	201
15439	523	201
7602	570	202
4667	27	203
15547	100	203
12229	200	203
15327	255	203
10020	294	203
13910	513	203
17158	586	203
7190	45	204
8928	411	204
12831	473	204
16214	548	204
13977	155	205
16454	159	205
11545	161	205
4182	207	205
15005	217	205
11648	241	205
7778	265	205
9609	374	205
7617	415	205
14524	431	205
8693	476	205
7335	480	205
7518	488	205
9534	501	205
9330	530	205
2534	31	206
16921	74	206
8227	94	206
17180	97	206
6425	124	206
8281	143	206
12633	304	206
17854	325	206
17827	205	207
15349	312	207
2970	437	207
7801	501	207
2731	3	208
8746	15	208
15220	22	208
4743	25	208
14732	79	208
12393	82	208
8508	85	208
5653	101	208
14479	254	208
10549	404	208
1016	429	208
11426	448	208
12503	464	208
2805	497	208
14933	122	209
11654	192	209
4843	306	209
10446	310	209
6838	312	209
12198	495	209
3226	505	209
4437	539	209
11930	586	209
17628	29	210
13376	63	210
12029	165	210
15292	226	210
15494	257	210
9284	416	210
816	436	210
2762	484	210
5484	35	211
3583	218	211
2544	295	211
11434	312	211
12053	354	211
7840	427	211
1187	512	211
15230	518	211
17861	559	211
9933	561	211
17311	40	212
14379	152	212
12966	348	212
3589	478	212
14854	538	212
8320	543	212
2018	134	213
5567	216	213
14327	217	213
6154	325	213
8419	335	213
10234	530	213
6444	145	214
17313	352	214
854	415	214
12224	574	214
9479	134	215
4325	172	215
9451	246	215
17264	475	215
1535	23	216
895	142	216
10543	213	216
4369	217	216
12363	259	216
12255	279	216
5806	335	216
7328	347	216
15904	381	216
15097	455	216
3516	472	216
1537	530	216
8649	545	216
10838	574	216
14445	92	217
6073	95	217
4581	161	217
10397	205	217
11085	213	217
9536	216	217
16122	325	217
16408	505	217
16767	530	217
17685	95	218
1081	159	218
17950	195	218
6293	211	218
1533	352	218
10011	378	218
7762	427	218
10247	542	218
9866	19	219
2931	60	219
1418	87	219
4082	92	219
16965	99	219
10794	185	219
14070	193	219
7918	275	219
2169	312	219
6387	533	219
1746	577	219
15071	588	219
11805	32	220
15505	95	220
5134	112	220
14611	261	220
9088	324	220
2786	349	220
2474	377	220
18044	463	220
4600	33	221
12579	183	221
2225	194	221
16355	403	221
12055	482	221
8171	526	221
13075	583	221
4331	9	222
700	191	222
7795	346	222
15006	485	222
9438	563	222
5617	87	223
10562	124	223
15141	405	223
3428	168	224
13541	180	224
9434	181	224
4122	228	224
9115	238	224
14413	295	224
5150	301	224
16948	498	224
11263	44	225
11365	59	225
8428	350	225
10866	400	225
17559	494	225
12740	513	225
7506	5	226
15058	85	226
12627	120	226
15000	131	226
15561	210	226
13165	233	226
17789	553	226
6440	33	227
13255	91	227
17078	104	227
14585	136	227
7905	183	227
7601	399	227
15361	7	228
16632	41	228
6983	168	228
3121	186	228
16073	224	228
8179	270	228
10119	452	228
3539	493	228
15409	544	228
13250	36	229
9891	55	229
7685	280	229
4559	406	229
18008	492	229
18437	511	229
9588	38	230
4964	143	230
5519	155	230
15187	175	230
7191	244	230
1968	259	230
16342	276	230
6180	304	230
11292	439	230
6544	475	230
17132	488	230
17534	517	230
5358	571	230
8309	33	231
12291	70	231
11458	120	231
10593	131	231
18396	183	231
2303	330	231
15601	399	231
2012	524	231
14347	280	232
6510	511	232
10910	5	233
8081	29	233
15652	66	233
10092	85	233
9735	112	233
11242	176	233
12897	226	233
2071	257	233
2530	272	233
597	360	233
14748	376	233
16956	386	233
14183	434	233
4791	436	233
13612	459	233
12459	461	233
15537	484	233
10387	536	233
12953	36	234
11046	148	234
7117	267	234
4526	447	234
9427	540	234
17189	554	234
4674	12	235
886	18	235
8909	28	235
10960	153	235
1406	318	235
15936	346	235
17806	456	235
12177	493	235
16497	371	236
17028	447	236
2694	29	237
18447	69	237
9081	123	237
8414	257	237
15560	267	237
2596	343	237
18373	442	237
9397	502	237
15110	80	238
8206	224	238
15038	243	238
12508	251	238
1777	402	238
11340	89	239
7700	131	239
17526	183	239
12097	344	239
14444	481	239
4635	528	239
9959	55	240
2238	148	240
11440	418	240
11112	487	240
14569	512	240
13364	113	241
5676	133	241
6447	205	241
11751	305	241
1518	317	241
4755	466	241
17457	566	241
9587	35	242
18045	132	242
4174	252	242
6773	273	242
5618	279	242
12826	340	242
7352	381	242
7981	420	242
11625	137	243
3525	163	243
7381	186	243
11766	238	243
9873	389	243
9154	433	243
831	494	243
3165	498	243
13505	88	244
17782	230	244
3140	475	244
4988	517	244
8145	531	244
17857	29	245
8862	110	245
2911	168	245
5174	357	245
7803	430	245
15953	434	245
3101	509	245
13103	1	246
7096	88	246
8737	215	246
7406	279	246
13995	444	246
5477	472	246
17914	76	247
14386	355	247
8602	462	247
966	539	247
3950	71	248
15380	113	248
7260	351	248
9670	362	248
16323	368	248
13026	31	249
1965	115	249
15235	143	249
11451	325	249
17669	370	249
13115	401	249
7427	131	250
13875	183	250
1058	194	250
5062	286	250
4131	344	250
9817	573	250
2825	583	250
1395	238	251
5677	483	251
5738	513	251
13590	561	251
17777	84	252
10056	169	252
2955	242	252
14475	259	252
17005	273	252
15974	279	252
2672	340	252
13670	352	252
872	363	252
3267	383	252
1961	401	252
9492	420	252
14707	533	252
3692	106	253
18077	317	253
8259	331	253
18309	565	253
761	178	254
16387	208	254
16152	203	255
11178	367	255
8464	405	255
13577	409	255
15126	582	255
2040	586	255
1560	11	256
12770	33	256
10913	59	256
8751	195	256
11074	269	256
17492	321	256
4862	418	256
16656	505	256
16971	538	256
1627	90	257
9189	210	257
1609	233	257
969	237	257
2385	416	257
17858	523	257
15928	14	258
9022	107	258
12088	268	258
4561	291	258
3099	306	258
1504	309	258
7907	345	258
693	358	258
4238	365	258
6315	399	258
5372	452	258
1955	509	258
17699	562	258
3067	134	259
3259	216	259
8372	230	259
5209	252	259
11286	325	259
16265	340	259
17525	472	259
4399	517	259
8042	530	259
1273	71	260
7819	351	260
9210	406	260
17389	20	261
3109	95	261
4883	125	261
12287	220	261
1726	324	261
12927	381	261
16303	383	261
9225	23	262
13981	65	262
6344	324	262
9889	403	262
4665	574	262
17267	280	263
14685	511	263
11360	181	264
1189	299	264
9733	332	264
17483	437	264
9810	561	264
6580	582	264
4013	167	265
4089	172	265
1382	205	265
12463	548	265
16942	58	266
3586	167	266
9876	280	266
6365	349	266
5220	447	266
18122	540	266
15448	553	266
16334	234	267
14577	237	267
4132	418	267
4276	447	267
7859	41	268
12023	57	268
7678	63	268
10754	258	268
4544	315	268
17197	365	268
1327	515	268
10652	585	268
2889	59	269
10193	256	269
18213	330	269
11937	348	269
17229	567	269
2862	579	269
10374	198	270
9784	228	270
5334	318	270
10508	334	270
13339	348	270
17944	399	270
3204	456	270
18016	493	270
10835	543	270
10563	544	270
11249	4	271
13931	84	271
18237	107	271
8570	291	271
11168	306	271
15197	426	271
8616	515	271
5836	551	271
2570	117	272
8842	233	272
8146	386	272
14378	434	272
8480	436	272
15647	484	272
16163	30	273
6244	35	273
11033	188	273
10378	242	273
838	252	273
1709	279	273
12500	300	273
6403	340	273
2206	383	273
16945	526	273
17791	2	274
16129	425	274
13212	510	274
9819	558	274
3542	169	275
5341	198	275
2630	219	275
3078	400	275
11756	506	275
4601	577	275
3335	581	275
2138	143	276
9379	175	276
10509	230	276
16990	304	276
17306	341	276
13566	521	276
5624	45	277
6114	411	277
12484	461	277
10513	409	278
1001	216	279
5876	242	279
9958	246	279
6896	252	279
1251	273	279
12888	300	279
10230	381	279
6634	383	279
17742	526	279
10228	45	280
15874	150	280
5811	158	280
2292	160	280
6797	229	280
2814	232	280
5289	263	280
6187	266	280
5399	290	280
7618	311	280
6729	328	280
3635	394	280
10495	432	280
9767	445	280
783	492	280
18250	501	280
10696	569	280
12838	572	280
1772	576	280
14044	511	281
11212	411	282
4296	473	282
4430	33	283
724	122	283
4220	315	283
5005	365	283
12205	506	283
4108	515	283
770	551	283
5564	105	284
9575	357	284
2158	502	284
5284	547	284
9233	160	285
15674	167	285
17970	298	285
5029	380	285
8383	439	285
9887	528	285
2963	5	286
4291	75	286
18176	89	286
7911	131	286
9409	160	286
11678	250	286
8477	461	286
12116	42	287
16892	72	287
11377	137	288
14216	323	288
1895	449	288
8933	494	288
6451	498	288
13192	85	289
14801	360	289
2808	502	289
10967	73	290
17147	280	290
3144	328	290
14433	14	291
857	33	291
2226	84	291
1774	149	291
5425	258	291
5102	271	291
8025	306	291
14004	358	291
11414	454	291
1426	538	291
16327	562	291
2400	72	292
16810	178	292
9926	184	293
10173	302	293
12111	308	293
4981	510	293
3172	546	293
7572	555	293
10110	560	293
17309	203	294
16596	362	294
7343	434	294
18140	502	294
3856	80	295
17610	181	295
9945	186	295
16535	211	295
4383	224	295
10878	485	295
6228	498	295
6437	582	295
7524	77	296
12726	408	296
12525	106	297
756	173	297
1038	317	297
10062	363	297
5611	401	297
16762	566	297
12767	142	298
1996	160	298
17410	285	298
12668	475	298
12389	21	299
12606	27	299
15231	32	299
14843	70	299
11881	181	299
5211	264	299
10768	349	299
2768	483	299
1176	544	299
5247	132	300
18107	169	300
7302	188	300
8904	193	300
2839	273	300
17093	279	300
2690	551	300
4513	559	300
14658	8	301
10968	147	301
13435	180	301
2386	224	301
8837	365	301
13627	47	302
2390	293	302
17365	351	302
11060	419	302
1196	408	303
6023	570	303
1762	88	304
18325	206	304
8991	230	304
14505	276	304
10989	531	304
7902	45	305
13403	241	305
1484	366	305
4817	473	305
17250	40	306
17392	71	306
5208	76	306
953	140	306
2094	209	306
7874	258	306
11781	271	306
9318	291	306
15305	495	306
14523	41	307
11878	59	307
16526	186	307
15036	309	307
5433	399	307
9997	293	308
16436	419	308
14714	423	308
10426	41	309
8286	104	309
17203	107	309
1901	168	309
9439	258	309
15318	307	309
8261	399	309
2771	44	310
13861	100	310
15908	175	310
7847	209	310
4772	494	310
9483	513	310
12938	45	311
5194	280	311
14743	511	311
5393	20	312
12443	92	312
12954	127	312
17331	185	312
10457	193	312
10952	207	312
2312	209	312
16424	211	312
17824	219	312
3731	354	312
9688	428	312
7018	490	312
16336	34	313
11809	76	313
6241	330	313
15032	368	313
18299	369	313
14050	457	313
14878	495	313
11736	524	313
13841	537	313
3485	31	314
8939	95	314
6250	418	314
6987	433	314
7010	14	315
6907	33	315
10393	268	315
11003	283	315
12083	384	315
656	515	315
15659	573	315
1039	586	315
12475	409	316
13202	241	317
13367	253	317
6421	297	317
9065	331	317
5992	565	317
7348	566	317
12534	568	317
15733	28	318
15278	118	318
2044	128	318
15770	200	318
18235	235	318
13763	270	318
6765	434	318
5916	502	318
17571	543	318
14519	413	319
18413	488	319
9743	501	319
11674	409	320
3850	75	321
10243	120	321
16876	180	321
5013	195	321
12002	256	321
4027	330	321
12009	367	321
17418	416	321
5132	502	321
14737	552	321
14097	567	321
16676	560	322
8218	570	322
17361	152	323
4305	288	323
4767	334	323
3213	422	323
5328	494	323
13882	535	323
9760	66	324
8248	74	324
16299	111	324
2209	125	324
10371	174	324
11692	220	324
15020	261	324
16558	262	324
10345	342	324
8445	361	324
16462	383	324
6097	403	324
5910	418	324
10105	426	324
15091	450	324
16670	455	324
8629	458	324
12972	541	324
6397	551	324
12878	124	325
18137	143	325
9857	206	325
6772	213	325
16874	217	325
6134	249	325
9912	259	325
16693	335	325
18243	381	325
2642	444	325
9581	530	325
7424	531	325
3477	533	325
10919	18	326
12033	190	326
13021	453	326
15203	423	327
3615	521	327
17883	45	328
17823	160	328
8336	167	328
13779	280	328
4889	290	328
16446	374	328
8093	520	328
17980	526	328
4360	43	329
12848	45	329
2535	511	329
11448	55	330
1242	126	330
9877	231	330
14129	269	330
9147	313	330
3245	321	330
5255	367	330
6738	468	330
8478	552	330
7606	60	331
3014	99	331
14581	115	331
5454	253	331
3031	317	331
13955	565	331
11772	568	331
2186	14	332
12814	84	332
3987	119	332
14310	264	332
4491	483	332
1384	487	332
8826	514	332
16455	42	333
15099	72	333
9084	119	334
2656	198	334
5784	270	334
12439	323	334
12011	350	334
13807	437	334
11086	529	334
6741	538	334
1353	213	335
12437	216	335
12301	325	335
4356	517	335
10510	530	335
12552	531	335
13184	571	335
4390	581	335
16843	413	336
9627	548	336
7073	42	337
5745	411	338
17807	473	338
3013	15	339
5139	42	339
10005	242	340
16798	252	340
6331	259	340
1422	273	340
6567	393	340
15761	420	340
13009	444	340
12978	530	340
7132	172	341
6035	276	341
3452	324	342
9890	344	342
8868	391	342
7200	403	342
7903	450	342
5022	455	342
18275	526	342
1262	110	343
15863	128	343
15170	201	343
12213	237	343
12845	434	343
3442	502	343
10430	523	343
16835	53	344
10687	54	344
713	67	344
9800	89	344
10875	94	344
12063	109	344
3794	125	344
15131	129	344
9321	148	344
2051	183	344
1028	194	344
7394	239	344
6958	250	344
15895	342	344
3755	376	344
11305	380	344
17271	399	344
3620	435	344
18024	443	344
992	450	344
8303	455	344
4909	461	344
14247	475	344
13424	583	344
9668	107	345
9058	258	345
13161	365	345
11153	399	345
9849	552	345
3356	9	346
9021	34	346
11825	39	346
11084	153	346
3127	157	346
16538	179	346
15841	180	346
3548	191	346
6529	222	346
3246	235	346
7460	388	346
5481	449	346
7627	456	346
8266	467	346
8598	485	346
17881	494	346
9209	498	346
11198	563	346
699	115	347
12755	143	347
12031	193	347
15520	216	347
10183	381	347
5531	580	347
5816	40	348
10386	70	348
1233	81	348
15747	137	348
8007	198	348
6900	200	348
1665	212	348
14198	269	348
15328	270	348
13937	542	348
12923	543	348
11569	552	348
14628	95	349
16207	220	349
7574	266	349
1899	299	349
6020	383	349
4157	511	349
15988	538	349
10735	8	350
10107	78	350
14308	113	350
4466	225	350
8768	334	350
17373	402	350
5904	490	350
17017	529	350
12355	71	351
17249	164	351
10364	189	351
9361	248	351
13060	260	351
15913	302	351
6652	362	351
5967	368	351
16759	406	351
5296	487	351
16425	214	352
11255	218	352
1390	252	352
17925	415	352
13538	423	353
9738	20	354
9272	193	354
8542	211	354
5113	312	354
5753	483	354
7728	490	354
4591	559	354
10258	37	355
5001	40	355
1168	76	355
16946	116	355
18207	126	355
10558	144	355
8301	247	355
14704	388	355
4695	418	355
1169	442	355
14716	558	355
10175	17	356
16888	45	356
12119	167	356
16282	29	357
613	90	357
2872	105	357
9614	120	357
11104	245	357
17788	284	357
2029	421	357
2522	434	357
14146	502	357
10333	547	357
17550	33	358
3826	91	358
10937	149	358
18174	183	358
8512	258	358
11071	291	358
16203	468	358
4417	562	358
17398	546	359
750	166	360
18026	233	360
3968	289	360
8700	376	360
9655	502	360
3860	536	360
13862	111	361
15814	324	361
15488	403	361
10810	455	361
12939	580	361
16903	45	362
4661	62	362
11667	72	362
12881	95	362
18225	114	362
16061	167	362
18249	248	362
15531	294	362
5214	351	362
15620	406	362
747	476	362
8517	487	362
18121	496	362
16029	174	363
6594	252	363
1672	297	363
8155	401	363
10845	35	364
2384	468	364
9781	483	364
16568	512	364
7282	7	365
1144	33	365
11534	41	365
2266	107	365
13736	147	365
14903	149	365
13209	168	365
11542	258	365
7584	268	365
1845	283	365
7900	301	365
14983	345	365
4200	384	365
10649	399	365
4380	515	365
4410	562	365
7980	579	365
5438	115	366
11235	124	366
4052	143	366
16165	175	366
5048	305	366
9885	571	366
12942	32	367
6389	75	367
14513	255	367
7496	321	367
3125	330	367
10384	405	367
7431	248	368
596	313	368
6483	351	368
4947	379	368
10220	462	368
5780	514	368
9137	2	369
12960	76	369
15929	313	369
4231	462	369
4162	249	370
2393	566	370
975	568	370
10677	236	371
15330	447	371
3366	15	372
10557	42	372
8384	101	373
11687	45	374
17650	160	374
10083	167	374
1675	205	374
2763	328	374
16153	437	374
12319	548	374
2109	71	375
6969	406	375
4292	423	375
4165	587	375
7375	166	376
5514	233	376
13996	344	376
6573	360	376
7058	447	376
1946	32	377
837	55	377
3759	121	377
15193	195	377
6748	220	377
15056	10	378
8764	31	378
17183	218	378
17845	10	379
2376	368	379
3449	89	380
5964	160	380
3294	285	380
9351	344	380
1581	455	380
7864	461	380
3476	553	380
14190	23	381
15335	74	381
13461	142	381
15288	145	381
7740	216	381
12577	242	381
11637	261	381
12593	279	381
6122	325	381
920	347	381
15337	427	381
8468	455	381
3690	500	381
14209	526	381
2309	580	381
6620	9	382
6347	39	382
13145	48	382
2369	80	382
3293	179	382
7441	185	382
1578	397	382
9138	513	382
14819	525	382
2775	532	382
9645	1	383
3439	65	383
14399	156	383
7735	252	383
17239	261	383
5086	273	383
16429	279	383
3021	324	383
3039	349	383
784	403	383
12237	475	383
12184	526	383
5487	33	384
5655	149	384
18032	183	384
5415	315	384
8467	365	384
6251	482	384
8589	2	385
1850	388	385
16774	406	385
7243	425	385
10801	510	385
9031	5	386
9512	75	386
10786	120	386
15419	233	386
8205	272	386
10684	436	386
15934	461	386
7362	506	386
12047	178	387
12943	57	388
1511	346	388
13749	355	388
17160	385	388
10940	29	389
14761	168	389
14398	243	389
5528	434	389
745	578	389
10073	20	390
6774	35	390
12921	48	390
14443	76	390
14290	393	390
8518	513	390
8199	561	390
3055	54	391
11964	65	391
8435	156	391
3543	342	391
6700	403	391
16047	450	391
15571	526	391
7027	4	392
12240	108	392
5627	119	392
2886	147	392
10365	454	392
12734	514	392
9868	84	393
2078	169	393
14458	185	393
10889	340	393
10670	390	393
9386	491	393
12163	280	394
6522	511	394
5855	35	395
11618	48	395
15055	144	395
1604	494	395
13390	45	396
13018	151	396
2633	447	396
3513	461	396
12785	9	397
9821	84	397
8424	144	397
8071	179	397
8006	382	397
2408	494	397
18409	532	397
13189	90	398
8645	410	398
6432	502	398
10678	567	398
7517	41	399
15563	69	399
10132	75	399
1240	91	399
11918	104	399
4293	107	399
1220	136	399
14702	147	399
1383	168	399
7090	182	399
5599	183	399
9859	227	399
6121	231	399
18416	258	399
1254	270	399
7734	307	399
10180	309	399
6763	344	399
11592	345	399
5419	365	399
14034	524	399
7187	562	399
15132	19	400
9319	60	400
7628	113	400
9634	155	400
1973	167	400
9639	225	400
9697	275	400
9770	439	400
15961	506	400
6177	249	401
10221	252	401
16564	297	401
17025	363	401
8770	491	401
13242	566	401
6676	71	402
2181	119	402
2457	137	402
12862	162	402
5188	238	402
15508	350	402
17921	55	403
2706	65	403
1708	74	403
8408	111	403
11193	131	403
16648	174	403
3386	221	403
12226	262	403
15786	324	403
8192	342	403
7875	361	403
4482	383	403
2024	391	403
11529	450	403
17611	455	403
8236	553	403
14898	557	403
2526	208	404
14343	16	405
8122	59	405
17906	87	405
1025	100	405
11162	127	405
17272	223	405
9513	255	405
5809	367	405
8576	502	405
7674	71	406
3674	154	406
18412	164	406
1334	189	406
3552	229	406
10599	260	406
4307	351	406
10669	362	406
1035	375	406
9984	385	406
16302	411	406
1246	471	406
13930	474	406
17939	19	407
9543	99	407
3636	433	407
3111	577	407
5040	3	408
4807	96	408
11650	103	408
13764	296	408
2189	303	408
696	570	408
940	46	409
2842	61	409
4891	62	409
7877	72	409
15614	135	409
13585	150	409
7433	171	409
13036	255	409
9391	278	409
13258	316	409
7419	320	409
2809	417	409
14616	440	409
3016	445	409
11865	460	409
15670	469	409
13008	496	409
13814	511	409
14288	522	409
11287	534	409
8639	572	409
3461	85	410
7147	120	410
1767	165	410
14012	398	410
12702	436	410
3406	446	410
17441	68	411
13796	204	411
11125	277	411
9680	282	411
5092	338	411
10280	406	411
7940	473	411
16176	558	411
963	42	412
6179	72	412
3036	86	413
3087	103	413
2755	138	413
16651	319	413
3514	336	413
8895	501	413
18327	531	413
13284	540	413
14747	548	413
3835	581	413
2466	140	414
1478	146	414
14447	585	414
11218	205	415
14518	214	415
13368	352	415
6021	444	415
18264	12	416
1995	63	416
15410	69	416
13892	183	416
7817	210	416
6108	257	416
18293	321	416
8033	15	417
17404	72	417
2402	409	417
1313	32	418
6616	240	418
11166	256	418
15680	267	418
11598	314	418
10576	324	418
17095	355	418
6547	47	419
2194	93	419
10663	302	419
6353	308	419
14189	132	420
16084	173	420
3784	242	420
16518	252	420
13973	340	420
8811	176	421
6184	357	421
8240	434	421
9848	461	421
5443	144	422
11416	163	422
9219	191	422
1529	323	422
8954	494	422
18106	525	422
13832	50	423
13543	141	423
13050	154	423
7284	308	423
7941	327	423
2991	353	423
2983	375	423
2803	471	423
5845	489	423
2913	508	423
4956	72	424
17810	274	425
1296	385	425
7089	476	425
1821	32	426
13037	188	426
2479	192	426
17752	199	426
11784	271	426
10067	324	426
11219	495	426
16591	515	426
14964	551	426
15192	55	427
2896	95	427
15429	195	427
16151	211	427
14184	218	427
1898	381	427
12568	500	427
4991	526	427
16595	559	427
16556	19	428
13092	127	428
14726	312	428
8563	513	428
12916	518	428
12537	577	428
10033	101	429
1234	208	429
7818	546	429
7468	29	430
12894	110	430
9991	182	430
15311	245	430
3116	434	430
8035	484	430
9918	509	430
806	578	430
11694	10	431
6168	52	431
16314	205	431
7491	431	431
4448	280	432
6740	511	432
17181	13	433
1591	132	433
6595	243	433
5056	314	433
16125	407	433
651	451	433
11894	491	433
17569	518	433
12320	28	434
9974	110	434
18276	117	434
15294	128	434
615	170	434
13099	176	434
13114	182	434
11318	201	434
4440	233	434
11916	245	434
2006	272	434
3130	294	434
15268	318	434
10134	343	434
17748	357	434
3132	389	434
6504	421	434
14770	430	434
5857	436	434
16461	459	434
1586	484	434
12308	498	434
6262	502	434
16611	509	434
1683	523	434
7139	536	434
6455	543	434
10274	578	434
8051	54	435
10749	89	435
11503	344	435
15527	443	435
851	75	436
17446	210	436
7246	233	436
2405	272	436
15148	386	436
15440	410	436
6978	434	436
8454	461	436
5452	21	437
10764	207	437
5852	264	437
7314	334	437
6901	374	437
6173	532	437
11093	585	437
5381	15	438
3600	230	439
4045	285	439
16959	400	439
15273	409	440
14544	511	441
9035	98	442
15873	128	442
7982	201	442
3818	237	442
6197	355	442
11847	477	442
6210	109	443
10802	344	443
11626	435	443
9540	1	444
18078	246	444
4651	325	444
10273	340	444
9923	415	444
7053	530	444
10048	531	444
8885	280	445
1458	409	445
614	511	445
15460	85	446
10222	410	446
5009	502	446
15329	554	446
11767	56	447
17345	81	447
15343	139	447
1437	151	447
9155	166	447
11664	170	447
11546	234	447
17088	236	447
8562	266	447
16616	267	447
11852	371	447
15851	376	447
2890	396	447
15976	511	447
16550	540	447
2810	550	447
2401	178	448
5891	208	448
14517	157	449
15660	288	449
4794	346	449
1843	529	449
10982	54	450
9758	67	450
9230	111	450
16940	324	450
4505	342	450
11010	344	450
3437	391	450
18394	403	450
2096	526	450
8010	13	451
7613	99	451
1030	132	451
2329	173	451
9685	188	451
4728	433	451
2218	7	452
18368	70	452
13079	108	452
15163	147	452
16340	228	452
3828	258	452
9607	454	452
16566	18	453
2101	28	453
17637	100	453
9003	190	453
1926	326	453
14974	456	453
17916	477	453
12020	537	453
10437	554	453
1643	7	454
4249	70	454
11508	108	454
13949	119	454
11872	291	454
16003	392	454
8161	452	454
12616	514	454
14729	544	454
11100	585	454
6649	74	455
2453	216	455
10330	324	455
5008	342	455
11442	344	455
14165	361	455
15689	380	455
17615	381	455
1680	403	455
1684	463	455
7437	526	455
15833	28	456
11110	100	456
13428	118	456
8333	200	456
8999	235	456
16464	270	456
12564	346	456
17009	453	456
6881	48	457
5717	102	457
7938	181	457
11759	195	457
11734	313	457
14929	551	457
9906	561	457
14935	156	458
4128	174	458
3423	324	458
14882	541	458
15106	551	458
3457	573	458
9140	176	459
13080	233	459
8126	434	459
14502	461	459
9698	536	459
3661	15	460
8163	72	460
629	409	460
7879	5	461
11947	66	461
17698	151	461
2337	166	461
4163	167	461
9121	170	461
8762	176	461
10439	233	461
16784	277	461
6032	286	461
6457	344	461
4704	380	461
5321	386	461
15475	396	461
13005	421	461
13555	436	461
4100	459	461
10981	484	461
8358	523	461
10431	578	461
2673	579	461
14897	2	462
3064	7	462
8142	40	462
1271	76	462
18385	247	462
3443	368	462
7638	369	462
8873	45	463
14122	65	463
14776	95	463
17736	161	463
10405	220	463
672	455	463
2536	535	463
5300	178	464
15963	208	464
14735	95	465
2873	134	465
11672	145	465
16189	475	465
4700	574	465
11284	80	466
16871	241	466
6690	491	466
2715	559	466
2239	116	467
11332	191	467
1589	346	467
918	35	468
12171	165	468
15489	330	468
9377	358	468
4333	364	468
6994	524	468
9449	526	468
10897	409	469
16692	570	470
14753	71	471
4277	406	471
11555	423	471
11019	587	471
16096	172	472
2092	193	472
16285	216	472
9799	246	472
12893	259	472
11629	574	472
17495	38	473
15188	133	473
18383	184	473
13298	204	473
6944	282	473
3770	305	473
13513	338	473
2646	411	473
14316	476	473
16666	480	473
6876	501	473
11970	15	474
3927	42	474
4536	406	474
4703	1	475
4285	49	475
1453	54	475
8910	65	475
6672	88	475
3295	129	475
5302	134	475
1630	142	475
9732	145	475
5906	160	475
10368	172	475
13843	215	475
2125	230	475
5858	244	475
10401	298	475
14536	344	475
1738	383	475
17601	465	475
15933	500	475
18398	517	475
13175	526	475
2977	545	475
2116	34	476
16796	45	476
2637	184	476
18021	205	476
10781	362	476
15569	425	476
6171	473	476
5671	12	477
10004	28	477
14539	39	477
16717	190	477
11644	442	477
15123	453	477
16385	485	477
11011	40	478
18387	152	478
11873	212	478
17322	502	478
16741	538	478
1775	72	479
12650	45	480
13549	205	480
14102	473	480
12896	501	480
16878	75	481
13941	131	481
9051	183	481
8994	239	481
2157	583	481
13794	122	482
9711	183	482
16330	221	482
6805	384	482
7066	505	482
16913	573	482
16170	21	483
12000	48	483
6923	80	483
8374	180	483
2572	186	483
706	251	483
6485	299	483
14385	332	483
3289	354	483
9030	364	483
13639	561	483
4000	210	484
12065	233	484
3149	272	484
3798	430	484
6061	434	484
11223	461	484
4655	523	484
4678	9	485
4484	18	485
4595	21	485
11932	39	485
6410	222	485
11304	295	485
14981	346	485
18338	477	485
7405	490	485
3892	511	486
12660	36	487
13447	45	487
9162	240	487
17415	332	487
16766	351	487
14576	362	487
2627	511	487
9080	160	488
9487	167	488
5511	205	488
16094	230	488
16850	319	488
835	501	488
7771	423	489
11345	9	490
6784	80	490
16864	193	490
15462	312	490
4583	350	490
17703	354	490
4226	485	490
4269	513	490
16341	525	490
8748	19	491
3995	185	491
6796	393	491
10709	401	491
16167	433	491
12769	466	491
13170	518	491
18092	577	491
1836	588	491
6368	229	492
13957	280	492
2392	511	492
9274	147	493
655	180	493
16028	198	493
4831	228	493
6255	235	493
16160	270	493
7567	514	493
4594	552	493
18266	44	494
1936	144	494
15824	179	494
17577	225	494
7997	243	494
5977	288	494
17054	310	494
8612	323	494
12516	346	494
1997	395	494
14640	397	494
18439	422	494
13116	513	494
5121	525	494
12007	183	495
9879	209	495
9506	306	495
13934	313	495
7960	426	495
17841	15	496
12701	72	496
16313	362	496
14427	409	496
9109	42	497
6312	208	497
2869	9	498
7836	157	498
5389	224	498
12565	243	498
9936	288	498
16275	295	498
8725	346	498
9839	434	498
16226	103	499
13771	508	499
16493	546	499
8220	587	499
5990	195	500
18084	381	500
1909	427	500
15982	475	500
5295	512	500
9352	526	500
1297	574	500
9549	155	501
5993	184	501
10226	205	501
8610	207	501
13247	280	501
11815	319	501
2019	413	501
13268	473	501
6296	480	501
10922	488	501
16960	548	501
10819	56	502
4262	85	502
3253	90	502
2746	105	502
6329	110	502
7605	118	502
13618	120	502
12859	128	502
13111	166	502
6124	196	502
2629	200	502
6384	237	502
13358	284	502
16107	289	502
3741	294	502
16281	318	502
6501	321	502
13706	343	502
977	357	502
13194	360	502
14638	398	502
10521	405	502
10837	434	502
17994	446	502
17403	478	502
15708	503	502
12555	523	502
2249	547	502
4929	556	502
10253	567	502
9100	128	503
13970	502	503
12404	511	504
9653	85	505
2831	209	505
2849	217	505
9025	256	505
12241	482	505
16086	579	505
17251	57	506
7345	117	506
8532	165	506
5325	193	506
10126	275	506
10322	283	506
6903	386	506
11240	400	506
9235	15	507
2121	42	507
10559	423	508
17227	499	508
4582	110	509
4166	200	509
9874	245	509
10458	258	509
6662	430	509
15385	434	509
8959	538	509
5000	274	510
10096	293	510
8207	385	510
13703	36	511
10219	43	511
15253	150	511
15195	158	511
884	229	511
11322	232	511
10297	263	511
14875	281	511
9394	311	511
13051	329	511
11856	349	511
3855	394	511
4005	409	511
16318	432	511
12113	441	511
9993	445	511
1547	447	511
12422	486	511
3263	487	511
14032	492	511
1876	504	511
7811	512	511
15717	542	511
7521	569	511
14840	572	511
1407	55	512
18248	81	512
12314	129	512
11105	192	512
12794	211	512
4487	240	512
1085	364	512
15585	500	512
11273	511	512
5141	78	513
1781	127	513
14007	203	513
13502	225	513
4645	251	513
3550	310	513
7883	382	513
13989	390	513
2477	428	513
9994	490	513
18010	494	513
15454	518	513
13292	7	514
14192	33	514
17771	332	514
5074	368	514
17709	392	514
3890	454	514
10784	493	514
4564	57	515
8774	268	515
14466	271	515
4311	283	515
5523	315	515
10342	365	515
4874	426	515
10914	42	516
8382	134	517
7915	230	517
1307	244	517
11203	259	517
1598	335	517
16723	475	517
8462	531	517
16085	13	518
8545	78	518
3446	127	518
7198	173	518
7967	211	518
13521	428	518
14273	433	518
4116	491	518
7134	513	518
6960	588	518
15957	546	519
11675	160	520
12151	167	520
12037	328	520
10797	526	520
10078	10	521
12504	31	521
11906	97	521
7936	276	521
14231	327	521
4252	409	522
12075	128	523
6629	201	523
10657	257	523
817	343	523
2828	434	523
8247	461	523
3460	484	523
10608	502	523
9739	33	524
13024	91	524
17314	107	524
15468	131	524
1295	136	524
3719	183	524
11770	231	524
8001	313	524
17765	399	524
10017	468	524
11481	179	525
15628	382	525
12440	422	525
10625	490	525
5759	494	525
5649	1	526
12080	49	526
5207	55	526
14222	65	526
3435	142	526
16225	188	526
7323	221	526
12423	273	526
6933	279	526
5407	328	526
2969	342	526
16191	381	526
16106	383	526
4046	391	526
2321	427	526
4780	450	526
16870	455	526
11036	468	526
659	475	526
2907	500	526
15467	520	526
1611	542	526
5637	574	526
10985	15	527
11174	239	528
11579	285	528
10512	545	528
4935	580	528
8484	9	529
10392	153	529
4735	334	529
2005	350	529
7130	449	529
16172	205	530
8332	213	530
14883	216	530
9090	217	530
13617	259	530
9919	325	530
15025	335	530
5749	340	530
15822	444	530
1245	84	531
8427	185	531
15715	244	531
6089	304	531
15938	325	531
845	335	531
18263	413	531
7530	444	531
3241	517	531
13933	557	531
8622	12	532
836	21	532
3939	59	532
1596	69	532
16974	80	532
15794	179	532
12541	186	532
16701	382	532
12429	397	532
12078	437	532
2307	549	532
14553	219	533
10324	252	533
8242	325	533
12360	566	533
6446	15	534
4625	72	534
3300	409	534
15677	30	535
14698	98	535
2461	126	535
14333	144	535
12870	323	535
5073	463	535
11002	176	536
6004	233	536
13415	360	536
7928	434	536
5842	459	536
8189	18	537
3645	34	537
1897	313	537
10541	453	537
9418	14	538
1197	129	538
10026	212	538
9882	256	538
7054	291	538
15368	334	538
15149	349	538
3593	478	538
12875	509	538
13034	579	538
7196	57	539
5173	209	539
16312	247	539
10962	120	540
5568	234	540
15969	266	540
4697	413	540
10111	447	540
7232	125	541
2638	156	541
12733	324	541
16494	458	541
3799	564	541
16309	55	542
2892	95	542
3807	218	542
15302	348	542
6165	511	542
7829	526	542
11688	110	543
18474	168	543
12683	182	543
5628	212	543
11484	270	543
15890	318	543
18196	348	543
12409	434	543
2294	549	543
16238	41	544
3743	199	544
15446	228	544
11669	270	544
3984	299	544
4519	454	544
13662	585	544
8695	49	545
3035	142	545
11200	172	545
17502	216	545
17328	475	545
16609	528	545
17982	548	545
3045	3	546
16740	101	546
13514	293	546
10285	359	546
15538	429	546
16041	499	546
3535	519	546
4214	87	547
14617	105	547
16034	284	547
15239	357	547
12909	502	547
14434	23	548
6137	68	548
13263	86	548
16316	160	548
5036	172	548
16483	204	548
17645	265	548
14916	336	548
12222	374	548
8264	413	548
1531	501	548
10318	545	548
18199	581	548
11468	12	549
12602	41	549
675	69	549
9635	126	549
3120	532	549
14782	543	549
744	552	549
15451	139	550
749	447	550
6216	122	551
8441	125	551
10447	192	551
18161	193	551
6964	271	551
8321	283	551
9408	300	551
10301	324	551
4837	426	551
4324	457	551
10075	458	551
9333	70	552
3474	107	552
15773	321	552
8225	330	552
7558	345	552
16083	348	552
11447	493	552
15899	549	552
7366	49	553
13579	120	553
1788	226	553
5673	266	553
15778	380	553
17655	403	553
3216	27	554
676	69	554
17171	123	554
3399	234	554
15724	446	554
15777	453	554
10988	556	554
8903	293	555
3940	187	556
1785	196	556
4469	200	556
12231	502	556
8426	554	556
15262	67	557
14294	94	557
17975	156	557
13022	403	557
1957	531	557
13885	45	558
10708	274	558
8446	355	558
1951	411	558
14773	32	559
12560	58	559
2613	92	559
13245	95	559
15730	98	559
14796	132	559
16952	211	559
3044	300	559
17536	354	559
17382	427	559
15415	466	559
5769	47	560
1894	293	560
15713	322	560
9482	21	561
1211	48	561
15714	211	561
6818	251	561
5338	264	561
10598	390	561
9805	457	561
1165	483	561
2863	33	562
14764	149	562
12704	183	562
1811	258	562
15356	291	562
14678	358	562
6488	365	562
8176	399	562
4044	9	563
15109	39	563
17540	222	563
4378	346	563
14567	67	564
14244	125	564
4628	156	564
15845	192	564
9232	195	564
17787	541	564
8677	60	565
2207	99	565
11627	115	565
11004	253	565
13900	317	565
13444	331	565
12248	568	565
1349	143	566
13515	173	566
1277	241	566
12452	297	566
6575	317	566
11051	370	566
12638	401	566
7045	533	566
17359	586	566
18294	269	567
18436	321	567
1275	398	567
1812	502	567
9106	317	568
7750	331	568
17533	370	568
9132	565	568
15562	280	569
17804	511	569
3235	101	570
15699	202	570
5778	303	570
16975	322	570
2562	408	570
16915	470	570
1637	587	570
3646	175	571
14852	230	571
10319	335	571
3670	366	571
18444	280	572
15031	409	572
17763	511	572
1392	33	573
9040	94	573
11299	125	573
15718	156	573
3541	194	573
9828	250	573
2488	315	573
7966	458	573
1089	482	573
17976	586	573
1346	23	574
15742	65	574
4266	214	574
4587	216	574
4529	262	574
12336	465	574
2227	472	574
4907	500	574
13197	526	574
16099	42	575
11501	45	576
17386	280	576
13846	19	577
4246	87	577
18353	169	577
5105	185	577
8245	219	577
8337	275	577
11449	407	577
2146	428	577
14772	491	577
14971	187	578
16183	200	578
14349	389	578
12370	430	578
8896	434	578
4352	461	578
12157	33	579
11686	149	579
11479	183	579
2877	269	579
8060	365	579
7630	461	579
13607	505	579
4965	538	579
7914	115	580
12783	121	580
10805	143	580
15883	347	580
8590	361	580
13392	381	580
11254	528	580
6816	86	581
4815	172	581
1424	275	581
12550	335	581
6029	413	581
17892	548	581
17932	41	582
10425	58	582
11336	181	582
18065	186	582
16321	255	582
925	264	582
7622	295	582
5159	585	582
2528	104	583
14815	183	583
3547	221	583
17546	250	583
15453	344	583
7041	481	583
9294	15	584
5765	37	585
3829	119	585
15401	186	585
9825	268	585
7893	414	585
18362	437	585
13907	454	585
11518	544	585
17838	582	585
15098	14	586
6323	94	586
2587	174	586
16473	203	586
14968	209	586
11410	255	586
8038	315	586
9323	566	586
10966	573	586
5422	154	587
13112	189	587
16772	375	587
1977	471	587
9884	499	587
10907	570	587
9651	13	588
12115	99	588
6133	219	588
10269	491	588
8840	518	588
