15287	7	1
13152	65	1
2682	214	1
15662	215	1
12293	246	1
16118	401	1
15033	444	1
4564	530	1
14868	531	1
7981	9	2
10773	274	2
11809	388	2
6824	208	3
7169	293	3
5505	16	4
12949	37	4
10498	57	4
16292	147	4
9421	203	4
1855	255	4
9724	301	4
2272	414	4
10623	551	4
15305	112	5
8215	172	5
10072	233	5
9203	386	5
7600	436	5
13382	548	5
10186	178	6
17031	1	7
1395	248	7
16438	332	7
9230	444	7
14181	514	7
6367	23	8
14324	137	8
17960	358	8
18254	402	8
8308	452	8
18266	2	9
1360	18	9
2748	90	9
12455	105	9
17795	118	9
4704	153	9
17833	191	9
11593	196	9
17002	222	9
2228	235	9
4831	257	9
11335	326	9
14546	449	9
16772	456	9
3793	467	9
1319	494	9
2717	547	9
1637	81	10
11154	97	10
14498	154	10
3031	314	10
14848	364	10
12697	379	10
8402	587	10
4199	59	11
5553	63	11
17245	181	11
14223	256	11
15844	269	11
12351	433	11
3784	461	11
9774	498	11
8932	121	12
6434	147	12
12991	181	12
2494	183	12
14054	415	12
5440	416	12
4569	549	12
11263	588	12
12273	14	13
10562	45	13
8501	57	13
14891	130	13
2737	163	13
13925	243	13
3670	264	13
13126	318	13
3556	343	13
12690	425	13
16208	449	13
1320	451	13
10640	476	13
3764	543	13
6987	13	14
7814	107	14
3209	183	14
16251	273	14
11805	340	14
1934	491	14
10632	62	15
14979	229	15
6905	496	15
1984	546	15
3434	4	16
3952	193	16
3736	494	16
16646	45	17
14126	151	17
9849	155	17
5221	160	17
12684	411	17
5627	434	17
17632	488	17
2018	543	17
8314	9	18
10066	94	18
5971	123	18
5954	196	18
14130	326	18
9428	346	18
9578	453	18
12651	32	19
2798	127	19
9785	174	19
14242	185	19
15181	188	19
8957	192	19
11750	219	19
8815	458	19
13403	513	19
14742	515	19
14092	563	19
15160	564	19
9580	100	20
6864	140	20
13964	179	20
14043	192	20
17039	209	20
14483	310	20
17964	405	20
15770	426	20
15213	92	21
5594	116	21
11174	180	21
9383	321	21
15769	437	21
17330	485	21
11425	101	22
8400	409	22
6186	8	23
5035	70	23
16021	84	23
11988	172	23
4273	279	23
13783	335	23
2192	350	23
5791	358	23
14408	363	23
3601	475	23
6377	530	23
17580	557	23
17414	577	23
3078	42	24
1603	178	25
8240	296	25
9390	178	26
17815	85	27
5179	154	27
6620	189	27
5348	190	27
11400	375	27
18323	405	27
12712	406	27
14291	434	27
5406	471	27
15673	537	27
938	556	27
3732	587	27
9433	153	28
18181	233	28
751	434	28
5300	449	28
6550	476	28
11525	165	29
3362	266	29
12128	319	29
5119	357	29
12920	389	29
3168	421	29
3507	553	29
16799	71	30
10757	119	30
11367	146	30
15214	238	30
3578	291	30
1041	332	30
8032	335	30
18274	402	30
11537	406	30
18048	512	30
8281	55	31
13270	173	31
2436	403	31
11229	427	31
10547	493	31
10695	540	31
14198	552	31
7458	19	32
18357	187	32
16039	354	32
6034	367	32
17777	377	32
10193	418	32
14770	425	32
13065	463	32
8011	505	32
4196	84	33
3622	215	33
8423	401	33
10222	403	33
1336	514	33
1548	110	34
4617	157	34
8268	476	34
14511	588	34
2113	78	35
13037	242	35
17578	313	35
14385	390	35
10061	393	35
10404	413	35
3849	420	35
7314	468	35
17971	477	35
7702	513	35
10831	518	35
12300	538	35
14889	234	36
10555	409	36
16888	4	37
7232	178	37
15637	301	37
4270	494	37
1220	551	37
8575	277	38
11048	411	38
13711	444	38
8662	501	38
3895	48	39
8664	182	39
12067	198	39
6283	264	39
15962	279	39
13309	313	39
9182	368	39
14157	385	39
16900	477	39
8719	503	39
2323	556	39
9305	577	39
13878	210	40
2570	211	40
10866	350	40
8692	368	40
12672	53	41
7976	58	41
3823	63	41
4240	107	41
7012	309	41
11451	315	41
1081	344	41
10680	399	41
6123	544	41
4432	582	41
8908	24	42
12976	287	42
16885	320	42
11559	337	42
3012	486	42
11723	570	42
2573	329	43
17368	476	43
14059	57	44
16763	241	44
16644	310	44
1974	331	44
13980	381	44
9459	565	44
17288	13	45
9806	17	45
11770	73	45
8241	110	45
12833	112	45
6984	117	45
13472	130	45
12589	133	45
13033	151	45
774	157	45
4184	170	45
11230	176	45
6743	204	45
13236	233	45
15012	245	45
2444	305	45
16539	356	45
11582	396	45
613	449	45
1498	459	45
9045	473	45
6068	476	45
1204	480	45
15151	498	45
4950	509	45
2998	536	45
18360	558	45
4330	559	45
9119	72	46
10540	419	47
9504	560	47
1978	39	48
766	300	48
2475	457	48
12182	513	48
16515	97	49
11536	131	49
3932	138	49
7549	180	49
11131	206	49
14557	215	49
18031	276	49
2486	367	49
13644	521	49
15351	553	49
8302	423	50
16504	178	51
3761	511	51
7686	52	52
14755	93	52
15685	419	52
4473	431	52
12995	41	53
1958	175	53
764	344	53
14827	399	53
4779	111	54
4155	134	54
5695	152	54
1552	160	54
8618	200	54
15958	230	54
8916	399	54
1849	31	55
4838	97	55
6107	330	55
6775	521	55
12841	552	55
14190	588	55
15407	234	56
607	409	56
12725	4	57
6048	13	57
8597	44	57
4331	122	57
2058	140	57
4324	247	57
7087	271	57
4865	331	57
3431	364	57
5761	539	57
10784	565	57
3646	41	58
1207	208	58
5942	295	58
16912	307	58
673	433	58
5431	11	59
9879	140	59
11414	237	59
8178	256	59
8977	348	59
16213	379	59
14379	400	59
8155	99	60
12901	100	60
17237	122	60
12643	144	60
8588	199	60
17920	271	60
17838	310	60
8380	331	60
3626	346	60
16149	426	60
16076	565	60
4706	101	61
17958	409	61
11262	15	62
13785	11	63
1000	41	63
9997	211	63
12819	285	63
7781	286	63
12405	348	63
15610	364	63
9216	400	63
18450	528	63
4963	578	63
2164	101	64
17896	409	64
17812	453	64
16442	1	65
1698	174	65
5814	194	65
4766	259	65
8300	391	65
6841	472	65
8326	530	65
12706	531	65
8807	574	65
3937	182	66
13921	225	66
3041	305	66
2409	328	66
1515	343	66
2213	430	66
10660	461	66
5988	481	66
15246	488	66
10143	335	67
9327	342	67
1946	450	67
1624	170	68
2721	411	68
5184	531	68
14176	148	69
2160	240	69
6759	512	69
15690	532	69
3851	549	69
6063	23	70
6615	107	70
9133	131	70
6298	132	70
4394	231	70
11035	299	70
5719	468	70
3406	483	70
7969	491	70
13241	30	71
18435	146	71
10298	306	71
8682	402	71
6037	406	71
1411	46	72
13356	316	72
3800	322	72
11687	333	72
12789	412	72
11752	424	72
8573	432	72
6755	445	72
2911	497	72
10990	516	72
15674	575	72
13046	45	73
8570	112	73
691	176	73
5720	204	73
9422	207	73
2231	473	73
886	548	73
1006	94	74
11632	125	74
15476	143	74
12769	301	74
16339	325	74
4054	345	74
7865	365	74
11232	399	74
2259	573	74
3326	102	75
4567	152	75
11913	160	75
5836	186	75
9927	230	75
6630	275	75
3738	367	75
10426	389	75
2825	581	75
839	109	76
6588	149	76
3964	209	76
9156	213	76
5580	306	76
9060	375	76
1901	471	76
17378	197	77
5680	292	77
7892	296	77
17325	302	77
1966	469	77
11930	479	77
10818	35	78
9084	242	78
2057	395	78
3693	588	78
16874	101	79
7382	409	79
10223	453	79
12045	107	80
17433	113	80
16914	159	80
2749	184	80
2458	264	80
4269	341	80
4649	390	80
7095	466	80
5544	483	80
1113	561	80
10659	10	81
4590	173	81
17219	348	81
12034	364	81
13207	409	81
5577	302	82
18301	101	83
12439	409	83
1857	23	84
804	33	84
2835	242	84
14257	279	84
16769	291	84
13471	332	84
2653	352	84
13292	383	84
3290	491	84
11745	27	85
17799	90	85
2535	105	85
16613	178	85
8499	200	85
9429	296	85
15897	447	85
10084	547	85
8207	251	86
13448	290	86
14064	336	86
13973	413	86
4435	444	86
7764	548	86
13879	581	86
4422	193	87
2942	301	87
3573	131	88
17579	132	88
5725	231	88
1948	299	88
2986	451	88
6719	475	88
5572	521	88
3311	172	89
12774	238	89
9225	239	89
17695	286	89
1276	323	89
16451	435	89
14371	545	89
10211	9	90
9700	85	90
13388	357	90
14568	447	90
1405	168	91
16759	172	91
14249	358	91
12132	475	91
5876	21	92
7419	95	92
6686	98	92
5017	217	92
8498	407	92
12934	463	92
17438	465	92
10822	559	92
14591	52	93
8061	419	93
678	18	94
10577	74	94
7386	115	94
13230	324	94
2097	381	94
8346	586	94
5304	92	95
10581	182	95
8820	220	95
13995	354	95
8748	418	95
1598	463	95
7121	533	95
6960	408	96
9983	10	97
15780	49	97
9217	55	97
4201	157	97
15827	276	97
8959	314	97
11859	321	97
3394	433	97
16688	437	97
7347	449	97
2045	484	97
2846	512	97
7157	521	97
14797	549	97
1774	92	98
12677	120	98
1600	180	98
16632	187	98
17363	210	98
18148	212	98
5113	559	98
6582	60	99
9076	100	99
1470	122	99
14611	144	99
5574	199	99
14401	271	99
652	310	99
14173	331	99
8827	346	99
14609	426	99
4808	565	99
11252	20	100
5612	60	100
3512	99	100
9149	203	100
8455	255	100
6828	310	100
4917	331	100
2641	453	100
10334	565	100
12890	22	101
16328	61	101
9903	64	101
2525	79	101
8073	83	101
17114	339	101
9003	372	101
17772	373	101
16422	404	101
13742	409	101
13374	470	101
5124	474	101
12289	507	101
2061	75	102
14186	198	102
1327	201	102
16926	275	102
7780	382	102
2002	391	102
17258	487	102
1165	321	103
2455	499	103
9471	521	103
18279	149	104
10333	183	104
2936	213	104
2473	291	104
15062	309	104
12891	443	104
15587	9	105
9477	85	105
8043	200	105
17057	237	105
919	357	105
10777	447	105
11637	216	106
11629	253	106
4859	297	106
4255	426	106
16195	14	107
12053	41	107
4502	70	107
15849	80	107
1668	124	107
16067	126	107
17781	163	107
12959	187	107
16367	315	107
12557	341	107
6714	366	107
11287	384	107
5011	524	107
15400	213	108
14540	291	108
15808	392	108
4787	454	108
13238	76	109
11599	183	109
2903	213	109
1475	443	109
3457	475	109
16664	583	109
5566	34	110
13933	45	110
5898	157	110
13252	233	110
12414	459	110
8375	461	110
15634	476	110
3152	543	110
11855	54	111
4085	219	111
10320	221	111
6612	403	111
6540	526	111
11784	5	112
7980	45	112
5637	73	112
7438	170	112
16174	80	113
9314	241	113
6406	248	113
17688	350	113
5826	400	113
11390	430	113
2644	451	113
7698	493	113
2551	184	114
15860	242	114
14809	343	114
8051	362	114
13153	94	115
4238	124	115
8327	175	115
2095	216	115
7194	331	115
11698	366	115
16289	381	115
17860	565	115
16469	580	115
11791	21	116
17857	120	116
7762	180	116
9416	182	116
4399	226	116
18109	354	116
16340	355	116
6786	45	117
8684	233	117
9319	245	117
18479	473	117
9952	501	117
1684	548	117
685	9	118
10095	200	118
6725	453	118
15804	30	119
14585	146	119
1445	291	119
18221	392	119
6062	98	120
7054	116	120
11760	138	120
14884	165	120
10582	180	120
1174	226	120
9647	357	120
9583	540	120
2636	553	120
4994	12	121
12003	195	121
10271	335	121
2303	350	121
7483	377	121
8976	457	121
12340	505	121
6078	57	122
1464	60	122
3369	99	122
18082	315	122
13099	381	122
12709	18	123
15472	453	123
8603	107	124
15072	115	124
4454	344	124
8234	366	124
9497	381	124
8261	74	125
4899	533	125
15758	586	125
16716	107	126
11584	243	126
7696	328	126
16346	355	126
7010	411	126
8607	416	126
9401	457	126
15074	514	126
17213	520	126
4731	19	127
12729	192	127
1895	312	127
2156	201	128
1013	242	128
10502	270	128
17067	442	128
13499	461	128
11819	476	128
9666	523	128
2555	588	128
11659	148	129
8754	184	129
14824	211	129
1638	475	129
3208	495	129
12728	538	129
16205	559	129
14430	13	130
9157	45	130
5171	170	130
9219	233	130
10209	434	130
18087	49	131
14758	70	131
9850	88	131
14428	136	131
16602	226	131
8046	231	131
11650	299	131
1106	304	131
15921	413	131
12827	483	131
14905	70	132
15960	88	132
5480	211	132
11195	218	132
17471	266	132
14529	420	132
13342	451	132
2975	491	132
6848	518	132
15277	45	133
10330	182	133
12183	241	133
5897	285	133
4117	305	133
6316	400	133
9198	437	133
16526	461	133
14773	498	133
7055	552	133
15329	54	134
17663	136	134
11439	200	134
3682	227	134
6831	230	134
2325	312	134
11235	323	134
10187	465	134
10350	481	134
3834	513	134
7592	517	134
12714	409	135
7445	453	135
14258	131	136
2787	134	136
2592	227	136
7406	403	136
10020	493	136
7539	8	137
9993	205	137
6467	352	137
1153	402	137
16232	436	137
3344	449	137
4260	49	138
18267	120	138
1963	226	138
8706	304	138
15907	319	138
8465	413	138
8786	553	138
4461	447	139
1645	20	140
15748	57	140
15802	59	140
5312	247	140
6325	310	140
3739	369	140
17359	414	140
1988	510	140
13362	539	140
4395	423	141
10729	172	142
12251	190	142
10112	213	142
3276	250	142
3990	298	142
16514	475	142
6252	583	142
11098	74	143
17138	206	143
6146	325	143
6203	566	143
6587	580	143
15892	60	144
6365	99	144
11066	179	144
15989	310	144
6148	315	144
4568	346	144
5107	205	145
9783	335	145
2589	352	145
13868	461	145
8106	571	145
18457	579	145
3624	30	146
16119	71	146
17769	119	146
7131	300	146
1628	306	146
15411	452	146
11475	4	147
14543	12	147
12799	213	147
14532	223	147
3940	228	147
9991	384	147
5316	69	148
1052	129	148
4689	215	148
17939	314	148
10137	543	148
8553	576	148
3436	76	149
5452	104	149
11889	213	149
1409	258	149
15201	455	149
5218	579	149
17196	178	150
12607	511	150
12856	17	151
14795	45	151
2734	170	151
14135	356	151
11302	374	151
3117	463	151
4185	54	152
12420	75	152
9887	200	152
9022	238	152
15170	323	152
15297	9	153
9988	28	153
931	163	153
16132	235	153
14829	449	153
12181	476	153
6103	529	153
981	588	153
1640	10	154
9570	27	154
2867	406	154
8319	587	154
11353	17	155
11270	160	155
3079	233	155
7333	411	155
3717	425	155
5737	465	155
14446	488	155
2439	253	156
16858	297	156
15759	324	156
14267	361	156
13598	458	156
15855	34	157
10132	45	157
14958	97	157
16872	110	157
7988	420	157
9579	449	157
14948	461	157
5524	498	157
819	588	157
14695	511	158
11549	80	159
13500	195	159
10431	224	159
4018	348	159
8510	409	159
5445	17	160
12514	54	160
5207	75	160
1931	155	160
10372	230	160
14816	265	160
1814	285	160
4172	413	160
5434	488	160
10615	180	161
6634	205	161
7742	217	161
15801	241	161
11684	305	161
7067	463	161
13016	484	161
15954	509	161
7504	535	161
11703	169	162
10833	391	162
14416	402	162
1397	487	162
2558	514	162
18100	13	163
847	107	163
11480	153	163
14999	179	163
7522	318	163
4563	341	163
2064	434	163
10184	406	164
13217	487	164
7801	513	164
954	29	165
5647	120	165
7319	266	165
7505	389	165
8935	410	165
10706	334	166
2175	347	166
4055	447	166
16523	476	166
15902	241	167
2059	253	167
18218	265	167
13124	285	167
16596	330	167
17669	400	167
4494	461	167
3661	578	167
6603	91	168
7470	172	168
15288	238	168
8027	545	168
11122	162	169
13520	174	169
15028	185	169
3245	428	169
2183	472	169
1017	577	169
2208	45	170
17305	68	170
5785	112	170
9982	130	170
9617	151	170
18020	328	170
13194	411	170
16847	421	170
14709	434	170
5995	463	170
11758	409	171
13426	5	172
13105	23	172
10932	89	172
10819	91	172
13180	142	172
7205	168	172
3580	227	172
6832	228	172
9884	238	172
4672	265	172
14636	386	172
7709	436	172
5628	439	172
2654	475	172
17699	545	172
9168	548	172
7113	571	172
876	581	172
7336	31	173
1714	81	173
4948	195	173
17122	299	173
634	420	173
12637	493	173
18135	500	173
16257	518	173
15383	19	174
6884	65	174
17657	169	174
1063	252	174
14910	363	174
15760	382	174
10962	401	174
15847	428	174
10864	487	174
8650	564	174
10534	53	175
6105	115	175
3898	310	175
13653	344	175
8102	366	175
14752	528	175
1656	45	176
16700	73	176
2044	233	176
762	245	176
10661	473	176
9013	548	176
15840	178	177
12508	511	177
13395	6	178
11940	25	178
14619	26	178
15268	37	178
1375	51	178
2428	85	178
15692	150	178
1429	177	178
16402	254	178
17609	296	178
4484	387	178
14893	448	178
15807	464	178
1862	511	178
6238	572	178
8541	20	179
9934	144	179
17604	163	179
13574	209	179
10639	253	179
18216	346	179
2744	422	179
16044	525	179
12883	537	179
5136	21	180
13859	49	180
2309	98	180
9443	116	180
18199	120	180
12338	161	180
13028	251	180
7908	264	180
15995	299	180
5083	321	180
8481	354	180
8329	367	180
12556	483	180
8975	532	180
10918	559	180
11347	11	181
10579	12	181
11776	224	181
13045	285	181
10984	295	181
1011	528	181
6641	39	182
18129	66	182
3167	95	182
14535	116	182
18257	133	182
3514	210	182
4223	220	182
15567	362	182
7299	399	182
6144	434	182
13616	477	182
10274	543	182
7738	12	183
2459	14	183
2051	104	183
7716	109	183
15163	239	183
14988	250	183
16997	253	183
5636	271	183
1667	307	183
17451	309	183
12232	344	183
2699	384	183
17999	416	183
18085	443	183
12373	482	183
17223	583	183
12471	80	184
7090	114	184
8658	129	184
10382	343	184
2341	411	184
13051	493	184
13821	19	185
15498	169	185
10732	390	185
6897	393	185
16829	401	185
7069	428	185
13446	444	185
10483	477	185
13764	491	185
5352	503	185
18337	75	186
2360	215	186
2800	230	186
2918	243	186
15142	493	186
9959	517	186
15973	585	186
10575	32	187
17171	98	187
9360	107	187
9726	341	187
989	543	187
9414	19	188
5065	192	188
3348	219	188
5583	297	188
16673	426	188
14931	515	188
12958	541	188
4275	27	189
6661	487	189
884	513	189
14605	587	189
1558	27	190
6527	142	190
6560	477	190
13692	556	190
7548	9	191
5231	19	192
5037	20	192
9897	127	192
10427	188	192
17252	361	192
2357	515	192
8457	16	193
4246	87	193
4344	219	193
5764	225	193
4535	490	193
11681	494	193
9781	533	193
11884	551	193
5728	65	194
5156	262	194
15345	361	194
8504	562	194
2664	564	194
13659	574	194
17311	121	195
14448	159	195
3642	173	195
6018	377	195
1269	427	195
17366	437	195
3746	457	195
7016	9	196
14506	18	196
1563	200	196
6255	453	196
7370	77	197
12430	39	198
9377	102	198
13931	270	198
1728	275	198
9966	334	198
17472	351	198
2601	382	198
1525	418	198
9803	442	198
6067	503	198
8287	563	198
1092	60	199
12287	99	199
5468	271	199
14045	331	199
11197	426	199
3688	565	199
17275	54	200
2572	85	200
7656	105	200
4068	118	200
10849	134	200
1312	152	200
2374	196	200
13444	201	200
10278	334	200
1229	351	200
15985	397	200
3567	513	200
2667	542	200
5197	547	200
6906	102	201
17183	128	201
11135	200	201
11271	343	201
7837	351	201
1499	382	201
11768	442	201
7002	487	201
9288	498	201
14929	523	201
17426	588	201
3878	570	202
12078	4	203
1199	100	203
17931	453	203
17548	45	204
1392	73	204
7587	473	204
8496	548	204
10891	137	205
17756	145	205
13249	161	205
6493	214	205
10459	233	205
8868	262	205
15412	335	205
11331	352	205
9676	415	205
3614	463	205
3529	509	205
2401	532	205
12416	49	206
9515	143	206
6966	264	206
7876	276	206
8900	325	206
11053	549	206
3090	73	207
10733	233	207
16877	272	207
5297	501	207
10198	532	207
9864	548	207
6414	3	208
10297	58	208
12861	234	208
16655	278	208
15663	293	208
7642	429	208
10899	438	208
11358	441	208
15392	492	208
10335	522	208
15846	527	208
17259	534	208
11352	584	208
9039	20	209
13620	76	209
14300	179	209
11180	297	209
8907	40	210
15083	98	210
1407	182	210
13851	264	210
12698	276	210
4829	347	210
18453	350	210
8238	553	210
4134	561	210
8661	40	211
2696	63	211
5432	129	211
3700	132	211
11926	218	211
17110	243	211
6973	251	211
2720	256	211
8556	295	211
605	427	211
13089	478	211
5448	518	211
11623	538	211
16898	561	211
11661	578	211
13638	98	212
10944	449	212
9547	535	212
16566	559	212
3629	561	212
4211	76	213
16534	104	213
8874	108	213
18433	109	213
17890	142	213
8422	147	213
5265	149	213
10890	216	213
6677	217	213
5522	223	213
2011	297	213
18032	298	213
1991	335	213
13484	380	213
13802	384	213
1193	392	213
8085	439	213
17661	443	213
6145	455	213
1770	458	213
13888	482	213
12810	541	213
4566	579	213
13970	583	213
8828	1	214
3272	205	214
15180	352	214
11513	416	214
12372	444	214
14704	463	214
4806	520	214
13262	1	215
4915	33	215
7356	49	215
15460	148	215
4074	186	215
10594	249	215
9947	517	215
8580	531	215
4891	106	216
18352	115	216
14083	213	216
3036	217	216
1291	223	216
16606	297	216
9460	361	216
13548	482	216
5620	92	217
12577	161	217
16503	213	217
4078	216	217
3114	220	217
13285	250	217
12388	297	217
7802	377	217
10140	463	217
5968	505	217
3285	132	218
16345	211	218
5061	348	218
9841	352	218
4428	378	218
3540	431	218
16943	478	218
3527	542	218
15527	19	219
7099	111	219
4475	188	219
11804	193	219
7492	354	219
16235	388	219
3564	95	220
4046	182	220
13450	217	220
15727	354	220
13013	370	220
8612	111	221
17495	345	221
15026	526	221
10205	585	221
10626	9	222
13008	147	223
13622	213	223
969	216	223
4212	297	223
7593	159	224
8202	181	224
10033	238	224
9437	239	224
9507	307	224
15694	66	225
2000	193	225
13941	275	225
6837	334	225
5828	400	225
6738	538	225
10285	116	226
1212	120	226
7939	131	226
9511	138	226
17588	468	226
9091	483	226
17440	553	226
17024	134	227
2697	136	227
18338	172	227
17884	228	227
7870	230	227
14594	233	227
2425	323	227
5606	435	227
16415	530	227
8885	562	227
16113	583	227
3615	147	228
13813	172	228
12830	227	228
12223	238	228
17992	291	228
15491	435	228
5048	452	228
9402	475	228
15457	15	229
6601	281	229
7525	441	229
10907	492	229
16074	502	229
3896	54	230
11975	75	230
3911	134	230
13665	160	230
3380	186	230
12962	227	230
2786	244	230
10961	265	230
9223	298	230
15580	304	230
13634	465	230
5321	475	230
17464	481	230
16161	517	230
17284	526	230
10028	70	231
18411	88	231
5702	131	231
12771	304	231
1352	468	231
12701	495	231
4648	524	231
4984	511	232
5611	5	233
993	28	233
7321	45	233
13899	110	233
4306	117	233
6142	130	233
946	155	233
12322	176	233
3905	205	233
5186	207	233
12023	227	233
4430	245	233
9424	272	233
17929	286	233
12780	318	233
11178	328	233
5808	374	233
1381	380	233
5693	386	233
4087	389	233
14336	436	233
15957	459	233
12184	480	233
5070	484	233
13807	488	233
17761	501	233
8451	512	233
17073	536	233
2410	583	233
5077	36	234
2386	56	234
7293	208	234
593	237	234
11359	267	234
13932	293	234
14570	308	234
15988	441	234
9064	492	234
16389	9	235
6446	153	235
13427	347	235
1830	476	235
1191	447	236
8130	59	237
11601	105	237
8352	234	237
17125	284	237
4284	289	237
13279	398	237
4411	502	237
1662	547	237
10496	30	238
16159	89	238
12642	152	238
15454	168	238
14859	172	238
8332	224	238
936	228	238
15924	314	238
3374	483	238
11128	512	238
12548	89	239
2476	183	239
6909	224	239
1553	309	239
2429	461	239
4678	481	239
7808	528	239
9721	69	240
15396	409	240
14077	418	240
6774	512	240
18379	44	241
10668	113	241
15981	133	241
6709	161	241
17946	167	241
15942	331	241
11312	535	241
3297	565	241
5943	35	242
10991	78	242
16095	84	242
9065	114	242
12100	128	242
3339	273	242
10416	279	242
9890	415	242
17763	420	242
1297	468	242
13707	491	242
15196	538	242
6651	13	243
9310	126	243
6100	186	243
13001	211	243
3415	265	243
13467	355	243
1442	389	243
3706	451	243
5821	512	243
7607	230	244
18208	246	244
5794	349	244
3500	420	244
6274	517	244
5092	521	244
18046	45	245
8107	117	245
5366	176	245
8861	233	245
13340	434	245
5635	473	245
17823	501	245
5350	548	245
12011	1	246
17437	244	246
2638	249	246
18065	390	246
10460	391	246
6369	403	246
17189	520	246
880	526	246
3330	531	246
5183	57	247
17387	140	247
14622	7	248
4244	113	248
7349	332	248
9324	362	248
7357	368	248
9519	487	248
10296	503	248
2207	215	249
4362	246	249
6150	276	249
2389	325	249
5655	142	250
5395	183	250
5479	217	250
1355	361	250
6717	399	250
14906	583	250
3321	86	251
903	180	251
5475	211	251
9028	367	251
4729	457	251
8372	559	251
7931	174	252
11645	428	252
12773	454	252
7820	517	252
8816	526	252
11575	106	253
8628	156	253
16572	167	253
8629	179	253
17762	183	253
9826	271	253
13102	297	253
13887	317	253
15900	331	253
8595	565	253
4381	178	254
11910	296	254
3187	4	255
4769	100	255
11533	301	255
17851	494	255
9586	511	255
9201	551	255
10929	11	256
8645	59	256
7160	211	256
7385	314	256
11446	327	256
13730	330	256
16275	348	256
9140	427	256
2452	433	256
15654	437	256
16181	538	256
6855	9	257
11166	334	257
11401	347	257
17797	434	257
16075	476	257
12192	149	258
4750	268	258
16903	291	258
14923	306	258
11152	335	258
9811	358	258
16964	452	258
4725	65	259
17281	265	259
15150	472	259
4742	530	259
2326	531	259
16103	406	260
10600	487	260
7135	513	260
3235	317	261
3462	331	261
7581	565	261
15814	568	261
17413	194	262
12421	205	262
10635	335	262
13547	530	262
11757	562	262
5692	511	263
16245	13	264
15555	39	264
15842	80	264
2016	180	264
2726	206	264
4305	210	264
6227	282	264
3048	311	264
10022	338	264
13953	347	264
4882	349	264
12407	549	264
14756	552	264
7353	558	264
9767	561	264
11580	160	265
8779	167	265
4488	172	265
13920	230	265
6692	243	265
9337	259	265
9420	328	265
3737	355	265
2055	461	265
10165	520	265
4624	29	266
9565	132	266
9350	165	266
7567	280	266
16423	354	266
8413	234	267
13048	409	267
6124	258	268
1655	291	268
9668	335	268
4726	11	269
5581	348	269
15260	128	270
12101	198	270
14969	349	270
17200	418	270
626	505	270
4791	582	270
14355	57	271
1334	60	271
4959	99	271
3298	183	271
18014	199	271
13495	253	271
11217	291	271
10924	309	271
7773	426	271
16573	207	272
7768	233	272
17898	386	272
11587	484	272
4316	14	273
11502	242	273
1992	313	273
4209	340	273
11494	491	273
18372	2	274
6305	75	275
2899	102	275
3194	198	275
1550	225	275
17789	382	275
7679	577	275
6590	49	276
17131	97	276
12277	206	276
12040	210	276
3365	249	276
8412	341	276
14517	347	276
4237	521	276
13319	529	276
14629	38	277
10462	290	277
12838	411	277
10959	421	277
11220	473	277
9440	208	278
1158	23	279
14662	39	279
8345	84	279
10985	242	279
13293	368	279
5398	383	279
6859	444	279
5112	491	279
5745	577	279
1573	266	280
1723	311	280
2366	349	280
14014	413	280
5833	468	280
17864	501	280
14322	229	281
7401	264	282
4886	473	282
8867	501	282
10900	551	283
12691	237	284
16394	63	285
7237	133	285
3917	160	285
8821	167	285
14552	181	285
1410	381	285
9250	461	285
13664	528	285
1337	63	286
13425	89	286
17559	233	286
5739	335	286
6982	386	286
13216	548	286
1587	581	286
5957	42	287
18302	313	288
5140	463	288
7190	498	288
1700	535	288
8464	237	289
15442	409	289
16405	86	290
4252	277	290
8637	328	290
14068	336	290
17061	355	290
17817	411	290
8788	501	290
2576	30	291
8657	84	291
2904	104	291
10665	108	291
5150	119	291
7264	228	291
4229	258	291
12152	268	291
14471	271	291
2352	300	291
9235	306	291
3786	385	291
17870	386	291
8749	392	291
10643	452	291
9603	462	291
6916	562	291
16326	564	291
5412	77	292
5393	3	293
7076	208	293
7918	234	293
11807	308	293
13214	510	293
16165	555	293
17991	341	294
6364	425	294
5851	476	294
2958	58	295
18178	181	295
18098	211	295
4885	498	295
11574	578	295
4728	582	295
3577	25	296
13498	77	296
5551	85	296
4813	178	296
10636	254	296
16709	408	296
16172	448	296
14104	464	296
1582	106	297
7225	156	297
14215	188	297
2628	209	297
10398	213	297
14199	216	297
15119	217	297
10880	223	297
12604	253	297
11867	317	297
7736	384	297
5780	426	297
14281	482	297
1761	142	298
13731	213	298
8324	230	298
4904	530	298
5903	541	298
1372	70	299
9103	88	299
15391	131	299
6882	173	299
7568	180	299
7355	468	299
16234	48	300
10549	146	300
2284	291	300
1929	306	300
1259	335	300
5101	405	300
11885	407	300
10841	426	300
2116	450	300
3657	457	300
18268	462	300
17936	559	300
12077	564	300
8915	577	300
12460	4	301
5429	37	301
12029	74	301
8531	87	301
5477	255	301
14641	345	301
11925	414	301
16217	582	301
6521	77	302
17077	82	302
14372	316	302
8182	322	302
13098	333	302
17181	412	302
2394	445	302
1877	587	302
2318	408	303
10154	131	304
2354	138	304
8323	230	304
14201	231	304
9247	420	304
732	518	304
8144	531	304
11445	45	305
17512	66	305
778	133	305
9318	161	305
11495	330	305
13316	459	305
2812	461	305
16347	71	306
10394	76	306
14155	146	306
10339	258	306
10708	291	306
11057	300	306
5901	385	306
17555	407	306
12515	462	306
16752	58	307
16522	183	307
3850	224	307
8778	309	307
12676	234	308
17731	293	308
12867	429	308
9736	510	308
844	41	309
5633	104	309
10865	183	309
2343	239	309
2990	271	309
5345	307	309
4190	399	309
15399	20	310
5009	44	310
18431	60	310
15573	99	310
13971	100	310
13646	140	310
11716	144	310
2130	175	310
11762	346	310
5642	422	310
15426	264	311
17809	280	311
13568	473	311
820	511	311
9502	127	312
8132	134	312
6399	428	312
1904	513	312
6279	35	313
13302	39	313
17257	273	313
10040	288	313
10571	362	313
14956	368	313
7316	395	313
16953	477	313
4017	495	313
4796	10	314
6394	97	314
17624	148	314
10801	238	314
8640	256	314
5363	375	314
10605	379	314
2440	380	314
3942	418	314
16273	433	314
1245	471	314
13893	512	314
5604	41	315
13583	107	315
2332	122	315
3882	144	315
16670	317	315
1707	331	315
9099	384	315
12315	565	315
8293	72	316
1967	302	316
3246	253	317
3798	261	317
10828	297	317
16949	315	317
15198	324	317
3575	331	317
10925	366	317
13610	535	317
5982	565	317
5687	568	317
4037	13	318
6308	163	318
15393	233	318
3133	341	318
16138	343	318
5282	425	318
14154	453	318
13240	476	318
16047	29	319
6851	138	319
15669	328	319
1031	411	319
14178	553	319
13297	42	320
10364	21	321
7847	97	321
5403	103	321
10300	180	321
17086	327	321
2993	330	321
6879	367	321
2238	532	321
11120	535	321
2489	72	322
7201	302	322
7940	497	322
9620	516	322
15257	575	322
14650	89	323
6881	134	323
12999	152	323
7459	227	323
15256	513	323
14161	581	323
14441	94	324
2105	156	324
16117	317	324
1155	331	324
10509	565	324
2101	586	324
3003	74	325
17617	143	325
11077	206	325
5865	249	325
7804	347	325
10103	580	325
12921	9	326
12969	18	326
14733	453	326
2496	256	327
6290	321	327
10724	499	327
13521	66	328
687	126	328
7954	170	328
15529	233	328
15434	265	328
17572	290	328
9572	319	328
3824	374	328
1544	411	328
13100	574	328
15447	43	329
13895	476	329
14860	55	330
15184	167	330
4207	256	330
11363	305	330
9697	321	330
6339	364	330
13307	498	330
16253	535	330
2694	552	330
16689	44	331
2991	57	331
801	60	331
12434	99	331
13076	100	331
13503	115	331
8524	199	331
4510	241	331
1534	253	331
13062	261	331
8643	315	331
10208	317	331
9867	324	331
12882	400	331
13842	565	331
5253	7	332
3084	30	332
4597	84	332
6676	248	332
10467	352	332
3993	402	332
12740	444	332
13256	491	332
9969	514	332
12536	72	333
9434	302	333
9110	166	334
7710	198	334
14107	200	334
9186	225	334
17208	257	334
16796	336	334
8269	350	334
17587	367	334
10221	376	334
5750	395	334
10595	416	334
623	418	334
11205	442	334
9034	505	334
14494	529	334
4267	23	335
11622	30	335
8351	67	335
7094	121	335
11349	145	335
5001	205	335
2480	213	335
6825	258	335
12071	262	335
1275	268	335
2193	286	335
9892	300	335
1249	342	335
17560	435	335
7373	450	335
14150	452	335
11385	571	335
5005	86	336
16141	290	336
1999	334	336
7146	355	336
612	411	336
3640	413	336
5176	520	336
16937	42	337
7276	264	338
772	473	338
12747	501	338
12603	101	339
1756	409	339
8310	14	340
17198	273	340
15952	393	340
16016	491	340
3908	557	340
9491	80	341
14282	107	341
16256	163	341
13405	187	341
11714	276	341
4346	294	341
1077	318	341
6983	344	341
4664	413	341
11627	425	341
11398	528	341
2709	529	341
4669	67	342
7557	335	342
4981	407	342
6312	450	342
2523	455	342
15330	13	343
4251	66	343
10337	114	343
13600	184	343
6591	201	343
2145	318	343
3170	362	343
18167	476	343
3581	523	343
3525	543	343
7030	41	344
15938	53	344
14684	124	344
8383	175	344
11919	183	344
16236	341	344
4124	528	344
13628	74	345
14524	221	345
13624	301	345
5565	361	345
7740	365	345
1860	399	345
10603	18	346
14200	60	346
5456	99	346
745	144	346
18355	179	346
13649	310	346
17210	369	346
6241	453	346
11568	485	346
9389	510	346
12161	554	346
9508	166	347
10442	210	347
1669	235	347
3553	257	347
16945	264	347
6745	276	347
7313	325	347
9857	59	348
4373	63	348
1004	81	348
810	159	348
14119	218	348
9090	256	348
8991	269	348
6263	364	348
11108	378	348
17768	400	348
6529	554	348
9714	244	349
6165	264	349
2463	270	349
3464	280	349
5916	538	349
8428	23	350
16970	40	350
9920	113	350
5624	121	350
7339	210	350
8392	334	350
11214	494	350
7761	198	351
4627	200	351
10407	201	351
2200	362	351
5078	402	351
8838	416	351
12200	487	351
6084	84	352
4420	137	352
9088	145	352
4876	205	352
2909	214	352
4160	218	352
2738	332	352
805	383	352
12130	415	352
16897	436	352
10007	468	352
7618	491	352
8606	577	352
13519	423	353
5384	32	354
4940	95	354
12303	116	354
7345	180	354
6153	219	354
4828	220	354
7782	266	354
6051	355	354
17302	483	354
7917	543	354
9954	116	355
13143	126	355
5057	243	355
17332	265	355
6726	290	355
2690	336	355
637	354	355
15972	418	355
6907	473	355
14117	501	355
15380	520	355
16617	549	355
4328	45	356
18250	151	356
1676	480	356
2732	29	357
16134	90	357
2371	105	357
2022	120	357
7059	453	357
11150	547	357
15707	8	358
17008	23	358
17457	91	358
2025	258	358
15556	402	358
4193	577	358
11389	546	359
5145	476	360
15121	156	361
13924	192	361
16193	194	361
13696	216	361
2171	250	361
4783	345	361
2605	515	361
13220	574	361
12671	114	362
11915	182	362
4230	248	362
10701	313	362
1028	343	362
11422	351	362
11478	368	362
4690	402	362
16183	418	362
13396	425	362
13771	442	362
15549	477	362
13934	487	362
14744	503	362
5137	549	362
1511	23	363
2073	174	363
16129	383	363
5506	530	363
5927	577	363
5373	581	363
8292	10	364
13545	57	364
13491	63	364
15717	81	364
12754	330	364
3528	348	364
13101	74	365
11761	345	365
11551	399	365
904	107	366
6210	115	366
14172	124	366
15919	175	366
15994	317	366
4788	32	367
16832	49	367
17101	75	367
10463	180	367
15489	251	367
18183	321	367
11242	334	367
15158	413	367
13536	505	367
9339	553	367
3946	39	368
14740	40	368
4467	248	368
8348	279	368
11438	313	368
7813	362	368
10415	487	368
17168	140	369
17998	346	369
4357	220	370
5381	533	370
13440	544	370
7637	566	370
1903	573	370
10255	586	370
4594	447	371
11484	101	372
2716	409	372
3116	101	373
4548	453	373
16641	151	374
9739	233	374
4497	328	374
9918	488	374
10125	27	375
8526	76	375
17914	314	375
4459	406	375
1519	471	375
7259	556	375
2754	334	376
5686	476	376
8279	505	376
8926	32	377
14400	121	377
14820	195	377
3498	217	377
13315	418	377
5257	218	378
13134	348	378
11909	10	379
10317	59	379
8442	314	379
12099	506	379
17304	213	380
1101	233	380
12308	314	380
17244	386	380
16239	439	380
17104	461	380
14057	506	380
695	548	380
8829	44	381
16152	94	381
15054	115	381
2956	122	381
1564	124	381
17430	285	381
17483	580	381
4391	102	382
4951	174	382
14305	198	382
15745	201	382
11329	275	382
10634	395	382
15084	428	382
16616	513	382
10965	517	382
9399	84	383
5576	279	383
5455	352	383
1625	363	383
6753	401	383
10395	444	383
1716	107	384
17178	147	384
4972	183	384
18222	213	384
15628	297	384
13514	315	384
6869	482	384
711	39	385
8347	291	385
14042	306	385
7000	406	385
2568	5	386
4740	172	386
9657	233	386
6780	272	386
12848	286	386
12370	291	386
3481	380	386
7064	506	386
13161	548	386
15236	178	387
3028	2	388
11440	219	388
17869	537	388
16166	587	388
1706	29	389
6080	75	389
5738	165	389
972	233	389
822	243	389
17525	434	389
14318	436	389
14572	520	389
8072	35	390
11160	80	390
4623	185	390
7965	246	390
17157	462	390
12236	513	390
15136	65	391
10938	102	391
8615	162	391
17732	246	391
10475	428	391
2177	517	391
8532	526	391
18475	108	392
14736	119	392
1228	213	392
15586	291	392
7060	405	392
6324	35	393
10740	185	393
14415	340	393
11496	395	393
6654	442	393
8533	466	393
12404	477	393
9838	491	393
11032	511	394
2783	78	395
9663	313	395
8273	334	395
4036	382	395
13938	393	395
3698	403	395
5654	588	395
1415	45	396
7452	536	396
2170	200	397
10295	513	397
2761	237	398
944	409	398
7541	41	399
4256	53	399
743	54	399
9613	74	399
8723	182	399
3211	250	399
15189	309	399
13303	345	399
8379	365	399
12327	481	399
14655	59	400
8987	63	400
6996	113	400
1343	133	400
15961	167	400
6697	225	400
11491	331	400
13449	348	400
13544	506	400
6405	565	400
15918	1	401
17112	33	401
14522	174	401
5940	185	401
17380	383	401
10400	444	401
15009	8	402
3495	30	402
3085	71	402
3306	137	402
2188	162	402
18311	332	402
10176	351	402
10713	358	402
16207	362	402
8469	487	402
4556	31	403
16556	33	403
5254	111	403
8033	136	403
10824	246	403
15475	395	403
13549	493	403
6212	514	403
18042	553	403
15195	557	403
1040	101	404
1492	409	404
13969	20	405
8945	27	405
13580	300	405
10780	392	405
16028	556	405
10352	27	406
4682	30	406
8090	71	406
8678	154	406
5308	164	406
6513	260	406
5447	375	406
14634	385	406
6794	471	406
11730	92	407
13812	300	407
17428	306	407
9030	342	407
1939	457	407
7922	577	407
5267	96	408
17837	296	408
5152	303	408
13398	560	408
5338	22	409
17634	36	409
16542	56	409
5926	61	409
12887	64	409
5310	79	409
1329	81	409
10410	83	409
16979	101	409
8037	135	409
3315	159	409
11679	171	409
10678	240	409
9759	267	409
8247	289	409
14724	339	409
13587	372	409
3286	398	409
16268	404	409
15403	417	409
16380	440	409
18023	460	409
14510	474	409
4692	504	409
4217	507	409
17029	165	410
7945	17	411
11788	38	411
12992	68	411
2810	126	411
2186	155	411
14867	170	411
8396	184	411
2544	277	411
16684	290	411
8850	319	411
17327	328	411
17392	336	411
9038	421	411
10797	434	411
9747	466	411
1440	473	411
5703	488	411
6807	520	411
14152	576	411
13818	72	412
9321	302	412
1020	35	413
17918	86	413
2770	131	413
8198	138	413
2981	160	413
18333	280	413
2223	336	413
7805	341	413
11969	367	413
17463	531	413
10219	4	414
1459	140	414
9548	301	414
3473	551	414
12896	12	415
4974	205	415
6309	242	415
17395	352	415
2247	468	415
8023	538	415
6679	12	416
17759	126	416
1281	183	416
6128	214	416
18286	334	416
11771	351	416
11519	409	417
17876	453	417
6454	32	418
18470	95	418
10542	198	418
9415	240	418
18104	270	418
3140	314	418
1062	334	418
4786	355	418
7944	362	418
17757	377	418
9512	47	419
10986	52	419
11343	93	419
14138	35	420
6315	132	420
13819	157	420
8441	173	420
17625	242	420
4080	244	420
2691	304	420
8601	518	420
16175	588	420
17499	29	421
15512	170	421
12312	277	421
4205	411	421
6737	466	421
12857	576	421
18201	179	422
8416	310	422
11488	453	422
12648	50	423
14866	141	423
17249	353	423
16531	489	423
6637	546	423
10926	72	424
7898	13	425
14265	32	425
3701	155	425
4713	294	425
14339	318	425
6638	341	425
10313	362	425
16003	488	425
13245	20	426
17482	60	426
3302	99	426
17153	106	426
4427	188	426
5097	199	426
14311	271	426
18389	297	426
3743	300	426
16845	506	426
4367	31	427
15067	195	427
13976	211	427
10948	256	427
14350	538	427
7134	169	428
8426	174	428
16992	185	428
8058	252	428
13128	312	428
6669	382	428
16879	391	428
1646	513	428
11504	208	429
14387	308	429
6619	66	430
3474	113	430
11326	437	430
1989	461	430
6951	484	430
9257	578	430
10673	52	431
11539	218	431
8841	431	431
4225	72	432
13439	11	433
10609	58	433
1348	97	433
11279	256	433
6766	314	433
12143	484	433
5071	512	433
15582	578	433
7529	17	434
7377	27	434
7210	28	434
18192	130	434
3483	163	434
4202	170	434
14686	182	434
13058	245	434
3962	257	434
5870	389	434
4634	411	434
13736	543	434
1670	89	435
3160	227	435
1090	228	435
1368	335	435
14260	443	435
8304	475	435
16499	571	435
10670	5	436
10930	137	436
18412	172	436
16867	233	436
13056	352	436
17377	389	436
7322	581	436
15932	21	437
5829	97	437
17017	133	437
8054	195	437
14049	256	437
3162	430	437
18150	514	437
15982	552	437
17261	208	438
4996	172	439
11972	213	439
3200	380	439
3216	461	439
1005	506	439
5095	548	439
12878	409	440
16599	208	441
1865	229	441
11175	234	441
5076	128	442
3818	198	442
5623	201	442
15326	334	442
13611	362	442
5659	393	442
4102	477	442
7508	503	442
5102	514	442
13650	104	443
17010	109	443
2577	183	443
9295	213	443
12121	435	443
11911	455	443
15108	475	443
14741	1	444
18225	7	444
8762	38	444
9851	86	444
13485	185	444
13135	214	444
8934	279	444
13208	332	444
11292	383	444
4354	401	444
1687	530	444
1346	531	444
17545	548	444
14013	72	445
14072	302	445
13185	502	446
13746	554	446
11476	85	447
16770	90	447
5787	105	447
13561	139	447
17154	166	447
3458	236	447
18185	371	447
9910	511	447
13602	547	447
16055	550	447
3171	178	448
2114	296	448
16081	9	449
1038	13	449
12613	28	449
7661	45	449
12195	97	449
13360	137	449
13329	153	449
6580	157	449
10088	212	449
13005	509	449
12044	529	449
16271	558	449
12555	67	450
14405	300	450
7298	335	450
7924	342	450
10331	455	450
13641	13	451
15728	88	451
10737	113	451
7014	132	451
9957	243	451
12948	8	452
15444	146	452
14897	228	452
7315	258	452
1057	291	452
11695	335	452
16792	18	453
6914	64	453
9770	79	453
8004	100	453
15509	118	453
9775	123	453
13695	135	453
16778	196	453
7363	203	453
4301	318	453
10480	326	453
7429	346	453
1039	357	453
6919	373	453
1545	417	453
4814	422	453
15782	456	453
1839	460	453
17058	470	453
5781	474	453
6992	507	453
7390	554	453
11769	108	454
8508	252	454
15458	564	454
2560	149	455
7430	213	455
1882	342	455
12229	443	455
17636	450	455
16350	9	456
13190	453	456
1462	48	457
11572	121	457
7387	126	457
3270	195	457
7348	251	457
1277	300	457
5494	407	457
8226	561	457
2519	19	458
11606	156	458
11879	213	458
12054	530	458
2804	541	458
10535	45	459
16216	110	459
17628	233	459
9883	305	459
7186	480	459
14708	409	460
11796	453	460
8715	11	461
4023	66	461
18378	110	461
14024	128	461
6950	133	461
3954	145	461
14925	157	461
7434	167	461
11189	239	461
1453	265	461
10243	285	461
2639	305	461
7280	380	461
18011	430	461
18328	439	461
2485	484	461
1480	523	461
9139	578	461
2566	291	462
8755	300	462
6854	306	462
1614	390	462
13176	513	462
11099	530	462
13874	562	462
3958	32	463
8458	92	463
13822	95	463
13525	151	463
3218	161	463
15171	170	463
8399	205	463
7912	214	463
5117	217	463
6139	288	463
12171	465	463
5004	178	464
3571	296	464
17432	92	465
13839	134	465
9691	155	465
10988	230	465
9468	463	465
1635	488	465
4489	543	465
9962	559	465
14455	80	466
1893	393	466
2529	411	466
14932	421	466
17173	538	466
6393	549	466
14039	9	467
17427	35	468
12918	70	468
4933	226	468
6019	231	468
1574	242	468
8254	280	468
10760	299	468
1150	352	468
18172	415	468
16053	524	468
7890	538	468
2255	77	469
9276	101	470
659	453	470
15127	27	471
9788	76	471
16002	314	471
9728	375	471
4452	406	471
8846	556	471
6275	65	472
11655	169	472
16314	259	472
17485	574	472
4131	45	473
16950	73	473
5499	117	473
1879	176	473
775	204	473
7578	245	473
17323	277	473
6410	282	473
12902	311	473
4636	338	473
17161	355	473
1711	411	473
13577	501	473
15055	101	474
12418	409	474
12446	453	474
13132	23	475
1163	88	475
11501	91	475
3175	109	475
6069	129	475
11658	142	475
1233	172	475
14139	228	475
15221	230	475
4119	435	475
10139	443	475
3220	524	475
10633	571	475
11510	13	476
12501	28	476
5026	34	476
10375	43	476
15415	45	476
5562	110	476
5241	128	476
15493	153	476
7246	166	476
1185	235	476
3504	257	476
6168	294	476
7129	318	476
1827	329	476
5921	343	476
16173	360	476
1944	376	476
15776	523	476
13043	529	476
6043	588	476
15318	35	477
18441	39	477
7050	182	477
812	185	477
5087	190	477
7432	313	477
13555	362	477
17538	393	477
12408	442	477
1977	503	477
10893	549	477
4439	211	478
2848	218	478
1795	481	478
2351	528	478
4191	77	479
5978	45	480
5626	233	480
6182	356	480
4140	459	480
10077	66	481
7294	134	481
3668	230	481
13038	239	481
12663	399	481
17367	478	481
17766	544	481
12886	582	481
4861	183	482
12911	213	482
12988	216	482
8999	297	482
8463	384	482
14781	70	483
17985	80	483
2102	131	483
2405	180	483
14538	226	483
3064	238	483
10008	354	483
9272	548	483
5210	97	484
8164	161	484
5662	233	484
15252	272	484
18292	430	484
15032	433	484
17188	461	484
2765	506	484
10835	21	485
16360	346	485
15011	42	486
10168	102	487
17650	162	487
7735	164	487
6784	174	487
4348	189	487
4004	201	487
4705	248	487
12237	260	487
5758	351	487
5473	362	487
8117	368	487
2305	402	487
1306	503	487
12334	587	487
1824	17	488
9027	66	488
900	155	488
5016	160	488
2350	233	488
12737	374	488
6952	411	488
4482	425	488
14968	465	488
6557	423	489
12305	193	490
8503	494	490
2477	14	491
11088	70	491
14328	84	491
17296	132	491
12155	185	491
2743	242	491
9923	273	491
6695	279	491
13115	332	491
9996	340	491
2581	352	491
6430	393	491
18426	495	491
15443	557	491
9057	577	491
1892	208	492
3559	229	492
1799	234	492
17355	31	493
12511	113	493
12647	136	493
2248	173	493
11405	184	493
13642	186	493
3625	403	493
8888	514	493
4953	521	493
2541	552	493
16376	9	494
13226	16	494
8675	37	494
3347	193	494
10440	255	494
17352	350	494
4495	490	494
7274	525	494
16005	129	495
14768	231	495
11190	313	495
6249	491	495
6757	524	495
12138	15	496
2747	72	497
9475	322	497
18064	11	498
15394	45	498
763	133	498
14240	157	498
14518	201	498
17919	288	498
15768	295	498
6934	330	498
3399	535	498
9239	552	498
13688	103	499
14465	327	499
17399	508	499
12996	537	499
18402	173	500
13608	512	500
3675	38	501
14312	117	501
5644	207	501
2396	233	501
11507	245	501
10795	280	501
2030	282	501
11234	290	501
5125	338	501
15895	355	501
5160	473	501
3333	548	501
14340	549	501
2103	229	502
2920	237	502
3919	446	502
8320	554	502
11300	567	502
13283	39	503
9372	185	503
13235	198	503
2324	248	503
6499	362	503
5182	442	503
11715	477	503
3295	487	503
8513	409	504
14252	32	505
5022	121	505
864	217	505
18356	270	505
7531	334	505
16889	367	505
4098	376	505
6296	379	506
6645	380	506
2631	386	506
9605	400	506
7318	426	506
15366	439	506
3965	484	506
14299	101	507
9048	409	507
14738	453	507
16844	499	508
15969	45	509
11136	161	509
8901	205	509
7473	449	509
9245	512	509
2254	536	509
12375	140	510
3543	293	510
10124	308	510
7228	346	510
14499	51	511
899	150	511
12480	158	511
16107	177	511
1697	178	511
2980	232	511
3283	255	511
10735	263	511
10402	311	511
4519	394	511
638	447	511
14995	569	511
6940	572	511
15929	30	512
5676	69	512
9358	97	512
12826	233	512
12587	238	512
3991	240	512
15030	243	512
4369	314	512
15767	433	512
15639	500	512
3229	509	512
18161	19	513
6259	35	513
9485	48	513
5989	134	513
1016	164	513
7436	189	513
7216	200	513
2378	260	513
17385	312	513
15566	323	513
666	382	513
14885	390	513
9672	397	513
14143	428	513
11799	462	513
15389	563	513
13318	587	513
12219	7	514
4407	33	514
4069	126	514
10912	162	514
16382	332	514
890	403	514
11552	437	514
17700	442	514
2501	493	514
998	585	514
16302	19	515
4437	188	515
10662	192	515
14417	361	515
2408	72	516
2001	322	516
9938	134	517
11710	186	517
17274	215	517
5446	230	517
3378	244	517
9093	252	517
11516	382	517
12084	391	517
16156	35	518
10279	132	518
5490	173	518
7045	211	518
3782	304	518
4847	420	518
5778	588	518
10166	546	519
5774	126	520
13832	214	520
14583	246	520
12531	265	520
12665	336	520
14429	355	520
15494	389	520
13573	411	520
2844	576	520
9312	49	521
12561	55	521
16221	88	521
4782	97	521
14426	103	521
1029	244	521
10739	276	521
17825	493	521
14114	208	522
971	128	523
4638	201	523
9658	343	523
17552	461	523
1613	476	523
1541	588	523
8196	107	524
11344	231	524
4035	468	524
7507	475	524
8770	495	524
16408	557	524
5552	179	525
2729	494	525
15172	568	525
4536	111	526
6267	221	526
9812	230	526
16145	246	526
17453	252	526
3831	391	526
5325	574	526
6118	208	527
18125	63	528
6126	175	528
5996	181	528
16587	239	528
6830	285	528
2584	341	528
16472	344	528
4825	478	528
5040	153	529
16896	276	529
14735	334	529
3215	341	529
16668	449	529
4279	476	529
3207	1	530
3695	23	530
1959	65	530
17388	227	530
3210	259	530
14214	262	530
9370	298	530
15147	363	530
10044	444	530
11497	458	530
3843	462	530
10573	562	530
6680	1	531
14037	65	531
16351	68	531
7183	215	531
5975	246	531
12626	259	531
4051	304	531
17642	413	531
16434	444	531
11104	69	532
3077	180	532
1982	205	532
8378	207	532
13972	321	532
4302	549	532
3602	559	532
6437	95	533
5639	125	533
9612	193	533
10215	370	533
16793	566	533
4059	573	533
9425	208	534
6444	161	535
13791	212	535
2988	241	535
12458	288	535
714	317	535
17085	321	535
5430	330	535
16818	498	535
14394	540	535
8311	45	536
7350	233	536
9451	396	536
13790	509	536
11625	27	537
3376	179	537
7542	388	537
17706	499	537
17693	35	538
17664	129	538
16718	211	538
17394	225	538
17100	242	538
3790	256	538
2005	349	538
13112	415	538
16675	427	538
6954	466	538
8649	468	538
1622	559	538
8194	57	539
15677	140	539
865	586	539
10418	31	540
16658	120	540
2215	535	540
14592	553	540
2289	188	541
9406	213	541
9164	298	541
8605	458	541
12246	200	542
1836	218	542
5575	13	543
2355	17	543
2333	110	543
10964	148	543
15503	182	543
2338	187	543
11829	343	543
7891	354	543
4589	434	543
17610	465	543
10083	554	543
4114	41	544
9745	370	544
5756	481	544
2497	582	544
17124	89	545
12720	168	545
3975	172	545
18364	15	546
15065	359	546
14390	423	546
15066	519	546
8781	9	547
6418	85	547
12783	200	547
1927	237	547
852	357	547
10725	447	547
1091	5	548
15736	73	548
17293	86	548
10910	117	548
1456	172	548
13086	176	548
3343	204	548
4086	207	548
12567	245	548
3910	286	548
17351	380	548
11375	386	548
10356	439	548
950	444	548
10487	483	548
17403	501	548
7118	558	548
10908	581	548
5939	12	549
13468	69	549
8864	97	549
7958	206	549
4219	264	549
15888	355	549
10722	362	549
6189	466	549
9875	477	549
1516	501	549
7953	532	549
9290	447	550
2195	4	551
794	37	551
16184	193	551
3789	255	551
14802	283	551
12349	414	551
8927	31	552
1585	55	552
2549	133	552
14880	264	552
18124	330	552
13445	437	552
2090	493	552
1993	498	552
7474	29	553
2643	49	553
1468	120	553
8853	138	553
3359	210	553
10312	226	553
9777	319	553
16272	367	553
4526	403	553
601	540	553
5846	561	553
2017	588	553
3666	346	554
18176	348	554
11107	446	554
2705	453	554
12608	502	554
4804	543	554
2139	293	555
11464	27	556
6243	39	556
16777	190	556
4145	375	556
2079	405	556
3638	471	556
5674	23	557
16133	340	557
1222	403	557
14402	491	557
13827	524	557
6375	45	558
10362	264	558
16887	449	558
16500	548	558
6670	45	559
11063	92	559
11412	98	559
4655	129	559
11984	180	559
2098	212	559
16303	251	559
2078	300	559
5571	465	559
1287	532	559
11212	538	559
16891	561	559
12209	47	560
17744	408	560
13410	80	561
16704	210	561
8078	211	561
7453	212	561
15777	264	561
1782	457	561
5817	553	561
9001	559	561
10316	194	562
9114	227	562
16516	262	562
5056	291	562
5329	462	562
1314	530	562
1112	19	563
16142	198	563
11607	513	563
18413	19	564
9689	174	564
11419	194	564
3810	291	564
8048	300	564
4170	454	564
13438	587	564
3909	44	565
14997	57	565
8953	60	565
16240	99	565
7320	100	565
4632	115	565
3484	199	565
15715	241	565
18078	253	565
4716	261	565
3658	315	565
11643	317	565
6001	324	565
13629	331	565
3503	400	565
17563	143	566
14783	370	566
16250	533	566
1248	502	567
12545	261	568
15148	317	568
14544	525	568
7376	580	568
11540	511	569
7995	42	570
13864	202	570
2922	145	571
6306	172	571
2495	335	571
1936	435	571
3004	475	571
4549	178	572
2119	511	572
8549	74	573
15948	370	573
7564	533	573
3096	586	573
13041	65	574
3610	194	574
10288	328	574
1731	361	574
1341	472	574
7260	526	574
16677	72	575
11680	322	575
3026	148	576
11980	411	576
3648	421	576
8811	520	576
5120	23	577
13496	39	577
4465	169	577
12853	275	577
6030	279	577
8961	300	577
15686	352	577
2398	358	577
15344	363	577
14846	407	577
3128	491	577
5664	63	578
1365	167	578
1681	211	578
8203	295	578
5925	430	578
13535	433	578
18191	461	578
5019	145	579
15626	149	579
10133	213	579
8180	115	580
7292	143	580
14760	325	580
9441	381	580
9070	568	580
9712	75	581
7258	86	581
11634	172	581
16907	286	581
1611	323	581
13743	363	581
5058	436	581
16662	548	581
1223	41	582
1925	270	582
816	295	582
13923	301	582
15265	481	582
2143	544	582
17606	109	583
12051	142	583
6547	183	583
1806	213	583
3058	227	583
12578	233	583
9268	250	583
15230	208	584
6707	186	585
6473	221	585
8569	514	585
17123	94	586
1880	125	586
7257	324	586
6392	370	586
905	539	586
15867	573	586
15915	10	587
14533	27	587
8705	154	587
9704	189	587
17566	302	587
4715	388	587
17697	487	587
15356	513	587
6887	564	587
3780	12	588
13576	34	588
17532	55	588
10565	78	588
14344	128	588
2606	153	588
14922	157	588
11902	201	588
14435	395	588
4993	420	588
5875	476	588
17207	518	588
16293	523	588
15473	553	588
3937	7	1
17920	65	1
5847	214	1
957	215	1
18232	246	1
7226	401	1
9227	444	1
9704	530	1
12333	531	1
9961	9	2
17583	274	2
9072	388	2
9382	208	3
16260	293	3
8169	16	4
14896	37	4
10244	57	4
12110	147	4
14133	203	4
4071	255	4
10343	301	4
13196	414	4
9521	551	4
5571	112	5
866	172	5
17476	233	5
10223	386	5
8000	436	5
9840	548	5
4729	178	6
9365	1	7
8285	248	7
5730	332	7
8029	444	7
17520	514	7
15992	23	8
2813	137	8
8311	358	8
5183	402	8
919	452	8
5406	2	9
5088	18	9
624	90	9
6305	105	9
14792	118	9
12277	153	9
15367	191	9
6484	196	9
1919	222	9
1688	235	9
17612	257	9
16587	326	9
17888	449	9
2372	456	9
14488	467	9
17828	494	9
1889	547	9
1364	81	10
7230	97	10
17468	154	10
15748	314	10
18191	364	10
15301	379	10
3141	587	10
9486	59	11
12981	63	11
5782	181	11
7469	256	11
3498	269	11
1431	433	11
1907	461	11
9888	498	11
3800	121	12
6532	147	12
13158	181	12
5348	183	12
2689	415	12
12642	416	12
18124	549	12
18278	588	12
2918	14	13
13153	45	13
14148	57	13
15096	130	13
11871	163	13
17868	243	13
2905	264	13
11951	318	13
5314	343	13
14098	425	13
1087	449	13
11288	451	13
6642	476	13
14586	543	13
5924	13	14
6767	107	14
9104	183	14
16422	273	14
6110	340	14
8253	491	14
4221	62	15
6912	229	15
5539	496	15
9504	546	15
9689	4	16
5579	193	16
6574	494	16
3205	45	17
14105	151	17
16818	155	17
690	160	17
2118	411	17
5706	434	17
3320	488	17
14537	543	17
3834	9	18
10428	94	18
6119	123	18
3434	196	18
16934	326	18
13100	346	18
17459	453	18
1697	32	19
10375	127	19
9249	174	19
6562	185	19
1136	188	19
14309	192	19
2857	219	19
3164	458	19
5642	513	19
15095	515	19
3100	563	19
7259	564	19
15117	100	20
5082	140	20
9298	179	20
1391	192	20
1398	209	20
1214	310	20
3682	405	20
14334	426	20
6497	92	21
11578	116	21
15931	180	21
6878	321	21
3932	437	21
9717	485	21
2133	101	22
12561	409	22
3792	8	23
5305	70	23
3773	84	23
13028	172	23
15007	279	23
7129	335	23
1151	350	23
14033	358	23
892	363	23
14062	475	23
7946	530	23
17195	557	23
16339	577	23
7823	42	24
9761	178	25
17820	296	25
8558	178	26
2700	85	27
8185	154	27
3906	189	27
11226	190	27
11898	375	27
15244	405	27
9715	406	27
8367	434	27
16307	471	27
11793	537	27
12819	556	27
5318	587	27
8967	153	28
719	233	28
4621	434	28
12530	449	28
1820	476	28
10860	165	29
12661	266	29
2046	319	29
4876	357	29
5928	389	29
16982	421	29
17589	553	29
17619	71	30
2458	119	30
4185	146	30
5851	238	30
10158	291	30
17695	332	30
14908	335	30
10740	402	30
1291	406	30
13219	512	30
13054	55	31
12934	173	31
17327	403	31
9188	427	31
10389	493	31
5950	540	31
18211	552	31
4789	19	32
11210	187	32
12278	354	32
3861	367	32
11911	377	32
10490	418	32
2501	425	32
2025	463	32
17307	505	32
16832	84	33
1481	215	33
4120	401	33
710	403	33
1763	514	33
1462	110	34
8485	157	34
7763	476	34
13260	588	34
2314	78	35
6744	242	35
3448	313	35
12190	390	35
16841	393	35
13883	413	35
16962	420	35
13106	468	35
5680	477	35
6898	513	35
15896	518	35
12358	538	35
4902	234	36
3644	409	36
7932	4	37
17981	178	37
707	301	37
4494	494	37
11507	551	37
1562	277	38
12195	411	38
9515	444	38
7083	501	38
10873	48	39
11573	182	39
10178	198	39
5994	264	39
10349	279	39
5843	313	39
6533	368	39
18158	385	39
15348	477	39
15324	503	39
8794	556	39
4432	577	39
8707	210	40
13595	211	40
6393	350	40
11310	368	40
11187	53	41
15795	58	41
17318	63	41
10725	107	41
9244	309	41
15638	315	41
2350	344	41
12910	399	41
14039	544	41
592	582	41
1207	24	42
12805	287	42
9953	320	42
15948	337	42
17889	486	42
15171	570	42
13715	329	43
11601	476	43
10539	57	44
13204	241	44
7820	310	44
3404	331	44
17100	381	44
5905	565	44
3710	13	45
16184	17	45
3740	73	45
8976	110	45
8228	112	45
10953	117	45
11131	130	45
4863	133	45
9299	151	45
17329	157	45
5222	170	45
4297	176	45
13195	204	45
10209	233	45
2420	245	45
15279	305	45
1796	356	45
12374	396	45
12294	449	45
2948	459	45
9617	473	45
8646	476	45
1147	480	45
11429	498	45
15577	509	45
9488	536	45
15312	558	45
3595	559	45
2338	72	46
1754	419	47
7350	560	47
1135	39	48
8843	300	48
7395	457	48
7252	513	48
7707	97	49
4681	131	49
2062	138	49
3617	180	49
635	206	49
4329	215	49
15586	276	49
4941	367	49
13468	521	49
3844	553	49
10856	423	50
9714	178	51
7113	511	51
16544	52	52
8887	93	52
4992	419	52
17797	431	52
10063	41	53
8754	175	53
12510	344	53
1319	399	53
11073	111	54
12215	134	54
8137	152	54
12150	160	54
12630	200	54
13582	230	54
7582	399	54
11997	31	55
9969	97	55
15482	330	55
5772	521	55
11899	552	55
4884	588	55
10520	234	56
11143	409	56
11061	4	57
6930	13	57
5679	44	57
5053	122	57
6292	140	57
12594	247	57
17007	271	57
16456	331	57
15042	364	57
1751	539	57
8815	565	57
2070	41	58
10372	208	58
9851	295	58
12339	307	58
3251	433	58
4693	11	59
1397	140	59
8287	237	59
14602	256	59
10824	348	59
983	379	59
15151	400	59
17125	99	60
6585	100	60
17235	122	60
5930	144	60
7215	199	60
10291	271	60
4658	310	60
9150	331	60
13333	346	60
5650	426	60
11885	565	60
10250	101	61
16635	409	61
4127	15	62
2152	11	63
4048	41	63
13441	211	63
3966	285	63
11957	286	63
6502	348	63
2949	364	63
6940	400	63
17423	528	63
7069	578	63
16133	101	64
7042	409	64
14392	453	64
17671	1	65
6999	174	65
16514	194	65
6338	259	65
9683	391	65
11392	472	65
4881	530	65
2497	531	65
13894	574	65
15016	182	66
13569	225	66
13803	305	66
14312	328	66
14164	343	66
4808	430	66
6235	461	66
2511	481	66
11738	488	66
12915	335	67
16585	342	67
9046	450	67
4826	170	68
7492	411	68
12457	531	68
17652	148	69
8156	240	69
17647	512	69
10129	532	69
17876	549	69
14624	23	70
17890	107	70
10849	131	70
15281	132	70
4670	231	70
16198	299	70
16229	468	70
14359	483	70
1300	491	70
11186	30	71
3605	146	71
12424	306	71
3377	402	71
13029	406	71
4972	46	72
17497	316	72
4146	322	72
8642	333	72
2323	412	72
12235	424	72
8434	432	72
4770	445	72
2032	497	72
5078	516	72
15619	575	72
3155	45	73
6976	112	73
14110	176	73
14160	204	73
4571	207	73
11439	473	73
17040	548	73
18071	94	74
3396	125	74
9548	143	74
16257	301	74
9567	325	74
4308	345	74
18262	365	74
8714	399	74
13745	573	74
15390	102	75
4867	152	75
13498	160	75
4916	186	75
17851	230	75
5329	275	75
2601	367	75
18187	389	75
3926	581	75
12079	109	76
14930	149	76
11206	209	76
8458	213	76
2037	306	76
13164	375	76
2867	471	76
8106	197	77
16697	292	77
4263	296	77
18473	302	77
10015	469	77
16824	479	77
13043	35	78
16848	242	78
3654	395	78
12715	588	78
11700	101	79
6141	409	79
5526	453	79
6592	107	80
4565	113	80
12980	159	80
11358	184	80
1298	264	80
3215	341	80
12575	390	80
14361	466	80
1952	483	80
2274	561	80
3717	10	81
10101	173	81
7028	348	81
5991	364	81
4056	409	81
18155	302	82
12662	101	83
3233	409	83
4976	23	84
5259	33	84
12775	242	84
9053	279	84
5428	291	84
5230	332	84
12649	352	84
17721	383	84
15115	491	84
5081	27	85
6162	90	85
13190	105	85
9920	178	85
14131	200	85
4626	296	85
2317	447	85
2610	547	85
8306	251	86
1716	290	86
6688	336	86
7703	413	86
5729	444	86
7495	548	86
11768	581	86
14350	193	87
10526	301	87
7984	131	88
11510	132	88
5973	231	88
10417	299	88
4896	451	88
12991	475	88
10504	521	88
9033	172	89
9804	238	89
12773	239	89
6439	286	89
16087	323	89
12958	435	89
6803	545	89
16851	9	90
17618	85	90
5625	357	90
8083	447	90
15024	168	91
10217	172	91
11580	358	91
13592	475	91
4946	21	92
14463	95	92
1345	98	92
2464	217	92
1190	407	92
8934	463	92
8984	465	92
5499	559	92
2736	52	93
6230	419	93
9110	18	94
11151	74	94
10613	115	94
12944	324	94
4341	381	94
1330	586	94
17474	92	95
2378	182	95
5191	220	95
18218	354	95
7306	418	95
13669	463	95
15418	533	95
17408	408	96
17056	10	97
12714	49	97
4738	55	97
15373	157	97
3186	276	97
16196	314	97
1648	321	97
17431	433	97
4550	437	97
3227	449	97
17101	484	97
7969	512	97
1023	521	97
16718	549	97
10153	92	98
13800	120	98
16620	180	98
13087	187	98
15317	210	98
5629	212	98
18181	559	98
15478	60	99
2579	100	99
10906	122	99
16887	144	99
13789	199	99
12469	271	99
13693	310	99
711	331	99
13119	346	99
16728	426	99
9194	565	99
3177	20	100
2738	60	100
6726	99	100
9316	203	100
14045	255	100
17428	310	100
16043	331	100
9759	453	100
13869	565	100
13232	22	101
6897	61	101
16392	64	101
5288	79	101
11445	83	101
13110	339	101
11568	372	101
12886	373	101
17626	404	101
12716	409	101
10461	470	101
7006	474	101
1527	507	101
1879	75	102
5718	198	102
4854	201	102
14328	275	102
12709	382	102
4721	391	102
3338	487	102
4977	321	103
8668	499	103
7965	521	103
2281	149	104
9602	183	104
11989	213	104
7860	291	104
6551	309	104
18123	443	104
667	9	105
11945	85	105
5547	200	105
13057	237	105
11090	357	105
9625	447	105
13248	216	106
17972	253	106
14847	297	106
7679	426	106
1851	14	107
16536	41	107
4014	70	107
10763	80	107
8583	124	107
18098	126	107
13425	163	107
14236	187	107
9640	315	107
10896	341	107
1720	366	107
12965	384	107
14187	524	107
5079	213	108
4029	291	108
6106	392	108
18011	454	108
13120	76	109
14975	183	109
6550	213	109
12432	443	109
14227	475	109
5136	583	109
10059	34	110
6294	45	110
11300	157	110
16168	233	110
7038	459	110
3506	461	110
8501	476	110
11395	543	110
10249	54	111
15371	219	111
6252	221	111
3183	403	111
9484	526	111
8950	5	112
8814	45	112
6377	73	112
17968	170	112
14775	80	113
3272	241	113
13137	248	113
5958	350	113
3678	400	113
2081	430	113
10282	451	113
2263	493	113
1389	184	114
6528	242	114
11632	343	114
10692	362	114
14411	94	115
6839	124	115
8877	175	115
14980	216	115
7730	331	115
15941	366	115
8870	381	115
7443	565	115
9094	580	115
8305	21	116
2469	120	116
1412	180	116
15332	182	116
5397	226	116
16079	354	116
6466	355	116
11294	45	117
5535	233	117
5834	245	117
14824	473	117
9049	501	117
6266	548	117
10647	9	118
16157	200	118
8180	453	118
7845	30	119
12192	146	119
3095	291	119
2430	392	119
17089	98	120
7221	116	120
3951	138	120
680	165	120
8816	180	120
12970	226	120
18231	357	120
3879	540	120
10460	553	120
10803	12	121
7125	195	121
15675	335	121
5516	350	121
9786	377	121
1584	457	121
3969	505	121
8313	57	122
13558	60	122
4999	99	122
6274	315	122
14846	381	122
2298	18	123
9576	453	123
7258	107	124
968	115	124
1079	344	124
18152	366	124
16597	381	124
4102	74	125
12553	533	125
17793	586	125
8537	107	126
9837	243	126
7639	328	126
3152	355	126
10658	411	126
16139	416	126
16187	457	126
777	514	126
14000	520	126
4209	19	127
6753	192	127
18271	312	127
13848	201	128
6737	242	128
13528	270	128
955	442	128
5093	461	128
6027	476	128
9069	523	128
12791	588	128
4154	148	129
11927	184	129
17069	211	129
13673	475	129
2559	495	129
7878	538	129
13572	559	129
3801	13	130
1098	45	130
11500	170	130
8107	233	130
14806	434	130
1625	49	131
1980	70	131
13895	88	131
14271	136	131
726	226	131
17718	231	131
18018	299	131
18154	304	131
17991	413	131
17716	483	131
15783	70	132
10027	88	132
4062	211	132
14393	218	132
8561	266	132
5249	420	132
1230	451	132
16815	491	132
14890	518	132
9880	45	133
6836	182	133
6918	241	133
3629	285	133
16219	305	133
16958	400	133
4479	437	133
14601	461	133
4233	498	133
7991	552	133
17341	54	134
6785	136	134
4798	200	134
8404	227	134
13915	230	134
16546	312	134
16689	323	134
15565	465	134
5315	481	134
6045	513	134
5130	517	134
14264	409	135
17200	453	135
9571	131	136
4254	134	136
10877	227	136
14939	403	136
18312	493	136
6345	8	137
7413	205	137
10292	352	137
17986	402	137
15240	436	137
930	449	137
1978	49	138
6431	120	138
17990	226	138
10804	304	138
4286	319	138
3286	413	138
746	553	138
7917	447	139
11307	20	140
8119	57	140
4669	59	140
15057	247	140
12559	310	140
4408	369	140
13638	414	140
18297	510	140
17675	539	140
2344	423	141
2368	172	142
2791	190	142
11259	213	142
14276	250	142
12549	298	142
14583	475	142
8201	583	142
7688	74	143
11570	206	143
4273	325	143
17522	566	143
5550	580	143
13046	60	144
12635	99	144
4310	179	144
5360	310	144
15156	315	144
14887	346	144
7237	205	145
14113	335	145
3409	352	145
13640	461	145
14419	571	145
6075	579	145
17842	30	146
8623	71	146
6077	119	146
15442	300	146
4878	306	146
3632	452	146
18244	4	147
15966	12	147
11095	213	147
1825	223	147
1768	228	147
14117	384	147
9766	69	148
13811	129	148
17953	215	148
6626	314	148
11024	543	148
7211	576	148
14656	76	149
8334	104	149
15225	213	149
8790	258	149
6367	455	149
12884	579	149
5349	178	150
5981	511	150
7724	17	151
11159	45	151
6371	170	151
18162	356	151
13107	374	151
11819	463	151
2923	54	152
14508	75	152
8056	200	152
14945	238	152
2728	323	152
17717	9	153
16476	28	153
9792	163	153
13988	235	153
13302	449	153
6038	476	153
7785	529	153
18469	588	153
13795	10	154
14568	27	154
9742	406	154
10928	587	154
11369	17	155
6654	160	155
5147	233	155
17107	411	155
4025	425	155
16308	465	155
14749	488	155
15398	253	156
3953	297	156
7361	324	156
1714	361	156
3180	458	156
9671	34	157
14432	45	157
6559	97	157
2987	110	157
17651	420	157
13191	449	157
9375	461	157
11874	498	157
15781	588	157
14719	511	158
2934	80	159
2792	195	159
10051	224	159
1430	348	159
6423	409	159
16319	17	160
8392	54	160
16672	75	160
5999	155	160
16809	230	160
7748	265	160
11280	285	160
1958	413	160
734	488	160
9304	180	161
5210	205	161
11343	217	161
15856	241	161
7578	305	161
2820	463	161
13076	484	161
8663	509	161
13370	535	161
1934	169	162
16423	391	162
5979	402	162
2541	487	162
18164	514	162
2126	13	163
11050	107	163
18364	153	163
2190	179	163
12165	318	163
8463	341	163
16134	434	163
16380	406	164
15174	487	164
8186	513	164
10621	29	165
5696	120	165
2248	266	165
10240	389	165
2973	410	165
14720	334	166
6099	347	166
8606	447	166
15911	476	166
5004	241	167
6846	253	167
3011	265	167
1074	285	167
11114	330	167
2966	400	167
11978	461	167
9964	578	167
17676	91	168
7727	172	168
18288	238	168
14531	545	168
3671	162	169
8779	174	169
16150	185	169
17680	428	169
6712	472	169
17372	577	169
13870	45	170
11558	68	170
7254	112	170
13088	130	170
16548	151	170
16250	328	170
7682	411	170
6385	421	170
5954	434	170
2236	463	170
11696	409	171
2431	5	172
6189	23	172
1097	89	172
6971	91	172
8363	142	172
5137	168	172
9313	227	172
2175	228	172
14635	238	172
11782	265	172
958	386	172
8265	436	172
1782	439	172
10927	475	172
16671	545	172
8024	548	172
15916	571	172
3905	581	172
11094	31	173
7372	81	173
5445	195	173
3197	299	173
6044	420	173
3584	493	173
8289	500	173
2088	518	173
11977	19	174
15504	65	174
11229	169	174
14195	252	174
14856	363	174
7856	382	174
3518	401	174
6354	428	174
4677	487	174
12988	564	174
8325	53	175
12361	115	175
11556	310	175
3017	344	175
3312	366	175
2301	528	175
18012	45	176
3250	73	176
3843	233	176
6115	245	176
7657	473	176
11853	548	176
6395	178	177
2778	511	177
1802	6	178
12787	25	178
17351	26	178
17367	37	178
4260	51	178
5336	85	178
797	150	178
4228	177	178
12933	254	178
1866	296	178
1063	387	178
6612	448	178
4463	464	178
8421	511	178
14163	572	178
6703	20	179
5957	144	179
10632	163	179
1408	209	179
9143	253	179
12067	346	179
14158	422	179
5238	525	179
15837	537	179
10929	21	180
13044	49	180
10891	98	180
3244	116	180
6411	120	180
8349	161	180
13081	251	180
1676	264	180
748	299	180
17567	321	180
9117	354	180
7148	367	180
11232	483	180
13341	532	180
2324	559	180
9846	11	181
3623	12	181
15671	224	181
9833	285	181
17068	295	181
6264	528	181
17485	39	182
7731	66	182
6155	95	182
12832	116	182
11029	133	182
3866	210	182
3868	220	182
11913	362	182
5837	399	182
9424	434	182
17955	477	182
14551	543	182
11234	12	183
14538	14	183
7173	104	183
5791	109	183
6072	239	183
13583	250	183
15210	253	183
3394	271	183
3424	307	183
1551	309	183
6069	344	183
4423	384	183
15575	416	183
10888	443	183
10667	482	183
5515	583	183
17836	80	184
12251	114	184
1877	129	184
2187	343	184
2387	411	184
18269	493	184
11754	19	185
13943	169	185
18438	390	185
16108	393	185
3752	401	185
9068	428	185
14861	444	185
17930	477	185
4256	491	185
18440	503	185
17741	75	186
3591	215	186
13805	230	186
7115	243	186
11716	493	186
8069	517	186
2505	585	186
7793	32	187
3058	98	187
14089	107	187
16485	341	187
10001	543	187
8234	19	188
8585	192	188
14061	219	188
7522	297	188
17579	426	188
17708	515	188
15749	541	188
7204	27	189
4717	487	189
2340	513	189
2636	587	189
7270	27	190
7334	142	190
15085	477	190
5819	556	190
10251	9	191
8753	19	192
18238	20	192
15587	127	192
12924	188	192
13797	361	192
9574	515	192
9252	16	193
1668	87	193
4392	219	193
15555	225	193
12815	490	193
4868	494	193
9001	533	193
11334	551	193
17185	65	194
2414	262	194
13655	361	194
10724	562	194
2615	564	194
4374	574	194
3053	121	195
14867	159	195
3687	173	195
14679	377	195
10091	427	195
3200	437	195
16463	457	195
12743	9	196
17684	18	196
6279	200	196
14057	453	196
9552	77	197
9682	39	198
16295	102	198
3327	270	198
7316	275	198
13854	334	198
2989	351	198
12354	382	198
2250	418	198
17003	442	198
8141	503	198
7568	563	198
11055	60	199
11308	99	199
2235	271	199
10450	331	199
9055	426	199
13545	565	199
7149	54	200
3701	85	200
14609	105	200
5563	118	200
4512	134	200
18443	152	200
10433	196	200
4995	201	200
11892	334	200
1367	351	200
16149	397	200
16253	513	200
8726	542	200
1832	547	200
2686	102	201
13575	128	201
13429	200	201
15849	343	201
6614	351	201
17490	382	201
10986	442	201
4313	487	201
812	498	201
15439	523	201
17228	588	201
7602	570	202
11741	4	203
15547	100	203
618	453	203
7190	45	204
13600	73	204
12831	473	204
16214	548	204
5667	137	205
2136	145	205
11545	161	205
4702	214	205
8100	233	205
8717	262	205
17961	335	205
2416	352	205
7617	415	205
16232	463	205
12139	509	205
11564	532	205
15303	49	206
8281	143	206
8417	264	206
11328	276	206
17854	325	206
8763	549	206
16991	73	207
4851	233	207
12780	272	207
7801	501	207
4088	532	207
17479	548	207
2731	3	208
2267	58	208
18222	234	208
9501	278	208
11018	293	208
1016	429	208
2818	438	208
8892	441	208
6282	492	208
17265	522	208
1514	527	208
15474	534	208
16978	584	208
677	20	209
7709	76	209
8808	179	209
7998	297	209
1182	40	210
15922	98	210
13956	182	210
5115	264	210
16660	276	210
12400	347	210
10068	350	210
7747	553	210
13920	561	210
15893	40	211
5605	63	211
7438	129	211
2611	132	211
3583	218	211
16017	243	211
15807	251	211
5936	256	211
2544	295	211
7840	427	211
12293	478	211
15230	518	211
5451	538	211
9933	561	211
15914	578	211
907	98	212
10411	449	212
16577	535	212
7832	559	212
15949	561	212
12191	76	213
8278	104	213
16290	108	213
8846	109	213
2547	142	213
13402	147	213
16928	149	213
5567	216	213
14327	217	213
2670	223	213
6175	297	213
12855	298	213
8419	335	213
715	380	213
3691	384	213
8160	392	213
1760	439	213
10868	443	213
18470	455	213
16662	458	213
1096	482	213
17592	541	213
3797	579	213
4820	583	213
4606	1	214
17899	205	214
17313	352	214
13281	416	214
5028	444	214
8036	463	214
5841	520	214
17407	1	215
6062	33	215
6824	49	215
14267	148	215
6848	186	215
15958	249	215
17225	517	215
11123	531	215
16786	106	216
18323	115	216
10543	213	216
4369	217	216
1317	223	216
14780	297	216
6036	361	216
10380	482	216
14445	92	217
4581	161	217
11085	213	217
9536	216	217
14134	220	217
1366	250	217
2434	297	217
11752	377	217
14574	463	217
16408	505	217
15557	132	218
6293	211	218
6520	348	218
1533	352	218
10011	378	218
5911	431	218
13421	478	218
10247	542	218
9866	19	219
8175	111	219
12803	188	219
14070	193	219
2898	354	219
5221	388	219
15505	95	220
12974	182	220
8780	217	220
11393	354	220
11068	370	220
14068	111	221
8187	345	221
8171	526	221
2518	585	221
4331	9	222
18461	147	223
6977	213	223
18029	216	223
13427	297	223
4234	159	224
9434	181	224
9115	238	224
13808	239	224
1508	307	224
6349	66	225
1506	193	225
15143	275	225
13348	334	225
10866	400	225
9269	538	225
9915	116	226
12627	120	226
15000	131	226
3288	138	226
2658	468	226
7916	483	226
17789	553	226
17518	134	227
14585	136	227
608	172	227
11276	228	227
10890	230	227
6635	233	227
15331	323	227
11833	435	227
631	530	227
18076	562	227
11205	583	227
15133	147	228
1521	172	228
14292	227	228
11640	238	228
5887	291	228
1950	435	228
10119	452	228
7057	475	228
14696	15	229
6427	281	229
12043	441	229
18008	492	229
13967	502	229
6185	54	230
2946	75	230
12212	134	230
18215	160	230
13916	186	230
17922	227	230
7191	244	230
8536	265	230
12239	298	230
6180	304	230
5700	465	230
6544	475	230
6195	481	230
17534	517	230
1209	526	230
12291	70	231
875	88	231
10593	131	231
949	304	231
17662	468	231
16816	495	231
2012	524	231
6510	511	232
10910	5	233
5298	28	233
6462	45	233
8293	110	233
10014	117	233
2558	130	233
9334	155	233
11242	176	233
13305	205	233
11910	207	233
4075	227	233
7909	245	233
2530	272	233
18252	286	233
6016	318	233
16222	328	233
2406	374	233
3824	380	233
16956	386	233
2612	389	233
4791	436	233
13612	459	233
13434	480	233
15537	484	233
3795	488	233
12472	501	233
8539	512	233
10387	536	233
17514	583	233
12953	36	234
5707	56	234
14353	208	234
5838	237	234
7117	267	234
14504	293	234
13214	308	234
1693	441	234
10276	492	234
10800	9	235
10960	153	235
11022	347	235
17199	476	235
17028	447	236
8251	59	237
17745	105	237
839	234	237
11075	284	237
13082	289	237
16547	398	237
9397	502	237
13654	547	237
10886	30	238
3607	89	238
13806	152	238
9266	168	238
14200	172	238
8206	224	238
18330	228	238
9616	314	238
2433	483	238
13833	512	238
11340	89	239
17526	183	239
2943	224	239
18348	309	239
13975	461	239
14444	481	239
4635	528	239
8052	69	240
3748	409	240
11440	418	240
14569	512	240
6458	44	241
13364	113	241
5676	133	241
16296	161	241
14375	167	241
3090	331	241
1773	535	241
6373	565	241
9587	35	242
4739	78	242
12166	84	242
15533	114	242
17729	128	242
6773	273	242
5618	279	242
12778	415	242
7981	420	242
14596	468	242
6273	491	242
2912	538	242
9938	13	243
7024	126	243
7381	186	243
2930	211	243
9448	265	243
8514	355	243
9873	389	243
12394	451	243
1269	512	243
17782	230	244
873	246	244
11595	349	244
4077	420	244
4988	517	244
18395	521	244
4897	45	245
11599	117	245
16496	176	245
2841	233	245
15953	434	245
12143	473	245
9646	501	245
8222	548	245
13103	1	246
9599	244	246
16639	249	246
15354	390	246
9870	391	246
14140	403	246
3699	520	246
11513	526	246
14710	531	246
14168	57	247
10610	140	247
7822	7	248
15380	113	248
12244	332	248
9670	362	248
16323	368	248
14325	487	248
16118	503	248
5052	215	249
12210	246	249
8096	276	249
11451	325	249
17339	142	250
13875	183	250
14910	217	250
2851	361	250
13072	399	250
2825	583	250
1822	86	251
3484	180	251
2592	211	251
14741	367	251
15886	457	251
3938	559	251
3364	174	252
8864	428	252
17294	454	252
4137	517	252
16885	526	252
3692	106	253
10823	156	253
10316	167	253
14210	179	253
11017	183	253
9881	271	253
13409	297	253
18077	317	253
8259	331	253
18309	565	253
761	178	254
15483	296	254
14742	4	255
3744	100	255
7816	301	255
16944	494	255
1699	511	255
10726	551	255
1560	11	256
10913	59	256
13104	211	256
3822	314	256
6905	327	256
14329	330	256
4885	348	256
15532	427	256
6309	433	256
5090	437	256
16971	538	256
8911	9	257
10591	334	257
3322	347	257
6291	434	257
10289	476	257
13243	149	258
12088	268	258
4561	291	258
3099	306	258
4236	335	258
693	358	258
5372	452	258
5899	65	259
3441	265	259
17525	472	259
8042	530	259
3864	531	259
9210	406	260
1342	487	260
2751	513	260
17878	317	261
2878	331	261
8952	565	261
17192	568	261
5779	194	262
1915	205	262
4002	335	262
15876	530	262
7421	562	262
14685	511	263
1180	13	264
12984	39	264
16035	80	264
14727	180	264
18040	206	264
788	210	264
6743	282	264
16241	311	264
15812	338	264
11721	347	264
15817	349	264
3400	549	264
11617	552	264
9565	558	264
9810	561	264
9895	160	265
4013	167	265
4089	172	265
5689	230	265
4150	243	265
7954	259	265
10163	328	265
10079	355	265
9578	461	265
12497	520	265
4028	29	266
16347	132	266
4499	165	266
9876	280	266
8299	354	266
16334	234	267
11539	409	267
10754	258	268
13567	291	268
9288	335	268
17790	11	269
11937	348	269
7098	128	270
10374	198	270
17114	349	270
3704	418	270
2954	505	270
8330	582	270
7081	57	271
1540	60	271
12156	99	271
10538	183	271
13478	199	271
3642	253	271
8570	291	271
13578	309	271
15197	426	271
6284	207	272
8842	233	272
8146	386	272
15647	484	272
4384	14	273
10378	242	273
1445	313	273
6403	340	273
7955	491	273
17791	2	274
5907	75	275
2231	102	275
5341	198	275
769	225	275
13482	382	275
4601	577	275
14391	49	276
1325	97	276
7116	206	276
9087	210	276
12876	249	276
17306	341	276
3075	347	276
13566	521	276
3590	529	276
11636	38	277
4101	290	277
6114	411	277
18046	421	277
5641	473	277
13554	208	278
12652	23	279
16205	39	279
1443	84	279
5876	242	279
13614	368	279
6634	383	279
7112	444	279
10817	491	279
13905	577	279
6187	266	280
7618	311	280
16048	349	280
4008	413	280
18119	468	280
18250	501	280
7869	229	281
6768	264	282
4296	473	282
11837	501	282
770	551	283
14318	237	284
1918	63	285
2540	133	285
9233	160	285
15674	167	285
7432	181	285
14756	381	285
17856	461	285
9887	528	285
14121	63	286
18176	89	286
11224	233	286
11222	335	286
13220	386	286
13361	548	286
13032	581	286
12116	42	287
9149	313	288
14252	463	288
6451	498	288
4707	535	288
12614	237	289
9720	409	289
17240	86	290
4425	277	290
3144	328	290
6101	336	290
17605	355	290
6039	411	290
16704	501	290
2578	30	291
2226	84	291
4191	104	291
9591	108	291
14633	119	291
3066	228	291
5425	258	291
3685	268	291
5102	271	291
1290	300	291
8025	306	291
15142	385	291
1813	386	291
6742	392	291
7369	452	291
12779	462	291
16327	562	291
9744	564	291
12620	77	292
9208	3	293
11897	208	293
3648	234	293
12111	308	293
4981	510	293
7572	555	293
3756	341	294
14876	425	294
16976	476	294
9827	58	295
17610	181	295
16535	211	295
6228	498	295
3199	578	295
6437	582	295
5049	25	296
7524	77	296
3465	85	296
15432	178	296
10623	254	296
12726	408	296
14810	448	296
7036	464	296
12525	106	297
18057	156	297
14683	188	297
12303	209	297
6270	213	297
11948	216	297
8355	217	297
669	223	297
4347	253	297
1038	317	297
3640	384	297
18079	426	297
16098	482	297
12767	142	298
17722	213	298
15684	230	298
13337	530	298
9695	541	298
14843	70	299
16522	88	299
16817	131	299
14834	173	299
3803	180	299
7837	468	299
13783	48	300
4434	146	300
9547	291	300
9561	306	300
1954	335	300
17043	405	300
17473	407	300
9914	426	300
4483	450	300
12776	457	300
10037	462	300
4513	559	300
17732	564	300
12963	577	300
16646	4	301
7534	37	301
6436	74	301
13308	87	301
13179	255	301
11390	345	301
9598	414	301
1696	582	301
11538	77	302
6441	82	302
18434	316	302
10926	322	302
15344	333	302
3147	412	302
16890	445	302
14248	587	302
1196	408	303
9628	131	304
6248	138	304
8991	230	304
18025	231	304
11058	420	304
6463	518	304
10989	531	304
7902	45	305
6758	66	305
14906	133	305
15819	161	305
11934	330	305
3038	459	305
15524	461	305
17392	71	306
5208	76	306
14272	146	306
7874	258	306
9318	291	306
1005	300	306
14793	385	306
13865	407	306
6667	462	306
9871	58	307
13522	183	307
8125	224	307
15036	309	307
882	234	308
9997	293	308
11532	429	308
12250	510	308
10426	41	309
8286	104	309
10283	183	309
17444	239	309
11461	271	309
15318	307	309
8261	399	309
7020	20	310
2771	44	310
16045	60	310
8229	99	310
13861	100	310
11876	140	310
6917	144	310
15908	175	310
3901	346	310
10671	422	310
6111	264	311
5194	280	311
6962	473	311
14743	511	311
12954	127	312
3352	134	312
9688	428	312
10561	513	312
11665	35	313
7791	39	313
10841	273	313
14559	288	313
3898	362	313
15032	368	313
2499	395	313
2085	477	313
14878	495	313
17127	10	314
8684	97	314
16999	148	314
639	238	314
8818	256	314
12425	375	314
6381	379	314
13237	380	314
6250	418	314
6987	433	314
15567	471	314
9018	512	314
14944	41	315
6415	107	315
2881	122	315
16683	144	315
12789	317	315
13312	331	315
12083	384	315
15014	565	315
12925	72	316
10489	302	316
13367	253	317
11551	261	317
6421	297	317
1454	315	317
686	324	317
9065	331	317
4367	366	317
10844	535	317
5992	565	317
12534	568	317
3459	13	318
3318	163	318
8608	233	318
11520	341	318
13452	343	318
14083	425	318
14473	453	318
5192	476	318
15661	29	319
10381	138	319
7233	328	319
6301	411	319
13313	553	319
11991	42	320
6696	21	321
6337	97	321
6609	103	321
16876	180	321
4710	327	321
4027	330	321
12009	367	321
12717	532	321
5352	535	321
7294	72	322
12757	302	322
14899	497	322
6024	516	322
1974	575	322
16773	89	323
1434	134	323
17361	152	323
8771	227	323
972	513	323
6207	581	323
904	94	324
10403	156	324
5541	317	324
4943	331	324
14027	565	324
14374	586	324
1488	74	325
18137	143	325
9857	206	325
6134	249	325
1739	347	325
6430	580	325
14219	9	326
10919	18	326
13021	453	326
4255	256	327
9748	321	327
15477	499	327
6412	66	328
2336	126	328
3698	170	328
5829	233	328
2705	265	328
4889	290	328
16033	319	328
16446	374	328
10064	411	328
12720	574	328
4360	43	329
1910	476	329
11448	55	330
8316	167	330
6316	256	330
11999	305	330
3245	321	330
15780	364	330
5075	498	330
3313	535	330
8478	552	330
5971	44	331
3662	57	331
7606	60	331
3014	99	331
13849	100	331
14581	115	331
7646	199	331
10189	241	331
5454	253	331
10536	261	331
5775	315	331
3031	317	331
10560	324	331
15617	400	331
13955	565	331
5473	7	332
17681	30	332
12814	84	332
17238	248	332
17795	352	332
14943	402	332
3188	444	332
4534	491	332
8826	514	332
15099	72	333
12304	302	333
2669	166	334
2656	198	334
17723	200	334
5695	225	334
4644	257	334
16426	336	334
12011	350	334
6736	367	334
10382	376	334
15771	395	334
4747	416	334
11943	418	334
17350	442	334
2015	505	334
11086	529	334
15902	23	335
6256	30	335
16907	67	335
9180	121	335
7757	145	335
10376	205	335
1353	213	335
1043	258	335
4456	262	335
8871	268	335
2192	286	335
5039	300	335
5743	342	335
2130	435	335
2922	450	335
4389	452	335
13184	571	335
14241	86	336
7934	290	336
14563	334	336
8866	355	336
4961	411	336
16843	413	336
5639	520	336
7073	42	337
10108	264	338
17807	473	338
13490	501	338
12108	101	339
9894	409	339
4034	14	340
1422	273	340
6567	393	340
2419	491	340
12589	557	340
13089	80	341
17552	107	341
5034	163	341
11969	187	341
6035	276	341
6623	294	341
3820	318	341
14323	344	341
11506	413	341
17501	425	341
3371	528	341
3945	529	341
11275	67	342
1456	335	342
9471	407	342
7903	450	342
5022	455	342
13000	13	343
15050	66	343
15403	114	343
11122	184	343
15170	201	343
13644	318	343
6190	362	343
9475	476	343
10430	523	343
15158	543	343
13213	41	344
16835	53	344
16858	124	344
4683	175	344
2051	183	344
14961	341	344
13948	528	344
15599	74	345
13781	221	345
3051	301	345
2595	361	345
13161	365	345
11153	399	345
9112	18	346
6694	60	346
17022	99	346
2795	144	346
16538	179	346
1202	310	346
12305	369	346
13674	453	346
8598	485	346
11158	510	346
6991	554	346
6479	166	347
4872	210	347
11404	235	347
11981	257	347
13400	264	347
10494	276	347
15393	325	347
3015	59	348
16569	63	348
1233	81	348
12407	159	348
4431	218	348
12056	256	348
14198	269	348
1059	364	348
2776	378	348
1806	400	348
18130	554	348
10956	244	349
17909	264	349
12334	270	349
10885	280	349
15988	538	349
728	23	350
2887	40	350
14308	113	350
7377	121	350
12522	210	350
8768	334	350
2681	494	350
13641	198	351
15070	200	351
5817	201	351
6652	362	351
1549	402	351
8436	416	351
5296	487	351
2654	84	352
6465	137	352
10821	145	352
13113	205	352
16425	214	352
11255	218	352
4400	332	352
11939	383	352
17925	415	352
14595	436	352
2604	468	352
6378	491	352
9332	577	352
13538	423	353
5436	32	354
14484	95	354
7529	116	354
10305	180	354
2722	219	354
14380	220	354
4662	266	354
17954	355	354
5753	483	354
4094	543	354
16946	116	355
18207	126	355
4123	243	355
7376	265	355
15280	290	355
4300	336	355
15653	354	355
4695	418	355
12164	473	355
16038	501	355
8761	520	355
6096	549	355
16888	45	356
3302	151	356
2108	480	356
16282	29	357
613	90	357
2872	105	357
9614	120	357
9346	453	357
10333	547	357
5184	8	358
4444	23	358
3826	91	358
8512	258	358
9788	402	358
13384	577	358
17398	546	359
15964	476	360
6508	156	361
8476	192	361
10332	194	361
10050	216	361
12058	250	361
11247	345	361
10682	515	361
4567	574	361
18225	114	362
8040	182	362
18249	248	362
3262	313	362
13793	343	362
5214	351	362
5196	368	362
10869	402	362
16586	418	362
2142	425	362
3332	442	362
1728	477	362
8517	487	362
13070	503	362
5591	549	362
2941	23	363
16029	174	363
7571	383	363
8716	530	363
16177	577	363
12584	581	363
1942	10	364
7470	57	364
9358	63	364
10519	81	364
2556	330	364
5722	348	364
13776	74	365
14983	345	365
10649	399	365
8041	107	366
5438	115	366
11235	124	366
16165	175	366
15299	317	366
12942	32	367
9772	49	367
6389	75	367
15248	180	367
9166	251	367
7496	321	367
15882	334	367
5861	413	367
7072	505	367
8713	553	367
13586	39	368
10144	40	368
7431	248	368
2395	279	368
596	313	368
3279	362	368
7698	487	368
12955	140	369
16174	346	369
9325	220	370
2616	533	370
16622	544	370
2393	566	370
15238	573	370
17193	586	370
15330	447	371
13083	101	372
6473	409	372
8384	101	373
15798	453	373
3346	151	374
12051	233	374
2763	328	374
6396	488	374
2733	27	375
8925	76	375
763	314	375
6969	406	375
2443	471	375
6885	556	375
12328	334	376
17772	476	376
16598	505	376
1946	32	377
3759	121	377
15193	195	377
6945	217	377
12900	418	377
17183	218	378
10412	348	378
17845	10	379
15869	59	379
12045	314	379
2504	506	379
8020	213	380
1201	233	380
16861	314	380
6366	386	380
11811	439	380
7864	461	380
5142	506	380
10645	548	380
14499	44	381
5935	94	381
15722	115	381
10272	122	381
8834	124	381
2448	285	381
2309	580	381
14143	102	382
12249	174	382
16927	198	382
18425	201	382
2455	275	382
1992	395	382
14791	428	382
9138	513	382
16014	517	382
18001	84	383
16429	279	383
17903	352	383
18135	363	383
767	401	383
3831	444	383
2234	107	384
15530	147	384
18032	183	384
7483	213	384
8466	297	384
5415	315	384
6251	482	384
15088	39	385
7439	291	385
13481	306	385
16774	406	385
9031	5	386
14211	172	386
15419	233	386
8205	272	386
4545	286	386
8319	291	386
13290	380	386
7362	506	386
5149	548	386
12047	178	387
11007	2	388
11566	219	388
10528	537	388
16949	587	388
10940	29	389
5084	75	389
13274	165	389
7555	233	389
14398	243	389
5528	434	389
621	436	389
4936	520	389
6774	35	390
9146	80	390
12507	185	390
4800	246	390
7708	462	390
8518	513	390
11964	65	391
4971	102	391
4540	162	391
10288	246	391
1267	428	391
6083	517	391
15571	526	391
12240	108	392
5627	119	392
3276	213	392
11384	291	392
12844	405	392
15456	35	393
14458	185	393
10889	340	393
2013	395	393
7566	442	393
5621	466	393
12904	477	393
9386	491	393
6522	511	394
13431	78	395
6627	313	395
4963	334	395
11274	382	395
1203	393	395
9301	403	395
14099	588	395
13390	45	396
8989	536	396
10281	200	397
901	513	397
13598	237	398
2261	409	398
7517	41	399
10116	53	399
8819	54	399
2374	74	399
7090	182	399
2127	250	399
10180	309	399
11592	345	399
5419	365	399
2988	481	399
6295	59	400
3570	63	400
7628	113	400
5308	133	400
1973	167	400
9639	225	400
5405	331	400
14552	348	400
15961	506	400
6107	565	400
12675	1	401
12999	33	401
6017	174	401
12808	185	401
2023	383	401
12102	444	401
7276	8	402
15043	30	402
6676	71	402
2457	137	402
12862	162	402
6984	332	402
6143	351	402
5580	358	402
6597	362	402
13010	487	402
10224	31	403
7670	33	403
8408	111	403
16364	136	403
6852	246	403
13443	395	403
9308	493	403
732	514	403
8236	553	403
14898	557	403
12367	101	404
7660	409	404
12957	20	405
4314	27	405
15655	300	405
12130	392	405
2525	556	405
16529	27	406
4712	30	406
7674	71	406
3674	154	406
18412	164	406
10599	260	406
1035	375	406
9984	385	406
1246	471	406
4764	92	407
5708	300	407
6442	306	407
16623	342	407
12968	457	407
3111	577	407
4807	96	408
13764	296	408
2189	303	408
10975	560	408
9063	22	409
8845	36	409
11076	56	409
2842	61	409
7225	64	409
15679	79	409
11401	81	409
5764	83	409
6071	101	409
15614	135	409
8969	159	409
7433	171	409
13606	240	409
10044	267	409
9016	289	409
5578	339	409
9929	372	409
12713	398	409
6854	404	409
2809	417	409
14616	440	409
11865	460	409
11590	474	409
2590	504	409
9311	507	409
1767	165	410
2879	17	411
4388	38	411
17441	68	411
11931	126	411
6919	155	411
13254	170	411
11722	184	411
11125	277	411
12547	290	411
10942	319	411
5616	328	411
16583	336	411
10727	421	411
2257	434	411
15309	466	411
7940	473	411
15375	488	411
11912	520	411
3655	576	411
6179	72	412
9853	302	412
13121	35	413
3036	86	413
8949	131	413
2755	138	413
9632	160	413
8263	280	413
3514	336	413
4647	341	413
12597	367	413
18327	531	413
11015	4	414
2466	140	414
916	301	414
1410	551	414
8784	12	415
11218	205	415
9357	242	415
13368	352	415
12114	468	415
5746	538	415
18264	12	416
8223	126	416
13892	183	416
6745	214	416
13593	334	416
18318	351	416
2402	409	417
8552	453	417
1313	32	418
14542	95	418
5956	198	418
6616	240	418
3091	270	418
11598	314	418
15259	334	418
17095	355	418
3805	362	418
9231	377	418
6547	47	419
998	52	419
2194	93	419
3135	35	420
14189	132	420
14548	157	420
16084	173	420
3784	242	420
18365	244	420
11615	304	420
721	518	420
11191	588	420
4919	29	421
2481	170	421
4113	277	421
14381	411	421
13818	466	421
4147	576	421
12823	179	422
5493	310	422
5574	453	422
13832	50	423
13543	141	423
2991	353	423
5845	489	423
2022	546	423
4956	72	424
8806	13	425
16095	32	425
16914	155	425
9557	294	425
5901	318	425
12194	341	425
12356	362	425
7923	488	425
12583	20	426
15810	60	426
7213	99	426
12280	106	426
13037	188	426
17752	199	426
11784	271	426
15678	297	426
14207	300	426
13529	506	426
16486	31	427
15429	195	427
16151	211	427
5794	256	427
3430	538	427
10911	169	428
1815	174	428
3230	185	428
7471	252	428
14726	312	428
9012	382	428
5370	391	428
8563	513	428
1234	208	429
9818	308	429
17865	66	430
14277	113	430
5553	437	430
7710	461	430
8035	484	430
806	578	430
6168	52	431
10035	218	431
7491	431	431
5543	72	432
5265	11	433
16643	58	433
11530	97	433
12800	256	433
5056	314	433
13069	484	433
12526	512	433
12841	578	433
6711	17	434
15763	27	434
12320	28	434
14615	130	434
4114	163	434
615	170	434
13114	182	434
11916	245	434
3763	257	434
3132	389	434
16396	411	434
6455	543	434
10749	89	435
18417	227	435
1629	228	435
9763	335	435
15527	443	435
18477	475	435
4058	571	435
7210	5	436
14159	137	436
14874	172	436
7246	233	436
12379	352	436
1748	389	436
16571	581	436
5452	21	437
5179	97	437
13459	133	437
10751	195	437
4850	256	437
8002	430	437
10045	514	437
11965	552	437
7155	208	438
1659	172	439
8064	213	439
7549	380	439
3340	461	439
2462	506	439
14630	548	439
15273	409	440
7701	208	441
2245	229	441
11526	234	441
15873	128	442
8957	198	442
7982	201	442
15449	334	442
8812	362	442
912	393	442
11847	477	442
13855	503	442
1914	514	442
3411	104	443
6210	109	443
15971	183	443
7074	213	443
11626	435	443
2509	455	443
2564	475	443
9540	1	444
4167	7	444
8827	38	444
15066	86	444
8852	185	444
9741	214	444
13419	279	444
16995	332	444
8848	383	444
11893	401	444
7053	530	444
10048	531	444
15087	548	444
16722	72	445
787	302	445
5009	502	446
15329	554	446
15912	85	447
14243	90	447
2200	105	447
15343	139	447
9155	166	447
17088	236	447
11852	371	447
15976	511	447
18043	547	447
2810	550	447
2401	178	448
4159	296	448
1423	9	449
12106	13	449
17625	28	449
7648	45	449
1037	97	449
5561	137	449
3521	153	449
14517	157	449
5600	212	449
9017	509	449
1843	529	449
1121	558	449
9758	67	450
13897	300	450
10679	335	450
4505	342	450
4051	455	450
8010	13	451
2995	88	451
12774	113	451
1030	132	451
8546	243	451
10402	8	452
3631	146	452
16340	228	452
3828	258	452
7794	291	452
3891	335	452
16566	18	453
7675	64	453
17692	79	453
17637	100	453
2713	118	453
17450	123	453
18349	135	453
7987	196	453
8377	203	453
9213	318	453
1926	326	453
13480	346	453
17348	357	453
9305	373	453
10235	417	453
11385	422	453
14974	456	453
2168	460	453
1125	470	453
15434	474	453
10076	507	453
10437	554	453
11508	108	454
2021	252	454
10833	564	454
14646	149	455
13357	213	455
5008	342	455
18000	443	455
6715	450	455
13317	9	456
17009	453	456
6881	48	457
1938	121	457
14092	126	457
11759	195	457
13526	251	457
3679	300	457
4080	407	457
9906	561	457
16348	19	458
14935	156	458
14249	213	458
3308	530	458
14882	541	458
9239	45	459
6549	110	459
13080	233	459
13479	305	459
2648	480	459
629	409	460
17073	453	460
1765	11	461
11947	66	461
17224	110	461
15600	128	461
603	133	461
18336	145	461
8694	157	461
4163	167	461
7962	239	461
5464	265	461
5322	285	461
10233	305	461
4704	380	461
14816	430	461
16883	439	461
10981	484	461
8358	523	461
10431	578	461
7386	291	462
4397	300	462
850	306	462
17948	390	462
8165	513	462
7667	530	462
15269	562	462
8912	32	463
12368	92	463
14776	95	463
17445	151	463
17736	161	463
3958	170	463
17724	205	463
7091	214	463
645	217	463
4609	288	463
5198	465	463
5300	178	464
16680	296	464
2806	92	465
2873	134	465
9042	155	465
11631	230	465
5785	463	465
5692	488	465
5652	543	465
6932	559	465
11284	80	466
9206	393	466
16819	411	466
3344	421	466
1285	538	466
17882	549	466
4409	9	467
918	35	468
13124	70	468
775	226	468
16037	231	468
16449	242	468
2089	280	468
18376	299	468
14605	352	468
9177	415	468
6994	524	468
11421	538	468
4470	77	469
16881	101	470
13172	453	470
858	27	471
16708	76	471
9815	314	471
12756	375	471
4277	406	471
2726	556	471
8924	65	472
9212	169	472
12893	259	472
11629	574	472
18141	45	473
8988	73	473
8998	117	473
14410	176	473
13298	204	473
2191	245	473
14175	277	473
6944	282	473
5095	311	473
13513	338	473
14703	355	473
2646	411	473
6876	501	473
13667	101	474
4657	409	474
14561	453	474
5603	23	475
6672	88	475
14788	91	475
17159	109	475
3295	129	475
1630	142	475
10368	172	475
12383	228	475
2125	230	475
1070	435	475
9860	443	475
893	524	475
8807	571	475
13718	13	476
16669	28	476
2116	34	476
2075	43	476
16796	45	476
2463	110	476
16668	128	476
12060	153	476
14909	166	476
2850	235	476
13588	257	476
2403	294	476
13534	318	476
15350	329	476
2017	343	476
5672	360	476
3885	376	476
15263	523	476
11000	529	476
3727	588	476
8554	35	477
14539	39	477
4065	182	477
13454	185	477
16717	190	477
6118	313	477
14600	362	477
4206	393	477
11644	442	477
9768	503	477
13922	549	477
10093	211	478
16799	218	478
11857	481	478
5697	528	478
9264	77	479
12650	45	480
1152	233	480
12989	356	480
4855	459	480
3676	66	481
12797	134	481
12396	230	481
8994	239	481
14136	399	481
16757	478	481
10480	544	481
3896	582	481
9711	183	482
4427	213	482
2538	216	482
16059	297	482
6805	384	482
15858	70	483
6923	80	483
6877	131	483
8374	180	483
14178	226	483
16283	238	483
3289	354	483
10188	548	483
5820	97	484
18186	161	484
12065	233	484
3149	272	484
3798	430	484
7300	433	484
11223	461	484
6120	506	484
4595	21	485
14981	346	485
3899	42	486
5575	102	487
12309	162	487
15624	164	487
16329	174	487
14074	189	487
8678	201	487
9985	248	487
4853	260	487
16766	351	487
14576	362	487
17169	368	487
15637	402	487
6764	503	487
8219	587	487
6328	17	488
15383	66	488
4406	155	488
9080	160	488
5246	233	488
3282	374	488
17031	411	488
18324	425	488
5799	465	488
7771	423	489
16864	193	490
12167	494	490
14476	14	491
17206	70	491
2557	84	491
11973	132	491
3995	185	491
9441	242	491
8851	273	491
12694	279	491
15825	332	491
9297	340	491
10583	352	491
6796	393	491
3347	495	491
14866	557	491
18092	577	491
16412	208	492
6368	229	492
11357	234	492
10421	31	493
11701	113	493
16386	136	493
1500	173	493
3002	184	493
4203	186	493
8459	403	493
7567	514	493
902	521	493
4594	552	493
4687	9	494
7338	16	494
2507	37	494
12600	193	494
15857	255	494
15793	350	494
10379	490	494
5121	525	494
7805	129	495
12858	231	495
13934	313	495
1784	491	495
14564	524	495
17841	15	496
887	72	497
1848	322	497
4363	11	498
7128	45	498
12041	133	498
7836	157	498
13709	201	498
9936	288	498
16275	295	498
12315	330	498
6582	535	498
12912	552	498
16226	103	499
7509	327	499
13771	508	499
12678	537	499
6937	173	500
5295	512	500
6268	38	501
14026	117	501
8610	207	501
1931	233	501
1792	245	501
13247	280	501
7480	282	501
10118	290	501
17349	338	501
13371	355	501
13268	473	501
16960	548	501
2618	549	501
12641	229	502
6384	237	502
17994	446	502
17032	554	502
10253	567	502
10650	39	503
3497	185	503
12864	198	503
2038	248	503
5215	362	503
17414	442	503
6695	477	503
10115	487	503
10162	409	504
16855	32	505
11829	121	505
2849	217	505
11152	270	505
7462	334	505
7774	367	505
18038	376	505
14116	379	506
8014	380	506
6903	386	506
11240	400	506
12283	426	506
10072	439	506
15640	484	506
13536	101	507
9187	409	507
11364	453	507
17227	499	508
1173	45	509
18094	161	509
5317	205	509
1835	449	509
7415	512	509
8406	536	509
7194	140	510
10096	293	510
12710	308	510
2111	346	510
17538	51	511
15253	150	511
15195	158	511
6033	177	511
1181	178	511
11322	232	511
15204	255	511
10297	263	511
9394	311	511
3855	394	511
1547	447	511
7521	569	511
14840	572	511
5711	30	512
10264	69	512
2847	97	512
8729	233	512
5165	238	512
4487	240	512
4906	243	512
10394	314	512
4049	433	512
15585	500	512
16315	509	512
2150	19	513
4393	35	513
2425	48	513
11882	134	513
7933	164	513
10548	189	513
13725	200	513
14059	260	513
6538	312	513
11808	323	513
7883	382	513
13989	390	513
16171	397	513
2477	428	513
9728	462	513
17967	563	513
6721	587	513
13292	7	514
14192	33	514
5144	126	514
14111	162	514
17771	332	514
18414	403	514
6834	437	514
1833	442	514
10784	493	514
12501	585	514
18369	19	515
11101	188	515
2471	192	515
922	361	515
18251	72	516
1986	322	516
8382	134	517
4829	186	517
10533	215	517
7915	230	517
1307	244	517
3796	252	517
3893	382	517
6304	391	517
11418	35	518
13279	132	518
7198	173	518
7967	211	518
1378	304	518
15927	420	518
6960	588	518
15957	546	519
5702	126	520
4078	214	520
9845	246	520
15286	265	520
9202	336	520
11726	355	520
1200	389	520
6845	411	520
14959	576	520
17600	49	521
13500	55	521
2104	88	521
11906	97	521
12892	103	521
15417	244	521
7936	276	521
14912	493	521
10271	208	522
12075	128	523
6629	201	523
817	343	523
8247	461	523
3904	476	523
3842	588	523
17314	107	524
11770	231	524
10017	468	524
11597	475	524
3738	495	524
15556	557	524
11481	179	525
5759	494	525
4676	568	525
1041	111	526
7323	221	526
2967	230	526
5674	246	526
7056	252	526
4046	391	526
5637	574	526
17679	208	527
10711	63	528
9014	175	528
4975	181	528
11174	239	528
11579	285	528
16020	341	528
7541	344	528
13155	478	528
10392	153	529
8490	276	529
4735	334	529
10880	341	529
7130	449	529
1433	476	529
6835	1	530
18381	23	530
12799	65	530
779	227	530
13617	259	530
6939	262	530
5026	298	530
12203	363	530
15822	444	530
13864	458	530
18350	462	530
5747	562	530
18146	1	531
1834	65	531
16756	68	531
6913	215	531
16844	246	531
16744	259	531
6089	304	531
18263	413	531
7530	444	531
1596	69	532
9944	180	532
4447	205	532
10980	207	532
1681	321	532
2307	549	532
2490	559	532
14127	95	533
9182	125	533
15597	193	533
6263	370	533
12360	566	533
10818	573	533
9353	208	534
12866	161	535
11341	212	535
15590	241	535
4248	288	535
12272	317	535
14644	321	535
16803	330	535
3663	498	535
16353	540	535
8362	45	536
6004	233	536
16570	396	536
9677	509	536
6808	27	537
970	179	537
10713	388	537
8621	499	537
12873	35	538
1197	129	538
2735	211	538
1166	225	538
6219	242	538
9882	256	538
15149	349	538
13753	415	538
16867	427	538
15476	466	538
13642	468	538
6707	559	538
7196	57	539
3930	140	539
11845	586	539
5104	31	540
10962	120	540
1528	535	540
11425	553	540
1615	188	541
12653	213	541
16389	298	541
16494	458	541
7647	200	542
3807	218	542
13267	13	543
18101	17	543
11688	110	543
5225	148	543
12683	182	543
9712	187	543
7672	343	543
17697	354	543
12409	434	543
13422	465	543
16561	554	543
16238	41	544
17545	370	544
17603	481	544
15591	582	544
14584	89	545
16230	168	545
11200	172	545
7716	15	546
10285	359	546
2996	423	546
3535	519	546
17137	9	547
14946	85	547
9630	200	547
785	237	547
15239	357	547
14082	447	547
17935	5	548
3656	73	548
13263	86	548
17340	117	548
5036	172	548
15471	176	548
16483	204	548
9551	207	548
17901	245	548
3392	286	548
10626	380	548
1838	386	548
17338	439	548
7764	444	548
3059	483	548
1531	501	548
607	558	548
18199	581	548
11468	12	549
675	69	549
7124	97	549
13176	206	549
11864	264	549
16900	355	549
16880	362	549
16337	466	549
7416	477	549
4933	501	549
3120	532	549
749	447	550
10427	4	551
5362	37	551
18161	193	551
714	255	551
8321	283	551
1007	414	551
5472	31	552
11763	55	552
14591	133	552
641	264	552
8225	330	552
14114	437	552
11447	493	552
12252	498	552
3166	29	553
7366	49	553
13579	120	553
2008	138	553
11197	210	553
1788	226	553
1646	319	553
12476	367	553
17655	403	553
15579	540	553
625	561	553
12918	588	553
14069	346	554
8742	348	554
15724	446	554
15777	453	554
11209	502	554
14485	543	554
8903	293	555
2677	27	556
12498	39	556
5839	190	556
18013	375	556
5475	405	556
10181	471	556
18389	23	557
7691	340	557
13022	403	557
1880	491	557
2870	524	557
13885	45	558
4507	264	558
6832	449	558
8114	548	558
9452	45	559
2613	92	559
15730	98	559
8592	129	559
15887	180	559
3184	212	559
10662	251	559
3044	300	559
15588	465	559
4554	532	559
2645	538	559
9957	561	559
5769	47	560
14142	408	560
16695	80	561
10259	210	561
15714	211	561
8503	212	561
5338	264	561
9805	457	561
17443	553	561
9554	559	561
17337	194	562
11182	227	562
3330	262	562
15356	291	562
1198	462	562
2835	530	562
12724	19	563
15651	198	563
13896	513	563
14695	19	564
3910	174	564
13433	194	564
10415	291	564
8369	300	564
16435	454	564
11147	587	564
18371	44	565
4480	57	565
8677	60	565
2207	99	565
11021	100	565
11627	115	565
15060	199	565
6914	241	565
11004	253	565
4816	261	565
11374	315	565
13900	317	565
12608	324	565
13444	331	565
12364	400	565
1349	143	566
11051	370	566
7045	533	566
1812	502	567
7870	261	568
9106	317	568
5096	525	568
6435	580	568
17804	511	569
3218	42	570
15699	202	570
2161	145	571
17549	172	571
10319	335	571
4407	435	571
4986	475	571
11412	178	572
17763	511	572
12546	74	573
10198	370	573
11438	533	573
17976	586	573
15742	65	574
13979	194	574
3469	328	574
11450	361	574
2227	472	574
13197	526	574
6496	72	575
7753	322	575
3119	148	576
6982	411	576
7103	421	576
10506	520	576
14001	23	577
7340	39	577
18353	169	577
8337	275	577
1294	279	577
10979	300	577
18081	352	577
6798	358	577
7474	363	577
11449	407	577
14772	491	577
16511	63	578
13216	167	578
6980	211	578
18083	295	578
12370	430	578
13947	433	578
4352	461	578
2484	145	579
11686	149	579
8018	213	579
7914	115	580
10805	143	580
12232	325	580
13392	381	580
3936	568	580
14203	75	581
6816	86	581
4815	172	581
18322	286	581
15079	323	581
9658	363	581
6515	436	581
17892	548	581
17932	41	582
17115	270	582
7622	295	582
7843	301	582
9433	481	582
14019	544	582
10894	109	583
10463	142	583
14815	183	583
13199	213	583
906	227	583
5185	233	583
17546	250	583
10451	208	584
15401	186	585
8430	221	585
10694	514	585
6323	94	586
17496	125	586
4421	324	586
6163	370	586
10762	539	586
10966	573	586
7885	10	587
12512	27	587
5422	154	587
13112	189	587
10902	302	587
15735	388	587
13451	487	587
14850	513	587
5273	564	587
6123	12	588
18223	34	588
2804	55	588
15433	78	588
2304	128	588
3718	153	588
9737	157	588
17989	201	588
16488	395	588
14511	420	588
7523	476	588
8840	518	588
1078	523	588
1222	553	588
