3947	290	1
15780	311	1
12257	475	1
15968	561	1
13447	22	2
11793	25	2
14609	79	2
2210	82	2
10532	254	2
14264	404	2
8784	448	2
17635	464	2
9352	497	2
2030	96	3
12143	103	3
9928	202	3
17175	319	3
1628	365	3
6026	408	3
7876	446	3
14849	470	3
8729	487	3
18227	108	4
2441	301	4
15106	454	4
12719	370	5
9732	435	5
12690	524	5
5413	37	6
17459	61	6
8985	62	6
17800	159	6
5462	172	6
17306	197	6
11249	204	6
11571	215	6
16368	282	6
16923	287	6
12664	292	6
6986	333	6
13171	338	6
17650	412	6
15532	417	6
1443	460	6
2873	496	6
17767	534	6
2280	558	6
15883	228	7
12611	274	7
14341	303	7
6996	414	7
15334	462	7
18105	19	8
1083	33	8
13874	157	8
1866	98	9
12411	126	9
16956	219	9
4937	397	9
9679	426	9
4440	495	9
14057	529	9
11144	143	10
3318	439	10
7861	571	10
1346	227	11
16395	234	11
9162	285	11
1768	376	11
7620	434	11
1336	573	11
11364	116	12
1192	186	12
5352	216	12
8220	218	12
14233	228	12
9321	506	12
7747	549	12
1138	99	13
4593	166	13
13672	421	13
4983	535	13
15629	159	14
13132	193	14
14513	215	14
14165	410	14
5784	451	14
9403	24	15
17900	26	15
7762	64	15
16605	83	15
1493	337	15
13153	339	15
14287	372	15
17564	387	15
1247	438	15
16842	507	15
3641	516	15
17398	527	15
14323	575	15
9730	584	15
5237	139	16
2778	181	16
13279	550	16
4146	95	17
3030	130	17
10134	328	17
18251	356	17
4035	520	17
12187	572	17
14839	576	17
4718	190	18
13915	326	18
13933	364	18
8743	8	19
10748	33	19
16385	117	19
3530	157	19
12697	247	19
9579	304	19
4592	322	19
11220	388	19
17422	428	19
10966	563	19
17099	50	20
2833	273	20
5494	342	20
13736	585	20
11297	43	21
15742	47	21
3977	302	21
7471	351	21
17302	369	21
14912	551	21
1996	2	22
8428	25	22
5338	41	22
8630	79	22
15747	80	22
3336	82	22
6775	138	22
16704	208	22
2349	254	22
12250	352	22
3799	404	22
3517	448	22
17357	464	22
13581	480	22
9790	497	22
3921	501	22
1142	505	22
12693	214	23
12215	465	23
11246	15	24
1927	26	24
9181	42	24
6979	64	24
5393	83	24
5643	178	24
2619	205	24
1947	207	24
7254	247	24
13818	265	24
10520	336	24
12341	337	24
5267	339	24
4403	372	24
4111	387	24
7165	410	24
11303	415	24
7571	438	24
16592	473	24
9307	507	24
8533	516	24
11486	527	24
7553	575	24
18405	584	24
18219	2	25
11577	22	25
6624	41	25
863	79	25
8340	80	25
7533	82	25
8967	138	25
11844	208	25
11177	254	25
14070	352	25
12031	404	25
3128	448	25
1245	464	25
11190	480	25
9630	497	25
682	501	25
10042	505	25
3578	15	26
1826	24	26
11452	42	26
3728	64	26
2364	83	26
3464	178	26
14821	205	26
15009	207	26
14101	247	26
6533	265	26
12192	336	26
11775	337	26
10875	339	26
17154	372	26
17799	387	26
7586	410	26
17910	415	26
8809	438	26
13962	473	26
14640	507	26
11361	516	26
1000	527	26
14779	575	26
6081	584	26
9585	299	27
7802	383	27
17867	535	27
4214	539	27
10553	100	28
14025	165	28
4846	209	28
8011	213	28
7049	269	28
6998	446	28
16209	66	29
11974	84	29
15091	226	29
16421	361	29
9717	377	29
921	544	29
8879	549	29
8680	585	29
14634	102	30
10953	152	30
8617	388	30
13870	446	30
14040	498	30
15386	249	31
18404	314	31
7433	370	31
8551	423	31
10152	199	32
18277	332	32
15395	393	32
11708	505	32
17577	8	33
18052	19	33
14000	247	33
10295	283	33
8845	51	34
17984	69	34
18069	85	34
5033	88	34
11864	186	34
6509	218	34
7659	274	34
15717	289	34
1627	364	35
11479	112	36
10012	161	36
2645	220	36
1312	256	36
668	267	36
8991	403	36
16140	439	36
10841	580	36
14330	6	37
9346	61	37
15571	62	37
13938	197	37
1824	287	37
14995	292	37
8751	333	37
9948	355	37
628	412	37
10537	417	37
11564	460	37
1435	485	37
12445	496	37
14238	534	37
14654	155	38
11623	293	38
16504	474	38
4659	560	38
16199	55	39
8988	148	39
17606	525	39
7478	543	39
11148	544	39
6319	50	40
7468	70	40
10864	107	40
12969	249	40
17360	385	40
8515	22	41
2398	25	41
13547	79	41
14735	82	41
15940	185	41
4126	254	41
11503	404	41
15916	448	41
4874	464	41
3498	497	41
11594	515	41
11856	24	42
11227	26	42
12869	64	42
14319	83	42
5689	337	42
13346	339	42
9739	372	42
5341	387	42
4114	438	42
7599	507	42
10332	516	42
10544	527	42
5499	575	42
8745	584	42
5353	21	43
3006	213	43
4733	313	43
13726	341	43
4228	366	43
5706	391	43
7066	414	43
6441	458	43
8670	481	43
16150	99	44
2071	310	44
17997	422	44
15873	232	45
10161	263	45
12824	290	45
14636	311	45
8493	432	45
10448	492	45
5304	569	45
7434	171	46
8864	255	46
18002	278	46
4211	294	46
5078	316	46
5874	320	46
6845	374	46
5259	409	46
2284	427	46
8594	440	46
12110	469	46
4629	500	46
18299	522	46
12015	559	46
5939	582	46
10828	21	47
6401	222	47
16361	302	47
2043	351	47
7334	369	47
3297	378	47
6176	418	47
9755	510	47
17224	561	48
12911	51	49
3892	158	49
12935	20	50
5835	40	50
18369	71	50
13548	107	50
17791	119	50
12331	146	50
3067	314	50
2267	342	50
16659	385	50
2337	423	50
10155	579	50
14593	34	51
2354	49	51
4477	135	51
7469	158	51
15120	177	51
5057	424	51
12957	479	51
4200	52	52
14624	141	52
9117	154	52
2561	162	52
1815	164	52
17647	189	52
10996	248	52
18040	260	52
6476	276	52
15766	305	52
16625	327	52
5538	353	52
3241	375	52
15981	471	52
18388	123	53
11365	134	53
11132	357	53
17448	380	53
8595	580	53
17611	81	54
14292	450	54
15850	553	54
7587	39	55
16710	66	55
15349	148	55
16817	229	55
8401	233	55
16571	285	55
9077	361	55
8296	377	55
6254	544	55
7840	109	56
4553	139	57
9724	181	57
8849	535	57
4807	550	57
14253	281	58
17198	138	59
12374	210	59
1886	127	60
741	188	60
16373	347	60
12558	431	60
8420	466	60
14503	489	60
16791	568	60
14535	6	61
4252	37	61
5802	62	61
11812	159	61
908	172	61
4247	197	61
7124	204	61
6129	215	61
18064	282	61
18270	287	61
942	292	61
16330	333	61
2976	338	61
9342	412	61
4161	417	61
11731	460	61
2011	496	61
18295	534	61
11821	558	61
13420	6	62
12579	37	62
13822	61	62
14051	159	62
1906	172	62
16512	197	62
15707	204	62
10061	215	62
1420	282	62
3070	287	62
1868	292	62
15677	333	62
1279	338	62
10561	412	62
15436	417	62
926	460	62
16894	496	62
9461	534	62
7421	558	62
17423	93	63
3493	112	63
11956	161	63
1308	174	63
7300	312	63
15877	354	63
4529	586	63
6205	15	64
9055	24	64
6980	26	64
5549	42	64
4336	83	64
9940	178	64
7773	205	64
12947	207	64
4446	247	64
12872	265	64
6791	336	64
9267	337	64
1938	339	64
8909	372	64
5754	387	64
5136	410	64
15361	415	64
4195	438	64
16736	473	64
13165	507	64
11415	516	64
4520	527	64
5208	575	64
6198	584	64
14542	129	65
9695	383	65
16219	463	65
16396	29	66
9839	55	66
2481	123	66
12256	361	66
11861	585	66
7748	109	67
10311	564	67
1292	114	68
4991	135	68
12648	177	68
16205	214	68
11228	277	68
7133	362	68
17325	424	68
1789	465	68
8404	479	68
2777	548	68
17617	34	69
746	186	69
6963	274	69
8352	289	69
1371	40	70
9921	107	70
18465	119	70
13578	368	70
2601	370	70
10549	50	71
13686	146	71
2576	423	71
3383	135	72
4792	177	72
3957	424	72
3419	479	72
6473	88	73
9678	216	73
15552	291	73
14395	394	73
2937	537	73
1529	549	73
13404	585	73
2292	450	74
14862	517	74
6817	540	74
13590	321	75
13005	386	75
4934	258	76
13506	345	76
12920	101	77
7648	275	77
7716	296	77
14808	325	77
9725	359	77
17411	373	77
9489	425	77
15019	499	77
677	519	77
6964	533	77
7765	546	77
8219	581	77
3064	238	78
3233	518	78
16726	571	78
14019	2	79
14139	22	79
17969	25	79
13920	41	79
6932	80	79
11922	82	79
5204	138	79
13448	208	79
16129	254	79
5359	352	79
10821	404	79
8651	448	79
3911	464	79
17117	480	79
11432	497	79
8691	501	79
9239	505	79
14999	22	80
10355	25	80
4505	79	80
17786	82	80
15910	185	80
3084	254	80
17706	404	80
9718	448	80
15128	464	80
15800	480	80
12568	497	80
8558	54	81
3083	139	81
15937	550	81
4929	2	82
11189	22	82
5812	25	82
17155	41	82
14610	79	82
12386	80	82
14044	138	82
8379	208	82
13894	254	82
1820	352	82
17483	404	82
14034	448	82
6236	464	82
11808	480	82
10719	497	82
15599	501	82
13738	505	82
5116	15	83
3768	24	83
15826	26	83
9122	42	83
688	64	83
11898	178	83
3956	205	83
18034	207	83
3552	247	83
16502	265	83
10408	336	83
13366	337	83
10720	339	83
12500	372	83
7305	387	83
13535	410	83
6066	415	83
8182	438	83
17211	473	83
12792	507	83
10398	516	83
14278	527	83
2886	575	83
1023	584	83
7643	29	84
14567	88	84
8887	116	84
3037	226	84
8565	347	84
11458	549	84
15828	34	85
16932	186	85
16253	226	85
12945	274	85
7841	289	85
14490	414	85
2411	505	85
17642	138	86
7180	335	86
14200	413	86
14288	275	87
14063	315	87
12157	425	87
9210	34	88
18022	73	88
10876	84	88
14348	161	88
13875	186	88
17909	239	88
14098	394	88
6800	506	88
13390	549	88
4771	585	88
4293	357	89
3696	380	89
17855	104	90
7256	357	90
7385	358	90
9022	136	91
12616	340	92
14550	393	92
1110	415	92
17950	490	92
1078	532	92
9172	63	93
13082	112	93
1885	378	93
13765	429	93
8730	439	93
1436	452	93
819	555	93
16193	557	93
4679	571	93
17478	586	93
735	97	94
17697	303	94
3305	341	94
11678	414	94
1515	462	94
4972	540	94
17077	17	95
10318	130	95
17885	142	95
17070	356	95
9121	576	95
15032	3	96
2370	160	96
2680	201	96
962	411	96
13154	439	96
18039	453	96
1250	529	96
859	542	96
8951	557	96
15823	94	97
944	202	97
2899	206	97
1393	269	97
10320	470	97
5384	9	98
4827	354	98
14309	529	98
16561	13	99
7022	44	99
14141	106	99
4486	113	99
2018	173	99
12450	241	99
6540	253	99
10816	331	99
7968	407	99
10341	588	99
2912	28	100
11732	269	100
7537	77	101
8674	275	101
7834	296	101
18329	325	101
6271	359	101
15739	373	101
17566	425	101
5606	499	101
10660	519	101
16846	533	101
2330	546	101
3513	581	101
17793	30	102
10840	184	102
1945	245	102
2753	304	102
18305	551	102
11559	3	103
948	319	103
15478	365	103
7785	90	104
692	140	104
3667	357	104
11194	358	104
3121	140	105
5888	357	105
15408	430	105
8013	547	105
9158	99	106
17168	173	106
8443	40	107
7271	50	107
9988	70	107
12228	128	107
6586	249	107
13431	314	107
2964	370	107
12312	524	107
5084	579	107
10046	4	108
15268	454	108
4362	456	108
9953	56	109
11962	67	109
10649	344	109
18390	284	110
11349	318	110
11557	399	110
1340	503	110
4649	121	111
18266	132	111
10432	152	111
9997	209	111
5736	262	111
4825	474	111
12315	36	112
13312	63	112
12926	93	112
7848	121	112
7107	309	112
15353	312	112
3040	418	112
4442	452	112
13542	523	112
5460	99	113
11913	137	113
6060	68	114
13068	135	114
16924	177	114
5766	362	114
17927	424	114
2597	479	114
2027	173	115
12834	276	115
12906	12	116
2661	84	116
1674	165	116
4682	239	116
12107	529	116
877	549	116
853	573	116
13577	19	117
2315	155	117
6358	505	117
8173	153	118
6668	200	118
14043	306	118
14623	484	118
15190	50	119
3379	70	119
13516	146	119
14282	284	120
8667	503	120
13947	111	121
11027	112	121
16871	132	121
18304	174	121
11838	209	121
1678	229	121
11071	426	121
17947	476	121
6038	521	121
10989	580	121
2533	231	122
10424	289	122
3598	53	123
9756	66	123
13065	134	123
17873	233	123
15698	256	123
9348	267	123
2699	397	123
13609	437	123
10329	303	124
18218	366	124
8039	414	124
6173	457	124
13538	491	124
11195	573	124
12894	564	125
5178	9	126
13668	134	126
5175	397	126
8343	488	126
10405	515	126
15559	60	127
7726	466	127
15616	493	127
4632	107	128
7680	201	128
10659	245	128
14628	370	128
4468	529	128
7375	65	129
10485	329	129
9668	463	129
7249	504	129
12974	512	129
4149	17	130
12235	95	130
5889	150	130
767	328	130
12884	356	130
8457	445	130
6435	520	130
8180	572	130
17626	576	130
13113	275	131
1401	315	131
10383	365	131
3462	425	131
6651	111	132
8449	121	132
2288	229	132
13094	378	132
13449	163	133
12096	53	134
15774	123	134
2194	126	134
15141	191	134
15359	239	134
15233	354	134
10827	397	134
1200	51	135
17707	68	135
9708	72	135
7472	114	135
2610	144	135
18423	177	135
1447	214	135
5602	277	135
16964	362	135
13696	424	135
11343	465	135
13354	479	135
6402	548	135
2552	91	136
16206	113	137
1610	162	137
7410	243	137
12892	288	137
18237	22	138
7975	25	138
10600	59	138
18196	79	138
16037	82	138
6256	86	138
11815	254	138
13293	404	138
13177	448	138
10268	464	138
16627	480	138
9705	497	138
14671	16	139
12842	57	139
2848	81	139
9292	151	139
8306	170	139
6949	181	139
2454	266	139
11108	447	139
1731	550	139
12814	553	139
895	104	140
4835	105	140
1207	307	140
9583	357	140
9789	358	140
11301	379	140
15380	430	140
4767	547	140
13342	52	141
8202	141	141
16152	95	142
9841	356	142
8133	364	142
1978	468	142
2115	520	142
4654	526	142
10501	10	143
14688	297	143
10970	439	143
10688	571	143
13180	580	143
2901	135	144
8183	177	144
16705	424	144
18180	479	144
3188	540	144
998	374	145
7453	381	145
9302	500	145
8005	50	146
12778	71	146
14475	119	146
12146	368	146
8893	180	147
5050	270	147
6748	346	147
2289	392	147
15460	514	147
6943	39	148
12132	55	148
11266	537	148
8308	544	148
5463	573	148
6656	384	149
8187	562	149
7922	130	150
7212	328	150
9626	356	150
12416	364	150
3148	445	150
9603	572	150
5219	576	150
1334	139	151
6058	170	151
6614	550	151
9823	553	151
6240	30	152
12199	111	152
5105	163	152
10487	269	152
10635	118	153
18450	317	153
13114	494	153
13392	52	154
5940	154	154
13731	38	155
13969	117	155
8865	184	155
15536	262	155
9713	304	155
2861	196	156
5702	8	157
8024	19	157
1175	563	157
14756	49	158
13015	51	158
1708	264	158
11998	486	158
10642	6	159
6450	14	159
7273	61	159
18186	62	159
9808	193	159
3091	197	159
849	211	159
8974	246	159
13255	287	159
7012	292	159
6029	333	159
15080	412	159
2977	417	159
12654	460	159
9533	472	159
11348	496	159
2508	534	159
13380	96	160
15197	298	160
6501	376	160
9128	391	160
12552	411	160
7907	434	160
16398	36	161
3563	63	161
14440	88	161
17318	256	161
17716	261	161
7697	267	161
5248	312	161
9200	354	161
13110	437	161
13630	476	161
17464	536	161
8915	52	162
17920	137	162
13587	162	162
3494	323	162
7159	133	163
9600	152	163
9414	262	163
11176	52	164
2418	164	164
3050	28	165
1561	116	165
6136	219	165
4036	406	165
8268	529	165
9905	13	166
10711	194	166
15600	421	166
3028	461	166
1017	520	167
11854	202	168
1421	206	168
12144	283	168
14357	365	168
17348	470	168
7467	193	169
13921	139	170
6984	151	170
17386	550	170
9665	553	170
10317	46	171
5565	255	171
4004	278	171
6747	294	171
15275	316	171
5048	320	171
5774	374	171
2745	409	171
10898	427	171
3169	440	171
15243	469	171
2376	500	171
5996	522	171
3215	559	171
16744	582	171
15151	6	172
8019	61	172
14331	62	172
11510	197	172
14534	204	172
8544	215	172
5446	282	172
6788	287	172
2151	292	172
8840	333	172
1775	338	172
2021	412	172
5211	417	172
3674	460	172
16709	496	172
14163	534	172
9788	99	173
10422	106	173
8543	115	173
6887	241	173
10025	253	173
16799	276	173
13444	331	173
6366	565	173
6714	63	174
7464	121	174
10825	224	174
10265	230	174
17532	251	174
1660	308	174
13106	341	174
3445	418	174
2425	419	174
8986	433	174
17102	509	174
13707	521	174
11141	566	174
6702	276	175
9471	443	176
1368	51	177
6133	68	177
5712	72	177
3949	114	177
11493	135	177
10993	144	177
17364	214	177
10425	277	177
10314	362	177
12535	424	177
17491	465	177
6490	479	177
6386	548	177
16000	24	178
8917	26	178
6978	64	178
16612	83	178
17338	337	178
4057	339	178
784	372	178
17087	387	178
10259	438	178
4511	507	178
18339	516	178
11796	527	178
12298	575	178
18135	584	178
6186	256	179
17781	312	179
5779	406	179
5262	420	179
7798	495	179
16192	543	179
3356	147	180
9670	422	180
9436	16	181
10125	57	181
12567	139	181
5507	541	181
17278	550	181
17043	313	182
15822	367	182
12517	454	182
7294	536	182
6768	578	182
18125	234	183
11418	324	183
6448	385	183
3137	414	183
7693	426	183
16989	102	184
13735	155	184
1913	304	184
13276	400	184
11068	498	184
14843	41	185
7198	80	185
1184	244	185
14172	352	185
3022	382	185
17869	517	185
18263	12	186
8003	34	186
4196	69	186
15332	85	186
5485	88	186
9652	216	186
7331	226	186
14180	506	186
11531	209	187
5525	330	187
1676	350	187
2830	551	187
15809	560	187
7045	60	188
6912	219	188
14026	354	188
13469	429	188
13206	481	188
10610	52	189
10007	189	189
8312	276	189
13275	18	190
3612	134	191
5366	225	191
4982	313	191
14986	366	191
7068	379	191
5188	564	192
12630	14	193
15839	159	193
14691	169	193
14990	211	193
13853	215	193
14751	485	193
3582	166	194
12188	421	194
15040	564	195
15397	156	196
12937	223	196
4311	376	196
3132	389	196
8721	411	196
17952	542	196
15345	557	196
10895	6	197
13794	37	197
15119	61	197
1549	62	197
1741	159	197
17561	172	197
2154	204	197
14489	215	197
14865	282	197
17839	287	197
2962	292	197
4460	333	197
1702	338	197
12938	412	197
841	417	197
11602	460	197
12831	496	197
7602	534	197
8805	558	197
16425	275	198
7960	32	199
1318	207	199
2336	239	199
16507	332	199
12095	505	199
9778	532	199
18206	118	200
12124	291	200
10973	494	200
11788	96	201
9549	128	201
11472	219	201
13472	324	201
17828	385	201
8444	434	201
3009	529	201
12787	3	202
4022	97	202
1325	168	202
15646	269	202
949	283	202
12243	303	202
10336	462	202
8330	470	202
16639	488	202
9450	570	202
18076	587	202
16733	294	203
6514	6	204
12812	61	204
7873	62	204
5922	172	204
16270	197	204
2981	215	204
8283	282	204
4739	287	204
2708	292	204
1088	333	204
7048	338	204
18093	412	204
3293	417	204
14075	460	204
11494	496	204
17416	534	204
11214	24	205
14657	26	205
774	64	205
1193	83	205
4383	337	205
13373	339	205
10602	372	205
7914	387	205
3734	415	205
1979	438	205
5776	507	205
910	516	205
3540	527	205
17960	575	205
1405	584	205
14419	97	206
7814	168	206
2268	570	206
5553	587	206
16051	24	207
11546	26	207
2160	64	207
7195	83	207
10808	199	207
1287	265	207
3334	337	207
11983	339	207
3745	372	207
4559	387	207
4633	438	207
4130	490	207
3455	507	207
8903	516	207
10479	527	207
3422	532	207
7578	575	207
6000	584	207
12518	22	208
3224	25	208
6432	79	208
16384	82	208
3087	254	208
3909	404	208
16336	448	208
16751	464	208
13507	480	208
16500	497	208
7898	28	209
15198	111	209
7460	121	209
15942	187	209
8366	213	209
14110	330	209
3420	59	210
3750	237	210
9532	257	210
18324	416	210
4117	159	211
665	193	211
4763	318	212
14796	552	212
13102	28	213
5717	43	213
14138	209	213
8103	369	213
3092	418	213
15406	451	213
9333	476	213
17834	23	214
987	68	214
7224	135	214
1606	177	214
10449	300	214
5663	424	214
12783	465	214
4729	479	214
11843	574	214
14699	6	215
14717	14	215
725	61	215
2264	62	215
16383	172	215
15517	193	215
17964	197	215
8059	204	215
2728	246	215
12655	333	215
18225	338	215
2022	472	215
2938	496	215
13455	534	215
10166	12	216
11728	73	216
13644	186	216
17015	273	216
4029	289	216
1641	394	216
5103	506	216
16342	415	217
7035	12	218
5684	34	218
9351	274	218
5300	9	219
7242	165	219
5756	188	219
4838	201	219
4600	529	219
9715	36	220
6003	377	220
7228	403	220
17522	406	220
9260	580	220
5908	482	221
2871	583	221
8071	47	222
3496	302	222
13804	351	222
14616	378	222
16922	196	223
6224	174	224
17073	251	224
4611	341	224
13246	378	224
12306	433	224
7909	509	224
11175	555	224
2371	191	225
13929	240	225
8091	267	225
2379	307	225
11397	379	225
8521	401	225
3483	513	225
13430	29	226
2412	84	226
17996	85	226
6492	186	226
3646	228	226
3802	274	226
3384	303	226
8746	347	226
11909	549	226
15061	11	227
9661	285	227
12099	556	227
2788	7	228
15730	12	228
9936	226	228
3900	303	228
2633	491	228
18371	55	229
11374	121	229
4530	132	229
15387	251	229
17736	406	229
9836	174	230
3827	341	230
6037	378	230
18097	521	230
9722	555	230
13001	566	230
18294	122	231
16529	466	231
1187	478	231
18080	493	231
3730	45	232
8329	263	232
16901	280	232
10714	290	232
2228	311	232
8694	432	232
10365	492	232
2685	539	232
2742	561	232
14981	569	232
5122	55	233
5104	123	233
1864	256	233
1736	267	233
2001	343	233
8596	376	233
4326	389	233
1492	406	233
18346	544	233
13141	11	234
2054	183	234
16675	390	234
13490	491	234
4796	368	235
3456	493	235
11579	342	236
5383	370	236
3186	435	236
6541	585	236
7794	210	237
10594	515	237
3463	78	238
10174	402	238
12951	439	238
5137	454	238
17639	571	238
4801	88	239
902	116	239
2752	134	239
15824	199	239
8933	225	240
15225	267	240
11693	379	240
13466	437	240
17382	99	241
8399	173	241
13108	279	242
9733	554	242
10581	559	242
12358	582	242
15458	137	243
15855	422	243
925	185	244
12521	335	244
6563	352	244
3985	505	244
7800	517	244
4197	531	244
4331	102	245
14951	128	245
2212	304	245
12029	498	245
2768	159	246
14904	215	246
5909	19	247
13958	24	247
7050	26	247
4528	33	247
6931	64	247
2116	83	247
7531	337	247
6952	339	247
3622	372	247
10493	387	247
14072	438	247
8597	474	247
12213	507	247
6471	516	247
8652	527	247
16490	575	247
14807	584	247
9812	52	248
847	248	248
10899	31	249
9021	40	249
11943	107	249
8578	314	249
13395	370	249
15884	309	250
4180	313	250
8727	341	250
4095	495	250
14010	174	251
11972	224	251
9010	229	251
10588	420	251
14968	433	251
4924	340	252
7076	99	253
3871	173	253
5005	2	254
14514	22	254
5569	25	254
2849	41	254
14494	79	254
10338	80	254
13334	82	254
16472	138	254
5590	208	254
14239	352	254
756	404	254
18098	448	254
12850	464	254
9298	480	254
12260	497	254
15374	501	254
7774	505	254
18265	46	255
13352	171	255
6295	278	255
10206	294	255
11999	316	255
1816	320	255
3606	440	255
5884	469	255
17449	522	255
16450	36	256
5439	123	256
14374	161	256
7040	179	256
8163	233	256
913	312	256
9146	403	256
11124	495	256
1806	210	257
8685	76	258
15461	345	258
17265	399	258
9455	538	258
750	415	259
2415	52	260
1953	260	260
13571	161	261
6158	357	261
5414	380	261
13024	437	261
13173	111	262
6376	155	262
18151	163	262
15071	474	262
2581	45	263
6720	232	263
2670	280	263
16893	290	263
8877	311	263
4576	432	263
2808	492	263
8380	539	263
6954	561	263
1356	569	263
15272	158	264
10565	24	265
4545	26	265
11939	64	265
17086	83	265
10674	207	265
3602	336	265
1229	337	265
10414	339	265
8125	372	265
18122	387	265
10513	410	265
3101	415	265
13682	438	265
3907	507	265
9059	516	265
16203	527	265
5158	575	265
10083	584	265
13477	139	266
17865	550	266
11539	36	267
15882	123	267
2271	161	267
5836	225	267
10154	233	267
13146	240	267
17912	376	267
3605	379	267
985	437	267
6437	485	268
16435	558	268
12530	28	269
17614	97	269
12933	100	269
15949	152	269
16055	202	269
5486	470	269
12131	147	270
15303	318	270
5493	346	270
16706	357	271
13525	380	271
10147	398	272
15718	436	272
2995	567	272
12336	20	273
11820	216	273
8827	585	273
5151	7	274
9334	34	274
9509	69	274
3502	85	274
9141	218	274
6308	226	274
8109	414	274
9157	481	274
8902	77	275
7269	87	275
8279	101	275
16449	131	275
2518	198	275
16610	296	275
11593	325	275
5773	359	275
15180	373	275
16729	499	275
16197	519	275
3842	533	275
12859	546	275
9152	581	275
17507	52	276
14913	115	276
6461	173	276
2755	175	276
16717	189	276
11306	276	276
3268	327	276
1238	68	277
771	135	277
9987	177	277
7979	424	277
3594	479	277
3551	46	278
14886	171	278
8950	255	278
18222	294	278
6734	316	278
9750	320	278
7918	374	278
1261	409	278
9742	427	278
10319	440	278
16603	469	278
11687	500	278
9636	522	278
8200	559	278
3278	582	278
887	242	279
10132	554	279
18345	559	279
1645	582	279
14029	232	280
2403	263	280
10165	290	280
17376	311	280
10575	432	280
11753	492	280
9757	569	280
1700	58	281
13277	6	282
9737	61	282
11957	62	282
16426	172	282
8110	197	282
15069	204	282
8582	287	282
16250	292	282
1373	338	282
15861	412	282
9453	417	282
3986	460	282
7409	496	282
12867	534	282
7621	558	282
12043	33	283
17946	168	283
4879	202	283
2065	462	283
8174	470	283
6894	110	284
4101	120	284
2967	318	284
3405	399	284
10397	405	284
5918	502	284
12442	503	284
17442	538	284
12242	11	285
11741	55	285
17993	227	285
9565	298	285
2410	343	285
12326	385	285
9949	389	285
9719	556	285
18455	291	286
845	360	286
12032	371	286
16593	396	286
15136	455	286
13967	6	287
4488	37	287
13961	61	287
6305	62	287
3349	159	287
18362	172	287
5883	197	287
7671	204	287
10324	282	287
6166	292	287
2715	333	287
8795	338	287
2256	412	287
3094	417	287
15793	460	287
12423	496	287
5968	534	287
14156	558	287
2010	137	288
4660	323	288
17938	422	288
9607	34	289
8469	69	289
12678	85	289
8168	122	289
16776	216	289
10780	1	290
6710	45	290
13776	232	290
12135	263	290
11644	280	290
10065	311	290
3925	432	290
5818	475	290
16377	492	290
2164	569	290
16455	73	291
6150	200	291
14359	286	291
16798	306	291
12617	360	291
2095	371	291
14366	394	291
17021	396	291
12108	455	291
5597	484	291
13307	537	291
11023	6	292
18059	37	292
10960	61	292
16877	62	292
12618	159	292
2453	172	292
13631	197	292
4907	204	292
6196	282	292
3719	287	292
9541	333	292
3362	338	292
5220	412	292
10177	417	292
14254	460	292
12338	496	292
9216	534	292
1537	558	292
10477	38	293
4690	350	293
1875	474	293
6096	560	293
14524	46	294
14385	171	294
14498	203	294
7990	255	294
7775	278	294
13983	316	294
18042	320	294
12963	440	294
6126	467	294
2940	468	294
11963	469	294
12407	522	294
18453	532	295
13454	77	296
14804	101	296
7681	275	296
15577	325	296
16725	359	296
10038	373	296
5903	425	296
7903	499	296
17854	519	296
10107	533	296
10851	546	296
11279	581	296
14386	143	297
8255	518	297
5176	571	297
12881	160	298
3317	285	298
6550	390	298
9512	441	298
4610	453	298
6068	27	299
15185	349	299
8212	214	300
1932	465	300
6638	4	301
15587	439	301
12781	449	301
14376	454	301
9421	21	302
17933	47	302
16137	222	302
12681	351	302
13396	369	302
3695	378	302
17341	418	302
17754	510	302
613	7	303
11547	94	303
10428	124	303
10290	202	303
7622	226	303
15331	228	303
14084	366	303
2913	408	303
11166	414	303
17182	462	303
6280	470	303
16869	491	303
6916	19	304
4413	102	304
1883	155	304
6474	184	304
17520	245	304
10813	400	304
9466	414	304
17652	498	304
3034	560	304
16145	52	305
633	305	305
8561	118	306
12628	291	306
6713	484	306
12984	140	307
14527	225	307
16734	357	307
7539	430	307
12119	513	307
12563	174	308
16463	341	308
3790	378	308
4887	419	308
16771	555	308
3397	112	309
5900	250	309
11131	367	309
15042	369	309
17911	452	309
14916	523	309
6033	586	309
10733	44	310
1015	1	311
4719	45	311
652	232	311
16038	263	311
7568	280	311
4680	290	311
5011	432	311
2513	492	311
15236	569	311
18116	63	312
11219	112	312
4489	161	312
17384	179	312
6761	256	312
4848	476	312
17377	495	312
17689	43	313
9452	182	313
17212	191	313
4301	250	313
12436	354	313
14809	363	313
12508	368	313
6298	481	313
6983	508	313
11742	536	313
17632	31	314
10420	50	314
16986	107	314
1463	249	314
8056	87	315
7092	131	315
16085	425	315
5066	46	316
15662	171	316
9294	255	316
8832	278	316
6036	294	316
15501	320	316
15865	374	316
18286	409	316
10349	427	316
17990	440	316
11807	469	316
6326	500	316
11079	522	316
9337	559	316
8066	582	316
1024	153	317
16749	494	317
7189	110	318
4176	212	318
8038	270	318
11344	284	318
13313	348	318
736	503	318
7819	552	318
9552	3	319
5547	103	319
16327	365	319
7191	46	320
3627	171	320
14783	255	320
16957	278	320
6499	294	320
6749	316	320
1650	374	320
10872	409	320
8665	427	320
1077	440	320
13914	469	320
12098	500	320
5316	522	320
17053	559	320
17708	582	320
2148	75	321
12668	398	321
7591	567	321
8679	19	322
7592	428	322
10922	162	323
7093	288	323
2073	334	323
6552	422	323
8766	183	324
11240	201	324
9656	414	324
3257	426	324
3583	77	325
13620	101	325
10108	275	325
1909	296	325
4584	359	325
7555	373	325
16812	499	325
7574	519	325
15583	533	325
7014	546	325
13149	581	325
10873	18	326
15983	52	327
14612	276	327
9859	327	327
3486	17	328
1635	130	328
14461	150	328
4382	356	328
4391	445	328
4369	520	328
12316	576	328
15182	129	329
4166	349	329
8412	463	329
9409	504	329
9112	187	330
9371	209	330
10677	551	330
9363	560	330
13519	99	331
7412	173	331
16312	32	332
4096	199	332
7740	393	332
6083	395	332
10106	505	332
6988	6	333
3904	37	333
15841	61	333
4913	62	333
9785	159	333
11357	172	333
14590	197	333
10685	204	333
11553	215	333
12221	287	333
13594	292	333
1625	338	333
17623	412	333
7095	417	333
984	460	333
15675	496	333
14409	534	333
13774	558	333
17544	323	334
13367	392	334
12673	514	334
2501	86	335
8160	244	335
13098	517	335
1936	24	336
18258	26	336
16911	64	336
5051	83	336
3784	265	336
9932	337	336
12922	339	336
7393	340	336
10730	372	336
3269	387	336
989	415	336
10593	438	336
11331	444	336
11431	507	336
13709	516	336
4066	527	336
3644	575	336
8538	584	336
1152	15	337
11484	24	337
13781	26	337
5624	42	337
8910	64	337
10001	83	337
5311	178	337
12178	205	337
4231	207	337
18435	247	337
14477	265	337
14588	336	337
6946	339	337
13026	372	337
6361	387	337
9497	410	337
14056	415	337
15619	438	337
16477	473	337
757	507	337
7864	516	337
4093	527	337
9353	575	337
5416	584	337
15029	6	338
4235	61	338
6993	62	338
6233	172	338
14669	197	338
15286	204	338
8530	215	338
4824	282	338
18094	287	338
14781	292	338
11038	333	338
14166	412	338
17465	417	338
12991	460	338
13035	496	338
6379	534	338
17210	558	338
6057	15	339
4024	24	339
10231	26	339
12449	42	339
6640	64	339
13018	83	339
17500	178	339
18025	205	339
4198	207	339
9033	247	339
16447	265	339
12337	336	339
631	337	339
2399	372	339
2237	387	339
3539	410	339
17084	415	339
16916	438	339
17153	473	339
17666	507	339
4772	516	339
5868	527	339
11694	575	339
2464	584	339
15304	92	340
17889	252	340
6357	336	340
17805	393	340
8022	415	340
7923	490	340
16492	43	341
10516	94	341
7306	174	341
2012	224	341
7714	230	341
4623	250	341
3074	308	341
3385	378	341
9151	400	341
18315	419	341
8286	433	341
3857	481	341
7285	509	341
10039	521	341
1869	555	341
10505	566	341
3599	20	342
8041	50	342
8057	236	342
11317	435	342
14992	585	342
12494	233	343
14115	285	343
8113	376	343
11307	389	343
7745	109	344
10694	76	345
1685	258	345
2480	399	345
1910	538	345
6634	147	346
9707	270	346
3465	422	346
10526	60	347
15214	84	347
14506	226	347
18136	568	347
5885	318	348
5294	552	348
18176	299	349
9672	329	349
13719	383	349
3321	504	349
16030	535	349
4722	187	350
11041	293	350
8448	560	350
6463	21	351
4976	47	351
16391	222	351
4622	302	351
2252	369	351
8733	378	351
1145	418	351
14718	510	351
16594	22	352
16632	25	352
11045	79	352
7996	82	352
14073	185	352
10219	244	352
7458	254	352
11524	404	352
701	448	352
18442	464	352
9480	480	352
11902	497	352
9174	517	352
13442	52	353
9591	353	353
12219	63	354
5875	98	354
10391	134	354
16578	161	354
12542	188	354
7096	313	354
4482	426	354
8847	508	354
13873	37	355
6082	558	355
14646	17	356
1025	95	356
11896	130	356
4607	142	356
9674	150	356
15391	328	356
13849	445	356
7214	520	356
5450	572	356
650	576	356
2908	53	357
4455	89	357
18023	90	357
9520	104	357
18395	105	357
8179	140	357
9399	261	357
5008	271	357
1617	307	357
17970	358	357
8761	380	357
8010	430	357
14949	513	357
8068	547	357
9734	90	358
7702	104	358
7060	140	358
10416	357	358
18259	77	359
2658	101	359
8505	275	359
890	296	359
13297	325	359
11019	373	359
3508	425	359
10189	499	359
640	519	359
18099	540	359
5527	546	359
4364	581	359
2157	286	360
952	291	360
17067	484	360
10331	29	361
10063	55	361
1173	66	361
851	377	361
8755	403	361
4574	68	362
14318	114	362
13463	135	362
9272	177	362
5726	424	362
18152	479	362
10523	313	363
11385	508	363
17795	18	364
9093	35	364
6729	142	364
10229	150	364
17248	445	364
14596	468	364
5821	572	364
14149	3	365
5472	103	365
1961	131	365
6443	168	365
718	319	365
945	43	366
15263	124	366
11648	191	366
8579	303	366
10777	378	366
9412	391	366
1160	426	366
10212	434	366
14879	182	367
5716	309	367
14154	454	367
6915	536	367
14428	571	367
9566	70	368
11419	146	368
11991	235	368
3038	313	368
5164	21	369
834	47	369
2785	213	369
6930	302	369
7812	309	369
9852	351	369
4260	509	369
12138	510	369
4491	5	370
3505	31	370
17473	70	370
4169	107	370
17526	128	370
11959	236	370
14870	249	370
11760	435	370
5519	524	370
17871	579	370
1333	286	371
3230	291	371
17531	396	371
10772	15	372
14067	24	372
5350	26	372
2809	42	372
12289	64	372
8184	83	372
13417	178	372
3443	205	372
6012	207	372
14269	247	372
12070	265	372
11360	336	372
6924	337	372
16505	339	372
8542	387	372
5407	410	372
4921	415	372
16256	438	372
8799	473	372
8598	507	372
2531	516	372
15803	527	372
10054	575	372
16107	584	372
7820	77	373
6908	101	373
15074	275	373
16694	296	373
17551	325	373
6121	359	373
10356	425	373
3922	499	373
14969	519	373
4459	540	373
4281	546	373
8400	581	373
13899	46	374
10768	145	374
18162	171	374
7732	278	374
17225	316	374
4432	320	374
8482	440	374
15328	469	374
14613	522	374
9335	545	374
3795	52	375
1862	375	375
6506	11	376
6485	160	376
10194	196	376
11369	233	376
7104	267	376
2357	343	376
5935	29	377
11447	55	377
15655	220	377
7701	361	377
18328	47	378
6257	93	378
14011	132	378
5106	222	378
11475	224	378
1658	230	378
15667	302	378
11616	308	378
16218	341	378
14004	351	378
5682	366	378
14076	419	378
6567	433	378
14325	510	378
12311	521	378
3289	566	378
9274	140	379
924	191	379
5070	225	379
9316	240	379
1215	267	379
12364	401	379
5571	53	380
11614	89	380
16332	261	380
15722	271	380
9889	357	380
15609	437	380
2514	145	381
7257	427	381
17264	545	381
15564	185	382
13992	27	383
14547	65	383
12629	349	383
13907	149	384
4485	562	384
11332	40	385
3600	50	385
13142	183	385
14943	201	385
1197	285	385
5970	429	385
3218	75	386
3751	436	386
14458	567	386
11411	15	387
3024	24	387
4324	26	387
3481	42	387
15693	64	387
3972	83	387
4703	178	387
18182	205	387
4334	207	387
5997	247	387
17124	265	387
2655	336	387
16024	337	387
1191	339	387
11609	372	387
17621	410	387
3035	415	387
8025	438	387
2681	473	387
18366	507	387
7963	516	387
17424	527	387
4891	575	387
4575	584	387
5182	19	388
4010	30	388
10640	196	389
14438	233	389
12994	285	389
810	343	389
2298	451	389
15421	234	390
11630	298	390
11601	391	390
3650	457	390
15663	529	390
14050	573	390
4658	43	391
14031	160	391
13022	366	391
8982	390	391
7853	434	391
6897	441	391
6274	573	391
9941	147	392
18392	334	392
16167	514	392
8028	32	393
5297	92	393
9098	332	393
10831	340	393
14092	416	393
9970	73	394
8096	88	394
13912	216	394
16448	291	394
8681	537	394
10798	549	394
18297	585	394
6192	332	395
1528	410	395
4563	528	395
2066	286	396
11136	291	396
2145	371	396
18032	455	396
14099	9	397
9366	123	397
2363	126	397
4657	134	397
5869	272	398
12452	321	398
7275	567	398
3071	110	399
7611	258	399
8532	284	399
5074	345	399
13658	503	399
1997	184	400
4828	304	400
14519	341	400
15799	414	400
9748	462	400
17280	225	401
8289	379	401
8640	513	401
17615	238	402
18298	439	402
6495	36	403
1004	220	403
13513	256	403
14753	361	403
14914	2	404
10940	22	404
11863	25	404
11145	41	404
13676	79	404
16641	80	404
5731	82	404
1431	138	404
16599	208	404
10305	254	404
4847	352	404
8828	448	404
5098	464	404
10215	480	404
5014	497	404
18422	501	404
2142	505	404
3807	284	405
14985	503	405
17098	165	406
9917	179	406
17034	220	406
2925	229	406
2063	233	406
2573	411	406
611	420	406
1335	439	406
15980	99	407
6255	3	408
18364	303	408
5930	462	408
6630	46	409
9642	171	409
9590	278	409
1623	316	409
5965	320	409
3687	440	409
4538	469	409
6827	522	409
8708	14	410
1326	24	410
6392	26	410
13496	64	410
15665	83	410
15072	265	410
14720	337	410
13109	339	410
13886	372	410
6732	387	410
14080	395	410
15952	438	410
10992	505	410
3749	507	410
8254	516	410
15129	527	410
7438	575	410
16535	584	410
1151	96	411
2059	160	411
17474	196	411
3905	406	411
3461	453	411
13505	6	412
14964	37	412
12708	61	412
3987	62	412
5130	159	412
3191	172	412
8453	197	412
15569	204	412
16058	282	412
13184	287	412
639	292	412
16321	333	412
7710	338	412
2358	417	412
15208	460	412
1921	496	412
9029	534	412
4734	558	412
9955	86	413
2305	7	414
6981	43	414
17163	85	414
7852	94	414
11563	124	414
2862	183	414
17820	274	414
18281	303	414
14375	304	414
16855	324	414
10499	400	414
5221	457	414
9113	458	414
9760	491	414
10926	24	415
4044	26	415
12730	64	415
6201	83	415
1220	92	415
15765	205	415
18247	217	415
14061	259	415
13802	265	415
8290	336	415
16972	337	415
4328	339	415
7608	340	415
1559	372	415
2582	387	415
7576	438	415
15384	444	415
16378	507	415
12351	516	415
11867	527	415
14911	530	415
7781	575	415
16371	584	415
9498	210	416
3635	393	416
11612	532	416
1940	6	417
1209	37	417
12321	61	417
10795	62	417
8689	159	417
1654	172	417
10882	197	417
7782	204	417
2935	282	417
16170	287	417
12622	292	417
7015	333	417
14587	338	417
15753	412	417
10512	460	417
13536	496	417
5431	534	417
6570	558	417
4987	47	418
1370	112	418
10699	174	418
3109	213	418
10461	302	418
2596	351	418
5065	174	419
2855	308	419
13702	341	419
7641	378	419
10750	555	419
16187	179	420
2769	251	420
10664	406	420
14933	429	420
16086	451	420
3704	474	420
12065	566	420
15671	13	421
15122	166	421
3339	194	421
12964	461	421
11098	44	422
9819	180	422
16185	243	422
5289	288	422
2816	323	422
15300	346	422
5238	31	423
8426	50	423
17355	71	423
14406	51	424
9306	68	424
18007	72	424
10606	114	424
9567	135	424
17565	144	424
12675	177	424
17161	214	424
1740	277	424
16303	362	424
16810	465	424
1923	479	424
1743	548	424
13317	77	425
7162	87	425
7982	101	425
14589	131	425
5374	296	425
13567	315	425
7623	359	425
9728	373	425
864	499	425
16353	519	425
18001	546	425
2676	9	426
16671	121	426
5898	183	426
6869	324	426
9043	354	426
11401	366	426
11655	495	426
16257	529	426
2574	46	427
4564	171	427
13573	278	427
11549	316	427
9173	320	427
16401	381	427
11387	440	427
6043	469	427
12455	500	427
14410	522	427
17764	559	427
1543	19	428
2263	322	428
2168	93	429
14334	188	429
11504	385	429
9354	420	429
11572	451	429
2383	481	429
7928	557	429
13855	105	430
2984	140	430
8079	307	430
2731	357	430
16432	547	430
15226	60	431
3381	489	431
6411	45	432
3314	232	432
12740	263	432
14787	280	432
12679	290	432
11037	311	432
4348	492	432
13550	539	432
7696	561	432
5365	569	432
15281	174	433
11733	224	433
12684	251	433
16144	341	433
8772	378	433
5596	555	433
5372	566	433
10217	11	434
12766	160	434
18359	201	434
9476	366	434
5580	391	434
11055	441	434
17481	556	434
15142	5	435
1414	236	435
12582	342	435
17414	370	435
6543	272	436
5201	386	436
10392	123	437
8754	161	437
9842	240	437
3249	261	437
6660	267	437
17542	380	437
1233	585	437
1459	15	438
13569	24	438
8722	26	438
7536	42	438
15273	64	438
11538	83	438
12420	178	438
2216	205	438
17402	207	438
10458	247	438
16992	265	438
13950	336	438
16483	337	438
6971	339	438
12093	372	438
1589	387	438
13979	410	438
3312	415	438
12734	473	438
1183	507	438
18223	516	438
15287	527	438
16112	575	438
8716	584	438
11298	10	439
1350	36	439
14979	93	439
13564	96	439
9438	143	439
16049	238	439
6925	301	439
5787	402	439
9858	406	439
16965	454	439
10948	571	439
12039	46	440
13308	171	440
3983	255	440
17738	278	440
2242	294	440
7735	316	440
5035	320	440
14186	374	440
15439	409	440
13610	427	440
6367	469	440
6601	500	440
4100	522	440
7613	559	440
1272	582	440
10429	298	441
7969	391	441
2162	434	441
4240	485	442
3716	558	442
8211	176	443
9805	486	443
18048	336	444
7017	415	444
2792	130	445
3392	150	445
1174	328	445
2682	356	445
10860	364	445
11473	572	445
6951	576	445
12011	3	446
13304	28	446
1962	30	446
17430	540	446
15594	139	447
6854	550	447
3393	2	448
18016	22	448
8086	25	448
17294	41	448
10804	79	448
635	80	448
4839	82	448
5252	138	448
11625	208	448
4493	254	448
733	352	448
1201	404	448
12603	464	448
706	480	448
10666	497	448
12399	501	448
16595	505	448
8710	301	449
5892	454	449
1244	571	449
10175	54	450
17453	74	450
1281	541	450
12674	14	451
4007	213	451
2754	389	451
14597	420	451
10550	429	451
10781	93	452
15542	112	452
4472	309	452
18447	454	452
15172	510	452
12672	555	452
1516	586	452
7540	96	453
6554	298	453
15441	411	453
16104	542	453
16338	4	454
9601	108	454
15692	182	454
9615	238	454
15827	301	454
12023	367	454
14686	439	454
8976	449	454
18438	452	454
17231	456	454
14673	578	454
12477	286	455
8970	291	455
13394	396	455
1499	108	456
3054	454	456
1556	578	456
8114	124	457
3160	390	457
4078	414	457
10837	458	457
17244	573	457
6128	43	458
6606	414	458
18408	457	458
18051	583	459
12680	6	460
6226	37	460
11269	61	460
3458	62	460
7280	159	460
13368	172	460
10101	197	460
13659	204	460
13778	282	460
17954	287	460
12147	292	460
17991	333	460
11780	338	460
6001	412	460
18058	417	460
15178	496	460
16897	534	460
6228	558	460
13176	166	461
17191	421	461
16106	7	462
7689	94	462
4309	202	462
14700	283	462
4350	303	462
14677	400	462
7029	408	462
4085	470	462
15943	65	463
15340	129	463
6751	329	463
14644	504	463
11476	535	463
14915	2	464
8341	22	464
17546	25	464
10796	41	464
2796	79	464
6686	80	464
4307	82	464
10062	138	464
4599	208	464
16716	254	464
10407	352	464
16969	404	464
6616	448	464
13027	480	464
10543	497	464
14095	501	464
3020	505	464
18428	23	465
9568	68	465
3061	135	465
13379	177	465
3171	214	465
2936	300	465
16413	424	465
6219	479	465
17879	574	465
4714	60	466
5771	127	466
13974	231	466
2947	493	466
14875	568	466
8320	294	467
14533	504	467
16918	535	467
17892	142	468
15756	294	468
18216	364	468
15241	520	468
2169	46	469
15476	171	469
7554	255	469
4815	278	469
10351	294	469
3223	316	469
4300	320	469
7051	374	469
7535	409	469
6797	427	469
14450	440	469
14181	500	469
6428	522	469
1990	559	469
5744	582	469
10964	3	470
10924	97	470
17847	168	470
4954	202	470
12355	269	470
12971	283	470
2611	303	470
16821	462	470
6225	488	470
7476	570	470
1427	587	470
4068	52	471
11761	471	471
4385	159	472
9657	215	472
11323	24	473
17838	26	473
11633	64	473
3039	83	473
5458	337	473
13196	339	473
13922	372	473
1484	387	473
5938	438	473
2897	507	473
1957	516	473
16966	527	473
15560	575	473
10580	584	473
18276	38	474
14497	111	474
11491	247	474
3086	262	474
11315	293	474
14701	420	474
12510	1	475
4975	290	475
5524	121	476
5582	161	476
7411	213	476
6445	312	476
10702	509	476
6645	485	477
14085	558	477
1093	231	478
7995	489	478
17245	493	478
16294	51	479
15779	68	479
1454	72	479
1518	114	479
10921	135	479
6766	144	479
3867	177	479
2634	214	479
10839	277	479
9673	362	479
15477	424	479
4065	465	479
5334	548	479
5067	22	480
16789	25	480
15034	79	480
5753	80	480
12949	82	480
9616	138	480
4849	208	480
18153	254	480
13798	352	480
12931	404	480
14297	448	480
11083	464	480
14447	497	480
11026	501	480
12052	43	481
14855	188	481
16517	274	481
2186	313	481
8516	341	481
13044	429	481
10253	221	482
7889	583	482
6997	561	483
1342	118	484
14997	291	484
2914	306	484
11705	360	484
14446	37	485
16322	193	485
8433	268	485
14128	442	485
6955	477	485
17983	158	486
7164	443	486
11334	3	487
1022	126	488
4499	202	488
14491	470	488
8310	570	488
7959	587	488
18084	60	489
10814	431	489
16862	478	489
8419	92	490
13848	207	490
11817	340	490
15227	532	490
7064	124	491
13890	228	491
15269	234	491
17144	303	491
8775	414	491
16942	556	491
4190	45	492
11719	232	492
14780	263	492
15928	280	492
2900	290	492
8169	311	492
15525	432	492
12281	539	492
7251	561	492
9477	569	492
2839	127	493
11948	231	493
14729	235	493
8437	466	493
17568	478	493
16998	153	494
16806	200	494
14123	317	494
17413	537	494
9090	9	495
14674	179	495
13316	250	495
13359	256	495
7232	312	495
11877	426	495
2479	6	496
2051	37	496
3324	61	496
14887	62	496
7958	159	496
7649	172	496
986	197	496
6914	204	496
6956	215	496
1189	282	496
4219	287	496
8633	292	496
16737	333	496
6341	338	496
8613	412	496
13722	417	496
691	460	496
14158	534	496
4855	558	496
10090	2	497
1926	22	497
1064	25	497
3703	41	497
3025	79	497
10678	80	497
712	82	497
6493	138	497
13641	208	497
17849	254	497
15336	352	497
12334	404	497
12371	448	497
764	464	497
15745	480	497
11805	501	497
2121	505	497
7122	30	498
9317	184	498
15932	245	498
15276	304	498
9989	77	499
9086	101	499
16843	275	499
4082	296	499
5269	325	499
16050	359	499
6304	373	499
3063	425	499
1303	519	499
5697	533	499
9617	546	499
13999	581	499
4936	46	500
11247	145	500
6418	171	500
1616	278	500
8918	316	500
17881	320	500
2112	427	500
13779	440	500
8954	469	500
12412	522	500
13104	545	500
3287	22	501
4939	25	501
2870	79	501
8316	82	501
17502	254	501
3005	404	501
5498	448	501
2504	464	501
5757	480	501
6106	497	501
2240	284	502
6544	503	502
8500	110	503
6353	120	503
5038	284	503
3673	318	503
14058	399	503
11758	405	503
12161	502	503
10002	538	503
5195	129	504
5798	329	504
6406	349	504
627	463	504
10603	467	504
18332	511	504
1919	22	505
7097	25	505
9071	32	505
18379	79	505
16878	82	505
1675	85	505
9604	117	505
6393	199	505
16906	244	505
17138	254	505
12021	332	505
3364	404	505
17089	410	505
2167	448	505
6247	464	505
4047	497	505
2975	12	506
4569	88	506
18060	186	506
10817	216	506
15073	15	507
10056	24	507
1805	26	507
13252	42	507
18129	64	507
12210	83	507
17723	178	507
2149	205	507
705	207	507
12564	247	507
12578	265	507
7895	336	507
1332	337	507
12533	339	507
4625	372	507
9308	387	507
7462	410	507
15639	415	507
11048	438	507
6007	473	507
12009	516	507
8175	527	507
12486	575	507
9488	584	507
7713	313	508
10974	354	508
11428	363	508
11818	174	509
7715	224	509
4139	341	509
15857	369	509
10098	476	509
2748	555	509
3643	47	510
8317	302	510
7089	351	510
3736	369	510
8632	378	510
3244	452	510
10963	504	511
2803	129	512
5765	225	513
3854	307	513
16154	357	513
11155	401	513
14271	147	514
16763	334	514
9754	392	514
2686	41	515
16451	126	515
2767	237	515
10757	15	516
15734	24	516
9822	26	516
11448	42	516
13987	64	516
10670	83	516
1166	178	516
14861	205	516
17624	207	516
807	247	516
10411	265	516
15881	336	516
17443	337	516
11244	339	516
9618	372	516
5999	387	516
9263	410	516
13197	415	516
10366	438	516
2287	473	516
10865	507	516
16020	527	516
17703	575	516
10740	584	516
9971	74	517
13134	185	517
3354	244	517
15732	335	517
16522	352	517
790	531	517
16405	78	518
8085	297	518
17342	571	518
4423	77	519
7260	101	519
13549	275	519
3722	296	519
6500	325	519
8756	359	519
13249	373	519
12087	425	519
6607	499	519
13918	540	519
5749	546	519
15586	581	519
4683	17	520
13847	130	520
3015	142	520
18170	167	520
1217	328	520
3973	356	520
18009	468	520
16045	576	520
17518	121	521
14548	174	521
5745	230	521
12759	341	521
13683	378	521
3741	555	521
1037	566	521
1327	46	522
6324	171	522
8686	255	522
16904	278	522
2224	294	522
12485	316	522
893	320	522
5265	374	522
18220	409	522
15010	427	522
6111	440	522
4800	469	522
18187	500	522
15658	559	522
7132	582	522
11052	112	523
17287	309	523
4080	5	524
7601	107	524
16752	370	524
10536	579	524
13079	39	525
12988	544	525
4181	577	525
8749	142	526
6151	15	527
13076	24	527
13129	26	527
4366	42	527
4164	64	527
11191	83	527
18008	178	527
15783	205	527
14479	207	527
8227	247	527
2721	265	527
6564	336	527
17558	337	527
645	339	527
2251	372	527
9633	387	527
5743	410	527
8377	415	527
8405	438	527
16613	473	527
11280	507	527
15261	516	527
2117	575	527
3338	584	527
2691	395	528
13592	9	529
6355	96	529
5615	98	529
5957	116	529
18458	128	529
9809	165	529
12424	201	529
12593	219	529
5557	390	529
2516	426	529
18278	415	530
11477	244	531
8934	517	531
9894	92	532
13623	199	532
4191	207	532
15479	295	532
2810	416	532
7758	490	532
14948	77	533
6421	101	533
9899	275	533
7413	296	533
11975	325	533
16910	499	533
4490	546	533
15480	6	534
17487	37	534
17664	61	534
7609	62	534
3773	159	534
5089	172	534
18300	197	534
8016	204	534
9047	215	534
16712	282	534
9413	287	534
15993	292	534
13669	333	534
13482	338	534
1694	412	534
16308	417	534
7495	460	534
13381	496	534
14538	558	534
4199	13	535
12580	27	535
13901	57	535
13864	349	535
14206	463	535
8074	467	535
14487	161	536
10242	182	536
6231	313	536
9030	367	536
9659	73	537
5604	148	537
7528	291	537
1171	394	537
8197	494	537
6683	258	538
14272	284	538
5685	345	538
6470	503	538
14243	27	539
7312	232	539
15889	263	539
7690	432	539
6299	492	539
13884	561	539
10918	569	539
17563	74	540
10289	94	540
3357	144	540
14012	359	540
17610	373	540
9343	446	540
7639	519	540
3437	181	541
13850	450	541
8445	96	542
820	196	542
17365	453	542
17429	39	543
10146	179	543
8481	544	543
13099	556	543
14773	29	544
14848	39	544
2179	55	544
18021	148	544
11457	233	544
15890	525	544
10474	543	544
1638	556	544
8371	577	544
7252	374	545
14708	381	545
9942	500	545
2449	77	546
13694	101	546
11682	275	546
2972	296	546
7635	325	546
6754	359	546
10467	373	546
13761	425	546
9891	499	546
16839	519	546
9991	533	546
18406	581	546
17852	105	547
13187	140	547
7974	357	547
7511	430	547
6050	68	548
1376	135	548
13917	177	548
17955	424	548
5544	479	548
12660	12	549
8987	29	549
772	73	549
5088	84	549
4933	88	549
10135	116	549
798	226	549
9766	394	549
2114	16	550
7339	57	550
10990	81	550
15582	139	550
11595	151	550
4456	170	550
5929	181	550
6913	266	550
8883	447	550
14687	553	550
912	21	551
10472	102	551
16826	187	551
7295	330	551
5140	212	552
6832	318	552
6229	348	552
12635	54	553
18282	139	553
5363	151	553
9468	170	553
14690	550	553
5854	242	554
13880	279	554
2950	93	555
17690	224	555
15099	230	555
17756	308	555
7665	341	555
15095	419	555
11919	433	555
4098	452	555
5881	509	555
6203	521	555
856	560	555
9285	566	555
11869	227	556
11196	285	556
1030	434	556
14483	491	556
5115	543	556
18355	544	556
14918	93	557
11596	96	557
7056	196	557
8726	429	557
10562	586	557
5322	6	558
1107	61	558
18245	62	558
8806	197	558
15703	268	558
14285	282	558
2296	287	558
11931	292	558
4884	333	558
5954	338	558
16083	355	558
2244	412	558
17917	417	558
4648	442	558
6333	460	558
5795	477	558
10079	496	558
2520	534	558
6021	46	559
17437	171	559
5591	242	559
5398	278	559
5055	279	559
6027	316	559
17674	320	559
7202	427	559
7600	440	559
8075	469	559
17929	522	559
7885	38	560
993	187	560
16070	293	560
3756	304	560
14460	330	560
6929	350	560
15256	555	560
18101	1	561
18102	48	561
17461	232	561
7661	263	561
2239	432	561
15684	483	561
15767	492	561
3541	539	561
5101	569	561
9349	149	562
14263	384	562
5850	19	563
15592	157	563
10888	67	564
12682	125	564
15166	192	564
654	195	564
4843	173	565
12970	174	566
12718	230	566
11887	341	566
17092	378	566
6633	420	566
8912	433	566
8276	521	566
3130	555	566
930	272	567
8566	321	567
4346	386	567
6169	398	567
3228	60	568
17050	347	568
6242	466	568
678	45	569
11717	232	569
11874	263	569
8649	280	569
5272	290	569
15200	311	569
5539	432	569
4597	492	569
13287	539	569
2183	561	569
8550	202	570
17603	206	570
18309	470	570
15319	488	570
4724	587	570
5568	10	571
12540	78	571
14387	93	571
6167	143	571
16539	238	571
7390	297	571
3628	367	571
7077	439	571
11293	449	571
14625	518	571
7736	580	571
16084	17	572
15192	130	572
13461	150	572
16210	356	572
1473	364	572
3466	445	572
17314	576	572
3348	11	573
16126	116	573
920	124	573
11873	148	573
1846	390	573
3686	391	573
15130	457	573
17345	214	574
3631	465	574
2213	15	575
2132	24	575
8834	26	575
10089	42	575
11679	64	575
10563	83	575
16249	178	575
3190	205	575
15199	207	575
990	247	575
3595	265	575
15494	336	575
8693	337	575
9115	339	575
832	372	575
13016	387	575
6698	410	575
5668	415	575
5129	438	575
10988	473	575
18367	507	575
1392	516	575
3885	527	575
2744	584	575
17307	17	576
2591	95	576
2652	130	576
8318	150	576
10747	328	576
1305	356	576
8714	445	576
8100	520	576
13729	572	576
8067	525	577
10224	544	577
11462	182	578
16347	454	578
12171	456	578
9478	50	579
3930	107	579
1507	370	579
12324	524	579
8524	36	580
13902	53	580
9813	121	580
5950	143	580
16363	220	580
3102	571	580
7863	77	581
4582	101	581
14241	275	581
17796	296	581
4469	325	581
13060	359	581
2431	373	581
11020	499	581
15383	519	581
7401	546	581
8035	46	582
17178	171	582
4958	242	582
7431	278	582
13977	279	582
8490	316	582
6561	320	582
13560	440	582
3246	469	582
5934	522	582
15079	221	583
12203	459	583
13218	482	583
15759	15	584
15922	24	584
16520	26	584
16293	42	584
9217	64	584
4803	83	584
11778	178	584
14814	205	584
18161	207	584
12941	247	584
15997	265	584
13302	336	584
13120	337	584
1995	339	584
1313	372	584
4421	387	584
3927	410	584
15452	415	584
10721	438	584
11078	473	584
10004	507	584
7962	516	584
7908	527	584
13100	575	584
9328	20	585
1418	29	585
894	66	585
15858	73	585
7307	88	585
16394	236	585
7184	273	585
696	342	585
3045	394	585
6339	437	585
7972	63	586
7145	93	586
16975	309	586
10518	452	586
3573	557	586
3682	202	587
7317	206	587
5722	470	587
15135	488	587
10103	570	587
1550	99	588
