15287	7	1
2682	214	1
15662	215	1
12293	246	1
16118	401	1
15033	444	1
4564	530	1
14868	531	1
7981	9	2
10773	274	2
11809	388	2
6824	208	3
7169	293	3
17503	308	3
5505	16	4
10498	57	4
16292	147	4
9421	203	4
9724	301	4
2272	414	4
10623	551	4
15305	112	5
8215	172	5
9203	386	5
7600	436	5
13382	548	5
10186	178	6
17031	1	7
1395	248	7
16438	332	7
9230	444	7
14181	514	7
6367	23	8
14324	137	8
10770	351	8
17960	358	8
18254	402	8
18266	2	9
2748	90	9
12455	105	9
17795	118	9
17833	191	9
11593	196	9
17002	222	9
2228	235	9
11335	326	9
16772	456	9
3793	467	9
1319	494	9
2717	547	9
1637	81	10
11154	97	10
14498	154	10
3031	314	10
14848	364	10
12697	379	10
8402	587	10
4199	59	11
5553	63	11
17245	181	11
14223	256	11
15844	269	11
6858	400	11
3784	461	11
9774	498	11
8932	121	12
6434	147	12
12991	181	12
2494	183	12
14054	415	12
5440	416	12
12081	506	12
11263	588	12
17507	17	13
10562	45	13
8501	57	13
14891	130	13
5681	151	13
13925	243	13
3670	264	13
13126	318	13
12123	341	13
3556	343	13
12690	425	13
16208	449	13
1320	451	13
10640	476	13
3209	183	14
16251	273	14
11805	340	14
918	341	14
1934	491	14
10632	62	15
14979	229	15
6905	496	15
1984	546	15
3434	4	16
3952	193	16
3736	494	16
4516	13	17
16646	45	17
2100	126	17
14126	151	17
9849	155	17
5221	160	17
14531	182	17
12684	411	17
5627	434	17
17632	488	17
2018	543	17
10066	94	18
17379	116	18
5971	123	18
5954	196	18
4998	322	18
14130	326	18
9578	453	18
12651	32	19
7502	85	19
2798	127	19
9785	174	19
5293	189	19
8957	192	19
8666	194	19
11750	219	19
8815	458	19
14742	515	19
14092	563	19
13223	154	20
13964	179	20
14043	192	20
17039	209	20
17964	405	20
15770	426	20
1722	434	20
15213	92	21
7871	120	21
11174	180	21
9383	321	21
13170	410	21
15769	437	21
17330	485	21
11425	101	22
6186	8	23
16021	84	23
11988	172	23
4273	279	23
13783	335	23
2192	350	23
5791	358	23
14408	363	23
15763	449	23
3601	475	23
17580	557	23
17414	577	23
3078	42	24
1603	178	25
8240	296	25
9390	178	26
5179	154	27
6620	189	27
5348	190	27
11400	375	27
18323	405	27
12712	406	27
14291	434	27
5406	471	27
938	556	27
3732	587	27
5958	130	28
18181	233	28
6550	476	28
11525	165	29
12128	319	29
8080	328	29
11330	336	29
5119	357	29
3168	421	29
17133	69	30
16799	71	30
10757	119	30
11367	146	30
18143	210	30
15214	238	30
3578	291	30
1041	332	30
8032	335	30
18274	402	30
11537	406	30
18048	512	30
8281	55	31
13270	173	31
2436	403	31
11229	427	31
10547	493	31
11543	498	31
10695	540	31
14198	552	31
7458	19	32
18357	187	32
13788	240	32
16555	270	32
3225	341	32
6034	367	32
17777	377	32
10193	418	32
14770	425	32
13065	463	32
8011	505	32
4196	84	33
15805	186	33
3622	215	33
4554	246	33
1592	395	33
10222	403	33
1336	514	33
2978	588	33
1548	110	34
8268	476	34
14511	588	34
2113	78	35
13037	242	35
14385	390	35
10061	393	35
10404	413	35
3849	420	35
7314	468	35
17971	477	35
6710	487	35
10831	518	35
12300	538	35
10555	409	36
7232	178	37
15637	301	37
4270	494	37
1220	551	37
8575	277	38
11048	411	38
13711	444	38
8662	501	38
16801	40	39
8664	182	39
18179	210	39
6283	264	39
15962	279	39
13309	313	39
3087	362	39
9182	368	39
14157	385	39
8719	503	39
660	548	39
10389	549	39
2323	556	39
9305	577	39
4364	39	40
13878	210	40
2570	211	40
10866	350	40
12672	53	41
7976	58	41
3823	63	41
7012	309	41
11451	315	41
1081	344	41
10680	399	41
4432	582	41
8908	24	42
12976	287	42
16885	320	42
11559	337	42
3012	486	42
11723	570	42
2573	329	43
17368	476	43
14059	57	44
16763	241	44
16644	310	44
17288	13	45
9806	17	45
11770	73	45
8241	110	45
12833	112	45
6984	117	45
13472	130	45
13033	151	45
4184	170	45
11230	176	45
6743	204	45
13236	233	45
15012	245	45
2444	305	45
16539	356	45
11582	396	45
613	449	45
1498	459	45
9045	473	45
6068	476	45
1204	480	45
15151	498	45
4950	509	45
2998	536	45
18360	558	45
4330	559	45
9119	72	46
4851	52	47
11530	93	47
14869	303	47
10540	419	47
9504	560	47
5371	198	48
766	300	48
9297	385	48
4409	454	48
12182	513	48
6260	564	48
16515	97	49
11536	131	49
7549	180	49
11131	206	49
14557	215	49
2486	367	49
13644	521	49
15351	553	49
12760	588	49
1183	141	50
10793	353	50
8302	423	50
16194	489	50
16504	178	51
3761	511	51
17060	47	52
7686	52	52
14755	93	52
8134	303	52
4473	431	52
12995	41	53
1958	175	53
764	344	53
4779	111	54
4155	134	54
5695	152	54
1552	160	54
8618	200	54
15958	230	54
1849	31	55
4838	97	55
1805	256	55
17443	321	55
6107	330	55
6775	521	55
12841	552	55
14190	588	55
15407	234	56
607	409	56
12725	4	57
6048	13	57
8597	44	57
4331	122	57
2058	140	57
4324	247	57
7087	271	57
4865	331	57
3431	364	57
16337	369	57
9234	422	57
10784	565	57
3646	41	58
2528	181	58
1207	208	58
5942	295	58
16912	307	58
5431	11	59
9879	140	59
11414	237	59
8178	256	59
8977	348	59
9412	364	59
14379	400	59
8155	99	60
12901	100	60
17237	122	60
12643	144	60
8588	199	60
17920	271	60
17838	310	60
4976	317	60
8380	331	60
3626	346	60
3963	485	60
16076	565	60
4706	101	61
17958	409	61
11262	15	62
7083	496	62
13785	11	63
1000	41	63
9997	211	63
12819	285	63
12405	348	63
15610	364	63
9216	400	63
18450	528	63
4963	578	63
2164	101	64
17896	409	64
17812	453	64
1698	174	65
5814	194	65
4766	259	65
8300	391	65
6841	472	65
12706	531	65
8807	574	65
3937	182	66
13921	225	66
13432	288	66
3041	305	66
2409	328	66
1515	343	66
12703	350	66
9395	374	66
2213	430	66
10660	461	66
5988	481	66
10143	335	67
9327	342	67
1946	450	67
7574	80	68
1624	170	68
2721	411	68
5014	421	68
5184	531	68
8409	30	69
14176	148	69
2160	240	69
1058	314	69
6759	512	69
15690	532	69
3851	549	69
15331	556	69
9133	131	70
6298	132	70
4394	231	70
5719	468	70
3406	483	70
7969	491	70
13241	30	71
18435	146	71
10298	306	71
8682	402	71
6037	406	71
1411	46	72
7877	302	72
3800	322	72
11752	424	72
8573	432	72
2911	497	72
10990	516	72
15674	575	72
13046	45	73
8570	112	73
691	176	73
5720	204	73
9422	207	73
8338	264	73
2231	473	73
886	548	73
12769	301	74
16339	325	74
4054	345	74
7865	365	74
11232	399	74
3326	102	75
4567	152	75
11913	160	75
5836	186	75
11746	218	75
9927	230	75
6630	275	75
10426	389	75
3912	514	75
17593	517	75
15485	553	75
2825	581	75
839	109	76
3964	209	76
5580	306	76
9060	375	76
14001	405	76
1901	471	76
10548	196	77
17378	197	77
16385	266	77
5680	292	77
7892	296	77
17325	302	77
1966	469	77
11930	479	77
10818	35	78
2057	395	78
3693	588	78
16874	101	79
7382	409	79
10223	453	79
7759	68	80
12045	107	80
17433	113	80
16914	159	80
2749	184	80
2458	264	80
4269	341	80
4649	390	80
7095	466	80
5544	483	80
1113	561	80
10659	10	81
4590	173	81
17219	348	81
12034	364	81
13207	409	81
5577	302	82
18301	101	83
12439	409	83
1857	23	84
804	33	84
14257	279	84
2653	352	84
13292	383	84
3290	491	84
7071	548	84
1008	19	85
16613	178	85
8499	200	85
9429	296	85
18417	226	86
8207	251	86
13448	290	86
14064	336	86
13973	413	86
4435	444	86
7764	548	86
13879	581	86
4422	193	87
2942	301	87
3573	131	88
17579	132	88
5725	231	88
1948	299	88
6719	475	88
7527	495	88
3311	172	89
12774	238	89
17695	286	89
1276	323	89
2985	335	89
16451	435	89
10211	9	90
14568	447	90
1405	168	91
16759	172	91
14249	358	91
12132	475	91
5876	21	92
6686	98	92
1663	205	92
5017	217	92
8498	407	92
14091	480	92
10822	559	92
16638	47	93
14591	52	93
7993	303	93
8061	419	93
18463	431	93
678	18	94
7386	115	94
13230	324	94
13136	582	94
8346	586	94
10581	182	95
8820	220	95
13995	354	95
1598	463	95
7121	533	95
6960	408	96
9983	10	97
15780	49	97
9217	55	97
4201	157	97
15827	276	97
8959	314	97
11859	321	97
14588	379	97
3394	433	97
16688	437	97
7347	449	97
2045	484	97
1094	506	97
2846	512	97
7157	521	97
15731	532	97
14797	549	97
1774	92	98
5379	154	98
1600	180	98
16632	187	98
17363	210	98
18148	212	98
5113	559	98
6582	60	99
9076	100	99
1470	122	99
14611	144	99
5574	199	99
14401	271	99
652	310	99
10703	317	99
14173	331	99
8827	346	99
13273	485	99
4808	565	99
5612	60	100
3512	99	100
9149	203	100
6828	310	100
4917	331	100
12655	554	100
10334	565	100
12890	22	101
16328	61	101
9903	64	101
2525	79	101
8073	83	101
17114	339	101
9003	372	101
17772	373	101
16422	404	101
13742	409	101
13374	470	101
5124	474	101
12289	507	101
2061	75	102
14186	198	102
1327	201	102
16926	275	102
7780	382	102
1165	321	103
2455	499	103
18279	149	104
10333	183	104
2936	213	104
12891	443	104
15587	9	105
10777	447	105
11637	216	106
11629	253	106
4859	297	106
4255	426	106
15849	80	107
1717	115	107
1668	124	107
16067	126	107
17781	163	107
16367	315	107
12557	341	107
15400	213	108
14540	291	108
15808	392	108
4787	454	108
13238	76	109
2903	213	109
10974	228	109
1475	443	109
16664	583	109
5566	34	110
13933	45	110
5898	157	110
12414	459	110
8375	461	110
15634	476	110
3152	543	110
11855	54	111
4085	219	111
10320	221	111
9359	397	111
6540	526	111
3103	563	111
11784	5	112
7980	45	112
5637	73	112
12114	172	112
16174	80	113
9314	241	113
15530	246	113
17688	350	113
2644	451	113
7698	493	113
2551	184	114
15860	242	114
10898	270	114
14809	343	114
8051	362	114
7825	425	114
13153	94	115
11129	107	115
4238	124	115
8327	175	115
7194	331	115
11698	366	115
16289	381	115
17860	565	115
16469	580	115
5744	18	116
17857	120	116
7762	180	116
9416	182	116
4399	226	116
6786	45	117
9319	245	117
2261	264	117
18479	473	117
9952	501	117
1684	548	117
685	9	118
14558	447	118
15804	30	119
14585	146	119
16925	213	119
18221	392	119
14120	21	120
7054	116	120
11760	138	120
14884	165	120
10582	180	120
1174	226	120
14366	244	120
9583	540	120
2636	553	120
4994	12	121
13760	126	121
12003	195	121
4043	334	121
10271	335	121
2303	350	121
7483	377	121
8976	457	121
12340	505	121
6078	57	122
1464	60	122
3369	99	122
13099	381	122
12709	18	123
8603	107	124
15072	115	124
4454	344	124
8234	366	124
4899	533	125
15870	17	126
16716	107	126
4360	121	126
7696	328	126
7826	389	126
7010	411	126
8607	416	126
9401	457	126
15074	514	126
17213	520	126
4731	19	127
6318	169	127
12729	192	127
1895	312	127
2598	323	127
2431	458	127
16391	463	127
2156	201	128
1013	242	128
10502	270	128
17067	442	128
13499	461	128
11819	476	128
9666	523	128
2555	588	128
8754	184	129
14824	211	129
1638	475	129
3208	495	129
11983	553	129
16205	559	129
14430	13	130
7617	28	130
9157	45	130
5171	170	130
9219	233	130
2236	352	130
9671	356	130
10209	434	130
14933	530	130
18087	49	131
14758	70	131
9850	88	131
16602	226	131
8046	231	131
11650	299	131
1106	304	131
15921	413	131
12827	483	131
5488	518	131
14905	70	132
15960	88	132
5480	211	132
11195	218	132
17471	266	132
14529	420	132
13342	451	132
2975	491	132
6848	518	132
10330	182	133
12183	241	133
5897	285	133
4117	305	133
6316	400	133
9198	437	133
16526	461	133
14773	498	133
3104	535	133
7055	552	133
15329	54	134
17663	136	134
7309	194	134
3682	227	134
6831	230	134
2325	312	134
10187	465	134
10350	481	134
3834	513	134
7592	517	134
12714	409	135
7445	453	135
2787	134	136
15075	166	136
9715	276	136
7406	403	136
6769	413	136
10020	493	136
7539	8	137
9993	205	137
6467	352	137
1153	402	137
16232	436	137
18267	120	138
8706	304	138
15907	319	138
8465	413	138
8786	553	138
4461	447	139
15748	57	140
15802	59	140
5312	247	140
6325	310	140
3739	369	140
1988	510	140
13362	539	140
17096	50	141
15680	353	141
4395	423	141
13725	489	141
12251	190	142
10112	213	142
3276	250	142
3990	298	142
6252	583	142
6146	325	143
15892	60	144
6365	99	144
11066	179	144
11846	247	144
6148	315	144
4568	346	144
5107	205	145
4691	233	145
9783	335	145
13868	461	145
8106	571	145
18457	579	145
3624	30	146
16119	71	146
17769	119	146
7131	300	146
1628	306	146
13856	407	146
15411	452	146
11475	4	147
14543	12	147
12799	213	147
17942	217	147
14532	223	147
3940	228	147
10546	297	147
9991	384	147
5316	69	148
4689	215	148
17939	314	148
14015	375	148
12875	471	148
8553	576	148
5452	104	149
11889	213	149
15201	455	149
5218	579	149
17196	178	150
12607	511	150
15005	13	151
12856	17	151
14795	45	151
2734	170	151
14135	356	151
11302	374	151
3117	463	151
4185	54	152
12420	75	152
9536	160	152
9887	200	152
9022	238	152
15170	323	152
11179	347	153
12181	476	153
6103	529	153
981	588	153
1640	10	154
16510	20	154
9570	27	154
7718	98	154
2867	406	154
8319	587	154
11353	17	155
11270	160	155
3079	233	155
7333	411	155
3717	425	155
5737	465	155
14446	488	155
2439	253	156
14267	361	156
14958	97	157
16872	110	157
7988	420	157
14948	461	157
5524	498	157
819	588	157
14695	511	158
11549	80	159
13500	195	159
4018	348	159
10086	453	159
5445	17	160
12514	54	160
5207	75	160
10604	152	160
1931	155	160
4172	413	160
5434	488	160
10615	180	161
6634	205	161
7742	217	161
15801	241	161
11684	305	161
13016	484	161
15954	509	161
2300	521	161
17533	243	162
13478	252	162
10833	391	162
1397	487	162
847	107	163
7522	318	163
4563	341	163
14627	346	163
2064	434	163
4162	260	164
13217	487	164
7801	513	164
954	29	165
5647	120	165
7319	266	165
13919	336	165
17883	354	165
10180	357	165
7505	389	165
8935	410	165
14397	420	165
12483	136	166
10706	334	166
2175	347	166
16523	476	166
2059	253	167
16596	330	167
4494	461	167
3661	578	167
6603	91	168
7470	172	168
8027	545	168
17022	127	169
13520	174	169
15028	185	169
3245	428	169
2183	472	169
2208	45	170
17305	68	170
9982	130	170
9617	151	170
18020	328	170
13194	411	170
14709	434	170
9094	451	170
5995	463	170
11758	409	171
13426	5	172
13105	23	172
10932	89	172
10819	91	172
6834	112	172
7205	168	172
6832	228	172
9884	238	172
4672	265	172
10267	286	172
7709	436	172
2654	475	172
17699	545	172
9168	548	172
876	581	172
7336	31	173
1714	81	173
4948	195	173
17122	299	173
16043	378	173
634	420	173
12637	493	173
18135	500	173
16257	518	173
15383	19	174
6884	65	174
17657	169	174
1063	252	174
15760	382	174
10962	401	174
3988	420	174
15847	428	174
10864	487	174
8946	513	174
8650	564	174
10534	53	175
6105	115	175
3898	310	175
13653	344	175
14752	528	175
1656	45	176
16700	73	176
762	245	176
14345	264	176
10661	473	176
4797	501	176
9013	548	176
15840	178	177
12508	511	177
13395	6	178
11940	25	178
14619	26	178
15268	37	178
1375	51	178
2428	85	178
15692	150	178
1429	177	178
16402	254	178
17609	296	178
15916	303	178
4484	387	178
14893	448	178
15807	464	178
6238	572	178
8541	20	179
9934	144	179
13574	209	179
10639	253	179
18216	346	179
2744	422	179
12883	537	179
5136	21	180
13859	49	180
2309	98	180
9443	116	180
18199	120	180
12338	161	180
8313	217	180
7908	264	180
5083	321	180
8481	354	180
8329	367	180
10918	559	180
11347	11	181
10579	12	181
6041	58	181
11776	224	181
13045	285	181
10984	295	181
1011	528	181
17473	17	182
6641	39	182
18129	66	182
3167	95	182
14535	116	182
18257	133	182
3514	210	182
4223	220	182
7299	399	182
6144	434	182
13139	483	182
10274	543	182
7738	12	183
2459	14	183
2051	104	183
3153	224	183
15163	239	183
14988	250	183
16997	253	183
5636	271	183
6351	297	183
1667	307	183
17451	309	183
12232	344	183
17999	416	183
17479	461	183
12471	80	184
7090	114	184
8658	129	184
10382	343	184
2341	411	184
13051	493	184
15498	169	185
1745	248	185
10732	390	185
6897	393	185
16829	401	185
13446	444	185
10483	477	185
5352	503	185
1738	33	186
18337	75	186
2918	243	186
9959	517	186
15973	585	186
10575	32	187
17171	98	187
9726	341	187
989	543	187
5065	192	188
3348	219	188
6918	250	188
5583	297	188
16673	426	188
14931	515	188
12958	541	188
13792	19	189
4275	27	189
6661	487	189
884	513	189
14605	587	189
1558	27	190
6527	142	190
9902	363	190
6560	477	190
13692	556	190
7548	9	191
5231	19	192
5037	20	192
9897	127	192
10427	188	192
17252	361	192
2357	515	192
8457	16	193
4246	87	193
5764	225	193
4535	490	193
11681	494	193
9781	533	193
11884	551	193
15095	19	194
5728	65	194
6875	134	194
5156	262	194
6358	323	194
15345	361	194
8504	562	194
2664	564	194
13659	574	194
17311	121	195
14448	159	195
3642	173	195
6018	377	195
1269	427	195
17366	437	195
7016	9	196
14506	18	196
2108	77	196
7370	77	197
12752	48	198
9377	102	198
1728	275	198
9966	334	198
17472	351	198
2601	382	198
16372	390	198
1525	418	198
9803	442	198
6067	503	198
8287	563	198
1092	60	199
12287	99	199
5468	271	199
14045	331	199
3688	565	199
17275	54	200
2572	85	200
1312	152	200
10278	334	200
1229	351	200
15985	397	200
3567	513	200
6906	102	201
17183	128	201
13508	304	201
11271	343	201
7837	351	201
1499	382	201
7002	487	201
9288	498	201
14929	523	201
17426	588	201
3878	570	202
12078	4	203
1199	100	203
17931	453	203
17548	45	204
1392	73	204
7587	473	204
8496	548	204
7167	92	205
10891	137	205
17756	145	205
13249	161	205
10459	233	205
11331	352	205
9676	415	205
3614	463	205
3529	509	205
2401	532	205
12416	49	206
6966	264	206
8900	325	206
11053	549	206
3090	73	207
10733	233	207
16877	272	207
5297	501	207
10198	532	207
9864	548	207
6414	3	208
10297	58	208
16655	278	208
15663	293	208
7642	429	208
10899	438	208
11358	441	208
15392	492	208
10335	522	208
15846	527	208
17259	534	208
11352	584	208
9039	20	209
13620	76	209
14300	179	209
5470	271	209
11180	297	209
9004	506	209
12035	30	210
3960	39	210
8907	40	210
15083	98	210
1407	182	210
13851	264	210
12698	276	210
4829	347	210
18453	350	210
11961	457	210
8238	553	210
4134	561	210
10726	577	210
8661	40	211
2696	63	211
5432	129	211
3700	132	211
11926	218	211
723	225	211
17110	243	211
8556	295	211
605	427	211
13089	478	211
5448	518	211
11623	538	211
13638	98	212
15799	264	212
10944	449	212
9547	535	212
16566	559	212
3629	561	212
12661	577	212
16534	104	213
8874	108	213
18433	109	213
14599	119	213
17890	142	213
8422	147	213
5265	149	213
10890	216	213
6677	217	213
5522	223	213
2011	297	213
18032	298	213
1991	335	213
13484	380	213
13802	384	213
1193	392	213
8085	439	213
17661	443	213
6145	455	213
13888	482	213
12810	541	213
4566	579	213
13970	583	213
8828	1	214
15180	352	214
11513	416	214
12372	444	214
4806	520	214
13262	1	215
4915	33	215
7356	49	215
15460	148	215
10594	249	215
13473	336	215
8580	531	215
4891	106	216
14083	213	216
1291	223	216
16606	297	216
9460	361	216
13548	482	216
5620	92	217
11100	147	217
12577	161	217
2940	180	217
16503	213	217
13285	250	217
12388	297	217
4276	305	217
7802	377	217
16019	459	217
10140	463	217
5968	505	217
10048	75	218
3285	132	218
16345	211	218
5061	348	218
4428	378	218
3540	431	218
16943	478	218
3527	542	218
15527	19	219
7099	111	219
4475	188	219
7492	354	219
9362	361	219
16235	388	219
5770	563	219
3564	95	220
4046	182	220
15727	354	220
13013	370	220
7746	533	220
8612	111	221
17495	345	221
15026	526	221
10205	585	221
10626	9	222
13008	147	223
13622	213	223
969	216	223
4212	297	223
8202	181	224
11164	183	224
9437	239	224
9507	307	224
15694	66	225
2000	193	225
10079	211	225
13612	86	226
10285	116	226
1212	120	226
7939	131	226
5469	290	226
17588	468	226
9091	483	226
17440	553	226
17024	134	227
17884	228	227
7870	230	227
17474	298	227
2425	323	227
16415	530	227
8885	562	227
15629	109	228
3615	147	228
13813	172	228
12830	227	228
17992	291	228
9560	335	228
15491	435	228
5048	452	228
15457	15	229
6601	281	229
3950	423	229
16074	502	229
15317	546	229
3896	54	230
11975	75	230
3911	134	230
12962	227	230
2786	244	230
17318	389	230
13634	465	230
5321	475	230
17464	481	230
12033	493	230
16161	517	230
17284	526	230
10028	70	231
18411	88	231
5702	131	231
12771	304	231
12701	495	231
4648	524	231
4984	511	232
993	28	233
7321	45	233
6142	130	233
11605	145	233
946	155	233
3905	205	233
5186	207	233
9424	272	233
17929	286	233
12780	318	233
11178	328	233
11148	356	233
5808	374	233
5693	386	233
4087	389	233
14336	436	233
15957	459	233
13601	473	233
12184	480	233
5070	484	233
13807	488	233
17761	501	233
8451	512	233
2410	583	233
2386	56	234
593	237	234
13932	293	234
15483	429	234
15988	441	234
9064	492	234
16389	9	235
13427	347	235
1830	476	235
1191	447	236
8130	59	237
8352	234	237
17125	284	237
4284	289	237
13279	398	237
4299	441	237
13090	453	237
4411	502	237
10496	30	238
16159	89	238
12642	152	238
14859	172	238
15924	314	238
2476	183	239
6909	224	239
1553	309	239
4678	481	239
7808	528	239
3961	32	240
9721	69	240
15396	409	240
14077	418	240
18379	44	241
10668	113	241
15981	133	241
6709	161	241
5964	430	241
5943	35	242
9065	114	242
12100	128	242
10416	279	242
9890	415	242
1297	468	242
13707	491	242
2032	524	242
6651	13	243
15354	162	243
6100	186	243
13001	211	243
3415	265	243
13467	355	243
1442	389	243
3706	451	243
13147	120	244
7607	230	244
18208	246	244
5794	349	244
3500	420	244
12089	493	244
6274	517	244
18046	45	245
8107	117	245
5366	176	245
3221	264	245
5635	473	245
17823	501	245
5350	548	245
12011	1	246
10570	33	246
8250	113	246
17437	244	246
18065	390	246
10460	391	246
6369	403	246
4902	514	246
17189	520	246
880	526	246
3330	531	246
5183	57	247
17387	140	247
11114	144	247
6032	369	247
14622	7	248
8141	185	248
7349	332	248
7357	368	248
5709	477	248
9519	487	248
10296	503	248
2207	215	249
5344	251	249
2389	325	249
5655	142	250
5395	183	250
17136	188	250
5479	217	250
14559	261	250
13298	297	250
1355	361	250
6717	399	250
14906	583	250
3321	86	251
16178	249	251
9028	367	251
4729	457	251
8372	559	251
7413	162	252
7931	174	252
1053	391	252
11645	428	252
8816	526	252
11575	106	253
8628	156	253
16572	167	253
8629	179	253
17762	183	253
9826	271	253
13102	297	253
13887	317	253
15900	331	253
8595	565	253
4381	178	254
11910	296	254
11533	301	255
17851	494	255
9586	511	255
9201	551	255
10929	11	256
13365	55	256
8645	59	256
7385	314	256
11446	327	256
16275	348	256
9140	427	256
2452	433	256
15654	437	256
16181	538	256
11166	334	257
11401	347	257
16075	476	257
4750	268	258
16903	291	258
14923	306	258
11152	335	258
9811	358	258
16964	452	258
4725	65	259
17281	265	259
15150	472	259
4742	530	259
2326	531	259
10913	164	260
10600	487	260
7135	513	260
15557	250	261
3235	317	261
3462	331	261
7581	565	261
15814	568	261
17413	194	262
12987	458	262
13547	530	262
11757	562	262
5692	511	263
16245	13	264
15555	39	264
15224	73	264
15842	80	264
14697	117	264
13823	176	264
2016	180	264
2726	206	264
4305	210	264
11399	212	264
2441	245	264
6227	282	264
3048	311	264
10022	338	264
13953	347	264
4882	349	264
12407	549	264
14756	552	264
7353	558	264
9767	561	264
4488	172	265
6692	243	265
9337	259	265
5931	323	265
9420	328	265
2055	461	265
13726	501	265
10165	520	265
3835	77	266
9565	132	266
9350	165	266
7567	280	266
16423	354	266
13048	409	267
6124	258	268
1655	291	268
9668	335	268
4726	11	269
5581	348	269
13734	32	270
17053	114	270
15260	128	270
17200	418	270
14355	57	271
1334	60	271
4959	99	271
3298	183	271
18014	199	271
9873	209	271
13495	253	271
7773	426	271
16573	207	272
7768	233	272
17898	386	272
11587	484	272
14903	536	272
4316	14	273
4209	340	273
11494	491	273
18372	2	274
6305	75	275
2899	102	275
3194	198	275
7679	577	275
17131	97	276
10423	136	276
12040	210	276
8412	341	276
14517	347	276
13319	529	276
14629	38	277
10462	290	277
12838	411	277
10959	421	277
11220	473	277
9440	208	278
2162	429	278
16110	522	278
13875	534	278
1158	23	279
14662	39	279
8345	84	279
10985	242	279
13293	368	279
5398	383	279
5112	491	279
15951	548	279
5745	577	279
1573	266	280
1723	311	280
2366	349	280
14014	413	280
5833	468	280
17864	501	280
14322	229	281
3752	567	281
7401	264	282
4886	473	282
8867	501	282
10900	551	283
12691	237	284
3263	409	284
16394	63	285
7237	133	285
14552	181	285
1410	381	285
13664	528	285
13425	89	286
17335	172	286
17559	233	286
5739	335	286
6982	386	286
13216	548	286
5957	42	287
5201	66	288
18302	313	288
17948	343	288
5140	463	288
7190	498	288
8464	237	289
15442	409	289
16405	86	290
11893	226	290
4252	277	290
17061	355	290
11022	374	290
17817	411	290
8788	501	290
2576	30	291
10665	108	291
7264	228	291
4229	258	291
12152	268	291
2352	300	291
9235	306	291
5389	335	291
3786	385	291
17870	386	291
8749	392	291
10643	452	291
9540	541	291
16326	564	291
5412	77	292
5393	3	293
7076	208	293
7918	234	293
11807	308	293
3659	369	293
12876	429	293
4507	441	293
13214	510	293
16165	555	293
17991	341	294
6364	425	294
5851	476	294
2958	58	295
18178	181	295
18098	211	295
4885	498	295
11574	578	295
4728	582	295
3577	25	296
13498	77	296
5551	85	296
4813	178	296
10636	254	296
10073	303	296
16709	408	296
16172	448	296
14104	464	296
1582	106	297
13196	147	297
6216	183	297
14215	188	297
2628	209	297
10398	213	297
14199	216	297
15119	217	297
10880	223	297
8763	250	297
12604	253	297
7736	384	297
5780	426	297
14281	482	297
1761	142	298
13731	213	298
9481	227	298
4904	530	298
5903	541	298
9103	88	299
15391	131	299
6882	173	299
7085	420	299
7355	468	299
16234	48	300
10549	146	300
2284	291	300
1929	306	300
1259	335	300
10194	342	300
16870	385	300
5101	405	300
11885	407	300
2116	450	300
3657	457	300
18268	462	300
17936	559	300
8915	577	300
12460	4	301
5429	37	301
12029	74	301
8531	87	301
5477	255	301
11925	414	301
16217	582	301
7289	72	302
6521	77	302
17077	82	302
14372	316	302
8182	322	302
13098	333	302
17181	412	302
2394	445	302
12850	586	302
1877	587	302
2222	47	303
6622	52	303
13154	93	303
8108	178	303
3257	296	303
614	303	303
2318	408	303
1300	419	303
10154	131	304
2354	138	304
7952	201	304
14201	231	304
9452	393	304
9247	420	304
732	518	304
8144	531	304
11445	45	305
17512	66	305
778	133	305
9318	161	305
14776	217	305
11495	330	305
16980	430	305
13316	459	305
2812	461	305
5859	498	305
13943	523	305
16347	71	306
10394	76	306
14155	146	306
10339	258	306
10708	291	306
11057	300	306
5901	385	306
17555	407	306
12515	462	306
16752	58	307
16522	183	307
3850	224	307
8778	309	307
6077	3	308
17731	293	308
8075	369	308
12867	429	308
4545	441	308
9736	510	308
18097	555	308
844	41	309
10865	183	309
2343	239	309
5345	307	309
5009	44	310
18431	60	310
15573	99	310
13971	100	310
13646	140	310
2130	175	310
11762	346	310
5642	422	310
15426	264	311
17809	280	311
13568	473	311
820	511	311
9502	127	312
8132	134	312
6399	428	312
1904	513	312
13302	39	313
10040	288	313
10571	362	313
14956	368	313
7316	395	313
16953	477	313
18241	491	313
4017	495	313
4796	10	314
13079	69	314
6394	97	314
17624	148	314
10801	238	314
8640	256	314
3814	327	314
5363	375	314
10605	379	314
2440	380	314
1494	386	314
16273	433	314
14554	439	314
1245	471	314
13893	512	314
5604	41	315
13583	107	315
3882	144	315
16670	317	315
1707	331	315
12315	565	315
1967	302	316
6206	60	317
14007	99	317
3246	253	317
3798	261	317
16949	315	317
3575	331	317
10925	366	317
13610	535	317
5982	565	317
5687	568	317
4037	13	318
6308	163	318
15393	233	318
3133	341	318
16138	343	318
16577	377	318
5282	425	318
14154	453	318
13240	476	318
16047	29	319
6851	138	319
1031	411	319
14178	553	319
13297	42	320
10364	21	321
13959	55	321
7847	97	321
5403	103	321
10300	180	321
17086	327	321
2993	330	321
6879	367	321
11120	535	321
16378	18	322
2489	72	322
7201	302	322
7940	497	322
9620	516	322
15257	575	322
14650	89	323
16748	127	323
12999	152	323
15113	194	323
7459	227	323
3358	265	323
15256	513	323
14161	581	323
14441	94	324
1155	331	324
1819	454	324
10509	565	324
3003	74	325
17617	143	325
11077	206	325
5865	249	325
7804	347	325
12921	9	326
12969	18	326
2496	256	327
10856	314	327
6290	321	327
10724	499	327
8390	508	327
1446	537	327
3465	29	328
13521	66	328
687	126	328
7954	170	328
15529	233	328
15434	265	328
3824	374	328
1544	411	328
13100	574	328
15447	43	329
13895	476	329
14860	55	330
15184	167	330
11363	305	330
9697	321	330
16253	535	330
2694	552	330
2991	57	331
801	60	331
12434	99	331
13076	100	331
13503	115	331
8524	199	331
1534	253	331
13062	261	331
8643	315	331
10208	317	331
9867	324	331
12882	400	331
13842	565	331
5253	7	332
3084	30	332
6676	248	332
1702	383	332
10002	393	332
3993	402	332
12740	444	332
13256	491	332
9434	302	333
2755	121	334
9110	166	334
7710	198	334
14107	200	334
17208	257	334
16796	336	334
8269	350	334
17587	367	334
10221	376	334
5750	395	334
10595	416	334
623	418	334
11205	442	334
9034	505	334
14494	529	334
13569	553	334
4267	23	335
11622	30	335
8351	67	335
13987	89	335
7094	121	335
11349	145	335
2480	213	335
2851	228	335
6825	258	335
1275	268	335
2193	286	335
15162	291	335
9892	300	335
1249	342	335
17729	386	335
17560	435	335
7373	450	335
14150	452	335
11385	571	335
6836	29	336
5005	86	336
10011	165	336
15516	215	336
1999	334	336
7146	355	336
612	411	336
3640	413	336
5176	520	336
16937	42	337
7276	264	338
772	473	338
12747	501	338
12603	101	339
1756	409	339
8310	14	340
17198	273	340
16016	491	340
3908	557	340
8211	13	341
2685	14	341
5114	32	341
9491	80	341
14282	107	341
16256	163	341
13405	187	341
11714	276	341
4346	294	341
1077	318	341
6983	344	341
11627	425	341
11398	528	341
2709	529	341
4669	67	342
11765	300	342
7557	335	342
4981	407	342
6312	450	342
15330	13	343
4251	66	343
10337	114	343
13600	184	343
6591	201	343
748	288	343
2145	318	343
3170	362	343
18167	476	343
1422	483	343
3581	523	343
3525	543	343
7030	41	344
15938	53	344
14684	124	344
8383	175	344
11919	183	344
16236	341	344
12400	366	344
4124	528	344
13628	74	345
14524	221	345
5565	361	345
7740	365	345
14200	60	346
5456	99	346
745	144	346
8516	163	346
18355	179	346
13649	310	346
17210	369	346
6241	453	346
11568	485	346
12161	554	346
738	153	347
9508	166	347
10442	210	347
1669	235	347
3553	257	347
16945	264	347
6745	276	347
7313	325	347
9857	59	348
4373	63	348
1004	81	348
810	159	348
14119	218	348
9090	256	348
8991	269	348
6263	364	348
11108	378	348
17768	400	348
6529	554	348
9714	244	349
6165	264	349
3464	280	349
5916	538	349
8667	549	349
8428	23	350
16970	40	350
5617	66	350
9920	113	350
5624	121	350
7339	210	350
8392	334	350
11214	494	350
7560	8	351
7761	198	351
4627	200	351
10407	201	351
5078	402	351
8838	416	351
6084	84	352
10104	130	352
4420	137	352
4876	205	352
2909	214	352
15865	355	352
805	383	352
12130	415	352
16897	436	352
10007	468	352
6370	538	352
12169	50	353
12731	141	353
13519	423	353
7066	489	353
4940	95	354
9278	165	354
7345	180	354
6153	219	354
4828	220	354
7782	266	354
6051	355	354
17302	483	354
7917	543	354
5057	243	355
6726	290	355
2690	336	355
14081	352	355
637	354	355
15972	418	355
6907	473	355
14117	501	355
15380	520	355
4328	45	356
1719	130	356
18250	151	356
5922	233	356
1676	480	356
2732	29	357
16070	165	357
7059	453	357
15707	8	358
17008	23	358
17457	91	358
2025	258	358
15556	402	358
4193	577	358
5172	519	359
11389	546	359
5145	476	360
15121	156	361
13924	192	361
16193	194	361
13696	216	361
12462	219	361
2171	250	361
4783	345	361
2605	515	361
9304	39	362
12671	114	362
10701	313	362
1028	343	362
11478	368	362
4690	402	362
16183	418	362
13396	425	362
13771	442	362
15549	477	362
13934	487	362
2004	495	362
5137	549	362
1511	23	363
4765	190	363
16129	383	363
10507	462	363
5506	530	363
5927	577	363
5373	581	363
8292	10	364
13545	57	364
3966	59	364
13491	63	364
15717	81	364
3528	348	364
13101	74	365
11761	345	365
6210	115	366
14172	124	366
15994	317	366
4668	344	366
4788	32	367
16832	49	367
10463	180	367
15489	251	367
18183	321	367
11242	334	367
15158	413	367
13536	505	367
9339	553	367
3946	39	368
4467	248	368
8348	279	368
11438	313	368
7813	362	368
10415	487	368
2129	57	369
17168	140	369
9023	247	369
6519	293	369
8218	308	369
17998	346	369
3976	510	369
4357	220	370
5381	533	370
13440	544	370
7637	566	370
1903	573	370
10255	586	370
4594	447	371
11484	101	372
2716	409	372
3116	101	373
4548	453	373
3119	66	374
16641	151	374
9739	233	374
8454	290	374
4497	328	374
9918	488	374
10125	27	375
8526	76	375
17046	148	375
17914	314	375
4459	406	375
1519	471	375
7259	556	375
2754	334	376
5686	476	376
8279	505	376
8926	32	377
14400	121	377
14820	195	377
3498	217	377
6284	318	377
13315	418	377
9939	173	378
5257	218	378
13134	348	378
11909	10	379
18346	97	379
8442	314	379
12099	506	379
17304	213	380
12308	314	380
17244	386	380
16239	439	380
17104	461	380
14057	506	380
15054	115	381
2956	122	381
17430	285	381
17483	580	381
4391	102	382
4951	174	382
14305	198	382
15745	201	382
16324	391	382
15084	428	382
16616	513	382
10965	517	382
9399	84	383
5576	279	383
15235	332	383
5455	352	383
1625	363	383
6753	401	383
10395	444	383
17178	147	384
18222	213	384
15628	297	384
6869	482	384
711	39	385
7475	48	385
8347	291	385
18028	300	385
14042	306	385
7000	406	385
2568	5	386
9657	233	386
6780	272	386
12848	286	386
12370	291	386
14280	314	386
15613	335	386
3481	380	386
7064	506	386
15236	178	387
3028	2	388
11440	219	388
17869	537	388
16166	587	388
6080	75	389
18000	126	389
5738	165	389
13724	230	389
972	233	389
822	243	389
17525	434	389
14572	520	389
8072	35	390
11160	80	390
4623	185	390
5959	198	390
7965	246	390
1447	428	390
12236	513	390
6684	514	390
15136	65	391
8615	162	391
17732	246	391
8113	252	391
6581	382	391
10475	428	391
3397	513	391
2177	517	391
8532	526	391
18475	108	392
14736	119	392
1228	213	392
15586	291	392
7060	405	392
6324	35	393
10740	185	393
12427	304	393
12031	332	393
11496	395	393
6654	442	393
8533	466	393
12404	477	393
9838	491	393
11032	511	394
1847	33	395
2783	78	395
9663	313	395
8273	334	395
13938	393	395
3698	403	395
5654	588	395
1415	45	396
7452	536	396
757	111	397
2170	200	397
10295	513	397
13257	585	397
2761	237	398
944	409	398
7541	41	399
9613	74	399
8723	182	399
3211	250	399
1971	582	399
8709	11	400
14655	59	400
8987	63	400
1343	133	400
11491	331	400
13449	348	400
13544	506	400
6405	565	400
15918	1	401
14522	174	401
5940	185	401
17380	383	401
10400	444	401
7307	514	401
15009	8	402
3495	30	402
3085	71	402
3306	137	402
18311	332	402
10176	351	402
10713	358	402
16207	362	402
8469	487	402
6685	577	402
4556	31	403
16556	33	403
8033	136	403
10824	246	403
15475	395	403
5223	442	403
13549	493	403
6212	514	403
18042	553	403
1040	101	404
13969	20	405
8945	27	405
10766	76	405
13580	300	405
10780	392	405
16028	556	405
10352	27	406
4682	30	406
8090	71	406
8678	154	406
5447	375	406
14634	385	406
6794	471	406
7021	487	406
11730	92	407
16416	146	407
13812	300	407
17428	306	407
9030	342	407
9638	450	407
1939	457	407
12090	559	407
5267	96	408
17837	296	408
5152	303	408
13398	560	408
17634	36	409
16542	56	409
5926	61	409
12887	64	409
5310	79	409
1329	81	409
10410	83	409
16979	101	409
8037	135	409
11679	171	409
10678	240	409
9759	267	409
12208	284	409
8247	289	409
14724	339	409
13587	372	409
3286	398	409
15403	417	409
16380	440	409
18023	460	409
14510	474	409
4692	504	409
4217	507	409
5806	21	410
17029	165	410
7945	17	411
11788	38	411
12992	68	411
2810	126	411
2186	155	411
14867	170	411
8396	184	411
2544	277	411
16684	290	411
8850	319	411
17327	328	411
17392	336	411
9038	421	411
10797	434	411
9747	466	411
1440	473	411
5703	488	411
6807	520	411
14152	576	411
9321	302	412
1020	35	413
17918	86	413
2770	131	413
2608	136	413
8198	138	413
2981	160	413
18333	280	413
2223	336	413
11969	367	413
10219	4	414
9548	301	414
3473	551	414
12896	12	415
4974	205	415
6309	242	415
17395	352	415
2247	468	415
8023	538	415
6679	12	416
17759	126	416
1281	183	416
6128	214	416
18286	334	416
11771	351	416
11519	409	417
17876	453	417
6454	32	418
10542	198	418
9415	240	418
18104	270	418
1062	334	418
4786	355	418
7944	362	418
17757	377	418
9512	47	419
11343	93	419
10730	303	419
14138	35	420
6315	132	420
13819	157	420
13843	165	420
8441	173	420
11823	174	420
4080	244	420
18258	299	420
2691	304	420
8601	518	420
16175	588	420
17499	29	421
7949	68	421
12312	277	421
4205	411	421
6737	466	421
12857	576	421
1391	57	422
18201	179	422
8416	310	422
11488	453	422
12648	50	423
14866	141	423
12350	229	423
17249	353	423
16531	489	423
6637	546	423
10926	72	424
7898	13	425
14265	32	425
1412	114	425
3701	155	425
4713	294	425
14339	318	425
6638	341	425
10313	362	425
16003	488	425
13245	20	426
17153	106	426
4427	188	426
14311	271	426
18389	297	426
16845	506	426
4367	31	427
15067	195	427
13976	211	427
10948	256	427
14350	538	427
7134	169	428
8426	174	428
8058	252	428
13128	312	428
6669	382	428
12158	390	428
16879	391	428
1646	513	428
11504	208	429
1594	234	429
12571	278	429
8676	293	429
14387	308	429
3785	438	429
7230	441	429
6419	492	429
13533	522	429
8939	527	429
5656	534	429
7165	555	429
6064	584	429
6619	66	430
589	241	430
9467	305	430
11326	437	430
1989	461	430
6951	484	430
9257	578	430
10673	52	431
5286	93	431
11539	218	431
8841	431	431
4225	72	432
1348	97	433
11279	256	433
6766	314	433
12143	484	433
5071	512	433
15582	578	433
7529	17	434
16009	20	434
7377	27	434
18192	130	434
3483	163	434
4202	170	434
14686	182	434
5870	389	434
4634	411	434
1670	89	435
1090	228	435
1368	335	435
8304	475	435
16499	571	435
10670	5	436
10930	137	436
18412	172	436
16867	233	436
13056	352	436
7322	581	436
15932	21	437
5829	97	437
17017	133	437
8054	195	437
14049	256	437
3162	430	437
18150	514	437
15982	552	437
17261	208	438
15040	429	438
9942	527	438
13870	584	438
11972	213	439
1883	314	439
3200	380	439
3216	461	439
1005	506	439
12878	409	440
16599	208	441
11175	234	441
10584	237	441
13010	293	441
8474	308	441
2632	429	441
6535	492	441
5076	128	442
3818	198	442
15326	334	442
13611	362	442
5659	393	442
6233	403	442
4102	477	442
5102	514	442
13650	104	443
17010	109	443
9295	213	443
11911	455	443
14741	1	444
18225	7	444
8762	38	444
9851	86	444
13485	185	444
13135	214	444
13208	332	444
11292	383	444
4354	401	444
1687	530	444
1346	531	444
14072	302	445
13185	502	446
16719	546	446
13746	554	446
3811	567	446
16770	90	447
5787	105	447
3712	118	447
13561	139	447
3458	236	447
18185	371	447
9910	511	447
13602	547	447
16055	550	447
3171	178	448
2114	296	448
1038	13	449
15771	23	449
7661	45	449
12195	97	449
10088	212	449
10117	476	449
16271	558	449
12555	67	450
14405	300	450
7298	335	450
7924	342	450
13507	407	450
13641	13	451
10737	113	451
7014	132	451
16295	170	451
9957	243	451
15444	146	452
14897	228	452
7315	258	452
1057	291	452
11695	335	452
16792	18	453
6914	64	453
9770	79	453
13695	135	453
9082	159	453
7363	203	453
1474	237	453
4301	318	453
7429	346	453
1039	357	453
6919	373	453
1545	417	453
4814	422	453
1839	460	453
17058	470	453
5781	474	453
6992	507	453
14561	48	454
11769	108	454
2062	324	454
15458	564	454
2560	149	455
7430	213	455
12229	443	455
16350	9	456
11572	121	457
7387	126	457
10992	210	457
7348	251	457
1277	300	457
5494	407	457
2883	476	457
5746	556	457
8226	561	457
2519	19	458
12923	127	458
14991	262	458
12054	530	458
2804	541	458
10535	45	459
16216	110	459
4215	217	459
17628	233	459
9883	305	459
7186	480	459
14708	409	460
11796	453	460
8715	11	461
4023	66	461
18378	110	461
14024	128	461
6950	133	461
3954	145	461
14925	157	461
7434	167	461
13334	183	461
1453	265	461
2639	305	461
7280	380	461
18011	430	461
18328	439	461
2485	484	461
1480	523	461
9139	578	461
8755	300	462
6854	306	462
7366	363	462
16935	477	462
13176	513	462
6162	541	462
13874	562	462
3958	32	463
13822	95	463
7043	127	463
13525	151	463
15171	170	463
8399	205	463
5117	217	463
6139	288	463
5004	178	464
3571	296	464
13839	134	465
9691	155	465
10988	230	465
1635	488	465
9962	559	465
14455	80	466
1893	393	466
2529	411	466
14932	421	466
17173	538	466
14039	9	467
17427	35	468
12918	70	468
4933	226	468
1574	242	468
8254	280	468
10760	299	468
1150	352	468
18172	415	468
16053	524	468
7890	538	468
2255	77	469
9276	101	470
659	453	470
15127	27	471
9788	76	471
9740	148	471
16002	314	471
9728	375	471
4452	406	471
8846	556	471
6275	65	472
11655	169	472
16314	259	472
17485	574	472
4131	45	473
16950	73	473
5499	117	473
1879	176	473
775	204	473
14051	233	473
7578	245	473
17323	277	473
6410	282	473
12902	311	473
4636	338	473
17161	355	473
1711	411	473
13577	501	473
15055	101	474
12418	409	474
12446	453	474
13132	23	475
1163	88	475
11501	91	475
6069	129	475
1233	172	475
15221	230	475
4119	435	475
3220	524	475
11510	13	476
12501	28	476
5026	34	476
10375	43	476
15415	45	476
5562	110	476
5241	128	476
15493	153	476
7246	166	476
1185	235	476
3504	257	476
6168	294	476
7129	318	476
1827	329	476
5921	343	476
16173	360	476
1944	376	476
10585	449	476
11432	457	476
13043	529	476
6043	588	476
15318	35	477
812	185	477
5087	190	477
18168	248	477
7432	313	477
13555	362	477
17538	393	477
12408	442	477
15272	462	477
18310	538	477
10893	549	477
4439	211	478
2848	218	478
1795	481	478
4191	77	479
5978	45	480
8124	92	480
5626	233	480
6182	356	480
4140	459	480
10077	66	481
7294	134	481
3668	230	481
13038	239	481
17367	478	481
12886	582	481
12911	213	482
12988	216	482
8999	297	482
8463	384	482
14781	70	483
17985	80	483
2102	131	483
6770	182	483
14538	226	483
16961	343	483
10008	354	483
9272	548	483
5210	97	484
8164	161	484
5662	233	484
15252	272	484
18292	430	484
15032	433	484
17188	461	484
2765	506	484
10835	21	485
17633	60	485
13289	99	485
16360	346	485
15011	42	486
14374	35	487
17650	162	487
7735	164	487
6784	174	487
4348	189	487
4004	201	487
4705	248	487
12237	260	487
5473	362	487
8117	368	487
2305	402	487
761	406	487
1306	503	487
1824	17	488
900	155	488
5016	160	488
2350	233	488
12737	374	488
6952	411	488
4482	425	488
14968	465	488
16050	50	489
3763	141	489
1796	353	489
6557	423	489
12305	193	490
8503	494	490
2477	14	491
11088	70	491
14328	84	491
17296	132	491
2743	242	491
9923	273	491
6695	279	491
17567	313	491
13115	332	491
9996	340	491
6430	393	491
18426	495	491
15443	557	491
9057	577	491
1892	208	492
1799	234	492
7162	429	492
5292	441	492
17355	31	493
12511	113	493
12647	136	493
2248	173	493
11405	184	493
6111	230	493
3819	244	493
3625	403	493
8888	514	493
2541	552	493
16376	9	494
13226	16	494
8675	37	494
3347	193	494
10440	255	494
17352	350	494
4495	490	494
7274	525	494
11709	88	495
16005	129	495
14768	231	495
11190	313	495
10328	362	495
6249	491	495
6757	524	495
12138	15	496
7197	62	496
2747	72	497
9475	322	497
18064	11	498
13246	31	498
15394	45	498
763	133	498
14240	157	498
14518	201	498
17919	288	498
15768	295	498
9357	305	498
3399	535	498
9239	552	498
13688	103	499
14465	327	499
17399	508	499
12996	537	499
18402	173	500
13608	512	500
3675	38	501
14312	117	501
10378	176	501
5644	207	501
2396	233	501
11507	245	501
4639	265	501
10795	280	501
2030	282	501
11234	290	501
5125	338	501
15895	355	501
5160	473	501
3333	548	501
14340	549	501
2103	229	502
2920	237	502
3919	446	502
8320	554	502
11300	567	502
13283	39	503
9372	185	503
13235	198	503
2324	248	503
3295	487	503
8513	409	504
14252	32	505
5022	121	505
864	217	505
7531	334	505
16889	367	505
4098	376	505
5052	12	506
3381	97	506
3334	209	506
6296	379	506
6645	380	506
2631	386	506
9605	400	506
7318	426	506
15366	439	506
3965	484	506
14299	101	507
9048	409	507
14738	453	507
9397	327	508
16844	499	508
15969	45	509
11136	161	509
8901	205	509
2254	536	509
13372	559	509
12375	140	510
3543	293	510
10124	308	510
12150	369	510
14499	51	511
899	150	511
12480	158	511
16107	177	511
2980	232	511
3283	255	511
10735	263	511
10402	311	511
4519	394	511
638	447	511
7823	542	511
14995	569	511
6940	572	511
15929	30	512
5676	69	512
9358	97	512
12826	233	512
4369	314	512
15767	433	512
15639	500	512
9485	48	513
5989	134	513
1016	164	513
6528	174	513
7436	189	513
7216	200	513
2378	260	513
17385	312	513
15566	323	513
666	382	513
14885	390	513
4410	391	513
9672	397	513
14143	428	513
11799	462	513
15389	563	513
9435	564	513
13318	587	513
12219	7	514
4407	33	514
911	75	514
4069	126	514
1940	246	514
1285	390	514
5130	401	514
890	403	514
11552	437	514
17700	442	514
2501	493	514
998	585	514
16302	19	515
4437	188	515
10662	192	515
14417	361	515
2408	72	516
2001	322	516
16543	75	517
9938	134	517
11710	186	517
5446	230	517
3378	244	517
11516	382	517
12084	391	517
16156	35	518
17320	131	518
10279	132	518
5490	173	518
7045	211	518
3782	304	518
4847	420	518
5778	588	518
11811	359	519
10166	546	519
5774	126	520
13832	214	520
14583	246	520
12531	265	520
12665	336	520
14429	355	520
15494	389	520
13573	411	520
2844	576	520
9312	49	521
12561	55	521
4782	97	521
16168	161	521
14114	208	522
15319	278	522
5822	429	522
12692	534	522
971	128	523
4638	201	523
10572	305	523
9658	343	523
17552	461	523
1541	588	523
11344	231	524
7827	242	524
4035	468	524
7507	475	524
8770	495	524
2729	494	525
15172	568	525
4536	111	526
6267	221	526
9812	230	526
16145	246	526
17453	252	526
3831	391	526
5325	574	526
6118	208	527
5657	429	527
12795	438	527
6031	584	527
18125	63	528
6126	175	528
5996	181	528
16587	239	528
6830	285	528
2584	341	528
16472	344	528
5040	153	529
16896	276	529
14735	334	529
3215	341	529
4279	476	529
3207	1	530
12787	130	530
17388	227	530
3210	259	530
14214	262	530
9370	298	530
15147	363	530
10044	444	530
11497	458	530
10573	562	530
18197	581	530
6680	1	531
14037	65	531
16351	68	531
7183	215	531
5975	246	531
12626	259	531
4051	304	531
16434	444	531
11104	69	532
15538	97	532
1982	205	532
8378	207	532
4302	549	532
3602	559	532
6437	95	533
5639	125	533
9612	193	533
7854	220	533
10215	370	533
4059	573	533
9425	208	534
6066	278	534
17260	429	534
7284	522	534
16809	584	534
12829	133	535
13791	212	535
714	317	535
17085	321	535
5430	330	535
16818	498	535
14394	540	535
8311	45	536
16488	272	536
9451	396	536
13790	509	536
3376	179	537
5104	327	537
7542	388	537
17706	499	537
6532	556	537
17693	35	538
16718	211	538
3790	256	538
2005	349	538
13436	352	538
13112	415	538
16675	427	538
6954	466	538
8649	468	538
7943	477	538
1622	559	538
15677	140	539
865	586	539
10418	31	540
16658	120	540
2215	535	540
9298	552	540
14592	553	540
5788	559	540
2289	188	541
9406	213	541
7042	291	541
9164	298	541
8605	458	541
9564	462	541
1836	218	542
12453	511	542
2355	17	543
2333	110	543
15503	182	543
2338	187	543
11829	343	543
7891	354	543
9745	370	544
2497	582	544
12720	168	545
3975	172	545
18364	15	546
12674	229	546
15065	359	546
14390	423	546
4679	446	546
15066	519	546
8781	9	547
10725	447	547
1091	5	548
18415	39	548
15736	73	548
2552	84	548
17293	86	548
10910	117	548
1456	172	548
13086	176	548
3343	204	548
4086	207	548
12567	245	548
672	279	548
3910	286	548
10487	483	548
17403	501	548
7118	558	548
10908	581	548
2165	39	549
13468	69	549
8864	97	549
7958	206	549
4219	264	549
14466	349	549
10722	362	549
9875	477	549
1516	501	549
7953	532	549
9290	447	550
2195	4	551
794	37	551
16184	193	551
3789	255	551
14802	283	551
12349	414	551
8927	31	552
1585	55	552
2549	133	552
14880	264	552
18124	330	552
13445	437	552
2090	493	552
1993	498	552
15249	540	552
2643	49	553
4714	75	553
1468	120	553
16458	129	553
8853	138	553
3359	210	553
10312	226	553
9777	319	553
7577	334	553
16272	367	553
4526	403	553
601	540	553
5846	561	553
2017	588	553
15514	100	554
3666	346	554
18176	348	554
11107	446	554
12608	502	554
6349	567	554
2139	293	555
7398	308	555
17369	429	555
11464	27	556
6243	39	556
3154	69	556
16777	190	556
4145	375	556
2079	405	556
15406	457	556
3638	471	556
2050	537	556
5674	23	557
16133	340	557
14402	491	557
6375	45	558
10362	264	558
16887	449	558
16500	548	558
6670	45	559
11063	92	559
11412	98	559
4655	129	559
11984	180	559
2098	212	559
16303	251	559
2078	300	559
6507	407	559
5571	465	559
4911	509	559
1287	532	559
11212	538	559
11903	540	559
16891	561	559
12209	47	560
17744	408	560
13410	80	561
16704	210	561
7453	212	561
15777	264	561
1782	457	561
5817	553	561
9001	559	561
10316	194	562
9114	227	562
16516	262	562
5329	462	562
1314	530	562
1112	19	563
18187	111	563
16142	198	563
14392	219	563
11607	513	563
10526	48	564
9689	174	564
11419	194	564
3810	291	564
4170	454	564
11934	513	564
13438	587	564
14997	57	565
8953	60	565
16240	99	565
7320	100	565
4632	115	565
3484	199	565
18078	253	565
4716	261	565
3658	315	565
11643	317	565
6001	324	565
13629	331	565
3503	400	565
14783	370	566
8050	281	567
14141	446	567
1248	502	567
18255	554	567
12545	261	568
15148	317	568
14544	525	568
7376	580	568
11540	511	569
7995	42	570
13864	202	570
2922	145	571
2495	335	571
1936	435	571
4549	178	572
2119	511	572
15948	370	573
7564	533	573
3096	586	573
13041	65	574
3610	194	574
10288	328	574
1341	472	574
7260	526	574
16677	72	575
11680	322	575
3026	148	576
11980	411	576
3648	421	576
8811	520	576
5120	23	577
13496	39	577
12425	210	577
10071	212	577
12853	275	577
6030	279	577
8961	300	577
2398	358	577
15344	363	577
16139	402	577
3128	491	577
5664	63	578
1365	167	578
8203	295	578
5925	430	578
13535	433	578
18191	461	578
5019	145	579
15626	149	579
10133	213	579
8180	115	580
9441	381	580
9070	568	580
9712	75	581
7258	86	581
11634	172	581
1611	323	581
13743	363	581
5058	436	581
5193	530	581
16662	548	581
1223	41	582
5131	94	582
816	295	582
13923	301	582
12401	399	582
15265	481	582
2143	544	582
17606	109	583
12051	142	583
1806	213	583
12578	233	583
9268	250	583
15230	208	584
15709	429	584
7399	438	584
6301	527	584
17897	534	584
6707	186	585
6473	221	585
12220	397	585
8569	514	585
17123	94	586
18022	302	586
6392	370	586
905	539	586
15867	573	586
15915	10	587
14533	27	587
8705	154	587
9704	189	587
17566	302	587
4715	388	587
15356	513	587
6887	564	587
3780	12	588
14097	33	588
13576	34	588
16105	49	588
17532	55	588
10565	78	588
14344	128	588
2606	153	588
14922	157	588
11902	201	588
14435	395	588
4993	420	588
5875	476	588
17207	518	588
16293	523	588
15473	553	588
3937	7	1
5847	214	1
957	215	1
18232	246	1
7226	401	1
9227	444	1
9704	530	1
12333	531	1
9961	9	2
17583	274	2
9072	388	2
9382	208	3
16260	293	3
4749	308	3
8169	16	4
10244	57	4
12110	147	4
14133	203	4
10343	301	4
13196	414	4
9521	551	4
5571	112	5
866	172	5
10223	386	5
8000	436	5
9840	548	5
4729	178	6
9365	1	7
8285	248	7
5730	332	7
8029	444	7
17520	514	7
15992	23	8
2813	137	8
8584	351	8
8311	358	8
5183	402	8
5406	2	9
624	90	9
6305	105	9
14792	118	9
15367	191	9
6484	196	9
1919	222	9
1688	235	9
16587	326	9
2372	456	9
14488	467	9
17828	494	9
1889	547	9
1364	81	10
7230	97	10
17468	154	10
15748	314	10
18191	364	10
15301	379	10
3141	587	10
9486	59	11
12981	63	11
5782	181	11
7469	256	11
3498	269	11
18114	400	11
1907	461	11
9888	498	11
3800	121	12
6532	147	12
13158	181	12
5348	183	12
2689	415	12
12642	416	12
13217	506	12
18278	588	12
1984	17	13
13153	45	13
14148	57	13
15096	130	13
6698	151	13
17868	243	13
2905	264	13
11951	318	13
5152	341	13
5314	343	13
14098	425	13
1087	449	13
11288	451	13
6642	476	13
9104	183	14
16422	273	14
6110	340	14
11985	341	14
8253	491	14
4221	62	15
6912	229	15
5539	496	15
9504	546	15
9689	4	16
5579	193	16
6574	494	16
14112	13	17
3205	45	17
11992	126	17
14105	151	17
16818	155	17
690	160	17
10360	182	17
2118	411	17
5706	434	17
3320	488	17
14537	543	17
10428	94	18
14800	116	18
6119	123	18
3434	196	18
14362	322	18
16934	326	18
17459	453	18
1697	32	19
10038	85	19
10375	127	19
9249	174	19
8706	189	19
14309	192	19
14859	194	19
2857	219	19
3164	458	19
15095	515	19
3100	563	19
3733	154	20
9298	179	20
1391	192	20
1398	209	20
3682	405	20
14334	426	20
14593	434	20
6497	92	21
12036	120	21
15931	180	21
6878	321	21
1351	410	21
3932	437	21
9717	485	21
2133	101	22
3792	8	23
3773	84	23
13028	172	23
15007	279	23
7129	335	23
1151	350	23
14033	358	23
892	363	23
10600	449	23
14062	475	23
17195	557	23
16339	577	23
7823	42	24
9761	178	25
17820	296	25
8558	178	26
8185	154	27
3906	189	27
11226	190	27
11898	375	27
15244	405	27
9715	406	27
8367	434	27
16307	471	27
12819	556	27
5318	587	27
16466	130	28
719	233	28
1820	476	28
10860	165	29
2046	319	29
1054	328	29
7632	336	29
4876	357	29
16982	421	29
17390	69	30
17619	71	30
2458	119	30
4185	146	30
17243	210	30
5851	238	30
10158	291	30
17695	332	30
14908	335	30
10740	402	30
1291	406	30
13219	512	30
13054	55	31
12934	173	31
17327	403	31
9188	427	31
10389	493	31
8644	498	31
5950	540	31
18211	552	31
4789	19	32
11210	187	32
3838	240	32
17317	270	32
10899	341	32
3861	367	32
11911	377	32
10490	418	32
2501	425	32
2025	463	32
17307	505	32
16832	84	33
768	186	33
1481	215	33
12347	246	33
1867	395	33
710	403	33
1763	514	33
12072	588	33
1462	110	34
7763	476	34
13260	588	34
2314	78	35
6744	242	35
12190	390	35
16841	393	35
13883	413	35
16962	420	35
13106	468	35
5680	477	35
18402	487	35
15896	518	35
12358	538	35
3644	409	36
17981	178	37
707	301	37
4494	494	37
11507	551	37
1562	277	38
12195	411	38
9515	444	38
7083	501	38
15594	40	39
11573	182	39
11009	210	39
5994	264	39
10349	279	39
5843	313	39
7736	362	39
6533	368	39
18158	385	39
15324	503	39
14345	548	39
9416	549	39
8794	556	39
4432	577	39
18367	39	40
8707	210	40
13595	211	40
6393	350	40
11187	53	41
15795	58	41
17318	63	41
9244	309	41
15638	315	41
2350	344	41
12910	399	41
592	582	41
1207	24	42
12805	287	42
9953	320	42
15948	337	42
17889	486	42
15171	570	42
13715	329	43
11601	476	43
10539	57	44
13204	241	44
7820	310	44
3710	13	45
16184	17	45
3740	73	45
8976	110	45
8228	112	45
10953	117	45
11131	130	45
9299	151	45
5222	170	45
4297	176	45
13195	204	45
10209	233	45
2420	245	45
15279	305	45
1796	356	45
12374	396	45
12294	449	45
2948	459	45
9617	473	45
8646	476	45
1147	480	45
11429	498	45
15577	509	45
9488	536	45
15312	558	45
3595	559	45
2338	72	46
10215	52	47
16513	93	47
14212	303	47
1754	419	47
7350	560	47
5133	198	48
8843	300	48
6186	385	48
1315	454	48
7252	513	48
754	564	48
7707	97	49
4681	131	49
3617	180	49
635	206	49
4329	215	49
4941	367	49
13468	521	49
3844	553	49
7317	588	49
12669	141	50
18426	353	50
10856	423	50
688	489	50
9714	178	51
7113	511	51
6386	47	52
16544	52	52
8887	93	52
13716	303	52
17797	431	52
10063	41	53
8754	175	53
12510	344	53
11073	111	54
12215	134	54
8137	152	54
12150	160	54
12630	200	54
13582	230	54
11997	31	55
9969	97	55
2723	256	55
7742	321	55
15482	330	55
5772	521	55
11899	552	55
4884	588	55
10520	234	56
11143	409	56
11061	4	57
6930	13	57
5679	44	57
5053	122	57
6292	140	57
12594	247	57
17007	271	57
16456	331	57
15042	364	57
15346	369	57
13912	422	57
8815	565	57
2070	41	58
15074	181	58
10372	208	58
9851	295	58
12339	307	58
4693	11	59
1397	140	59
8287	237	59
14602	256	59
10824	348	59
5494	364	59
15151	400	59
17125	99	60
6585	100	60
17235	122	60
5930	144	60
7215	199	60
10291	271	60
4658	310	60
12818	317	60
9150	331	60
13333	346	60
9812	485	60
11885	565	60
10250	101	61
16635	409	61
4127	15	62
17946	496	62
2152	11	63
4048	41	63
13441	211	63
3966	285	63
6502	348	63
2949	364	63
6940	400	63
17423	528	63
7069	578	63
16133	101	64
7042	409	64
14392	453	64
6999	174	65
16514	194	65
6338	259	65
9683	391	65
11392	472	65
2497	531	65
13894	574	65
15016	182	66
13569	225	66
10575	288	66
13803	305	66
14312	328	66
14164	343	66
7583	350	66
12365	374	66
4808	430	66
6235	461	66
2511	481	66
12915	335	67
16585	342	67
9046	450	67
16350	80	68
4826	170	68
7492	411	68
8710	421	68
12457	531	68
13373	30	69
17652	148	69
8156	240	69
4385	314	69
17647	512	69
10129	532	69
17876	549	69
17204	556	69
10849	131	70
15281	132	70
4670	231	70
16229	468	70
14359	483	70
1300	491	70
11186	30	71
3605	146	71
12424	306	71
3377	402	71
13029	406	71
4972	46	72
13601	302	72
4146	322	72
12235	424	72
8434	432	72
2032	497	72
5078	516	72
15619	575	72
3155	45	73
6976	112	73
14110	176	73
14160	204	73
4571	207	73
3523	264	73
11439	473	73
17040	548	73
16257	301	74
9567	325	74
4308	345	74
18262	365	74
8714	399	74
15390	102	75
4867	152	75
13498	160	75
4916	186	75
3931	218	75
17851	230	75
5329	275	75
18187	389	75
16604	514	75
14090	517	75
1881	553	75
3926	581	75
12079	109	76
11206	209	76
2037	306	76
13164	375	76
17275	405	76
2867	471	76
2289	196	77
8106	197	77
16634	266	77
16697	292	77
4263	296	77
18473	302	77
10015	469	77
16824	479	77
13043	35	78
3654	395	78
12715	588	78
11700	101	79
6141	409	79
5526	453	79
8856	68	80
6592	107	80
4565	113	80
12980	159	80
11358	184	80
1298	264	80
3215	341	80
12575	390	80
14361	466	80
1952	483	80
2274	561	80
3717	10	81
10101	173	81
7028	348	81
5991	364	81
4056	409	81
18155	302	82
12662	101	83
3233	409	83
4976	23	84
5259	33	84
9053	279	84
12649	352	84
17721	383	84
15115	491	84
13925	548	84
15979	19	85
9920	178	85
14131	200	85
4626	296	85
13058	226	86
8306	251	86
1716	290	86
6688	336	86
7703	413	86
5729	444	86
7495	548	86
11768	581	86
14350	193	87
10526	301	87
7984	131	88
11510	132	88
5973	231	88
10417	299	88
12991	475	88
5474	495	88
9033	172	89
9804	238	89
6439	286	89
16087	323	89
15120	335	89
12958	435	89
16851	9	90
8083	447	90
15024	168	91
10217	172	91
11580	358	91
13592	475	91
4946	21	92
1345	98	92
2711	205	92
2464	217	92
1190	407	92
1477	480	92
5499	559	92
9600	47	93
2736	52	93
14382	303	93
6230	419	93
2822	431	93
9110	18	94
10613	115	94
12944	324	94
12899	582	94
1330	586	94
2378	182	95
5191	220	95
18218	354	95
13669	463	95
15418	533	95
17408	408	96
17056	10	97
12714	49	97
4738	55	97
15373	157	97
3186	276	97
16196	314	97
1648	321	97
9531	379	97
17431	433	97
4550	437	97
3227	449	97
17101	484	97
9896	506	97
7969	512	97
1023	521	97
9156	532	97
16718	549	97
10153	92	98
3280	154	98
16620	180	98
13087	187	98
15317	210	98
5629	212	98
18181	559	98
15478	60	99
2579	100	99
10906	122	99
16887	144	99
13789	199	99
12469	271	99
13693	310	99
8897	317	99
711	331	99
13119	346	99
7825	485	99
9194	565	99
2738	60	100
6726	99	100
9316	203	100
17428	310	100
16043	331	100
3339	554	100
13869	565	100
13232	22	101
6897	61	101
16392	64	101
5288	79	101
11445	83	101
13110	339	101
11568	372	101
12886	373	101
17626	404	101
12716	409	101
10461	470	101
7006	474	101
1527	507	101
1879	75	102
5718	198	102
4854	201	102
14328	275	102
12709	382	102
4977	321	103
8668	499	103
2281	149	104
9602	183	104
11989	213	104
18123	443	104
667	9	105
9625	447	105
13248	216	106
17972	253	106
14847	297	106
7679	426	106
10763	80	107
9556	115	107
8583	124	107
18098	126	107
13425	163	107
9640	315	107
10896	341	107
5079	213	108
4029	291	108
6106	392	108
18011	454	108
13120	76	109
6550	213	109
3492	228	109
12432	443	109
5136	583	109
10059	34	110
6294	45	110
11300	157	110
7038	459	110
3506	461	110
8501	476	110
11395	543	110
10249	54	111
15371	219	111
6252	221	111
5057	397	111
9484	526	111
15068	563	111
8950	5	112
8814	45	112
6377	73	112
17560	172	112
14775	80	113
3272	241	113
2947	246	113
5958	350	113
10282	451	113
2263	493	113
1389	184	114
6528	242	114
6779	270	114
11632	343	114
10692	362	114
11014	425	114
14411	94	115
12969	107	115
6839	124	115
8877	175	115
7730	331	115
15941	366	115
8870	381	115
7443	565	115
9094	580	115
7268	18	116
2469	120	116
1412	180	116
15332	182	116
5397	226	116
11294	45	117
5834	245	117
7799	264	117
14824	473	117
9049	501	117
6266	548	117
10647	9	118
12202	447	118
7845	30	119
12192	146	119
9553	213	119
2430	392	119
10149	21	120
7221	116	120
3951	138	120
680	165	120
8816	180	120
12970	226	120
3094	244	120
3879	540	120
10460	553	120
10803	12	121
4679	126	121
7125	195	121
1472	334	121
15675	335	121
5516	350	121
9786	377	121
1584	457	121
3969	505	121
8313	57	122
13558	60	122
4999	99	122
14846	381	122
2298	18	123
7258	107	124
968	115	124
1079	344	124
18152	366	124
12553	533	125
3729	17	126
8537	107	126
7715	121	126
7639	328	126
5263	389	126
10658	411	126
16139	416	126
16187	457	126
777	514	126
14000	520	126
4209	19	127
13323	169	127
6753	192	127
18271	312	127
9545	323	127
6030	458	127
3255	463	127
13848	201	128
6737	242	128
13528	270	128
955	442	128
5093	461	128
6027	476	128
9069	523	128
12791	588	128
11927	184	129
17069	211	129
13673	475	129
2559	495	129
11880	553	129
13572	559	129
3801	13	130
9897	28	130
1098	45	130
11500	170	130
8107	233	130
12853	352	130
2884	356	130
14806	434	130
6569	530	130
1625	49	131
1980	70	131
13895	88	131
726	226	131
17718	231	131
18018	299	131
18154	304	131
17991	413	131
17716	483	131
15983	518	131
15783	70	132
10027	88	132
4062	211	132
14393	218	132
8561	266	132
5249	420	132
1230	451	132
16815	491	132
14890	518	132
6836	182	133
6918	241	133
3629	285	133
16219	305	133
16958	400	133
4479	437	133
14601	461	133
4233	498	133
14194	535	133
7991	552	133
17341	54	134
6785	136	134
15114	194	134
8404	227	134
13915	230	134
16546	312	134
15565	465	134
5315	481	134
6045	513	134
5130	517	134
14264	409	135
17200	453	135
4254	134	136
9393	166	136
3361	276	136
14939	403	136
4017	413	136
18312	493	136
6345	8	137
7413	205	137
10292	352	137
17986	402	137
15240	436	137
6431	120	138
10804	304	138
4286	319	138
3286	413	138
746	553	138
7917	447	139
8119	57	140
4669	59	140
15057	247	140
12559	310	140
4408	369	140
18297	510	140
17675	539	140
733	50	141
11454	353	141
2344	423	141
4748	489	141
2791	190	142
11259	213	142
14276	250	142
12549	298	142
8201	583	142
4273	325	143
13046	60	144
12635	99	144
4310	179	144
16862	247	144
15156	315	144
14887	346	144
7237	205	145
11559	233	145
14113	335	145
13640	461	145
14419	571	145
6075	579	145
17842	30	146
8623	71	146
6077	119	146
15442	300	146
4878	306	146
18104	407	146
3632	452	146
18244	4	147
15966	12	147
11095	213	147
16186	217	147
1825	223	147
1768	228	147
12903	297	147
14117	384	147
9766	69	148
17953	215	148
6626	314	148
17822	375	148
16650	471	148
7211	576	148
8334	104	149
15225	213	149
6367	455	149
12884	579	149
5349	178	150
5981	511	150
15304	13	151
7724	17	151
11159	45	151
6371	170	151
18162	356	151
13107	374	151
11819	463	151
2923	54	152
14508	75	152
16400	160	152
8056	200	152
14945	238	152
2728	323	152
16537	347	153
6038	476	153
7785	529	153
18469	588	153
13795	10	154
10996	20	154
14568	27	154
12181	98	154
9742	406	154
10928	587	154
11369	17	155
6654	160	155
5147	233	155
17107	411	155
4025	425	155
16308	465	155
14749	488	155
15398	253	156
1714	361	156
6559	97	157
2987	110	157
17651	420	157
9375	461	157
11874	498	157
15781	588	157
14719	511	158
2934	80	159
2792	195	159
1430	348	159
16603	453	159
16319	17	160
8392	54	160
16672	75	160
7118	152	160
5999	155	160
1958	413	160
734	488	160
9304	180	161
5210	205	161
11343	217	161
15856	241	161
7578	305	161
13076	484	161
8663	509	161
11565	521	161
10208	243	162
12976	252	162
16423	391	162
2541	487	162
11050	107	163
12165	318	163
8463	341	163
3808	346	163
16134	434	163
13563	260	164
15174	487	164
8186	513	164
10621	29	165
5696	120	165
2248	266	165
13681	336	165
3454	354	165
1221	357	165
10240	389	165
2973	410	165
7203	420	165
8889	136	166
14720	334	166
6099	347	166
15911	476	166
6846	253	167
11114	330	167
11978	461	167
9964	578	167
17676	91	168
7727	172	168
14531	545	168
12172	127	169
8779	174	169
16150	185	169
17680	428	169
6712	472	169
13870	45	170
11558	68	170
13088	130	170
16548	151	170
16250	328	170
7682	411	170
5954	434	170
1745	451	170
2236	463	170
11696	409	171
2431	5	172
6189	23	172
1097	89	172
6971	91	172
8944	112	172
5137	168	172
2175	228	172
14635	238	172
11782	265	172
12441	286	172
8265	436	172
10927	475	172
16671	545	172
8024	548	172
3905	581	172
11094	31	173
7372	81	173
5445	195	173
3197	299	173
3832	378	173
6044	420	173
3584	493	173
8289	500	173
2088	518	173
11977	19	174
15504	65	174
11229	169	174
14195	252	174
7856	382	174
3518	401	174
5486	420	174
6354	428	174
4677	487	174
7353	513	174
12988	564	174
8325	53	175
12361	115	175
11556	310	175
3017	344	175
2301	528	175
18012	45	176
3250	73	176
6115	245	176
18454	264	176
7657	473	176
8687	501	176
11853	548	176
6395	178	177
2778	511	177
1802	6	178
12787	25	178
17351	26	178
17367	37	178
4260	51	178
5336	85	178
797	150	178
4228	177	178
12933	254	178
1866	296	178
7151	303	178
1063	387	178
6612	448	178
4463	464	178
14163	572	178
6703	20	179
5957	144	179
1408	209	179
9143	253	179
12067	346	179
14158	422	179
15837	537	179
10929	21	180
13044	49	180
10891	98	180
3244	116	180
6411	120	180
8349	161	180
12435	217	180
1676	264	180
17567	321	180
9117	354	180
7148	367	180
2324	559	180
9846	11	181
3623	12	181
2780	58	181
15671	224	181
9833	285	181
17068	295	181
6264	528	181
2899	17	182
17485	39	182
7731	66	182
6155	95	182
12832	116	182
11029	133	182
3866	210	182
3868	220	182
5837	399	182
9424	434	182
3003	483	182
14551	543	182
11234	12	183
14538	14	183
7173	104	183
15067	224	183
6072	239	183
13583	250	183
15210	253	183
3394	271	183
12025	297	183
3424	307	183
1551	309	183
6069	344	183
15575	416	183
12790	461	183
17836	80	184
12251	114	184
1877	129	184
2187	343	184
2387	411	184
18269	493	184
13943	169	185
5233	248	185
18438	390	185
16108	393	185
3752	401	185
14861	444	185
17930	477	185
18440	503	185
3260	33	186
17741	75	186
7115	243	186
8069	517	186
2505	585	186
7793	32	187
3058	98	187
16485	341	187
10001	543	187
8585	192	188
14061	219	188
2739	250	188
7522	297	188
17579	426	188
17708	515	188
15749	541	188
15859	19	189
7204	27	189
4717	487	189
2340	513	189
2636	587	189
7270	27	190
7334	142	190
3248	363	190
15085	477	190
5819	556	190
10251	9	191
8753	19	192
18238	20	192
15587	127	192
12924	188	192
13797	361	192
9574	515	192
9252	16	193
1668	87	193
15555	225	193
12815	490	193
4868	494	193
9001	533	193
11334	551	193
2928	19	194
17185	65	194
16055	134	194
2414	262	194
11146	323	194
13655	361	194
10724	562	194
2615	564	194
4374	574	194
3053	121	195
14867	159	195
3687	173	195
14679	377	195
10091	427	195
3200	437	195
12743	9	196
17684	18	196
3601	77	196
9552	77	197
9601	48	198
16295	102	198
7316	275	198
13854	334	198
2989	351	198
12354	382	198
8963	390	198
2250	418	198
17003	442	198
8141	503	198
7568	563	198
11055	60	199
11308	99	199
2235	271	199
10450	331	199
13545	565	199
7149	54	200
3701	85	200
18443	152	200
11892	334	200
1367	351	200
16149	397	200
16253	513	200
2686	102	201
13575	128	201
13506	304	201
15849	343	201
6614	351	201
17490	382	201
4313	487	201
812	498	201
15439	523	201
17228	588	201
7602	570	202
11741	4	203
15547	100	203
618	453	203
7190	45	204
13600	73	204
12831	473	204
16214	548	204
5659	92	205
5667	137	205
2136	145	205
11545	161	205
8100	233	205
2416	352	205
7617	415	205
16232	463	205
12139	509	205
11564	532	205
15303	49	206
8417	264	206
17854	325	206
8763	549	206
16991	73	207
4851	233	207
12780	272	207
7801	501	207
4088	532	207
17479	548	207
2731	3	208
2267	58	208
9501	278	208
11018	293	208
1016	429	208
2818	438	208
8892	441	208
6282	492	208
17265	522	208
1514	527	208
15474	534	208
16978	584	208
677	20	209
7709	76	209
8808	179	209
11676	271	209
7998	297	209
1062	506	209
7827	30	210
6261	39	210
1182	40	210
15922	98	210
13956	182	210
5115	264	210
16660	276	210
12400	347	210
10068	350	210
2331	457	210
7747	553	210
13920	561	210
16372	577	210
15893	40	211
5605	63	211
7438	129	211
2611	132	211
3583	218	211
10373	225	211
16017	243	211
2544	295	211
7840	427	211
12293	478	211
15230	518	211
5451	538	211
907	98	212
7516	264	212
10411	449	212
16577	535	212
7832	559	212
15949	561	212
8499	577	212
8278	104	213
16290	108	213
8846	109	213
692	119	213
2547	142	213
13402	147	213
16928	149	213
5567	216	213
14327	217	213
2670	223	213
6175	297	213
12855	298	213
8419	335	213
715	380	213
3691	384	213
8160	392	213
1760	439	213
10868	443	213
18470	455	213
1096	482	213
17592	541	213
3797	579	213
4820	583	213
4606	1	214
17313	352	214
13281	416	214
5028	444	214
5841	520	214
17407	1	215
6062	33	215
6824	49	215
14267	148	215
15958	249	215
5107	336	215
11123	531	215
16786	106	216
10543	213	216
1317	223	216
14780	297	216
6036	361	216
10380	482	216
14445	92	217
1706	147	217
4581	161	217
16018	180	217
11085	213	217
1366	250	217
2434	297	217
8254	305	217
11752	377	217
17033	459	217
14574	463	217
16408	505	217
11145	75	218
15557	132	218
6293	211	218
6520	348	218
10011	378	218
5911	431	218
13421	478	218
10247	542	218
9866	19	219
8175	111	219
12803	188	219
2898	354	219
2107	361	219
5221	388	219
16209	563	219
15505	95	220
12974	182	220
11393	354	220
11068	370	220
11619	533	220
14068	111	221
8187	345	221
8171	526	221
2518	585	221
4331	9	222
18461	147	223
6977	213	223
18029	216	223
13427	297	223
9434	181	224
14521	183	224
13808	239	224
1508	307	224
6349	66	225
1506	193	225
13984	211	225
11762	86	226
9915	116	226
12627	120	226
15000	131	226
5614	290	226
2658	468	226
7916	483	226
17789	553	226
17518	134	227
11276	228	227
10890	230	227
1563	298	227
15331	323	227
631	530	227
18076	562	227
8513	109	228
15133	147	228
1521	172	228
14292	227	228
5887	291	228
4904	335	228
1950	435	228
10119	452	228
14696	15	229
6427	281	229
9260	423	229
13967	502	229
933	546	229
6185	54	230
2946	75	230
12212	134	230
17922	227	230
7191	244	230
5485	389	230
5700	465	230
6544	475	230
6195	481	230
6656	493	230
17534	517	230
1209	526	230
12291	70	231
875	88	231
10593	131	231
949	304	231
16816	495	231
2012	524	231
6510	511	232
5298	28	233
6462	45	233
2558	130	233
15260	145	233
9334	155	233
13305	205	233
11910	207	233
2530	272	233
18252	286	233
6016	318	233
16222	328	233
1967	356	233
2406	374	233
16956	386	233
2612	389	233
4791	436	233
13612	459	233
1856	473	233
13434	480	233
15537	484	233
3795	488	233
12472	501	233
8539	512	233
17514	583	233
5707	56	234
5838	237	234
14504	293	234
3266	429	234
1693	441	234
10276	492	234
10800	9	235
11022	347	235
17199	476	235
17028	447	236
8251	59	237
839	234	237
11075	284	237
13082	289	237
16547	398	237
18455	441	237
3432	453	237
9397	502	237
10886	30	238
3607	89	238
13806	152	238
14200	172	238
9616	314	238
17526	183	239
2943	224	239
18348	309	239
14444	481	239
4635	528	239
10190	32	240
8052	69	240
3748	409	240
11440	418	240
6458	44	241
13364	113	241
5676	133	241
16296	161	241
10452	430	241
9587	35	242
15533	114	242
17729	128	242
5618	279	242
12778	415	242
14596	468	242
6273	491	242
3219	524	242
9938	13	243
14500	162	243
7381	186	243
2930	211	243
9448	265	243
8514	355	243
9873	389	243
12394	451	243
7463	120	244
17782	230	244
873	246	244
11595	349	244
4077	420	244
8929	493	244
4988	517	244
4897	45	245
11599	117	245
16496	176	245
8241	264	245
12143	473	245
9646	501	245
8222	548	245
13103	1	246
10203	33	246
729	113	246
9599	244	246
15354	390	246
9870	391	246
14140	403	246
4375	514	246
3699	520	246
11513	526	246
14710	531	246
14168	57	247
10610	140	247
11464	144	247
4825	369	247
7822	7	248
6866	185	248
12244	332	248
16323	368	248
3508	477	248
14325	487	248
16118	503	248
5052	215	249
4278	251	249
11451	325	249
17339	142	250
13875	183	250
14990	188	250
14910	217	250
821	261	250
14228	297	250
2851	361	250
13072	399	250
2825	583	250
1822	86	251
9367	249	251
14741	367	251
15886	457	251
3938	559	251
2752	162	252
3364	174	252
7475	391	252
8864	428	252
16885	526	252
3692	106	253
10823	156	253
10316	167	253
14210	179	253
11017	183	253
9881	271	253
13409	297	253
18077	317	253
8259	331	253
18309	565	253
761	178	254
15483	296	254
7816	301	255
16944	494	255
1699	511	255
10726	551	255
1560	11	256
8881	55	256
10913	59	256
3822	314	256
6905	327	256
4885	348	256
15532	427	256
6309	433	256
5090	437	256
16971	538	256
10591	334	257
3322	347	257
10289	476	257
12088	268	258
4561	291	258
3099	306	258
4236	335	258
693	358	258
5372	452	258
5899	65	259
3441	265	259
17525	472	259
8042	530	259
3864	531	259
9899	164	260
1342	487	260
2751	513	260
9144	250	261
17878	317	261
2878	331	261
8952	565	261
17192	568	261
5779	194	262
7512	458	262
15876	530	262
7421	562	262
14685	511	263
1180	13	264
12984	39	264
15602	73	264
16035	80	264
6330	117	264
1145	176	264
14727	180	264
18040	206	264
788	210	264
8705	212	264
13134	245	264
6743	282	264
16241	311	264
15812	338	264
11721	347	264
15817	349	264
3400	549	264
11617	552	264
9565	558	264
9810	561	264
4089	172	265
4150	243	265
7954	259	265
11831	323	265
10163	328	265
9578	461	265
7202	501	265
12497	520	265
14268	77	266
16347	132	266
4499	165	266
9876	280	266
8299	354	266
11539	409	267
10754	258	268
13567	291	268
9288	335	268
17790	11	269
11937	348	269
16607	32	270
7775	114	270
7098	128	270
3704	418	270
7081	57	271
1540	60	271
12156	99	271
10538	183	271
13478	199	271
13799	209	271
3642	253	271
15197	426	271
6284	207	272
8842	233	272
8146	386	272
15647	484	272
3577	536	272
4384	14	273
6403	340	273
7955	491	273
17791	2	274
5907	75	275
2231	102	275
5341	198	275
4601	577	275
1325	97	276
11116	136	276
9087	210	276
17306	341	276
3075	347	276
3590	529	276
11636	38	277
4101	290	277
6114	411	277
18046	421	277
5641	473	277
13554	208	278
18475	429	278
9270	522	278
12707	534	278
12652	23	279
16205	39	279
1443	84	279
5876	242	279
13614	368	279
6634	383	279
10817	491	279
1163	548	279
13905	577	279
6187	266	280
7618	311	280
16048	349	280
4008	413	280
18119	468	280
18250	501	280
7869	229	281
1969	567	281
6768	264	282
4296	473	282
11837	501	282
770	551	283
14318	237	284
9005	409	284
1918	63	285
2540	133	285
7432	181	285
14756	381	285
9887	528	285
18176	89	286
11111	172	286
11224	233	286
11222	335	286
13220	386	286
13361	548	286
12116	42	287
2162	66	288
9149	313	288
16368	343	288
14252	463	288
6451	498	288
12614	237	289
9720	409	289
17240	86	290
16852	226	290
4425	277	290
17605	355	290
1632	374	290
6039	411	290
16704	501	290
2578	30	291
9591	108	291
3066	228	291
5425	258	291
3685	268	291
1290	300	291
8025	306	291
4648	335	291
15142	385	291
1813	386	291
6742	392	291
7369	452	291
1139	541	291
9744	564	291
12620	77	292
9208	3	293
11897	208	293
3648	234	293
12111	308	293
16004	369	293
10174	429	293
6681	441	293
4981	510	293
7572	555	293
3756	341	294
14876	425	294
16976	476	294
9827	58	295
17610	181	295
16535	211	295
6228	498	295
3199	578	295
6437	582	295
5049	25	296
7524	77	296
3465	85	296
15432	178	296
10623	254	296
13280	303	296
12726	408	296
14810	448	296
7036	464	296
12525	106	297
14215	147	297
13974	183	297
14683	188	297
12303	209	297
6270	213	297
11948	216	297
8355	217	297
669	223	297
10278	250	297
4347	253	297
3640	384	297
18079	426	297
16098	482	297
12767	142	298
17722	213	298
2339	227	298
13337	530	298
9695	541	298
16522	88	299
16817	131	299
14834	173	299
8637	420	299
7837	468	299
13783	48	300
4434	146	300
9547	291	300
9561	306	300
1954	335	300
5205	342	300
6645	385	300
17043	405	300
17473	407	300
4483	450	300
12776	457	300
10037	462	300
4513	559	300
12963	577	300
16646	4	301
7534	37	301
6436	74	301
13308	87	301
13179	255	301
9598	414	301
1696	582	301
12711	72	302
11538	77	302
6441	82	302
18434	316	302
10926	322	302
15344	333	302
3147	412	302
16890	445	302
7577	586	302
14248	587	302
7218	47	303
8723	52	303
18080	93	303
4386	178	303
11221	296	303
5023	303	303
1196	408	303
3348	419	303
9628	131	304
6248	138	304
1459	201	304
18025	231	304
5566	393	304
11058	420	304
6463	518	304
10989	531	304
7902	45	305
6758	66	305
14906	133	305
15819	161	305
8652	217	305
11934	330	305
9582	430	305
3038	459	305
15524	461	305
10755	498	305
5636	523	305
17392	71	306
5208	76	306
14272	146	306
7874	258	306
9318	291	306
1005	300	306
14793	385	306
13865	407	306
6667	462	306
9871	58	307
13522	183	307
8125	224	307
15036	309	307
15782	3	308
9997	293	308
15069	369	308
11532	429	308
1779	441	308
12250	510	308
16579	555	308
10426	41	309
10283	183	309
17444	239	309
15318	307	309
2771	44	310
16045	60	310
8229	99	310
13861	100	310
11876	140	310
15908	175	310
3901	346	310
10671	422	310
6111	264	311
5194	280	311
6962	473	311
14743	511	311
12954	127	312
3352	134	312
9688	428	312
10561	513	312
7791	39	313
14559	288	313
3898	362	313
15032	368	313
2499	395	313
2085	477	313
1400	491	313
14878	495	313
17127	10	314
15954	69	314
8684	97	314
16999	148	314
639	238	314
8818	256	314
795	327	314
12425	375	314
6381	379	314
13237	380	314
16645	386	314
6987	433	314
1394	439	314
15567	471	314
9018	512	314
14944	41	315
6415	107	315
16683	144	315
12789	317	315
13312	331	315
15014	565	315
10489	302	316
10098	60	317
2064	99	317
13367	253	317
11551	261	317
1454	315	317
9065	331	317
4367	366	317
10844	535	317
5992	565	317
12534	568	317
3459	13	318
3318	163	318
8608	233	318
11520	341	318
13452	343	318
15729	377	318
14083	425	318
14473	453	318
5192	476	318
15661	29	319
10381	138	319
6301	411	319
13313	553	319
11991	42	320
6696	21	321
7686	55	321
6337	97	321
6609	103	321
16876	180	321
4710	327	321
4027	330	321
12009	367	321
5352	535	321
13938	18	322
7294	72	322
12757	302	322
14899	497	322
6024	516	322
1974	575	322
16773	89	323
861	127	323
17361	152	323
10441	194	323
8771	227	323
8213	265	323
972	513	323
6207	581	323
904	94	324
4943	331	324
10752	454	324
14027	565	324
1488	74	325
18137	143	325
9857	206	325
6134	249	325
1739	347	325
14219	9	326
10919	18	326
4255	256	327
8673	314	327
9748	321	327
15477	499	327
18070	508	327
4569	537	327
14303	29	328
6412	66	328
2336	126	328
3698	170	328
5829	233	328
2705	265	328
16446	374	328
10064	411	328
12720	574	328
4360	43	329
1910	476	329
11448	55	330
8316	167	330
11999	305	330
3245	321	330
3313	535	330
8478	552	330
3662	57	331
7606	60	331
3014	99	331
13849	100	331
14581	115	331
7646	199	331
5454	253	331
10536	261	331
5775	315	331
3031	317	331
10560	324	331
15617	400	331
13955	565	331
5473	7	332
17681	30	332
17238	248	332
593	383	332
9130	393	332
14943	402	332
3188	444	332
4534	491	332
12304	302	333
17562	121	334
2669	166	334
2656	198	334
17723	200	334
4644	257	334
16426	336	334
12011	350	334
6736	367	334
10382	376	334
15771	395	334
4747	416	334
11943	418	334
17350	442	334
2015	505	334
11086	529	334
2128	553	334
15902	23	335
6256	30	335
16907	67	335
8451	89	335
9180	121	335
7757	145	335
1353	213	335
9709	228	335
1043	258	335
8871	268	335
2192	286	335
5776	291	335
5039	300	335
5743	342	335
4839	386	335
2130	435	335
2922	450	335
4389	452	335
13184	571	335
2764	29	336
14241	86	336
5968	165	336
16807	215	336
14563	334	336
8866	355	336
4961	411	336
16843	413	336
5639	520	336
7073	42	337
10108	264	338
17807	473	338
13490	501	338
12108	101	339
9894	409	339
4034	14	340
1422	273	340
2419	491	340
12589	557	340
11067	13	341
3724	14	341
17075	32	341
13089	80	341
17552	107	341
5034	163	341
11969	187	341
6035	276	341
6623	294	341
3820	318	341
14323	344	341
17501	425	341
3371	528	341
3945	529	341
11275	67	342
5724	300	342
1456	335	342
9471	407	342
7903	450	342
13000	13	343
15050	66	343
15403	114	343
11122	184	343
15170	201	343
10196	288	343
13644	318	343
6190	362	343
9475	476	343
17424	483	343
10430	523	343
15158	543	343
13213	41	344
16835	53	344
16858	124	344
4683	175	344
2051	183	344
14961	341	344
6527	366	344
13948	528	344
15599	74	345
13781	221	345
2595	361	345
13161	365	345
6694	60	346
17022	99	346
2795	144	346
17262	163	346
16538	179	346
1202	310	346
12305	369	346
13674	453	346
8598	485	346
6991	554	346
9204	153	347
6479	166	347
4872	210	347
11404	235	347
11981	257	347
13400	264	347
10494	276	347
15393	325	347
3015	59	348
16569	63	348
1233	81	348
12407	159	348
4431	218	348
12056	256	348
14198	269	348
1059	364	348
2776	378	348
1806	400	348
18130	554	348
10956	244	349
17909	264	349
10885	280	349
15988	538	349
16284	549	349
728	23	350
2887	40	350
18217	66	350
14308	113	350
7377	121	350
12522	210	350
8768	334	350
2681	494	350
1204	8	351
13641	198	351
15070	200	351
5817	201	351
1549	402	351
8436	416	351
2654	84	352
17801	130	352
6465	137	352
13113	205	352
16425	214	352
6317	355	352
11939	383	352
17925	415	352
14595	436	352
2604	468	352
8098	538	352
4686	50	353
13073	141	353
13538	423	353
16040	489	353
14484	95	354
4196	165	354
10305	180	354
2722	219	354
14380	220	354
4662	266	354
17954	355	354
5753	483	354
4094	543	354
4123	243	355
15280	290	355
4300	336	355
13109	352	355
15653	354	355
4695	418	355
12164	473	355
16038	501	355
8761	520	355
16888	45	356
12902	130	356
3302	151	356
1105	233	356
2108	480	356
16282	29	357
18103	165	357
9346	453	357
5184	8	358
4444	23	358
3826	91	358
8512	258	358
9788	402	358
13384	577	358
4638	519	359
17398	546	359
15964	476	360
6508	156	361
8476	192	361
10332	194	361
10050	216	361
1278	219	361
12058	250	361
11247	345	361
10682	515	361
16644	39	362
18225	114	362
3262	313	362
13793	343	362
5196	368	362
10869	402	362
16586	418	362
2142	425	362
3332	442	362
1728	477	362
8517	487	362
6362	495	362
5591	549	362
2941	23	363
9118	190	363
7571	383	363
16369	462	363
8716	530	363
16177	577	363
12584	581	363
1942	10	364
7470	57	364
9690	59	364
9358	63	364
10519	81	364
5722	348	364
13776	74	365
14983	345	365
5438	115	366
11235	124	366
15299	317	366
8157	344	366
12942	32	367
9772	49	367
15248	180	367
9166	251	367
7496	321	367
15882	334	367
5861	413	367
7072	505	367
8713	553	367
13586	39	368
7431	248	368
2395	279	368
596	313	368
3279	362	368
7698	487	368
3869	57	369
12955	140	369
12324	247	369
16897	293	369
2937	308	369
16174	346	369
17154	510	369
9325	220	370
2616	533	370
16622	544	370
2393	566	370
15238	573	370
17193	586	370
15330	447	371
13083	101	372
6473	409	372
8384	101	373
15798	453	373
3321	66	374
3346	151	374
12051	233	374
931	290	374
2763	328	374
6396	488	374
2733	27	375
8925	76	375
1268	148	375
763	314	375
6969	406	375
2443	471	375
6885	556	375
12328	334	376
17772	476	376
16598	505	376
1946	32	377
3759	121	377
15193	195	377
6945	217	377
7092	318	377
12900	418	377
17923	173	378
17183	218	378
10412	348	378
17845	10	379
3060	97	379
12045	314	379
2504	506	379
8020	213	380
16861	314	380
6366	386	380
11811	439	380
7864	461	380
5142	506	380
15722	115	381
10272	122	381
2448	285	381
2309	580	381
14143	102	382
12249	174	382
16927	198	382
18425	201	382
10568	391	382
14791	428	382
9138	513	382
16014	517	382
18001	84	383
16429	279	383
4821	332	383
17903	352	383
18135	363	383
767	401	383
3831	444	383
15530	147	384
7483	213	384
8466	297	384
6251	482	384
15088	39	385
6313	48	385
7439	291	385
3732	300	385
13481	306	385
16774	406	385
9031	5	386
15419	233	386
8205	272	386
4545	286	386
8319	291	386
5913	314	386
11329	335	386
13290	380	386
7362	506	386
12047	178	387
11007	2	388
11566	219	388
10528	537	388
16949	587	388
5084	75	389
1704	126	389
13274	165	389
8880	230	389
7555	233	389
14398	243	389
5528	434	389
4936	520	389
6774	35	390
9146	80	390
12507	185	390
15249	198	390
4800	246	390
7887	428	390
8518	513	390
4001	514	390
11964	65	391
4540	162	391
10288	246	391
17448	252	391
2216	382	391
1267	428	391
5067	513	391
6083	517	391
15571	526	391
12240	108	392
5627	119	392
3276	213	392
11384	291	392
12844	405	392
15456	35	393
14458	185	393
14495	304	393
14224	332	393
2013	395	393
7566	442	393
5621	466	393
12904	477	393
9386	491	393
6522	511	394
3427	33	395
13431	78	395
6627	313	395
4963	334	395
1203	393	395
9301	403	395
14099	588	395
13390	45	396
8989	536	396
9647	111	397
10281	200	397
901	513	397
7677	585	397
13598	237	398
2261	409	398
7517	41	399
2374	74	399
7090	182	399
2127	250	399
7301	582	399
16022	11	400
6295	59	400
3570	63	400
5308	133	400
5405	331	400
14552	348	400
15961	506	400
6107	565	400
12675	1	401
6017	174	401
12808	185	401
2023	383	401
12102	444	401
2380	514	401
7276	8	402
15043	30	402
6676	71	402
2457	137	402
6984	332	402
6143	351	402
5580	358	402
6597	362	402
13010	487	402
4103	577	402
10224	31	403
7670	33	403
16364	136	403
6852	246	403
13443	395	403
7838	442	403
9308	493	403
732	514	403
8236	553	403
12367	101	404
12957	20	405
4314	27	405
5593	76	405
15655	300	405
12130	392	405
2525	556	405
16529	27	406
4712	30	406
7674	71	406
3674	154	406
1035	375	406
9984	385	406
1246	471	406
7099	487	406
4764	92	407
9522	146	407
5708	300	407
6442	306	407
16623	342	407
8124	450	407
12968	457	407
17641	559	407
4807	96	408
13764	296	408
2189	303	408
10975	560	408
8845	36	409
11076	56	409
2842	61	409
7225	64	409
15679	79	409
11401	81	409
5764	83	409
6071	101	409
15614	135	409
7433	171	409
13606	240	409
10044	267	409
8498	284	409
9016	289	409
5578	339	409
9929	372	409
12713	398	409
2809	417	409
14616	440	409
11865	460	409
11590	474	409
2590	504	409
9311	507	409
15808	21	410
1767	165	410
2879	17	411
4388	38	411
17441	68	411
11931	126	411
6919	155	411
13254	170	411
11722	184	411
11125	277	411
12547	290	411
10942	319	411
5616	328	411
16583	336	411
10727	421	411
2257	434	411
15309	466	411
7940	473	411
15375	488	411
11912	520	411
3655	576	411
9853	302	412
13121	35	413
3036	86	413
8949	131	413
6057	136	413
2755	138	413
9632	160	413
8263	280	413
3514	336	413
12597	367	413
11015	4	414
916	301	414
1410	551	414
8784	12	415
11218	205	415
9357	242	415
13368	352	415
12114	468	415
5746	538	415
18264	12	416
8223	126	416
13892	183	416
6745	214	416
13593	334	416
18318	351	416
2402	409	417
8552	453	417
1313	32	418
5956	198	418
6616	240	418
3091	270	418
15259	334	418
17095	355	418
3805	362	418
9231	377	418
6547	47	419
2194	93	419
8797	303	419
3135	35	420
14189	132	420
14548	157	420
10582	165	420
16084	173	420
5997	174	420
18365	244	420
11319	299	420
11615	304	420
721	518	420
11191	588	420
4919	29	421
18172	68	421
4113	277	421
14381	411	421
13818	466	421
4147	576	421
7017	57	422
12823	179	422
5493	310	422
5574	453	422
13832	50	423
13543	141	423
6955	229	423
2991	353	423
5845	489	423
2022	546	423
4956	72	424
8806	13	425
16095	32	425
17437	114	425
16914	155	425
9557	294	425
5901	318	425
12194	341	425
12356	362	425
7923	488	425
12583	20	426
12280	106	426
13037	188	426
11784	271	426
15678	297	426
13529	506	426
16486	31	427
15429	195	427
16151	211	427
5794	256	427
3430	538	427
10911	169	428
1815	174	428
7471	252	428
14726	312	428
9012	382	428
13876	390	428
5370	391	428
8563	513	428
1234	208	429
7217	234	429
17813	278	429
1179	293	429
9818	308	429
3912	438	429
6220	441	429
13887	492	429
15183	522	429
10729	527	429
12243	534	429
2293	555	429
6070	584	429
17865	66	430
16996	241	430
12810	305	430
5553	437	430
7710	461	430
8035	484	430
806	578	430
6168	52	431
1310	93	431
10035	218	431
7491	431	431
5543	72	432
11530	97	433
12800	256	433
5056	314	433
13069	484	433
12526	512	433
12841	578	433
6711	17	434
2910	20	434
15763	27	434
14615	130	434
4114	163	434
615	170	434
13114	182	434
3132	389	434
16396	411	434
10749	89	435
1629	228	435
9763	335	435
18477	475	435
4058	571	435
7210	5	436
14159	137	436
14874	172	436
7246	233	436
12379	352	436
16571	581	436
5452	21	437
5179	97	437
13459	133	437
10751	195	437
4850	256	437
8002	430	437
10045	514	437
11965	552	437
7155	208	438
13747	429	438
14254	527	438
17104	584	438
8064	213	439
16039	314	439
7549	380	439
3340	461	439
2462	506	439
15273	409	440
7701	208	441
11526	234	441
5556	237	441
3088	293	441
5792	308	441
15669	429	441
6420	492	441
15873	128	442
8957	198	442
15449	334	442
8812	362	442
912	393	442
4134	403	442
11847	477	442
1914	514	442
3411	104	443
6210	109	443
7074	213	443
2509	455	443
9540	1	444
4167	7	444
8827	38	444
15066	86	444
8852	185	444
9741	214	444
16995	332	444
8848	383	444
11893	401	444
7053	530	444
10048	531	444
787	302	445
5009	502	446
7150	546	446
15329	554	446
2388	567	446
14243	90	447
2200	105	447
3179	118	447
15343	139	447
17088	236	447
11852	371	447
15976	511	447
18043	547	447
2810	550	447
2401	178	448
4159	296	448
12106	13	449
11547	23	449
7648	45	449
1037	97	449
5600	212	449
5581	476	449
1121	558	449
9758	67	450
13897	300	450
10679	335	450
4505	342	450
8527	407	450
8010	13	451
12774	113	451
1030	132	451
14969	170	451
8546	243	451
3631	146	452
16340	228	452
3828	258	452
7794	291	452
3891	335	452
16566	18	453
7675	64	453
17692	79	453
18349	135	453
13935	159	453
8377	203	453
5457	237	453
9213	318	453
13480	346	453
17348	357	453
9305	373	453
10235	417	453
11385	422	453
2168	460	453
1125	470	453
15434	474	453
10076	507	453
11485	48	454
11508	108	454
8823	324	454
10833	564	454
14646	149	455
13357	213	455
18000	443	455
13317	9	456
1938	121	457
14092	126	457
14357	210	457
13526	251	457
3679	300	457
4080	407	457
16024	476	457
13256	556	457
9906	561	457
16348	19	458
17077	127	458
9855	262	458
3308	530	458
14882	541	458
9239	45	459
6549	110	459
18062	217	459
13080	233	459
13479	305	459
2648	480	459
629	409	460
17073	453	460
1765	11	461
11947	66	461
17224	110	461
15600	128	461
603	133	461
18336	145	461
8694	157	461
4163	167	461
8294	183	461
5464	265	461
10233	305	461
4704	380	461
14816	430	461
16883	439	461
10981	484	461
8358	523	461
10431	578	461
4397	300	462
850	306	462
3324	363	462
725	477	462
8165	513	462
2962	541	462
15269	562	462
8912	32	463
14776	95	463
15901	127	463
17445	151	463
3958	170	463
17724	205	463
645	217	463
4609	288	463
5300	178	464
16680	296	464
2873	134	465
9042	155	465
11631	230	465
5692	488	465
6932	559	465
11284	80	466
9206	393	466
16819	411	466
3344	421	466
1285	538	466
4409	9	467
918	35	468
13124	70	468
775	226	468
16449	242	468
2089	280	468
18376	299	468
14605	352	468
9177	415	468
6994	524	468
11421	538	468
4470	77	469
16881	101	470
13172	453	470
858	27	471
16708	76	471
7970	148	471
9815	314	471
12756	375	471
4277	406	471
2726	556	471
8924	65	472
9212	169	472
12893	259	472
11629	574	472
18141	45	473
8988	73	473
8998	117	473
14410	176	473
13298	204	473
8182	233	473
2191	245	473
14175	277	473
6944	282	473
5095	311	473
13513	338	473
14703	355	473
2646	411	473
6876	501	473
13667	101	474
4657	409	474
14561	453	474
5603	23	475
6672	88	475
14788	91	475
3295	129	475
10368	172	475
2125	230	475
1070	435	475
893	524	475
13718	13	476
16669	28	476
2116	34	476
2075	43	476
16796	45	476
2463	110	476
16668	128	476
12060	153	476
14909	166	476
2850	235	476
13588	257	476
2403	294	476
13534	318	476
15350	329	476
2017	343	476
5672	360	476
3885	376	476
1616	449	476
10693	457	476
11000	529	476
3727	588	476
8554	35	477
13454	185	477
16717	190	477
5309	248	477
6118	313	477
14600	362	477
4206	393	477
11644	442	477
17958	462	477
12868	538	477
13922	549	477
10093	211	478
16799	218	478
11857	481	478
9264	77	479
12650	45	480
10254	92	480
1152	233	480
12989	356	480
4855	459	480
3676	66	481
12797	134	481
12396	230	481
8994	239	481
16757	478	481
3896	582	481
4427	213	482
2538	216	482
16059	297	482
6805	384	482
15858	70	483
6923	80	483
6877	131	483
11164	182	483
14178	226	483
17035	343	483
3289	354	483
10188	548	483
5820	97	484
18186	161	484
12065	233	484
3149	272	484
3798	430	484
7300	433	484
11223	461	484
6120	506	484
4595	21	485
877	60	485
16508	99	485
14981	346	485
3899	42	486
8328	35	487
12309	162	487
15624	164	487
16329	174	487
14074	189	487
8678	201	487
9985	248	487
4853	260	487
14576	362	487
17169	368	487
15637	402	487
4823	406	487
6764	503	487
6328	17	488
4406	155	488
9080	160	488
5246	233	488
3282	374	488
17031	411	488
18324	425	488
5799	465	488
3046	50	489
10627	141	489
8422	353	489
7771	423	489
16864	193	490
12167	494	490
14476	14	491
17206	70	491
2557	84	491
11973	132	491
9441	242	491
8851	273	491
12694	279	491
7749	313	491
15825	332	491
9297	340	491
6796	393	491
3347	495	491
14866	557	491
18092	577	491
16412	208	492
11357	234	492
16224	429	492
3081	441	492
10421	31	493
11701	113	493
16386	136	493
1500	173	493
3002	184	493
10256	230	493
1329	244	493
8459	403	493
7567	514	493
4594	552	493
4687	9	494
7338	16	494
2507	37	494
12600	193	494
15857	255	494
15793	350	494
10379	490	494
5121	525	494
17244	88	495
7805	129	495
12858	231	495
13934	313	495
16797	362	495
1784	491	495
14564	524	495
17841	15	496
16458	62	496
887	72	497
1848	322	497
4363	11	498
5533	31	498
7128	45	498
12041	133	498
7836	157	498
13709	201	498
9936	288	498
16275	295	498
13039	305	498
6582	535	498
12912	552	498
16226	103	499
7509	327	499
13771	508	499
12678	537	499
6937	173	500
5295	512	500
6268	38	501
14026	117	501
13886	176	501
8610	207	501
1931	233	501
1792	245	501
8335	265	501
13247	280	501
7480	282	501
10118	290	501
17349	338	501
13371	355	501
13268	473	501
16960	548	501
2618	549	501
12641	229	502
6384	237	502
17994	446	502
17032	554	502
10253	567	502
10650	39	503
3497	185	503
12864	198	503
2038	248	503
10115	487	503
10162	409	504
16855	32	505
11829	121	505
2849	217	505
7462	334	505
7774	367	505
18038	376	505
15408	12	506
2183	97	506
7807	209	506
14116	379	506
8014	380	506
6903	386	506
11240	400	506
12283	426	506
10072	439	506
15640	484	506
13536	101	507
9187	409	507
11364	453	507
15918	327	508
17227	499	508
1173	45	509
18094	161	509
5317	205	509
8406	536	509
15726	559	509
7194	140	510
10096	293	510
12710	308	510
11841	369	510
17538	51	511
15253	150	511
15195	158	511
6033	177	511
11322	232	511
15204	255	511
10297	263	511
9394	311	511
3855	394	511
1547	447	511
15717	542	511
7521	569	511
14840	572	511
5711	30	512
10264	69	512
2847	97	512
8729	233	512
10394	314	512
4049	433	512
15585	500	512
2425	48	513
11882	134	513
7933	164	513
14412	174	513
10548	189	513
13725	200	513
14059	260	513
6538	312	513
11808	323	513
7883	382	513
13989	390	513
7205	391	513
16171	397	513
2477	428	513
9728	462	513
17967	563	513
1541	564	513
6721	587	513
13292	7	514
14192	33	514
9455	75	514
5144	126	514
9584	246	514
13236	390	514
14881	401	514
18414	403	514
6834	437	514
1833	442	514
10784	493	514
12501	585	514
18369	19	515
11101	188	515
2471	192	515
922	361	515
18251	72	516
1986	322	516
14956	75	517
8382	134	517
4829	186	517
7915	230	517
1307	244	517
3893	382	517
6304	391	517
11418	35	518
4951	131	518
13279	132	518
7198	173	518
7967	211	518
1378	304	518
15927	420	518
6960	588	518
15790	359	519
15957	546	519
5702	126	520
4078	214	520
9845	246	520
15286	265	520
9202	336	520
11726	355	520
1200	389	520
6845	411	520
14959	576	520
17600	49	521
13500	55	521
11906	97	521
4892	161	521
10271	208	522
12306	278	522
5058	429	522
2959	534	522
12075	128	523
6629	201	523
17449	305	523
817	343	523
8247	461	523
3842	588	523
11770	231	524
12690	242	524
10017	468	524
11597	475	524
3738	495	524
5759	494	525
4676	568	525
1041	111	526
7323	221	526
2967	230	526
5674	246	526
7056	252	526
4046	391	526
5637	574	526
17679	208	527
11492	429	527
2072	438	527
16371	584	527
10711	63	528
9014	175	528
4975	181	528
11174	239	528
11579	285	528
16020	341	528
7541	344	528
10392	153	529
8490	276	529
4735	334	529
10880	341	529
1433	476	529
6835	1	530
8776	130	530
779	227	530
13617	259	530
6939	262	530
5026	298	530
12203	363	530
15822	444	530
13864	458	530
5747	562	530
7850	581	530
18146	1	531
1834	65	531
16756	68	531
6913	215	531
16844	246	531
16744	259	531
6089	304	531
7530	444	531
1596	69	532
6297	97	532
4447	205	532
10980	207	532
2307	549	532
2490	559	532
14127	95	533
9182	125	533
15597	193	533
10825	220	533
6263	370	533
10818	573	533
9353	208	534
14221	278	534
946	429	534
13774	522	534
13810	584	534
7653	133	535
11341	212	535
12272	317	535
14644	321	535
16803	330	535
3663	498	535
16353	540	535
8362	45	536
11267	272	536
16570	396	536
9677	509	536
970	179	537
10550	327	537
10713	388	537
8621	499	537
12140	556	537
12873	35	538
2735	211	538
9882	256	538
15149	349	538
8703	352	538
13753	415	538
16867	427	538
15476	466	538
13642	468	538
2737	477	538
6707	559	538
3930	140	539
11845	586	539
5104	31	540
10962	120	540
1528	535	540
12745	552	540
11425	553	540
13235	559	540
1615	188	541
12653	213	541
16828	291	541
16389	298	541
16494	458	541
2270	462	541
3807	218	542
6165	511	542
18101	17	543
11688	110	543
12683	182	543
9712	187	543
7672	343	543
17697	354	543
17545	370	544
15591	582	544
16230	168	545
11200	172	545
7716	15	546
7884	229	546
10285	359	546
2996	423	546
11905	446	546
3535	519	546
17137	9	547
14082	447	547
17935	5	548
7291	39	548
3656	73	548
6860	84	548
13263	86	548
17340	117	548
5036	172	548
15471	176	548
16483	204	548
9551	207	548
17901	245	548
1858	279	548
3392	286	548
3059	483	548
1531	501	548
607	558	548
18199	581	548
5143	39	549
675	69	549
7124	97	549
13176	206	549
11864	264	549
14363	349	549
16880	362	549
7416	477	549
4933	501	549
3120	532	549
749	447	550
10427	4	551
5362	37	551
18161	193	551
714	255	551
8321	283	551
1007	414	551
5472	31	552
11763	55	552
14591	133	552
641	264	552
8225	330	552
14114	437	552
11447	493	552
12252	498	552
13787	540	552
7366	49	553
4805	75	553
13579	120	553
11516	129	553
2008	138	553
11197	210	553
1788	226	553
1646	319	553
4555	334	553
12476	367	553
17655	403	553
15579	540	553
625	561	553
12918	588	553
7039	100	554
14069	346	554
8742	348	554
15724	446	554
11209	502	554
12730	567	554
8903	293	555
3634	308	555
7868	429	555
2677	27	556
12498	39	556
13539	69	556
5839	190	556
18013	375	556
5475	405	556
14234	457	556
10181	471	556
12856	537	556
18389	23	557
7691	340	557
1880	491	557
13885	45	558
4507	264	558
6832	449	558
8114	548	558
9452	45	559
2613	92	559
15730	98	559
8592	129	559
15887	180	559
3184	212	559
10662	251	559
3044	300	559
2992	407	559
15588	465	559
4084	509	559
4554	532	559
2645	538	559
13589	540	559
9957	561	559
5769	47	560
14142	408	560
16695	80	561
10259	210	561
8503	212	561
5338	264	561
9805	457	561
17443	553	561
9554	559	561
17337	194	562
11182	227	562
3330	262	562
1198	462	562
2835	530	562
12724	19	563
18351	111	563
15651	198	563
14037	219	563
13896	513	563
9199	48	564
3910	174	564
13433	194	564
10415	291	564
16435	454	564
6568	513	564
11147	587	564
4480	57	565
8677	60	565
2207	99	565
11021	100	565
11627	115	565
15060	199	565
11004	253	565
4816	261	565
11374	315	565
13900	317	565
12608	324	565
13444	331	565
12364	400	565
11051	370	566
10179	281	567
12655	446	567
1812	502	567
6091	554	567
7870	261	568
9106	317	568
5096	525	568
6435	580	568
17804	511	569
3218	42	570
15699	202	570
2161	145	571
10319	335	571
4407	435	571
11412	178	572
17763	511	572
10198	370	573
11438	533	573
17976	586	573
15742	65	574
13979	194	574
3469	328	574
2227	472	574
13197	526	574
6496	72	575
7753	322	575
3119	148	576
6982	411	576
7103	421	576
10506	520	576
14001	23	577
7340	39	577
633	210	577
9013	212	577
8337	275	577
1294	279	577
10979	300	577
6798	358	577
7474	363	577
18053	402	577
14772	491	577
16511	63	578
13216	167	578
18083	295	578
12370	430	578
13947	433	578
4352	461	578
2484	145	579
11686	149	579
8018	213	579
7914	115	580
13392	381	580
3936	568	580
14203	75	581
6816	86	581
4815	172	581
15079	323	581
9658	363	581
6515	436	581
9965	530	581
17892	548	581
17932	41	582
2548	94	582
7622	295	582
7843	301	582
15589	399	582
9433	481	582
14019	544	582
10894	109	583
10463	142	583
13199	213	583
5185	233	583
17546	250	583
10451	208	584
9052	429	584
12376	438	584
14483	527	584
5087	534	584
15401	186	585
8430	221	585
5330	397	585
10694	514	585
6323	94	586
3837	302	586
6163	370	586
10762	539	586
10966	573	586
7885	10	587
12512	27	587
5422	154	587
13112	189	587
10902	302	587
15735	388	587
14850	513	587
5273	564	587
6123	12	588
11693	33	588
18223	34	588
2091	49	588
2804	55	588
15433	78	588
2304	128	588
3718	153	588
9737	157	588
17989	201	588
16488	395	588
14511	420	588
7523	476	588
8840	518	588
1078	523	588
1222	553	588
