15287	7	1
2682	214	1
15662	215	1
16118	401	1
15033	444	1
4564	530	1
14868	531	1
7981	9	2
10773	274	2
6824	208	3
7169	293	3
17503	308	3
3292	321	3
7652	429	3
11073	438	3
4403	470	3
6546	498	3
11995	527	3
8738	534	3
9652	555	3
14751	584	3
6353	38	4
9421	203	4
1192	265	4
4913	399	4
12761	453	4
14734	470	4
9187	485	4
8215	172	5
9203	386	5
10186	178	6
17031	1	7
9230	444	7
6367	23	8
18188	154	8
11738	275	8
18254	402	8
18266	2	9
2748	90	9
12455	105	9
17795	118	9
17833	191	9
17002	222	9
11335	326	9
16772	456	9
3793	467	9
1319	494	9
2717	547	9
11154	97	10
14498	154	10
4417	209	10
12697	379	10
14052	433	10
11291	506	10
5553	63	11
14223	256	11
15844	269	11
5128	348	11
6858	400	11
16276	437	11
12732	297	12
6790	367	12
6129	505	12
12081	506	12
11263	588	12
17507	17	13
14891	130	13
5681	151	13
17994	152	13
10994	155	13
7374	164	13
9789	170	13
12784	184	13
13716	260	13
13126	318	13
12123	341	13
3556	343	13
12690	425	13
1320	451	13
6331	488	13
3209	183	14
2561	253	14
918	341	14
949	425	14
1934	491	14
2989	543	14
16557	50	15
10632	62	15
2801	141	15
7155	199	15
14979	229	15
8785	353	15
4934	359	15
9651	423	15
14348	446	15
11544	489	15
6905	496	15
16283	519	15
1984	546	15
3952	193	16
3736	494	16
4516	13	17
9849	155	17
5221	160	17
14531	182	17
1225	341	17
11503	389	17
17632	488	17
2018	543	17
13061	72	18
10066	94	18
17379	116	18
5971	123	18
4998	322	18
2798	127	19
5293	189	19
8666	194	19
3364	361	19
8815	458	19
17068	463	19
14092	563	19
13223	154	20
17039	209	20
15770	426	20
18130	138	21
2173	304	21
9383	321	21
15769	437	21
17330	485	21
6860	56	22
6751	61	22
15237	83	22
11425	101	22
8225	339	22
15955	372	22
1350	404	22
6186	8	23
13814	91	23
11988	172	23
2192	350	23
5791	358	23
15763	449	23
3601	475	23
17414	577	23
3078	42	24
2857	202	24
11010	287	24
10704	337	24
5906	25	25
3588	47	25
6045	52	25
1504	93	25
1603	178	25
8240	296	25
14319	408	25
10497	419	25
9390	178	26
11400	375	27
18323	405	27
5406	471	27
938	556	27
9636	80	28
5958	130	28
18181	233	28
11525	165	29
10758	284	29
12128	319	29
8080	328	29
11330	336	29
9062	413	29
3168	421	29
18212	518	29
17133	69	30
16799	71	30
11367	146	30
15214	238	30
3578	291	30
14480	385	30
18274	402	30
11537	406	30
12700	452	30
18048	512	30
12588	133	31
13270	173	31
16527	348	31
9674	437	31
7721	535	31
14198	552	31
8447	80	32
8801	127	32
2141	195	32
3225	341	32
16562	343	32
14770	425	32
13065	463	32
11696	543	32
15805	186	33
1098	334	33
1592	395	33
16418	416	33
1336	514	33
2978	588	33
1548	110	34
6489	314	34
8268	476	34
14511	588	34
17143	336	35
10404	413	35
3849	420	35
7015	466	35
6710	487	35
10831	518	35
7731	531	35
12513	56	36
15051	101	36
3865	267	36
10555	409	36
17386	504	36
7232	178	37
15637	301	37
4270	494	37
1220	551	37
9830	4	38
5973	393	38
11048	411	38
13711	444	38
16801	40	39
17490	84	39
8664	182	39
6283	264	39
13309	313	39
14912	332	39
3087	362	39
9182	368	39
13762	491	39
660	548	39
10389	549	39
9305	577	39
4364	39	40
7899	45	40
10376	84	40
2570	211	40
18438	582	40
12672	53	41
1081	344	41
8908	24	42
9207	202	42
12976	287	42
14021	318	42
16885	320	42
11559	337	42
10118	377	42
2681	427	42
3012	486	42
11723	570	42
8633	172	43
17368	476	43
16763	241	44
6098	284	44
15322	409	44
2802	40	45
11770	73	45
14450	109	45
12833	112	45
6984	117	45
13033	151	45
11230	176	45
6743	204	45
13947	228	45
13236	233	45
15012	245	45
8522	264	45
4448	272	45
16492	280	45
2444	305	45
11582	396	45
613	449	45
6068	476	45
4950	509	45
2998	536	45
4330	559	45
9119	72	46
11992	424	46
16683	432	46
3906	25	47
3423	47	47
4851	52	47
11310	85	47
11530	93	47
5249	96	47
2839	150	47
7062	178	47
18151	254	47
1131	296	47
14869	303	47
8452	408	47
10540	419	47
13588	431	47
7181	448	47
10745	464	47
3268	542	47
9504	560	47
1626	98	48
5371	198	48
16474	243	48
13493	294	48
16176	351	48
13002	410	48
4409	454	48
13368	500	48
12182	513	48
6260	564	48
16515	97	49
7549	180	49
2486	367	49
15351	553	49
12760	588	49
7311	15	50
1183	141	50
14915	144	50
14614	327	50
10793	353	50
9273	359	50
8302	423	50
16194	489	50
7476	519	50
10690	546	50
16504	178	51
3761	511	51
15632	25	52
17060	47	52
7686	52	52
10611	85	52
14755	93	52
14460	96	52
7964	150	52
11848	178	52
13474	254	52
9193	296	52
8134	303	52
5094	408	52
15685	419	52
4473	431	52
14002	448	52
13296	464	52
11999	542	52
6202	560	52
12995	41	53
1958	175	53
764	344	53
4779	111	54
5695	152	54
1286	167	55
12506	327	55
6107	330	55
6775	521	55
12841	552	55
14190	588	55
3050	22	56
13383	36	56
9675	61	56
7106	81	56
8902	83	56
11870	101	56
8016	171	56
15341	267	56
6356	284	56
4342	289	56
16812	339	56
8316	372	56
5816	398	56
4952	404	56
607	409	56
17145	440	56
9619	504	56
4331	122	57
2058	140	57
8417	181	57
746	285	57
14845	295	57
3431	364	57
5603	381	57
6820	580	57
2528	181	58
1207	208	58
9081	293	58
12210	308	58
2167	381	58
11414	237	59
16262	295	59
9412	364	59
8155	99	60
12901	100	60
12643	144	60
8588	199	60
4976	317	60
8380	331	60
3109	400	60
16076	565	60
18170	22	61
8965	56	61
4169	83	61
4706	101	61
6435	339	61
7180	372	61
11115	404	61
17958	409	61
11262	15	62
2715	144	62
16065	281	62
11792	327	62
6559	359	62
5217	423	62
7083	496	62
3403	546	62
13785	11	63
4707	133	63
7925	269	63
12819	285	63
14420	344	63
12405	348	63
9216	400	63
18450	528	63
1584	79	64
11137	135	64
15913	154	64
17765	373	64
630	417	64
17812	453	64
14674	460	64
6789	474	64
1811	507	64
1698	174	65
5814	194	65
4766	259	65
6841	472	65
12706	531	65
8807	574	65
814	156	66
13432	288	66
2409	328	66
1515	343	66
5988	481	66
10143	335	67
9327	342	67
1946	450	67
7574	80	68
1624	170	68
2908	215	68
2721	411	68
5014	421	68
11342	520	68
5184	531	68
8409	30	69
7873	145	69
2160	240	69
5187	300	69
1058	314	69
6759	512	69
15690	532	69
6298	132	70
7969	491	70
13241	30	71
18435	146	71
3655	300	71
10298	306	71
6037	406	71
18121	18	72
1411	46	72
15854	130	72
3800	322	72
11752	424	72
8573	432	72
2911	497	72
10990	516	72
15674	575	72
13046	45	73
8338	264	73
886	548	73
8858	559	73
12769	301	74
16339	325	74
7865	365	74
11232	399	74
11913	160	75
5836	186	75
6606	201	75
9927	230	75
2337	382	75
10426	389	75
3912	514	75
839	109	76
6152	190	76
4553	321	76
9060	375	76
1901	471	76
10548	196	77
17378	197	77
14047	225	77
16385	266	77
5680	292	77
17325	302	77
1966	469	77
11930	479	77
15284	582	77
1769	128	78
8835	334	78
2057	395	78
1065	523	78
3693	588	78
10251	64	79
5205	135	79
16270	154	79
16561	373	79
14327	417	79
10223	453	79
11958	460	79
4968	474	79
2829	507	79
1069	28	80
4288	32	80
7759	68	80
4009	101	80
12045	107	80
17433	113	80
4775	170	80
2749	184	80
8355	343	80
7095	466	80
5059	531	80
4158	56	81
13681	101	81
4590	173	81
4525	240	81
5046	267	81
12034	364	81
13207	409	81
3767	420	81
5577	302	82
18322	22	83
15323	56	83
5501	61	83
18301	101	83
6237	339	83
14354	372	83
10377	404	83
12439	409	83
7754	39	84
10293	40	84
14501	114	84
15743	137	84
16881	204	84
2835	242	84
14257	279	84
2653	352	84
13443	368	84
17417	473	84
5225	47	85
13160	52	85
4605	85	85
9627	93	85
16613	178	85
8499	200	85
2773	215	85
9429	296	85
9585	408	85
4257	419	85
15897	447	85
1315	543	85
8283	585	85
18417	226	86
16544	277	86
14064	336	86
13973	413	86
4435	444	86
5274	477	86
4422	193	87
2942	301	87
17579	132	88
7527	495	88
12774	238	89
17695	286	89
2985	335	89
10211	9	90
14568	447	90
8527	23	91
16759	172	91
14249	358	91
12132	475	91
1663	205	92
5017	217	92
14091	480	92
10822	559	92
5751	25	93
16638	47	93
14591	52	93
9228	85	93
5163	93	93
17653	96	93
9701	150	93
12735	178	93
17520	254	93
9356	296	93
7993	303	93
4753	408	93
8061	419	93
18463	431	93
11033	448	93
806	464	93
3427	542	93
1576	560	93
678	18	94
13230	324	94
1240	454	94
8346	586	94
10581	182	95
11306	47	96
4534	52	96
7407	93	96
8407	178	96
6960	408	96
17505	419	96
9983	10	97
15780	49	97
4010	110	97
4201	157	97
6011	161	97
6568	180	97
4103	215	97
11202	272	97
11859	321	97
13501	367	97
3394	433	97
2045	484	97
1094	506	97
7157	521	97
15731	532	97
11672	48	98
5379	154	98
17415	275	98
5113	559	98
6582	60	99
9076	100	99
14611	144	99
5574	199	99
10703	317	99
14173	331	99
17212	400	99
4808	565	99
5612	60	100
3512	99	100
2297	199	100
6828	310	100
12655	554	100
12890	22	101
1845	36	101
17439	56	101
16328	61	101
12863	80	101
5351	81	101
8073	83	101
1353	173	101
15869	240	101
6376	267	101
17114	339	101
9003	372	101
16422	404	101
13742	409	101
1389	453	101
14186	198	102
1327	201	102
13554	243	102
7780	382	102
6558	503	102
11967	183	103
17357	327	103
3155	430	103
2455	499	103
2936	213	104
12891	443	104
15587	9	105
10777	447	105
11637	216	106
4859	297	106
4255	426	106
15849	80	107
1717	115	107
1668	124	107
16067	126	107
17781	163	107
12557	341	107
6714	366	107
15400	213	108
7263	375	108
15808	392	108
4787	454	108
15592	471	108
14830	45	109
13238	76	109
5356	147	109
2903	213	109
10974	228	109
5566	34	110
3928	97	110
5898	157	110
14613	213	110
18398	314	110
15634	476	110
12965	588	110
11855	54	111
4562	152	111
4085	219	111
10320	221	111
3103	563	111
7980	45	112
12114	172	112
9348	559	112
16174	80	113
9587	244	113
15530	246	113
9527	295	113
10506	390	113
2644	451	113
7698	493	113
15106	514	113
1531	84	114
8206	208	114
15860	242	114
8543	243	114
10898	270	114
1495	293	114
2853	308	114
14809	343	114
3204	354	114
11199	485	114
16355	587	114
11129	107	115
4238	124	115
8327	175	115
7194	331	115
11698	366	115
17860	565	115
5744	18	116
4399	226	116
11778	299	116
12620	468	116
6786	45	117
2261	264	117
1684	548	117
11963	559	117
685	9	118
14558	447	118
16925	213	119
4522	375	119
18221	392	119
8340	471	119
11760	138	120
14884	165	120
14366	244	120
3425	319	120
9583	540	120
2636	553	120
10271	335	121
8976	457	121
3635	476	121
6078	57	122
17885	247	122
13099	381	122
12709	18	123
9096	432	123
8603	107	124
15072	115	124
8384	317	124
4454	344	124
8234	366	124
13148	370	125
4899	533	125
16716	107	126
12859	334	126
7826	389	126
7010	411	126
8607	416	126
15074	514	126
17213	520	126
4731	19	127
7104	32	127
2598	323	127
2431	458	127
16391	463	127
14442	78	128
10502	270	128
4149	437	128
17067	442	128
12985	514	128
2084	552	128
9526	553	128
1579	264	129
13358	476	129
7610	491	129
3208	495	129
14430	13	130
7617	28	130
5802	72	130
9219	233	130
3742	322	130
2236	352	130
9671	356	130
16602	226	131
11650	299	131
661	336	131
1686	355	131
15921	413	131
10181	420	131
5488	518	131
14905	70	132
15960	88	132
4318	182	132
11195	218	132
8680	231	132
15063	483	132
2975	491	132
9967	31	133
642	63	133
4241	295	133
9198	437	133
14773	498	133
3104	535	133
7055	552	133
17663	136	134
2325	312	134
10187	465	134
3834	513	134
7592	517	134
14606	64	135
9002	79	135
3001	159	135
8264	357	135
17892	373	135
7842	417	135
4006	422	135
7445	453	135
9447	460	135
6890	474	135
7511	507	135
2787	134	136
15075	166	136
4107	257	136
11372	411	136
6769	413	136
10020	493	136
10128	84	137
9993	205	137
6467	352	137
16232	436	137
8403	21	138
18267	120	138
3475	201	138
2104	243	138
8706	304	138
15907	319	138
4461	447	139
15748	57	140
5312	247	140
12476	293	140
3845	308	140
8074	15	141
17096	50	141
11828	144	141
1917	327	141
15680	353	141
12743	359	141
4395	423	141
13725	489	141
9344	519	141
15784	546	141
12251	190	142
3276	250	142
6252	583	142
6146	325	143
2446	50	144
15892	60	144
12058	62	144
6365	99	144
13429	141	144
16062	281	144
15989	310	144
4568	346	144
16860	353	144
16911	359	144
14449	485	144
8673	489	144
12296	496	144
12059	519	144
9953	69	145
9783	335	145
3624	30	146
16119	71	146
7131	300	146
13856	407	146
3583	109	147
17942	217	147
14532	223	147
10546	297	147
1941	321	147
9243	505	147
17939	314	148
14015	375	148
12875	471	148
8553	576	148
11889	213	149
15201	455	149
5218	579	149
2718	47	150
15726	52	150
15751	93	150
8771	150	150
17196	178	150
6140	296	150
1648	408	150
11244	419	150
12559	447	150
12607	511	150
15005	13	151
14795	45	151
17082	277	151
13110	318	151
14135	356	151
13071	357	151
11302	374	151
3117	463	151
7880	530	151
5471	13	152
4185	54	152
8804	111	152
3532	221	152
15170	323	152
18050	382	152
1606	172	153
12181	476	153
17215	8	154
1640	10	154
16510	20	154
2992	64	154
13201	79	154
7718	98	154
8697	209	154
9086	215	154
3189	373	154
2546	417	154
7896	474	154
13911	475	154
8094	507	154
8319	587	154
9888	13	155
11353	17	155
3717	425	155
5737	465	155
14446	488	155
17009	520	155
10776	66	156
14267	361	156
14958	97	157
16872	110	157
5442	161	157
6474	180	157
819	588	157
14695	511	158
15795	135	159
13500	195	159
8119	417	159
1387	427	159
10086	453	159
9275	460	159
5445	17	160
5207	75	160
12335	585	160
13748	97	161
14224	157	161
7742	217	161
2311	297	161
13016	484	161
2300	521	161
10833	391	162
11676	428	162
847	107	163
7522	318	163
7640	378	163
16354	13	164
8950	189	164
4162	260	164
8100	312	164
7801	513	164
954	29	165
5647	120	165
10180	357	165
4866	398	165
8935	410	165
14397	420	165
12483	136	166
6302	172	166
2175	347	166
16523	476	166
14182	55	167
11739	327	167
16596	330	167
4494	461	167
3661	578	167
7470	172	168
8027	545	168
13520	174	169
15206	259	169
4529	323	169
2183	472	169
15376	487	169
7909	574	169
4517	13	170
17305	68	170
1137	80	170
18020	328	170
13194	411	170
14709	434	170
9094	451	170
5995	463	170
7305	472	170
1538	574	170
9137	56	171
11758	409	171
14177	440	171
13426	5	172
13105	23	172
1567	43	172
10819	91	172
6834	112	172
6798	153	172
3980	166	172
7205	168	172
14789	257	172
1580	329	172
15436	360	172
2654	475	172
17699	545	172
9168	548	172
7336	31	173
1714	81	173
10614	101	173
4948	195	173
1873	241	173
7072	295	173
16043	378	173
634	420	173
12637	493	173
18135	500	173
16257	518	173
6884	65	174
17657	169	174
10864	487	174
10534	53	175
6105	115	175
13653	344	175
14752	528	175
1656	45	176
14345	264	176
9013	548	176
13287	559	176
15840	178	177
12508	511	177
13395	6	178
11940	25	178
14619	26	178
15268	37	178
1523	47	178
1375	51	178
845	52	178
2428	85	178
6570	93	178
15199	96	178
15692	150	178
1429	177	178
9162	178	178
12625	218	178
16402	254	178
14489	255	178
17609	296	178
15916	303	178
4484	387	178
2864	408	178
12286	419	178
4670	447	178
14893	448	178
15807	464	178
1862	511	178
5830	542	178
6238	572	178
7685	183	179
2075	271	179
11675	327	179
12883	537	179
13859	49	180
3549	97	180
11171	157	180
8274	209	180
11101	521	180
14980	553	180
5740	57	181
6041	58	181
13045	285	181
10984	295	181
1842	381	181
17473	17	182
6641	39	182
3167	95	182
15620	132	182
4223	220	182
3841	288	182
15497	478	182
13139	483	182
2459	14	183
16659	103	183
1073	179	183
3153	224	183
15163	239	183
16997	253	183
5636	271	183
1667	307	183
17451	309	183
7395	327	183
12232	344	183
17479	461	183
10464	499	183
7878	537	183
8405	13	184
12471	80	184
14457	208	184
12270	234	184
1569	278	184
10999	293	184
14870	308	184
2341	411	184
13715	429	184
6130	438	184
17273	441	184
2168	492	184
13051	493	184
14356	510	184
10249	522	184
16760	527	184
8446	534	184
3830	555	184
5167	576	184
16185	584	184
1745	248	185
10732	390	185
16829	401	185
13446	444	185
1738	33	186
18337	75	186
1739	334	186
9959	517	186
15973	585	186
9726	341	187
989	543	187
8875	217	188
6918	250	188
16388	361	188
12958	541	188
5243	568	188
13792	19	189
11894	164	189
12792	260	189
884	513	189
14562	76	190
6527	142	190
18429	250	190
12600	298	190
14251	352	190
6052	356	190
9902	363	190
16875	377	190
5643	462	190
11054	541	190
13692	556	190
17445	581	190
10121	583	190
7548	9	191
17252	361	192
2357	515	192
8457	16	193
4246	87	193
4535	490	193
11681	494	193
11884	551	193
15095	19	194
5728	65	194
5156	262	194
6358	323	194
15345	361	194
8504	562	194
2664	564	194
6143	32	195
14448	159	195
3642	173	195
14728	262	195
6018	377	195
1269	427	195
11437	453	195
2108	77	196
7370	77	197
12752	48	198
9377	102	198
17467	261	198
1728	275	198
17472	351	198
1525	418	198
13423	15	199
1092	60	199
12287	99	199
16986	100	199
16478	229	199
2649	315	199
14045	331	199
9693	423	199
4083	546	199
3688	565	199
2572	85	200
15985	397	200
617	585	200
12708	75	201
6906	102	201
9024	138	201
1896	321	201
7837	351	201
13623	437	201
9288	498	201
12751	552	201
13589	553	201
10692	24	202
6459	42	202
5630	287	202
9722	337	202
3878	570	202
12078	4	203
1296	470	203
17548	45	204
1059	84	204
14722	352	204
7587	473	204
7167	92	205
10891	137	205
3056	217	205
10459	233	205
11331	352	205
9676	415	205
4699	462	205
9042	480	205
6966	264	206
11053	549	206
4334	264	207
5297	501	207
9864	548	207
6414	3	208
10297	58	208
13787	114	208
9606	184	208
16655	278	208
15663	293	208
2565	308	208
1743	364	208
5133	369	208
7642	429	208
10899	438	208
11358	441	208
15392	492	208
3722	510	208
10335	522	208
15846	527	208
17259	534	208
2154	555	208
11352	584	208
4805	10	209
9039	20	209
1629	154	209
16143	180	209
11180	297	209
6509	367	209
12591	379	209
7554	426	209
14821	434	209
9004	506	209
11961	457	210
14644	476	210
8238	553	210
6772	559	210
4134	561	210
10726	577	210
8661	40	211
11926	218	211
723	225	211
5661	302	211
11623	538	211
8331	582	211
14144	586	211
16566	559	212
12661	577	212
16534	104	213
8874	108	213
18433	109	213
870	110	213
14599	119	213
5265	149	213
2011	297	213
16774	376	213
13484	380	213
1193	392	213
8085	439	213
17661	443	213
6145	455	213
2826	556	213
4566	579	213
8828	1	214
17070	277	214
12372	444	214
13262	1	215
12767	68	215
2262	85	215
17076	97	215
4157	154	215
10594	249	215
13473	336	215
4891	106	216
1291	223	216
16606	297	216
13548	482	216
5620	92	217
11100	147	217
12577	161	217
3774	188	217
8309	205	217
13285	250	217
12388	297	217
16019	459	217
658	485	217
5968	505	217
3285	132	218
10969	178	218
16345	211	218
2414	301	218
3540	431	218
16943	478	218
3527	542	218
7099	111	219
18248	345	219
9362	361	219
16235	388	219
9801	543	219
4046	182	220
15727	354	220
13013	370	220
7746	533	220
8612	111	221
6872	152	221
10205	585	221
10626	9	222
13008	147	223
969	216	223
4212	297	223
11164	183	224
9437	239	224
12565	256	224
10951	578	224
4877	77	225
10079	211	225
7378	582	225
13612	86	226
10285	116	226
7939	131	226
5469	290	226
18047	298	226
17588	468	226
2757	477	226
9091	483	226
2425	323	227
16415	530	227
8885	562	227
13930	45	228
15629	109	228
17992	291	228
9560	335	228
15457	15	229
10414	199	229
6601	281	229
3950	423	229
15317	546	229
11975	75	230
18334	243	230
13634	465	230
16161	517	230
17284	526	230
8925	132	231
7022	491	231
12701	495	231
4984	511	232
993	28	233
7321	45	233
6142	130	233
3905	205	233
9424	272	233
12780	318	233
11148	356	233
5808	374	233
14336	436	233
15957	459	233
13601	473	233
12184	480	233
6681	581	233
5986	184	234
593	237	234
13932	293	234
14570	308	234
15988	441	234
2789	264	235
13427	347	235
1830	476	235
1191	447	236
8130	59	237
8352	234	237
4299	441	237
10496	30	238
16159	89	238
18010	335	238
2476	183	239
6909	224	239
9721	69	240
8110	81	240
11518	101	240
7127	275	240
6384	343	240
18379	44	241
8018	173	241
9189	420	241
16095	84	242
9065	114	242
16465	270	242
10416	279	242
9890	415	242
1297	468	242
15090	48	243
13116	102	243
14218	114	243
4883	138	243
14434	230	243
3415	265	243
12292	485	243
17504	113	244
13147	120	244
18208	246	244
9692	390	244
3500	420	244
12089	493	244
3842	514	244
6274	517	244
2823	520	244
7596	540	244
18046	45	245
3221	264	245
5350	548	245
12993	559	245
8250	113	246
17437	244	246
18065	390	246
10460	391	246
17189	520	246
3330	531	246
4478	122	247
17387	140	247
6032	369	247
8141	185	248
11159	393	248
1289	444	248
5709	477	248
2207	215	249
5344	251	249
17163	476	249
14645	514	249
5655	142	250
17136	188	250
17810	190	250
5479	217	250
14559	261	250
14906	583	250
16178	249	251
10200	334	251
8372	559	251
1053	391	252
11645	428	252
8816	526	252
7107	14	253
17762	183	253
9826	271	253
8636	327	253
13361	47	254
3049	52	254
8979	93	254
4381	178	254
16468	254	254
11910	296	254
3328	408	254
11929	419	254
16669	178	255
11533	301	255
17851	494	255
9586	511	255
9201	551	255
10929	11	256
18094	224	256
11446	327	256
781	461	256
1432	578	256
2735	136	257
5733	172	257
11166	334	257
11401	347	257
16075	476	257
4750	268	258
16903	291	258
11152	335	258
16964	452	258
4725	65	259
15153	169	259
17281	265	259
17398	323	259
16975	328	259
15150	472	259
4742	530	259
2326	531	259
17539	574	259
8600	13	260
10913	164	260
9478	189	260
10196	312	260
7135	513	260
14349	198	261
15557	250	261
3235	317	261
2932	410	261
9115	485	261
3918	500	261
15814	568	261
17413	194	262
10195	195	262
12987	458	262
13547	530	262
11757	562	262
5692	511	263
15555	39	264
2379	45	264
15224	73	264
14697	117	264
8793	129	264
13823	176	264
2726	206	264
13722	207	264
5732	235	264
2441	245	264
6227	282	264
3048	311	264
10022	338	264
13953	347	264
4882	349	264
1758	449	264
4599	476	264
7353	558	264
17027	4	265
6692	243	265
9337	259	265
17280	472	265
5509	475	265
12091	503	265
4501	564	265
3835	77	266
7567	280	266
16423	354	266
3612	36	267
10026	56	267
13592	81	267
4604	101	267
13048	409	267
6124	258	268
1655	291	268
9668	335	268
11265	452	268
4726	11	269
16072	63	269
5581	348	269
11668	567	269
17053	114	270
15260	128	270
10160	242	270
17200	418	270
11558	473	270
5283	564	270
18146	179	271
3298	183	271
13495	253	271
13825	327	271
11950	45	272
16779	97	272
7768	233	272
17011	314	272
7300	335	272
988	532	272
14903	536	272
4209	340	273
11494	491	273
18372	2	274
12205	8	275
15857	98	275
3194	198	275
13960	240	275
16315	418	275
13985	475	275
14517	347	276
9592	476	276
6892	577	276
12295	86	277
14935	151	277
10495	214	277
10462	290	277
2340	357	277
12838	411	277
10959	421	277
9695	444	277
11220	473	277
10897	184	278
9440	208	278
16649	293	278
3067	308	278
16110	522	278
13875	534	278
10102	576	278
8345	84	279
10985	242	279
11153	352	279
13293	368	279
5398	383	279
7737	45	280
1573	266	280
1723	311	280
2366	349	280
5833	468	280
11182	473	280
7295	62	281
7510	144	281
14322	229	281
5618	327	281
13991	496	281
1660	553	281
7401	264	282
8867	501	282
10900	551	283
13929	29	284
11927	44	284
15967	56	284
1032	398	284
3263	409	284
5934	57	285
16394	63	285
14552	181	285
7326	295	285
12012	364	285
1410	381	285
13425	89	286
5739	335	286
6982	386	286
13216	548	286
11538	24	287
5957	42	287
14849	202	287
12711	320	287
9274	337	287
10373	570	287
5201	66	288
10491	182	288
17948	343	288
1118	418	288
5140	463	288
7190	498	288
13119	56	289
18304	398	289
15442	409	289
11893	226	290
4252	277	290
15133	477	290
16470	538	290
2576	30	291
7264	228	291
4229	258	291
12152	268	291
2352	300	291
9235	306	291
5389	335	291
10643	452	291
16326	564	291
5412	77	292
5393	3	293
5441	58	293
12452	114	293
15058	140	293
6346	184	293
7076	208	293
7918	234	293
5314	278	293
11807	308	293
3659	369	293
12876	429	293
12749	438	293
14970	492	293
13214	510	293
17518	522	293
14443	527	293
10479	534	293
16165	555	293
14271	584	293
13617	48	294
17991	341	294
5851	476	294
1693	57	295
7367	59	295
17981	113	295
1449	133	295
16010	173	295
18178	181	295
16766	285	295
3577	25	296
3452	47	296
10338	52	296
5551	85	296
8133	93	296
15834	150	296
4813	178	296
10636	254	296
12888	296	296
16709	408	296
12038	419	296
1096	431	296
16172	448	296
14104	464	296
1524	542	296
5346	560	296
10059	12	297
1582	106	297
13196	147	297
13786	161	297
2628	209	297
10398	213	297
14199	216	297
15119	217	297
10880	223	297
7736	384	297
5780	426	297
14281	482	297
9720	506	297
11663	190	298
594	226	298
4904	530	298
5903	541	298
13635	116	299
15391	131	299
7355	468	299
14750	69	300
4826	71	300
10549	146	300
2284	291	300
1929	306	300
1259	335	300
16870	385	300
3134	406	300
11885	407	300
3657	457	300
17679	532	300
17936	559	300
8915	577	300
5429	37	301
12029	74	301
8531	87	301
17384	218	301
5477	255	301
11925	414	301
6521	77	302
17077	82	302
4154	211	302
14372	316	302
8182	322	302
13098	333	302
17181	412	302
2394	445	302
12794	539	302
12850	586	302
2222	47	303
6622	52	303
13154	93	303
8108	178	303
614	303	303
2318	408	303
1300	419	303
12778	21	304
2354	138	304
9452	393	304
753	500	304
16290	503	304
732	518	304
11445	45	305
1678	321	305
2812	461	305
5859	498	305
16347	71	306
10708	291	306
11057	300	306
5901	385	306
17555	407	306
16522	183	307
8778	309	307
6077	3	308
16797	58	308
15013	114	308
9480	140	308
15238	184	308
5229	208	308
12676	234	308
675	278	308
17731	293	308
8075	369	308
12867	429	308
16495	438	308
5783	492	308
9736	510	308
8797	522	308
8964	527	308
15464	534	308
18097	555	308
9025	584	308
10865	183	309
5345	307	309
13971	100	310
11716	144	310
12596	344	310
15426	264	311
17809	280	311
5610	501	311
820	511	311
8132	134	312
5845	164	312
17134	260	312
6399	428	312
8147	465	312
1904	513	312
13302	39	313
10571	362	313
18241	491	313
4017	495	313
731	34	314
13079	69	314
16464	110	314
17624	148	314
1820	272	314
5363	375	314
2440	380	314
1494	386	314
14554	439	314
1245	471	314
3398	506	314
13893	512	314
2034	199	315
16670	317	315
1707	331	315
12315	565	315
1967	302	316
6206	60	317
14007	99	317
4262	124	317
3798	261	317
16949	315	317
3575	331	317
10925	366	317
13610	535	317
5982	565	317
4037	13	318
9776	42	318
1673	151	318
6308	163	318
15393	233	318
16577	377	318
3518	570	318
16047	29	319
4293	120	319
6851	138	319
1031	411	319
1279	429	319
14178	553	319
16219	555	319
15866	576	319
13297	42	320
17047	287	320
10852	427	320
17582	486	320
4919	3	321
10364	21	321
18423	76	321
7847	97	321
17422	147	321
4216	201	321
923	305	321
17086	327	321
2912	505	321
16378	18	322
2489	72	322
10094	130	322
7201	302	322
18440	432	322
7940	497	322
9620	516	322
15257	575	322
16748	127	323
12999	152	323
11463	169	323
15113	194	323
7459	227	323
7800	259	323
14391	472	323
3875	564	323
17486	574	323
14441	94	324
1155	331	324
1819	454	324
10509	565	324
3003	74	325
17617	143	325
7804	347	325
14334	478	325
12921	9	326
8349	50	327
11836	55	327
2166	62	327
9253	103	327
9976	141	327
2256	167	327
12564	179	327
3433	183	327
18287	253	327
2496	256	327
5002	271	327
8475	281	327
6290	321	327
12490	353	327
9373	359	327
13179	446	327
8138	489	327
14563	496	327
10724	499	327
8390	508	327
3301	519	327
1446	537	327
3465	29	328
13521	66	328
7954	170	328
15830	259	328
1124	472	328
13100	574	328
16091	172	329
13895	476	329
14860	55	330
15184	167	330
5330	430	330
9294	523	330
2694	552	330
801	60	331
12434	99	331
13503	115	331
8524	199	331
8643	315	331
10208	317	331
9867	324	331
12882	400	331
13842	565	331
10519	39	332
10002	393	332
12740	444	332
7235	477	332
10513	503	332
9434	302	333
9751	33	334
2249	78	334
6491	126	334
9563	186	334
5917	251	334
17208	257	334
16796	336	334
8269	350	334
17587	367	334
10221	376	334
5750	395	334
10595	416	334
11205	442	334
9034	505	334
13569	553	334
4186	576	334
4969	588	334
8351	67	335
13987	89	335
7094	121	335
11349	145	335
2851	228	335
18039	238	335
6825	258	335
1275	268	335
15419	272	335
2193	286	335
15162	291	335
9892	300	335
1249	342	335
17729	386	335
17560	435	335
7373	450	335
14150	452	335
11385	571	335
6836	29	336
7051	35	336
5005	86	336
8641	131	336
15516	215	336
1999	334	336
7146	355	336
3640	413	336
9568	420	336
2015	421	336
11286	531	336
2591	24	337
16937	42	337
11849	202	337
3340	287	337
7276	264	338
12747	501	338
6262	22	339
17150	56	339
4343	61	339
15575	83	339
12603	101	339
1102	372	339
16626	404	339
1756	409	339
17198	273	340
16016	491	340
3908	557	340
8211	13	341
2685	14	341
11061	17	341
5114	32	341
14282	107	341
13405	187	341
4346	294	341
6983	344	341
11627	425	341
4669	67	342
7557	335	342
6312	450	342
15330	13	343
13651	32	343
4251	66	343
4735	80	343
10337	114	343
1890	240	343
748	288	343
3212	361	343
1422	483	343
13278	515	343
7030	41	344
15938	53	344
4920	63	344
14684	124	344
8383	175	344
11919	183	344
12575	310	344
16236	341	344
12400	366	344
4124	528	344
8519	219	345
6396	354	345
3883	585	345
745	144	346
12161	554	346
9508	166	347
1669	235	347
3553	257	347
16945	264	347
6745	276	347
7313	325	347
6178	11	348
8747	31	348
4373	63	348
8991	269	348
17768	400	348
13866	437	348
6529	554	348
6165	264	349
3464	280	349
8667	549	349
8428	23	350
8392	334	350
7692	476	350
12782	48	351
7761	198	351
10407	201	351
6084	84	352
10104	130	352
4420	137	352
14706	190	352
11471	204	352
4876	205	352
1141	279	352
15865	355	352
18388	363	352
13871	368	352
805	383	352
16897	436	352
5573	444	352
10007	468	352
12535	581	352
18416	15	353
12169	50	353
12731	141	353
6166	144	353
4830	327	353
5615	359	353
13519	423	353
7066	489	353
14537	519	353
6962	546	353
7792	114	354
4828	220	354
7782	266	354
12049	345	354
7917	543	354
7622	131	355
2690	336	355
14081	352	355
6907	473	355
12560	525	355
10940	581	355
1719	130	356
18250	151	356
4165	190	356
5922	233	356
1676	480	356
3929	135	357
16848	151	357
16070	165	357
10645	277	357
7059	453	357
4977	538	357
17008	23	358
17457	91	358
15556	402	358
17613	15	359
10399	50	359
14432	62	359
12573	141	359
2093	144	359
4414	327	359
3253	353	359
17786	423	359
8724	489	359
4839	496	359
5172	519	359
11389	546	359
17317	172	360
5145	476	360
5912	19	361
15121	156	361
2316	188	361
13924	192	361
16193	194	361
12462	219	361
14433	343	361
2605	515	361
9304	39	362
10701	313	362
3934	491	362
2004	495	362
4765	190	363
5162	352	363
16129	383	363
5373	581	363
13545	57	364
3966	59	364
15717	81	364
3287	208	364
8328	285	364
13101	74	365
904	107	366
6210	115	366
14172	124	366
15994	317	366
4668	344	366
6706	12	367
16832	49	367
3570	97	367
1591	209	367
11242	334	367
9010	376	367
13536	505	367
9339	553	367
3946	39	368
10063	84	368
8348	279	368
4090	352	368
16369	208	369
9023	247	369
6519	293	369
8218	308	369
3976	510	369
1641	125	370
4357	220	370
5381	533	370
13440	544	370
7637	566	370
1903	573	370
4594	447	371
2629	22	372
11883	56	372
1246	61	372
16959	83	372
11484	101	372
11764	339	372
9242	404	372
2716	409	372
6746	64	373
14040	79	373
7760	135	373
14840	154	373
12239	417	373
4548	453	373
7493	460	373
7340	474	373
1965	507	373
16641	151	374
9739	233	374
14628	530	374
10125	27	375
8526	76	375
3105	108	375
1095	119	375
17046	148	375
17914	314	375
5301	385	375
7984	392	375
4459	406	375
1519	471	375
7259	556	375
842	213	376
2754	334	376
13753	367	376
5686	476	376
8391	588	376
9006	42	377
12681	190	377
14820	195	377
6284	318	377
13315	418	377
14147	427	377
17159	462	377
11520	570	377
13840	163	378
9939	173	378
5682	568	378
11909	10	379
13452	209	379
12099	506	379
17304	213	380
12308	314	380
16239	439	380
8259	57	381
10869	58	381
2956	122	381
10240	181	381
17430	285	381
17483	580	381
5088	75	382
4391	102	382
793	152	382
9665	389	382
15084	428	382
13012	514	382
5576	279	383
5455	352	383
1625	363	383
15628	297	384
6869	482	384
14278	30	385
18028	300	385
14042	306	385
17234	375	385
7000	406	385
9659	471	385
2568	5	386
12848	286	386
14280	314	386
15613	335	386
15236	178	387
11440	219	388
12159	481	388
4868	17	389
6080	75	389
18000	126	389
6663	382	389
9541	411	389
17525	434	389
14572	520	389
10786	113	390
4623	185	390
14798	244	390
7965	246	390
8002	391	390
18293	520	390
8615	162	391
17732	246	391
8113	252	391
16089	390	391
10475	428	391
2177	517	391
8532	526	391
18475	108	392
14736	119	392
1228	213	392
897	375	392
7060	405	392
11341	471	392
10882	38	393
12464	248	393
12427	304	393
12031	332	393
2344	444	393
9838	491	393
15550	503	393
11032	511	394
1847	33	395
2783	78	395
8273	334	395
5654	588	395
1415	45	396
7452	536	396
17561	559	396
2170	200	397
13257	585	397
8954	56	398
1951	165	398
13488	284	398
15438	289	398
944	409	398
6497	4	399
9613	74	399
2515	568	399
8709	11	400
5970	60	400
8987	63	400
10952	99	400
11491	331	400
13449	348	400
6405	565	400
15918	1	401
5940	185	401
10400	444	401
15009	8	402
3495	30	402
10713	358	402
6685	577	402
5223	442	403
13549	493	403
6212	514	403
18042	553	403
7415	22	404
2961	56	404
15286	61	404
10931	83	404
1040	101	404
10778	339	404
1932	372	404
8945	27	405
10780	392	405
16028	556	405
4682	30	406
8090	71	406
3015	300	406
5447	375	406
14634	385	406
6794	471	406
16416	146	407
13812	300	407
17428	306	407
12090	559	407
15569	25	408
14899	47	408
6975	52	408
15606	85	408
15363	93	408
5267	96	408
6156	150	408
4601	178	408
17987	254	408
17837	296	408
5152	303	408
13332	408	408
12146	419	408
11505	448	408
2703	464	408
15374	542	408
13398	560	408
17634	36	409
12377	44	409
16542	56	409
5926	61	409
1329	81	409
10410	83	409
16979	101	409
11679	171	409
9759	267	409
12208	284	409
8247	289	409
14724	339	409
13587	372	409
3286	398	409
16380	440	409
4692	504	409
11844	525	409
8614	48	410
17029	165	410
17598	261	410
16661	500	410
11788	38	411
12992	68	411
2810	126	411
11847	136	411
14867	170	411
8396	184	411
2544	277	411
8850	319	411
5072	389	411
9038	421	411
9747	466	411
14152	576	411
9321	302	412
12636	29	413
1020	35	413
17918	86	413
2770	131	413
2608	136	413
2223	336	413
9970	421	413
9548	301	414
3473	551	414
4974	205	415
6309	242	415
2247	468	415
1975	473	415
5857	33	416
17759	126	416
18286	334	416
18473	588	416
1351	64	417
15076	79	417
16679	135	417
9550	154	417
17129	159	417
14719	373	417
12015	422	417
17876	453	417
16686	460	417
11952	474	417
10150	507	417
10542	198	418
18104	270	418
2074	275	418
10538	288	418
17757	377	418
16153	495	418
1907	568	418
9599	25	419
9512	47	419
10986	52	419
1164	85	419
11343	93	419
17108	96	419
15044	150	419
13253	178	419
18076	254	419
12347	296	419
10730	303	419
11110	408	419
4141	419	419
5200	431	419
9628	448	419
12267	464	419
15165	542	419
13586	560	419
14138	35	420
12005	81	420
18335	131	420
13843	165	420
8441	173	420
13830	241	420
4080	244	420
5326	336	420
8601	518	420
17499	29	421
7949	68	421
12312	277	421
16724	336	421
4205	411	421
12766	413	421
6737	466	421
12857	576	421
17891	135	422
8548	417	422
11488	453	422
14000	460	422
8418	15	423
12648	50	423
14887	62	423
14866	141	423
2586	199	423
12350	229	423
17249	353	423
15602	359	423
18036	446	423
16531	489	423
15785	496	423
9453	519	423
6637	546	423
1179	46	424
10926	72	424
7898	13	425
16484	14	425
14265	32	425
3701	155	425
6638	341	425
16003	488	425
15370	510	425
13245	20	426
17153	106	426
14264	209	426
18389	297	426
1149	42	427
8466	159	427
15067	195	427
1838	320	427
13962	377	427
14350	538	427
2299	570	427
14525	162	428
8058	252	428
13128	312	428
6669	382	428
16879	391	428
9352	3	429
4450	184	429
11504	208	429
8676	293	429
14387	308	429
9342	319	429
3785	438	429
18024	510	429
8939	527	429
5656	534	429
17924	540	429
7165	555	429
6064	584	429
11708	103	430
3066	330	430
1989	461	430
6951	484	430
7747	523	430
9257	578	430
12889	47	431
10673	52	431
5286	93	431
11539	218	431
7657	296	431
4335	419	431
8841	431	431
11939	46	432
4225	72	432
13627	123	432
15135	322	432
16586	10	433
1348	97	433
3143	461	433
12143	484	433
1370	506	433
4202	170	434
5288	209	434
5870	389	434
1368	335	435
16499	571	435
10930	137	436
16867	233	436
13056	352	436
16111	11	437
15932	21	437
7039	31	437
7330	128	437
17017	133	437
2689	201	437
13775	348	437
15982	552	437
7631	3	438
8677	184	438
17261	208	438
11062	293	438
4101	308	438
15040	429	438
15401	510	438
9942	527	438
1168	534	438
16397	555	438
13870	584	438
11972	213	439
1883	314	439
3200	380	439
3884	56	440
4376	171	440
12878	409	440
16850	184	441
16599	208	441
11175	234	441
10584	237	441
6535	492	441
8289	540	441
5076	128	442
15326	334	442
6233	403	442
15633	493	442
5102	514	442
13650	104	443
9295	213	443
14741	1	444
18225	7	444
8762	38	444
9851	86	444
13485	185	444
13135	214	444
3477	248	444
2984	277	444
13208	332	444
17542	352	444
2505	393	444
4354	401	444
1687	530	444
14072	302	445
7669	15	446
12255	327	446
17547	423	446
13185	502	446
16719	546	446
3811	567	446
11476	85	447
16770	90	447
5787	105	447
3712	118	447
13561	139	447
792	150	447
14801	178	447
3458	236	447
18185	371	447
9910	511	447
10953	542	447
13602	547	447
16055	550	447
4236	47	448
11138	52	448
6487	93	448
3171	178	448
2114	296	448
15638	408	448
3683	419	448
13326	448	448
15771	23	449
7661	45	449
7902	264	449
10117	476	449
5129	559	449
12555	67	450
7298	335	450
7924	342	450
13641	13	451
10737	113	451
16295	170	451
4095	517	451
15079	576	451
12803	30	452
7315	258	452
13083	268	452
1057	291	452
11695	335	452
15730	4	453
6914	64	453
9770	79	453
16905	101	453
13695	135	453
9082	159	453
14255	195	453
1039	357	453
6919	373	453
1545	417	453
4814	422	453
1839	460	453
17058	470	453
5781	474	453
6992	507	453
14561	48	454
5020	94	454
11769	108	454
2062	324	454
15234	587	454
2560	149	455
7430	213	455
16350	9	456
11572	121	457
10992	210	457
1277	300	457
2883	476	457
2519	19	458
12923	127	458
14991	262	458
8844	525	458
12054	530	458
2804	541	458
4215	217	459
17628	233	459
7186	480	459
16177	64	460
2677	79	460
15308	135	460
12812	159	460
17203	373	460
4559	417	460
15104	422	460
11796	453	460
1117	474	460
7147	507	460
7434	167	461
13334	183	461
9501	256	461
2639	305	461
18011	430	461
4836	433	461
2485	484	461
9139	578	461
9868	588	461
13486	190	462
7783	205	462
3718	377	462
16935	477	462
6162	541	462
13874	562	462
12524	19	463
3958	32	463
7043	127	463
13525	151	463
15171	170	463
6139	288	463
3572	47	464
3486	52	464
15996	93	464
5004	178	464
3571	296	464
9077	408	464
5081	419	464
1060	464	464
13839	134	465
9691	155	465
10988	230	465
10508	312	465
1635	488	465
7212	35	466
14455	80	466
2529	411	466
14932	421	466
14039	9	467
6463	116	468
4933	226	468
1574	242	468
8254	280	468
10760	299	468
1150	352	468
18172	415	468
13286	477	468
2255	77	469
10971	3	470
4810	4	470
5567	203	470
659	453	470
15127	27	471
9788	76	471
7245	108	471
4038	119	471
9740	148	471
16002	314	471
9728	375	471
15521	385	471
6871	392	471
4452	406	471
8846	556	471
6275	65	472
11655	169	472
15112	170	472
16314	259	472
3350	265	472
17182	323	472
18160	328	472
14762	530	472
6338	531	472
17485	574	472
16635	84	473
775	204	473
14051	233	473
15817	270	473
17323	277	473
13225	280	473
17161	355	473
5513	415	473
5904	64	474
2478	79	474
715	135	474
9860	154	474
2856	373	474
10081	417	474
12446	453	474
5365	460	474
5554	507	474
13132	23	475
11501	91	475
14343	154	475
1233	172	475
8831	265	475
12039	275	475
16755	525	475
724	564	475
5026	34	476
10375	43	476
15415	45	476
5562	110	476
6108	121	476
10612	129	476
15493	153	476
7246	166	476
4702	210	476
1185	235	476
2126	249	476
3504	257	476
2329	264	476
13366	276	476
6168	294	476
1827	329	476
14775	350	476
16173	360	476
1944	376	476
10585	449	476
11432	457	476
13043	529	476
4307	559	476
15227	561	476
6043	588	476
16811	86	477
7168	226	477
18168	248	477
3794	290	477
1148	332	477
15272	462	477
18033	468	477
18310	538	477
13044	182	478
2848	218	478
7126	325	478
4191	77	479
8124	92	480
1140	205	480
5626	233	480
6182	356	480
4140	459	480
10077	66	481
5185	388	481
12886	582	481
18295	587	481
12988	216	482
8999	297	482
8463	384	482
5411	132	483
6770	182	483
14538	226	483
16961	343	483
8767	495	483
9272	548	483
5210	97	484
8164	161	484
18292	430	484
15032	433	484
17188	461	484
2765	506	484
9734	4	485
10835	21	485
769	114	485
834	144	485
7545	217	485
4359	243	485
2174	261	485
15011	42	486
14055	320	486
14374	35	487
14347	169	487
6784	174	487
1306	503	487
13299	13	488
1824	17	488
900	155	488
4482	425	488
14968	465	488
5166	520	488
8104	15	489
16050	50	489
3763	141	489
14317	144	489
8470	327	489
1796	353	489
12790	359	489
6557	423	489
3533	519	489
5715	546	489
12305	193	490
8503	494	490
2477	14	491
10245	39	491
11088	70	491
5560	129	491
17296	132	491
3608	231	491
9923	273	491
17567	313	491
9996	340	491
14467	362	491
6430	393	491
18426	495	491
17026	524	491
8001	549	491
15443	557	491
6193	184	492
1892	208	492
6058	293	492
17727	308	492
5292	441	492
15312	576	492
12511	113	493
12647	136	493
2248	173	493
11405	184	493
3819	244	493
3625	403	493
8857	442	493
12619	540	493
16376	9	494
13226	16	494
8675	37	494
3347	193	494
10440	255	494
4495	490	494
7274	525	494
11709	88	495
16005	129	495
14768	231	495
11190	313	495
10328	362	495
17923	418	495
16552	483	495
6249	491	495
6757	524	495
12138	15	496
7197	62	496
10116	144	496
9549	281	496
1162	327	496
5383	359	496
2880	423	496
5804	546	496
2747	72	497
9475	322	497
7787	516	497
5313	575	497
16012	3	498
763	133	498
14518	201	498
17919	288	498
9357	305	498
9239	552	498
13688	103	499
10744	183	499
14465	327	499
17399	508	499
12996	537	499
18465	48	500
18402	173	500
2879	261	500
6015	304	500
9848	410	500
5644	207	501
2030	282	501
5838	311	501
5125	338	501
3333	548	501
14340	549	501
3919	446	502
8320	554	502
11300	567	502
7558	102	503
2855	265	503
10042	304	503
7003	332	503
11193	393	503
3295	487	503
2968	531	503
5311	564	503
9639	36	504
12284	56	504
8513	409	504
17671	12	505
12319	147	505
864	217	505
8367	321	505
7531	334	505
16889	367	505
10433	10	506
5052	12	506
3381	97	506
3334	209	506
12307	297	506
11140	314	506
6296	379	506
2702	433	506
3965	484	506
6963	64	507
10174	79	507
8889	135	507
1677	154	507
11772	373	507
3123	417	507
14738	453	507
17949	460	507
5535	474	507
9397	327	508
16844	499	508
15969	45	509
2254	536	509
13372	559	509
11711	184	510
16218	208	510
3543	293	510
10124	308	510
12150	369	510
2411	425	510
17605	429	510
10631	438	510
6431	555	510
14499	51	511
899	150	511
12480	158	511
16107	177	511
1697	178	511
2980	232	511
3283	255	511
10735	263	511
10402	311	511
4519	394	511
638	447	511
7823	542	511
14995	569	511
6940	572	511
15929	30	512
5676	69	512
4369	314	512
9485	48	513
5989	134	513
1016	164	513
7436	189	513
2378	260	513
17385	312	513
4407	33	514
911	75	514
6183	113	514
4069	126	514
13331	128	514
18370	244	514
18256	249	514
12422	382	514
890	403	514
17700	442	514
10662	192	515
4792	343	515
14417	361	515
2408	72	516
2001	322	516
2363	497	516
6221	575	516
9938	134	517
11710	186	517
5446	230	517
3378	244	517
12084	391	517
5460	451	517
1194	29	518
16156	35	518
17320	131	518
5490	173	518
3782	304	518
4847	420	518
1800	15	519
6265	50	519
10975	141	519
12098	144	519
9642	327	519
1482	353	519
11811	359	519
16528	423	519
12590	489	519
10166	546	519
13250	68	520
5774	126	520
16160	155	520
16738	244	520
14583	246	520
15494	389	520
14364	390	520
15451	488	520
2844	576	520
12561	55	521
4782	97	521
16168	161	521
3198	180	521
18458	184	522
14114	208	522
15319	278	522
12102	293	522
9971	308	522
12692	534	522
8918	576	522
2230	78	523
13350	330	523
6072	430	523
1541	588	523
11003	491	524
8770	495	524
12135	355	525
13575	409	525
6151	458	525
2310	475	525
2729	494	525
15172	568	525
9812	230	526
17453	252	526
3831	391	526
1643	3	527
14534	184	527
6118	208	527
9180	293	527
10345	308	527
5657	429	527
12795	438	527
15421	534	527
18040	555	527
6031	584	527
18125	63	528
6126	175	528
16472	344	528
4279	476	529
3207	1	530
3630	151	530
17388	227	530
3210	259	530
14214	262	530
9370	298	530
11918	374	530
10044	444	530
11497	458	530
9469	472	530
10573	562	530
2620	574	530
18197	581	530
6680	1	531
11595	35	531
14037	65	531
16351	68	531
11941	80	531
5975	246	531
12626	259	531
4361	336	531
8095	472	531
10322	503	531
11104	69	532
15538	97	532
14914	272	532
10428	300	532
3602	559	532
5639	125	533
7854	220	533
10215	370	533
6359	544	533
16793	566	533
4059	573	533
9458	3	534
11181	184	534
9425	208	534
6066	278	534
11609	293	534
2548	308	534
17260	429	534
1362	438	534
7284	522	534
4595	527	534
11617	555	534
16809	584	534
7466	31	535
12829	133	535
714	317	535
14394	540	535
11688	552	535
8311	45	536
16488	272	536
9451	396	536
13790	509	536
7551	559	536
3376	179	537
4645	183	537
5104	327	537
17706	499	537
16718	211	538
17321	290	538
3753	357	538
16675	427	538
7943	477	538
694	302	539
865	586	539
16658	120	540
17728	244	540
15241	429	540
10390	441	540
13684	493	540
2215	535	540
9298	552	540
6995	555	540
2289	188	541
17907	190	541
9164	298	541
8605	458	541
9564	462	541
5483	47	542
17921	52	542
2293	93	542
15143	178	542
1836	218	542
13311	296	542
17592	408	542
13204	419	542
3840	447	542
12453	511	542
13414	542	542
5067	14	543
2355	17	543
2442	32	543
9322	85	543
2338	187	543
2029	219	543
7891	354	543
17745	563	543
9745	370	544
10147	533	544
12720	168	545
3975	172	545
11298	548	545
18364	15	546
8581	50	546
7509	62	546
3201	141	546
10939	199	546
12674	229	546
9646	353	546
15065	359	546
14390	423	546
4679	446	546
16011	489	546
9167	496	546
15066	519	546
8781	9	547
10725	447	547
18415	39	548
15736	73	548
10910	117	548
1456	172	548
13086	176	548
4086	207	548
12567	245	548
3910	286	548
10487	483	548
17403	501	548
18154	545	548
7118	558	548
2165	39	549
7958	206	549
14466	349	549
13863	491	549
1516	501	549
9290	447	550
794	37	551
16184	193	551
3789	255	551
14802	283	551
12349	414	551
8927	31	552
1585	55	552
8651	128	552
2549	133	552
16730	201	552
18124	330	552
13445	437	552
1993	498	552
16798	535	552
15249	540	552
2582	553	552
2643	49	553
1468	120	553
14247	128	553
5064	180	553
11820	201	553
3359	210	553
3251	281	553
9777	319	553
7577	334	553
16272	367	553
4526	403	553
5251	552	553
5846	561	553
2017	588	553
15514	100	554
3666	346	554
18176	348	554
12608	502	554
6349	567	554
16209	3	555
12024	184	555
5357	208	555
2139	293	555
7398	308	555
9221	319	555
17369	429	555
10607	438	555
6360	510	555
12394	527	555
5106	534	555
4387	540	555
8366	584	555
11464	27	556
16777	190	556
12469	213	556
4145	375	556
2079	405	556
3638	471	556
16133	340	557
14402	491	557
10362	264	558
16500	548	558
6670	45	559
14657	73	559
11063	92	559
11412	98	559
3384	112	559
8876	117	559
8404	176	559
12206	210	559
2098	212	559
1821	245	559
16303	251	559
2078	300	559
2182	396	559
6507	407	559
7479	449	559
15941	476	559
4911	509	559
1287	532	559
18394	536	559
16891	561	559
12209	47	560
12864	52	560
8000	93	560
16882	296	560
17744	408	560
15091	419	560
11996	560	560
16704	210	561
16743	476	561
5817	553	561
9001	559	561
15092	577	561
10316	194	562
9114	227	562
16516	262	562
5329	462	562
1314	530	562
1112	19	563
18187	111	563
18259	543	563
10526	48	564
11419	194	564
12004	265	564
9333	270	564
3810	291	564
7830	323	564
16001	475	564
15619	503	564
13438	587	564
8953	60	565
16240	99	565
4632	115	565
3484	199	565
3658	315	565
11643	317	565
6001	324	565
13629	331	565
3503	400	565
14783	370	566
16250	533	566
1451	269	567
14141	446	567
1248	502	567
18255	554	567
13990	188	568
12545	261	568
7035	378	568
16951	399	568
3438	418	568
14544	525	568
7376	580	568
11540	511	569
7995	42	570
13864	202	570
8322	287	570
13538	318	570
6327	377	570
11248	427	570
2495	335	571
1936	435	571
4549	178	572
2119	511	572
15948	370	573
7564	533	573
13041	65	574
16851	169	574
6471	170	574
13603	259	574
8817	323	574
10288	328	574
1341	472	574
6416	530	574
16677	72	575
11680	322	575
2199	497	575
15534	516	575
3026	148	576
18466	184	576
8691	278	576
14790	319	576
16899	334	576
11980	411	576
3648	421	576
12172	451	576
18283	492	576
8811	520	576
11269	522	576
5120	23	577
13496	39	577
12425	210	577
10071	212	577
7065	276	577
8961	300	577
16139	402	577
7752	561	577
1365	167	578
17662	224	578
12466	256	578
5925	430	578
18191	461	578
15626	149	579
10133	213	579
2982	57	580
9441	381	580
9070	568	580
8181	190	581
12680	233	581
7462	352	581
4892	355	581
13743	363	581
5193	530	581
15558	40	582
2526	77	582
7151	211	582
14593	225	582
15265	481	582
14025	586	582
12051	142	583
15164	190	583
9268	250	583
9717	3	584
18049	184	584
15230	208	584
10850	293	584
5003	308	584
15709	429	584
7399	438	584
6301	527	584
17897	534	584
17324	555	584
13294	85	585
18136	160	585
6707	186	585
8427	200	585
6473	221	585
9109	345	585
12220	397	585
17123	94	586
11955	211	586
18022	302	586
905	539	586
9266	582	586
6214	114	587
8705	154	587
17081	454	587
12580	481	587
6887	564	587
3780	12	588
14097	33	588
13576	34	588
16105	49	588
17532	55	588
10565	78	588
5555	110	588
14922	157	588
16098	334	588
13325	376	588
14435	395	588
6511	416	588
11415	461	588
5875	476	588
16293	523	588
15473	553	588
3937	7	1
5847	214	1
957	215	1
7226	401	1
9227	444	1
9704	530	1
12333	531	1
9961	9	2
17583	274	2
9382	208	3
16260	293	3
4749	308	3
14516	321	3
1306	429	3
10117	438	3
7266	470	3
14387	498	3
15341	527	3
5489	534	3
5623	555	3
13649	584	3
6130	38	4
14133	203	4
5903	265	4
1205	399	4
8067	453	4
7768	470	4
9045	485	4
866	172	5
10223	386	5
4729	178	6
9365	1	7
8029	444	7
15992	23	8
4106	154	8
15111	275	8
5183	402	8
5406	2	9
624	90	9
6305	105	9
14792	118	9
15367	191	9
1919	222	9
16587	326	9
2372	456	9
14488	467	9
17828	494	9
1889	547	9
7230	97	10
17468	154	10
8917	209	10
15301	379	10
13939	433	10
1120	506	10
12981	63	11
7469	256	11
3498	269	11
15558	348	11
18114	400	11
3436	437	11
14855	297	12
7888	367	12
1044	505	12
13217	506	12
18278	588	12
1984	17	13
15096	130	13
6698	151	13
8350	152	13
17085	155	13
11333	164	13
8697	170	13
10753	184	13
5216	260	13
11951	318	13
5152	341	13
5314	343	13
14098	425	13
11288	451	13
2617	488	13
9104	183	14
15943	253	14
11985	341	14
16707	425	14
8253	491	14
10545	543	14
8391	50	15
4221	62	15
13512	141	15
2864	199	15
6912	229	15
17784	353	15
12765	359	15
13332	423	15
18306	446	15
10702	489	15
5539	496	15
15509	519	15
9504	546	15
5579	193	16
6574	494	16
14112	13	17
16818	155	17
690	160	17
10360	182	17
13637	341	17
8599	389	17
3320	488	17
14537	543	17
11477	72	18
10428	94	18
14800	116	18
6119	123	18
14362	322	18
10375	127	19
8706	189	19
14859	194	19
16320	361	19
3164	458	19
11082	463	19
3100	563	19
3733	154	20
1398	209	20
14334	426	20
7714	138	21
10095	304	21
6878	321	21
3932	437	21
9717	485	21
18410	56	22
9595	61	22
3696	83	22
2133	101	22
8765	339	22
10653	372	22
5374	404	22
3792	8	23
8547	91	23
13028	172	23
1151	350	23
14033	358	23
10600	449	23
14062	475	23
16339	577	23
7823	42	24
9642	202	24
13321	287	24
5448	337	24
6545	25	25
6577	47	25
14015	52	25
5219	93	25
9761	178	25
17820	296	25
643	408	25
4979	419	25
8558	178	26
11898	375	27
15244	405	27
16307	471	27
12819	556	27
7135	80	28
16466	130	28
719	233	28
10860	165	29
13344	284	29
2046	319	29
1054	328	29
7632	336	29
6232	413	29
16982	421	29
10592	518	29
17390	69	30
17619	71	30
4185	146	30
5851	238	30
10158	291	30
9657	385	30
10740	402	30
1291	406	30
4762	452	30
13219	512	30
11959	133	31
12934	173	31
11616	348	31
14894	437	31
14797	535	31
18211	552	31
16705	80	32
3057	127	32
12362	195	32
10899	341	32
989	343	32
2501	425	32
2025	463	32
16699	543	32
768	186	33
17821	334	33
1867	395	33
1177	416	33
1763	514	33
12072	588	33
1462	110	34
15854	314	34
7763	476	34
13260	588	34
6514	336	35
13883	413	35
16962	420	35
11034	466	35
18402	487	35
15896	518	35
15816	531	35
18386	56	36
17929	101	36
12930	267	36
3644	409	36
8926	504	36
17981	178	37
707	301	37
4494	494	37
11507	551	37
13276	4	38
15420	393	38
12195	411	38
9515	444	38
15594	40	39
8568	84	39
11573	182	39
5994	264	39
5843	313	39
3680	332	39
7736	362	39
6533	368	39
18405	491	39
14345	548	39
9416	549	39
4432	577	39
18367	39	40
826	45	40
8395	84	40
13595	211	40
16292	582	40
11187	53	41
2350	344	41
1207	24	42
16966	202	42
12805	287	42
11786	318	42
9953	320	42
15948	337	42
8605	377	42
13726	427	42
17889	486	42
15171	570	42
5018	172	43
11601	476	43
13204	241	44
12418	284	44
6452	409	44
14422	40	45
3740	73	45
9493	109	45
8228	112	45
10953	117	45
9299	151	45
4297	176	45
13195	204	45
5234	228	45
10209	233	45
2420	245	45
3812	264	45
8659	272	45
8674	280	45
15279	305	45
12374	396	45
12294	449	45
8646	476	45
15577	509	45
9488	536	45
3595	559	45
2338	72	46
11132	424	46
13551	432	46
2933	25	47
17387	47	47
10215	52	47
3639	85	47
16513	93	47
17310	96	47
15630	150	47
3569	178	47
4223	254	47
2435	296	47
14212	303	47
17405	408	47
1754	419	47
17602	431	47
14010	448	47
9528	464	47
14631	542	47
7350	560	47
6655	98	48
5133	198	48
13297	243	48
13537	294	48
8966	351	48
6972	410	48
1315	454	48
10336	500	48
7252	513	48
754	564	48
7707	97	49
3617	180	49
4941	367	49
3844	553	49
7317	588	49
17486	15	50
12669	141	50
11757	144	50
9085	327	50
18426	353	50
17186	359	50
10856	423	50
688	489	50
3882	519	50
13352	546	50
9714	178	51
7113	511	51
6571	25	52
6386	47	52
16544	52	52
5733	85	52
8887	93	52
9862	96	52
1580	150	52
11257	178	52
14437	254	52
14424	296	52
13716	303	52
6704	408	52
4992	419	52
17797	431	52
8339	448	52
4085	464	52
8243	542	52
18111	560	52
10063	41	53
8754	175	53
12510	344	53
11073	111	54
8137	152	54
11452	167	55
4801	327	55
15482	330	55
5772	521	55
11899	552	55
4884	588	55
13346	22	56
8317	36	56
6762	61	56
8246	81	56
5570	83	56
13891	101	56
7559	171	56
11243	267	56
10087	284	56
14289	289	56
12386	339	56
14498	372	56
7046	398	56
1626	404	56
11143	409	56
5660	440	56
1231	504	56
5053	122	57
6292	140	57
881	181	57
11572	285	57
3187	295	57
15042	364	57
15535	381	57
8715	580	57
15074	181	58
10372	208	58
1752	293	58
12706	308	58
11660	381	58
8287	237	59
15226	295	59
5494	364	59
17125	99	60
6585	100	60
5930	144	60
7215	199	60
12818	317	60
9150	331	60
10013	400	60
11885	565	60
16729	22	61
11929	56	61
10142	83	61
10250	101	61
10199	339	61
8962	372	61
6477	404	61
16635	409	61
4127	15	62
15645	144	62
10486	281	62
5498	327	62
8080	359	62
2322	423	62
17946	496	62
5108	546	62
2152	11	63
17291	133	63
6674	269	63
3966	285	63
7922	344	63
6502	348	63
6940	400	63
17423	528	63
16822	79	64
7192	135	64
11270	154	64
5594	373	64
10006	417	64
14392	453	64
6954	460	64
14914	474	64
3789	507	64
6999	174	65
16514	194	65
6338	259	65
11392	472	65
2497	531	65
13894	574	65
17470	156	66
10575	288	66
14312	328	66
14164	343	66
2511	481	66
12915	335	67
16585	342	67
9046	450	67
16350	80	68
4826	170	68
6831	215	68
7492	411	68
8710	421	68
6606	520	68
12457	531	68
13373	30	69
14632	145	69
8156	240	69
2396	300	69
4385	314	69
17647	512	69
10129	532	69
15281	132	70
1300	491	70
11186	30	71
3605	146	71
5694	300	71
12424	306	71
13029	406	71
6590	18	72
4972	46	72
802	130	72
4146	322	72
12235	424	72
8434	432	72
2032	497	72
5078	516	72
15619	575	72
3155	45	73
3523	264	73
17040	548	73
3481	559	73
16257	301	74
9567	325	74
18262	365	74
8714	399	74
13498	160	75
4916	186	75
9594	201	75
17851	230	75
2196	382	75
18187	389	75
16604	514	75
12079	109	76
13719	190	76
862	321	76
13164	375	76
2867	471	76
2289	196	77
8106	197	77
903	225	77
16634	266	77
16697	292	77
18473	302	77
10015	469	77
16824	479	77
13068	582	77
8519	128	78
14423	334	78
3654	395	78
1071	523	78
12715	588	78
15613	64	79
6142	135	79
2411	154	79
2308	373	79
14871	417	79
5526	453	79
4775	460	79
12490	474	79
4495	507	79
12879	28	80
8307	32	80
8856	68	80
17354	101	80
6592	107	80
4565	113	80
7249	170	80
11358	184	80
16030	343	80
14361	466	80
14035	531	80
1753	56	81
2682	101	81
10101	173	81
2132	240	81
2702	267	81
5991	364	81
4056	409	81
7861	420	81
18155	302	82
1216	22	83
15212	56	83
8965	61	83
12662	101	83
8522	339	83
3054	372	83
1132	404	83
3233	409	83
4989	39	84
2568	40	84
7390	114	84
10159	137	84
6814	204	84
12775	242	84
9053	279	84
12649	352	84
15809	368	84
2290	473	84
2917	47	85
4708	52	85
10636	85	85
14731	93	85
9920	178	85
14131	200	85
7234	215	85
4626	296	85
10622	408	85
17581	419	85
2317	447	85
2398	543	85
753	585	85
13058	226	86
17959	277	86
6688	336	86
7703	413	86
5729	444	86
12529	477	86
14350	193	87
10526	301	87
11510	132	88
5474	495	88
9804	238	89
6439	286	89
15120	335	89
16851	9	90
8083	447	90
13299	23	91
10217	172	91
11580	358	91
13592	475	91
2711	205	92
2464	217	92
1477	480	92
5499	559	92
5401	25	93
9600	47	93
2736	52	93
13369	85	93
5392	93	93
17471	96	93
14467	150	93
12173	178	93
3909	254	93
2837	296	93
14382	303	93
14166	408	93
6230	419	93
2822	431	93
15104	448	93
1354	464	93
17481	542	93
15879	560	93
9110	18	94
12944	324	94
6424	454	94
1330	586	94
2378	182	95
4090	47	96
5378	52	96
15760	93	96
15129	178	96
17408	408	96
11436	419	96
17056	10	97
12714	49	97
10054	110	97
15373	157	97
13149	161	97
10156	180	97
13643	215	97
994	272	97
1648	321	97
11828	367	97
17431	433	97
17101	484	97
9896	506	97
1023	521	97
9156	532	97
10722	48	98
3280	154	98
8396	275	98
18181	559	98
15478	60	99
2579	100	99
16887	144	99
13789	199	99
8897	317	99
711	331	99
3728	400	99
9194	565	99
2738	60	100
6726	99	100
11201	199	100
17428	310	100
3339	554	100
13232	22	101
12398	36	101
598	56	101
6897	61	101
10757	80	101
2031	81	101
11445	83	101
10053	173	101
15015	240	101
12488	267	101
13110	339	101
11568	372	101
17626	404	101
12716	409	101
2655	453	101
5718	198	102
4854	201	102
8787	243	102
12709	382	102
4022	503	102
18460	183	103
1113	327	103
7620	430	103
8668	499	103
11989	213	104
18123	443	104
667	9	105
9625	447	105
13248	216	106
14847	297	106
7679	426	106
10763	80	107
9556	115	107
8583	124	107
18098	126	107
13425	163	107
10896	341	107
1720	366	107
5079	213	108
16100	375	108
6106	392	108
18011	454	108
12282	471	108
17430	45	109
13120	76	109
10338	147	109
6550	213	109
3492	228	109
10059	34	110
1464	97	110
11300	157	110
2061	213	110
9716	314	110
8501	476	110
7505	588	110
10249	54	111
3271	152	111
15371	219	111
6252	221	111
15068	563	111
8814	45	112
17560	172	112
18255	559	112
14775	80	113
2389	244	113
2947	246	113
1868	295	113
16553	390	113
10282	451	113
2263	493	113
14401	514	113
16469	84	114
4349	208	114
6528	242	114
14416	243	114
6779	270	114
12270	293	114
14837	308	114
11632	343	114
12585	354	114
14647	485	114
4426	587	114
12969	107	115
6839	124	115
8877	175	115
7730	331	115
15941	366	115
7443	565	115
7268	18	116
5397	226	116
5126	299	116
8418	468	116
11294	45	117
7799	264	117
6266	548	117
7418	559	117
10647	9	118
12202	447	118
9553	213	119
15391	375	119
2430	392	119
15233	471	119
3951	138	120
680	165	120
3094	244	120
7165	319	120
3879	540	120
10460	553	120
15675	335	121
1584	457	121
5066	476	121
8313	57	122
13991	247	122
14846	381	122
2298	18	123
5250	432	123
7258	107	124
968	115	124
17161	317	124
1079	344	124
18152	366	124
18067	370	125
12553	533	125
8537	107	126
15039	334	126
5263	389	126
10658	411	126
16139	416	126
777	514	126
14000	520	126
4209	19	127
11830	32	127
9545	323	127
6030	458	127
3255	463	127
13319	78	128
13528	270	128
6341	437	128
955	442	128
3353	514	128
16896	552	128
18131	553	128
15791	264	129
13439	476	129
8492	491	129
2559	495	129
3801	13	130
9897	28	130
9097	72	130
8107	233	130
5193	322	130
12853	352	130
2884	356	130
726	226	131
18018	299	131
16733	336	131
4413	355	131
17991	413	131
16964	420	131
15983	518	131
15783	70	132
10027	88	132
14206	182	132
14393	218	132
17455	231	132
12187	483	132
16815	491	132
6722	31	133
2120	63	133
935	295	133
4479	437	133
4233	498	133
14194	535	133
7991	552	133
6785	136	134
16546	312	134
15565	465	134
6045	513	134
5130	517	134
12929	64	135
1369	79	135
16842	159	135
2580	357	135
16857	373	135
12103	417	135
8127	422	135
17200	453	135
7544	460	135
8070	474	135
6888	507	135
4254	134	136
9393	166	136
2650	257	136
3102	411	136
4017	413	136
18312	493	136
11077	84	137
7413	205	137
10292	352	137
15240	436	137
6863	21	138
6431	120	138
6482	201	138
8943	243	138
10804	304	138
4286	319	138
7917	447	139
8119	57	140
15057	247	140
2975	293	140
13898	308	140
8567	15	141
733	50	141
17969	144	141
3202	327	141
11454	353	141
7397	359	141
2344	423	141
4748	489	141
11493	519	141
4344	546	141
2791	190	142
14276	250	142
8201	583	142
4273	325	143
3659	50	144
13046	60	144
5506	62	144
12635	99	144
17148	141	144
6732	281	144
5360	310	144
14887	346	144
2399	353	144
7702	359	144
2422	485	144
15676	489	144
6203	496	144
16142	519	144
5937	69	145
14113	335	145
17842	30	146
8623	71	146
15442	300	146
18104	407	146
18289	109	147
16186	217	147
1825	223	147
12903	297	147
13773	321	147
3349	505	147
6626	314	148
17822	375	148
16650	471	148
7211	576	148
15225	213	149
6367	455	149
12884	579	149
7684	47	150
12562	52	150
16088	93	150
990	150	150
5349	178	150
6702	296	150
18138	408	150
14266	419	150
9324	447	150
5981	511	150
15304	13	151
11159	45	151
13850	277	151
1943	318	151
18162	356	151
10690	357	151
13107	374	151
11819	463	151
2377	530	151
14573	13	152
2923	54	152
4520	111	152
16826	221	152
2728	323	152
15243	382	152
3665	172	153
6038	476	153
2141	8	154
13795	10	154
10996	20	154
7295	64	154
2815	79	154
12181	98	154
4617	209	154
7547	215	154
15034	373	154
10769	417	154
16906	474	154
13055	475	154
14998	507	154
10928	587	154
10673	13	155
11369	17	155
4025	425	155
16308	465	155
14749	488	155
3157	520	155
1798	66	156
1714	361	156
6559	97	157
2987	110	157
6289	161	157
5101	180	157
15781	588	157
14719	511	158
15336	135	159
2792	195	159
6129	417	159
17475	427	159
16603	453	159
8496	460	159
16319	17	160
16672	75	160
16414	585	160
14047	97	161
11788	157	161
11343	217	161
11776	297	161
13076	484	161
11565	521	161
16423	391	162
14623	428	162
11050	107	163
12165	318	163
13040	378	163
9813	13	164
16297	189	164
13563	260	164
5323	312	164
8186	513	164
10621	29	165
5696	120	165
1221	357	165
17528	398	165
2973	410	165
7203	420	165
8889	136	166
9520	172	166
6099	347	166
15911	476	166
823	55	167
9973	327	167
11114	330	167
11978	461	167
9964	578	167
7727	172	168
14531	545	168
8779	174	169
15769	259	169
15175	323	169
6712	472	169
8996	487	169
12885	574	169
3240	13	170
11558	68	170
16847	80	170
16250	328	170
7682	411	170
5954	434	170
1745	451	170
2236	463	170
8573	472	170
14029	574	170
14970	56	171
11696	409	171
1357	440	171
2431	5	172
6189	23	172
5931	43	172
6971	91	172
8944	112	172
15242	153	172
10776	166	172
5137	168	172
7247	257	172
14706	329	172
10970	360	172
10927	475	172
16671	545	172
8024	548	172
11094	31	173
7372	81	173
13404	101	173
5445	195	173
4543	241	173
4217	295	173
3832	378	173
6044	420	173
3584	493	173
8289	500	173
2088	518	173
15504	65	174
11229	169	174
4677	487	174
8325	53	175
12361	115	175
3017	344	175
2301	528	175
18012	45	176
18454	264	176
11853	548	176
5319	559	176
6395	178	177
2778	511	177
1802	6	178
12787	25	178
17351	26	178
17367	37	178
11406	47	178
4260	51	178
4620	52	178
5336	85	178
13687	93	178
11423	96	178
797	150	178
4228	177	178
9454	178	178
13141	218	178
12933	254	178
13030	255	178
1866	296	178
7151	303	178
1063	387	178
997	408	178
10327	419	178
17178	447	178
6612	448	178
4463	464	178
8421	511	178
1212	542	178
14163	572	178
16016	183	179
8769	271	179
10287	327	179
15837	537	179
13044	49	180
6957	97	180
9555	157	180
16361	209	180
6639	521	180
17557	553	180
9901	57	181
2780	58	181
9833	285	181
17068	295	181
1847	381	181
2899	17	182
17485	39	182
6155	95	182
15877	132	182
3868	220	182
1592	288	182
17170	478	182
3003	483	182
14538	14	183
18216	103	183
7358	179	183
15067	224	183
6072	239	183
15210	253	183
3394	271	183
3424	307	183
1551	309	183
12591	327	183
6069	344	183
12790	461	183
16542	499	183
10854	537	183
1485	13	184
17836	80	184
5588	208	184
1883	234	184
5110	278	184
10337	293	184
17642	308	184
2387	411	184
4500	429	184
6343	438	184
11890	441	184
10728	492	184
18269	493	184
3720	510	184
10165	522	184
12183	527	184
1510	534	184
5643	555	184
1999	576	184
1682	584	184
5233	248	185
18438	390	185
3752	401	185
14861	444	185
3260	33	186
17741	75	186
10257	334	186
8069	517	186
2505	585	186
16485	341	187
10001	543	187
13731	217	188
2739	250	188
6788	361	188
15749	541	188
684	568	188
15859	19	189
12082	164	189
15495	260	189
2340	513	189
1809	76	190
7334	142	190
13261	250	190
8425	298	190
3946	352	190
3156	356	190
3248	363	190
1817	377	190
14522	462	190
14302	541	190
5819	556	190
11494	581	190
10578	583	190
10251	9	191
13797	361	192
9574	515	192
9252	16	193
1668	87	193
12815	490	193
4868	494	193
11334	551	193
2928	19	194
17185	65	194
2414	262	194
11146	323	194
13655	361	194
10724	562	194
2615	564	194
2797	32	195
14867	159	195
3687	173	195
6942	262	195
14679	377	195
10091	427	195
17517	453	195
3601	77	196
9552	77	197
9601	48	198
16295	102	198
12973	261	198
7316	275	198
2989	351	198
2250	418	198
4978	15	199
11055	60	199
11308	99	199
11704	100	199
13816	229	199
6636	315	199
10450	331	199
6576	423	199
13829	546	199
13545	565	199
3701	85	200
16149	397	200
15033	585	200
5789	75	201
2686	102	201
1183	138	201
4230	321	201
6614	351	201
5813	437	201
812	498	201
18260	552	201
16898	553	201
9841	24	202
17686	42	202
1566	287	202
4309	337	202
7602	570	202
11741	4	203
14285	470	203
7190	45	204
16056	84	204
2821	352	204
12831	473	204
5659	92	205
5667	137	205
15005	217	205
8100	233	205
2416	352	205
7617	415	205
17333	462	205
7335	480	205
8417	264	206
8763	549	206
6240	264	207
7801	501	207
17479	548	207
2731	3	208
2267	58	208
12753	114	208
6851	184	208
9501	278	208
11018	293	208
1548	308	208
14171	364	208
4641	369	208
1016	429	208
2818	438	208
8892	441	208
6282	492	208
8685	510	208
17265	522	208
1514	527	208
15474	534	208
6375	555	208
16978	584	208
10310	10	209
677	20	209
17130	154	209
995	180	209
7998	297	209
8733	367	209
8973	379	209
17633	426	209
9290	434	209
1062	506	209
2331	457	210
8938	476	210
7747	553	210
16031	559	210
13920	561	210
16372	577	210
15893	40	211
3583	218	211
10373	225	211
15830	302	211
5451	538	211
4586	582	211
8233	586	211
7832	559	212
8499	577	212
8278	104	213
16290	108	213
8846	109	213
15078	110	213
692	119	213
16928	149	213
6175	297	213
7659	376	213
715	380	213
8160	392	213
1760	439	213
10868	443	213
18470	455	213
10120	556	213
3797	579	213
4606	1	214
6392	277	214
5028	444	214
17407	1	215
15867	68	215
1416	85	215
6875	97	215
2545	154	215
15958	249	215
5107	336	215
16786	106	216
1317	223	216
14780	297	216
10380	482	216
14445	92	217
1706	147	217
4581	161	217
6632	188	217
10397	205	217
1366	250	217
2434	297	217
17033	459	217
8992	485	217
16408	505	217
15557	132	218
18182	178	218
6293	211	218
16719	301	218
5911	431	218
13421	478	218
10247	542	218
8175	111	219
13827	345	219
2107	361	219
5221	388	219
12917	543	219
12974	182	220
11393	354	220
11068	370	220
11619	533	220
14068	111	221
13676	152	221
2518	585	221
4331	9	222
18461	147	223
18029	216	223
13427	297	223
14521	183	224
13808	239	224
18366	256	224
4126	578	224
8401	77	225
13984	211	225
1896	582	225
11762	86	226
9915	116	226
15000	131	226
5614	290	226
1171	298	226
2658	468	226
17174	477	226
7916	483	226
15331	323	227
631	530	227
18076	562	227
1377	45	228
8513	109	228
5887	291	228
4904	335	228
14696	15	229
8735	199	229
6427	281	229
9260	423	229
933	546	229
2946	75	230
3325	243	230
5700	465	230
17534	517	230
1209	526	230
6194	132	231
12154	491	231
16816	495	231
6510	511	232
5298	28	233
6462	45	233
2558	130	233
13305	205	233
2530	272	233
6016	318	233
1967	356	233
2406	374	233
4791	436	233
13612	459	233
1856	473	233
13434	480	233
13856	581	233
18334	184	234
5838	237	234
14504	293	234
13214	308	234
1693	441	234
10416	264	235
11022	347	235
17199	476	235
17028	447	236
8251	59	237
839	234	237
18455	441	237
10886	30	238
3607	89	238
13283	335	238
17526	183	239
2943	224	239
8052	69	240
11838	81	240
7552	101	240
7593	275	240
4725	343	240
6458	44	241
3941	173	241
626	420	241
12166	84	242
15533	114	242
2971	270	242
5618	279	242
12778	415	242
14596	468	242
16624	48	243
10994	102	243
3061	114	243
7360	138	243
6081	230	243
9448	265	243
16985	485	243
11591	113	244
7463	120	244
873	246	244
9173	390	244
4077	420	244
8929	493	244
11535	514	244
4988	517	244
2356	520	244
2952	540	244
4897	45	245
8241	264	245
8222	548	245
4414	559	245
729	113	246
9599	244	246
15354	390	246
9870	391	246
3699	520	246
14710	531	246
13094	122	247
10610	140	247
4825	369	247
6866	185	248
18099	393	248
8166	444	248
3508	477	248
5052	215	249
4278	251	249
14202	476	249
5041	514	249
17339	142	250
14990	188	250
13994	190	250
14910	217	250
821	261	250
2825	583	250
9367	249	251
2124	334	251
3938	559	251
7475	391	252
8864	428	252
16885	526	252
18117	14	253
11017	183	253
9881	271	253
12511	327	253
13174	47	254
11840	52	254
17000	93	254
761	178	254
8600	254	254
15483	296	254
11066	408	254
10546	419	254
10569	178	255
7816	301	255
16944	494	255
1699	511	255
10726	551	255
1560	11	256
11407	224	256
6905	327	256
7992	461	256
12161	578	256
5888	136	257
17535	172	257
10591	334	257
3322	347	257
10289	476	257
12088	268	258
4561	291	258
4236	335	258
5372	452	258
5899	65	259
1109	169	259
3441	265	259
7153	323	259
8540	328	259
17525	472	259
8042	530	259
3864	531	259
12297	574	259
14084	13	260
9899	164	260
8858	189	260
6047	312	260
2751	513	260
16539	198	261
9144	250	261
17878	317	261
2363	410	261
14101	485	261
16058	500	261
17192	568	261
5779	194	262
13475	195	262
7512	458	262
15876	530	262
7421	562	262
14685	511	263
12984	39	264
8731	45	264
15602	73	264
6330	117	264
687	129	264
1145	176	264
18040	206	264
8058	207	264
16398	235	264
13134	245	264
6743	282	264
16241	311	264
15812	338	264
11721	347	264
15817	349	264
17034	449	264
17726	476	264
9565	558	264
7373	4	265
4150	243	265
7954	259	265
4301	472	265
9713	475	265
16765	503	265
6819	564	265
14268	77	266
9876	280	266
8299	354	266
18166	36	267
2282	56	267
11900	81	267
17080	101	267
11539	409	267
10754	258	268
13567	291	268
9288	335	268
15125	452	268
17790	11	269
1741	63	269
11937	348	269
17229	567	269
7775	114	270
7098	128	270
15815	242	270
3704	418	270
4841	473	270
14251	564	270
6604	179	271
10538	183	271
3642	253	271
14750	327	271
16917	45	272
9736	97	272
8842	233	272
1723	314	272
18391	335	272
1841	532	272
3577	536	272
6403	340	273
7955	491	273
17791	2	274
16123	8	275
8400	98	275
5341	198	275
11860	240	275
6503	418	275
17363	475	275
3075	347	276
11659	476	276
16390	577	276
12801	86	277
2055	151	277
10356	214	277
4101	290	277
13791	357	277
6114	411	277
18046	421	277
8916	444	277
5641	473	277
7814	184	278
13554	208	278
10853	293	278
11338	308	278
9270	522	278
12707	534	278
2704	576	278
1443	84	279
5876	242	279
15319	352	279
13614	368	279
6634	383	279
10228	45	280
6187	266	280
7618	311	280
16048	349	280
18119	468	280
6857	473	280
4299	62	281
13093	144	281
7869	229	281
13619	327	281
3367	496	281
7434	553	281
6768	264	282
11837	501	282
770	551	283
2542	29	284
2800	44	284
7062	56	284
3747	398	284
9005	409	284
4070	57	285
1918	63	285
7432	181	285
4924	295	285
716	364	285
14756	381	285
18176	89	286
11222	335	286
13220	386	286
13361	548	286
11867	24	287
12116	42	287
6308	202	287
2143	320	287
7240	337	287
12263	570	287
2162	66	288
14570	182	288
16368	343	288
9122	418	288
14252	463	288
6451	498	288
11135	56	289
12570	398	289
9720	409	289
16852	226	290
4425	277	290
13909	477	290
17607	538	290
2578	30	291
3066	228	291
5425	258	291
3685	268	291
1290	300	291
8025	306	291
4648	335	291
7369	452	291
9744	564	291
12620	77	292
9208	3	293
10353	58	293
16778	114	293
2482	140	293
9926	184	293
11897	208	293
3648	234	293
9650	278	293
12111	308	293
16004	369	293
10174	429	293
4542	438	293
3139	492	293
4981	510	293
18204	522	293
10385	527	293
7935	534	293
7572	555	293
13128	584	293
11769	48	294
3756	341	294
16976	476	294
15900	57	295
11172	59	295
10261	113	295
15159	133	295
16105	173	295
17610	181	295
10676	285	295
5049	25	296
11192	47	296
7585	52	296
3465	85	296
14895	93	296
889	150	296
15432	178	296
10623	254	296
5634	296	296
12726	408	296
666	419	296
17778	431	296
14810	448	296
7036	464	296
10363	542	296
6275	560	296
16124	12	297
12525	106	297
14215	147	297
8191	161	297
12303	209	297
6270	213	297
11948	216	297
8355	217	297
669	223	297
3640	384	297
18079	426	297
16098	482	297
4847	506	297
10517	190	298
7833	226	298
13337	530	298
9695	541	298
16901	116	299
16817	131	299
7837	468	299
11059	69	300
8215	71	300
4434	146	300
9547	291	300
9561	306	300
1954	335	300
6645	385	300
11979	406	300
17473	407	300
12776	457	300
8981	532	300
4513	559	300
12963	577	300
7534	37	301
6436	74	301
13308	87	301
6844	218	301
13179	255	301
9598	414	301
11538	77	302
6441	82	302
13790	211	302
18434	316	302
10926	322	302
15344	333	302
3147	412	302
16890	445	302
2145	539	302
7577	586	302
7218	47	303
8723	52	303
18080	93	303
4386	178	303
5023	303	303
1196	408	303
3348	419	303
8326	21	304
6248	138	304
5566	393	304
5157	500	304
17945	503	304
6463	518	304
7902	45	305
7126	321	305
15524	461	305
10755	498	305
17392	71	306
9318	291	306
1005	300	306
14793	385	306
13865	407	306
13522	183	307
15036	309	307
15782	3	308
7403	58	308
4416	114	308
5103	140	308
13623	184	308
9663	208	308
882	234	308
5421	278	308
9997	293	308
15069	369	308
11532	429	308
10313	438	308
2856	492	308
12250	510	308
10925	522	308
7029	527	308
4424	534	308
16579	555	308
8535	584	308
10283	183	309
15318	307	309
13861	100	310
6917	144	310
14795	344	310
6111	264	311
5194	280	311
4455	501	311
14743	511	311
3352	134	312
3565	164	312
7536	260	312
9688	428	312
6474	465	312
10561	513	312
7791	39	313
3898	362	313
1400	491	313
14878	495	313
5496	34	314
15954	69	314
11946	110	314
16999	148	314
3746	272	314
12425	375	314
13237	380	314
16645	386	314
1394	439	314
15567	471	314
16614	506	314
9018	512	314
8118	199	315
12789	317	315
13312	331	315
15014	565	315
10489	302	316
10098	60	317
2064	99	317
13651	124	317
11551	261	317
1454	315	317
9065	331	317
4367	366	317
10844	535	317
5992	565	317
3459	13	318
14713	42	318
8559	151	318
3318	163	318
8608	233	318
15729	377	318
3554	570	318
15661	29	319
7304	120	319
10381	138	319
6301	411	319
5912	429	319
13313	553	319
15682	555	319
4727	576	319
11991	42	320
2994	287	320
1575	427	320
11714	486	320
4446	3	321
6696	21	321
10997	76	321
6337	97	321
17884	147	321
8318	201	321
980	305	321
4710	327	321
3470	505	321
13938	18	322
7294	72	322
8855	130	322
12757	302	322
16573	432	322
14899	497	322
6024	516	322
1974	575	322
861	127	323
17361	152	323
9302	169	323
10441	194	323
8771	227	323
13986	259	323
4279	472	323
7033	564	323
5423	574	323
904	94	324
4943	331	324
10752	454	324
14027	565	324
1488	74	325
18137	143	325
1739	347	325
13871	478	325
14219	9	326
6382	50	327
6786	55	327
6116	62	327
7695	103	327
1593	141	327
13531	167	327
11306	179	327
11171	183	327
2333	253	327
4255	256	327
14718	271	327
1694	281	327
9748	321	327
1253	353	327
13990	359	327
9473	446	327
5380	489	327
5203	496	327
15477	499	327
18070	508	327
15868	519	327
4569	537	327
14303	29	328
6412	66	328
3698	170	328
12971	259	328
11359	472	328
12720	574	328
7169	172	329
1910	476	329
11448	55	330
8316	167	330
17259	430	330
11982	523	330
8478	552	330
7606	60	331
3014	99	331
14581	115	331
7646	199	331
5775	315	331
3031	317	331
10560	324	331
15617	400	331
13955	565	331
11277	39	332
9130	393	332
3188	444	332
4445	477	332
1047	503	332
12304	302	333
12419	33	334
11262	78	334
17150	126	334
13728	186	334
17606	251	334
4644	257	334
16426	336	334
12011	350	334
6736	367	334
10382	376	334
15771	395	334
4747	416	334
17350	442	334
2015	505	334
2128	553	334
5509	576	334
1309	588	334
16907	67	335
8451	89	335
9180	121	335
7757	145	335
9709	228	335
16407	238	335
1043	258	335
8871	268	335
3362	272	335
2192	286	335
5776	291	335
5039	300	335
5743	342	335
4839	386	335
2130	435	335
2922	450	335
4389	452	335
13184	571	335
2764	29	336
3703	35	336
14241	86	336
7844	131	336
16807	215	336
14563	334	336
8866	355	336
16843	413	336
11220	420	336
14579	421	336
4240	531	336
964	24	337
7073	42	337
936	202	337
1644	287	337
10108	264	338
13490	501	338
15447	22	339
15405	56	339
9986	61	339
17342	83	339
12108	101	339
9684	372	339
730	404	339
9894	409	339
1422	273	340
2419	491	340
12589	557	340
11067	13	341
3724	14	341
6398	17	341
17075	32	341
17552	107	341
11969	187	341
6623	294	341
14323	344	341
17501	425	341
11275	67	342
1456	335	342
7903	450	342
13000	13	343
16512	32	343
15050	66	343
18429	80	343
15403	114	343
934	240	343
10196	288	343
868	361	343
17424	483	343
14543	515	343
13213	41	344
16835	53	344
7924	63	344
16858	124	344
4683	175	344
2051	183	344
7274	310	344
14961	341	344
6527	366	344
13948	528	344
8019	219	345
16904	354	345
4589	585	345
2795	144	346
6991	554	346
6479	166	347
11404	235	347
11981	257	347
13400	264	347
10494	276	347
15393	325	347
9320	11	348
16710	31	348
16569	63	348
14198	269	348
1806	400	348
7422	437	348
18130	554	348
17909	264	349
10885	280	349
16284	549	349
728	23	350
8768	334	350
9532	476	350
16720	48	351
13641	198	351
5817	201	351
2654	84	352
17801	130	352
6465	137	352
15752	190	352
13084	204	352
13113	205	352
7318	279	352
6317	355	352
8718	363	352
5970	368	352
11939	383	352
14595	436	352
12752	444	352
2604	468	352
9675	581	352
7721	15	353
4686	50	353
13073	141	353
8345	144	353
10002	327	353
6650	359	353
13538	423	353
16040	489	353
11740	519	353
8627	546	353
9960	114	354
14380	220	354
4662	266	354
7897	345	354
4094	543	354
4730	131	355
4300	336	355
13109	352	355
12164	473	355
11690	525	355
11987	581	355
12902	130	356
3302	151	356
6820	190	356
1105	233	356
2108	480	356
8720	135	357
10084	151	357
18103	165	357
3112	277	357
9346	453	357
5123	538	357
4444	23	358
3826	91	358
9788	402	358
14506	15	359
11765	50	359
13630	62	359
1409	141	359
12410	144	359
10464	327	359
12034	353	359
11337	423	359
10998	489	359
18042	496	359
4638	519	359
17398	546	359
14858	172	360
15964	476	360
18279	19	361
6508	156	361
5189	188	361
8476	192	361
10332	194	361
1278	219	361
2979	343	361
10682	515	361
16644	39	362
3262	313	362
6438	491	362
6362	495	362
9118	190	363
8471	352	363
7571	383	363
12584	581	363
7470	57	364
9690	59	364
10519	81	364
16582	208	364
4354	285	364
13776	74	365
8041	107	366
5438	115	366
11235	124	366
15299	317	366
8157	344	366
9364	12	367
9772	49	367
1686	97	367
10150	209	367
15882	334	367
2351	376	367
7072	505	367
8713	553	367
13586	39	368
11435	84	368
2395	279	368
6516	352	368
3243	208	369
12324	247	369
16897	293	369
2937	308	369
17154	510	369
15127	125	370
9325	220	370
2616	533	370
16622	544	370
2393	566	370
15238	573	370
15330	447	371
4795	22	372
17236	56	372
14526	61	372
2123	83	372
13083	101	372
1583	339	372
13183	404	372
6473	409	372
7896	64	373
1623	79	373
12329	135	373
11794	154	373
17293	417	373
15798	453	373
8809	460	373
4759	474	373
5240	507	373
3346	151	374
12051	233	374
12540	530	374
2733	27	375
8925	76	375
13636	108	375
4510	119	375
1268	148	375
763	314	375
6079	385	375
17893	392	375
6969	406	375
2443	471	375
6885	556	375
6825	213	376
12328	334	376
3499	367	376
17772	476	376
6288	588	376
15084	42	377
10137	190	377
15193	195	377
7092	318	377
12900	418	377
1826	427	377
17582	462	377
16402	570	377
3027	163	378
17923	173	378
12738	568	378
17845	10	379
3303	209	379
2504	506	379
8020	213	380
16861	314	380
11811	439	380
10832	57	381
6236	58	381
10272	122	381
17211	181	381
2448	285	381
2309	580	381
8525	75	382
14143	102	382
4771	152	382
17376	389	382
14791	428	382
7368	514	382
16429	279	383
17903	352	383
18135	363	383
8466	297	384
6251	482	384
2259	30	385
3732	300	385
13481	306	385
10388	375	385
16774	406	385
7000	471	385
9031	5	386
4545	286	386
5913	314	386
11329	335	386
12047	178	387
11566	219	388
12152	481	388
8831	17	389
5084	75	389
1704	126	389
9442	382	389
10024	411	389
5528	434	389
4936	520	389
16713	113	390
12507	185	390
7370	244	390
4800	246	390
2391	391	390
15802	520	390
4540	162	391
10288	246	391
17448	252	391
8529	390	391
1267	428	391
6083	517	391
15571	526	391
12240	108	392
5627	119	392
3276	213	392
943	375	392
12844	405	392
3736	471	392
3582	38	393
7664	248	393
14495	304	393
14224	332	393
9570	444	393
9386	491	393
3711	503	393
6522	511	394
3427	33	395
13431	78	395
4963	334	395
14099	588	395
13390	45	396
8989	536	396
2957	559	396
10281	200	397
7677	585	397
11387	56	398
5517	165	398
13635	284	398
12433	289	398
2261	409	398
3063	4	399
2374	74	399
13605	568	399
16022	11	400
9319	60	400
3570	63	400
9215	99	400
5405	331	400
14552	348	400
6107	565	400
12675	1	401
12808	185	401
12102	444	401
7276	8	402
15043	30	402
5580	358	402
4103	577	402
7838	442	403
9308	493	403
732	514	403
8236	553	403
5449	22	404
15443	56	404
2073	61	404
2868	83	404
12367	101	404
2129	339	404
10121	372	404
4314	27	405
12130	392	405
2525	556	405
4712	30	406
7674	71	406
18108	300	406
1035	375	406
9984	385	406
1246	471	406
9522	146	407
5708	300	407
6442	306	407
17641	559	407
8063	25	408
4348	47	408
17112	52	408
2520	85	408
3494	93	408
4807	96	408
16324	150	408
8057	178	408
11552	254	408
13764	296	408
2189	303	408
3664	408	408
5522	419	408
5790	448	408
13027	464	408
17241	542	408
10975	560	408
8845	36	409
16007	44	409
11076	56	409
2842	61	409
11401	81	409
5764	83	409
6071	101	409
7433	171	409
10044	267	409
8498	284	409
9016	289	409
5578	339	409
9929	372	409
12713	398	409
14616	440	409
2590	504	409
6102	525	409
4079	48	410
1767	165	410
10354	261	410
10527	500	410
4388	38	411
17441	68	411
11931	126	411
7849	136	411
13254	170	411
11722	184	411
11125	277	411
10942	319	411
15223	389	411
10727	421	411
15309	466	411
3655	576	411
9853	302	412
5565	29	413
13121	35	413
3036	86	413
8949	131	413
6057	136	413
3514	336	413
10551	421	413
916	301	414
1410	551	414
11218	205	415
9357	242	415
12114	468	415
5577	473	415
12636	33	416
8223	126	416
13593	334	416
10052	588	416
12032	64	417
5453	79	417
4880	135	417
3270	154	417
4716	159	417
8986	373	417
17411	422	417
8552	453	417
16688	460	417
14232	474	417
1656	507	417
5956	198	418
3091	270	418
11460	275	418
17059	288	418
9231	377	418
2848	495	418
8410	568	418
18049	25	419
6547	47	419
998	52	419
14319	85	419
2194	93	419
1791	96	419
13363	150	419
17076	178	419
11097	254	419
9749	296	419
8797	303	419
2743	408	419
4092	419	419
18019	431	419
4649	448	419
13880	464	419
9163	542	419
12729	560	419
3135	35	420
15189	81	420
10021	131	420
10582	165	420
16084	173	420
9186	241	420
18365	244	420
11183	336	420
721	518	420
4919	29	421
18172	68	421
4113	277	421
3105	336	421
14381	411	421
17221	413	421
13818	466	421
4147	576	421
6450	135	422
7531	417	422
5574	453	422
1373	460	422
3873	15	423
13832	50	423
11311	62	423
13543	141	423
18361	199	423
6955	229	423
2991	353	423
1597	359	423
18143	446	423
5845	489	423
13953	496	423
9977	519	423
2022	546	423
15736	46	424
4956	72	424
8806	13	425
3512	14	425
16095	32	425
16914	155	425
12194	341	425
7923	488	425
17252	510	425
12583	20	426
12280	106	426
3750	209	426
15678	297	426
6298	42	427
13884	159	427
15429	195	427
15001	320	427
16984	377	427
3430	538	427
2599	570	427
17941	162	428
7471	252	428
14726	312	428
9012	382	428
5370	391	428
17268	3	429
17177	184	429
1234	208	429
1179	293	429
9818	308	429
6828	319	429
3912	438	429
15404	510	429
10729	527	429
12243	534	429
5417	540	429
2293	555	429
6070	584	429
15295	103	430
6847	330	430
7710	461	430
8035	484	430
13388	523	430
806	578	430
617	47	431
6168	52	431
1310	93	431
10035	218	431
13399	296	431
9967	419	431
7491	431	431
1869	46	432
5543	72	432
16217	123	432
9610	322	432
10628	10	433
11530	97	433
5698	461	433
13069	484	433
9524	506	433
615	170	434
13923	209	434
3132	389	434
9763	335	435
4058	571	435
14159	137	436
7246	233	436
12379	352	436
16376	11	437
5452	21	437
12015	31	437
1721	128	437
13459	133	437
16467	201	437
10279	348	437
11965	552	437
10864	3	438
3006	184	438
7155	208	438
4032	293	438
727	308	438
13747	429	438
11923	510	438
14254	527	438
4926	534	438
7275	555	438
17104	584	438
8064	213	439
16039	314	439
7549	380	439
13677	56	440
13740	171	440
15273	409	440
5434	184	441
7701	208	441
11526	234	441
5556	237	441
6420	492	441
17488	540	441
15873	128	442
15449	334	442
4134	403	442
5986	493	442
1914	514	442
3411	104	443
7074	213	443
9540	1	444
4167	7	444
8827	38	444
15066	86	444
8852	185	444
9741	214	444
10522	248	444
13562	277	444
16995	332	444
5880	352	444
926	393	444
11893	401	444
7053	530	444
787	302	445
7692	15	446
4640	327	446
7994	423	446
5009	502	446
7150	546	446
2388	567	446
15912	85	447
14243	90	447
2200	105	447
3179	118	447
15343	139	447
2838	150	447
5932	178	447
17088	236	447
11852	371	447
15976	511	447
15834	542	447
18043	547	447
2810	550	447
13695	47	448
15823	52	448
9656	93	448
2401	178	448
4159	296	448
10826	408	448
12447	419	448
17984	448	448
11547	23	449
7648	45	449
10303	264	449
5581	476	449
5411	559	449
9758	67	450
10679	335	450
4505	342	450
8010	13	451
12774	113	451
14969	170	451
1466	517	451
16447	576	451
10954	30	452
3828	258	452
10977	268	452
7794	291	452
3891	335	452
4610	4	453
7675	64	453
17692	79	453
4861	101	453
18349	135	453
13935	159	453
5735	195	453
17348	357	453
9305	373	453
10235	417	453
11385	422	453
2168	460	453
1125	470	453
15434	474	453
10076	507	453
11485	48	454
1122	94	454
11508	108	454
8823	324	454
4124	587	454
14646	149	455
13357	213	455
13317	9	456
1938	121	457
14357	210	457
3679	300	457
16024	476	457
16348	19	458
17077	127	458
9855	262	458
8200	525	458
3308	530	458
14882	541	458
18062	217	459
13080	233	459
2648	480	459
1755	64	460
16161	79	460
7271	135	460
13613	159	460
18041	373	460
12947	417	460
15048	422	460
17073	453	460
13917	474	460
18358	507	460
4163	167	461
8294	183	461
9605	256	461
10233	305	461
14816	430	461
6752	433	461
10981	484	461
10431	578	461
16276	588	461
2836	190	462
3175	205	462
6388	377	462
725	477	462
2962	541	462
15269	562	462
6611	19	463
8912	32	463
15901	127	463
17445	151	463
3958	170	463
4609	288	463
8686	47	464
16659	52	464
14681	93	464
5300	178	464
16680	296	464
2014	408	464
14041	419	464
13694	464	464
2873	134	465
9042	155	465
11631	230	465
14229	312	465
5692	488	465
8867	35	466
11284	80	466
16819	411	466
3344	421	466
4409	9	467
2241	116	468
775	226	468
16449	242	468
2089	280	468
18376	299	468
14605	352	468
9177	415	468
7515	477	468
4470	77	469
16359	3	470
17332	4	470
7596	203	470
13172	453	470
858	27	471
16708	76	471
3093	108	471
5821	119	471
7970	148	471
9815	314	471
12756	375	471
14525	385	471
2171	392	471
4277	406	471
2726	556	471
8924	65	472
9212	169	472
14320	170	472
12893	259	472
10320	265	472
2472	323	472
4459	328	472
15445	530	472
2622	531	472
11629	574	472
12821	84	473
13298	204	473
8182	233	473
7858	270	473
14175	277	473
8013	280	473
14703	355	473
15862	415	473
8749	64	474
10391	79	474
4799	135	474
4035	154	474
13507	373	474
605	417	474
14561	453	474
3316	460	474
5788	507	474
5603	23	475
14788	91	475
6318	154	475
10368	172	475
956	265	475
2760	275	475
16415	525	475
2233	564	475
2116	34	476
2075	43	476
16796	45	476
2463	110	476
9583	121	476
7417	129	476
12060	153	476
14909	166	476
9511	210	476
2850	235	476
7579	249	476
13588	257	476
16213	264	476
16805	276	476
2403	294	476
15350	329	476
1321	350	476
5672	360	476
3885	376	476
1616	449	476
10693	457	476
11000	529	476
6399	559	476
15502	561	476
3727	588	476
6560	86	477
17548	226	477
5309	248	477
9198	290	477
8854	332	477
17958	462	477
16266	468	477
12868	538	477
5898	182	478
16799	218	478
1801	325	478
9264	77	479
10254	92	480
13549	205	480
1152	233	480
12989	356	480
4855	459	480
3676	66	481
5377	388	481
3896	582	481
15485	587	481
2538	216	482
16059	297	482
6805	384	482
6126	132	483
11164	182	483
14178	226	483
17035	343	483
15053	495	483
10188	548	483
5820	97	484
18186	161	484
3798	430	484
7300	433	484
11223	461	484
6120	506	484
6243	4	485
4595	21	485
2260	114	485
600	144	485
1670	217	485
6002	243	485
10830	261	485
3899	42	486
5948	320	486
8328	35	487
1324	169	487
16329	174	487
6764	503	487
8730	13	488
6328	17	488
4406	155	488
18324	425	488
5799	465	488
16156	520	488
1574	15	489
3046	50	489
10627	141	489
11113	144	489
16278	327	489
8422	353	489
3249	359	489
7771	423	489
8197	519	489
18419	546	489
16864	193	490
12167	494	490
14476	14	491
3453	39	491
17206	70	491
10665	129	491
11973	132	491
6644	231	491
8851	273	491
7749	313	491
9297	340	491
3907	362	491
6796	393	491
3347	495	491
7444	524	491
3336	549	491
14866	557	491
1816	184	492
16412	208	492
9510	293	492
17141	308	492
3081	441	492
17938	576	492
11701	113	493
16386	136	493
1500	173	493
3002	184	493
1329	244	493
8459	403	493
7280	442	493
9410	540	493
4687	9	494
7338	16	494
2507	37	494
12600	193	494
15857	255	494
10379	490	494
5121	525	494
17244	88	495
7805	129	495
12858	231	495
13934	313	495
16797	362	495
6340	418	495
11523	483	495
1784	491	495
14564	524	495
17841	15	496
16458	62	496
10993	144	496
2961	281	496
2039	327	496
5559	359	496
12768	423	496
7777	546	496
887	72	497
1848	322	497
11250	516	497
14011	575	497
9498	3	498
12041	133	498
13709	201	498
9936	288	498
13039	305	498
12912	552	498
16226	103	499
3603	183	499
7509	327	499
13771	508	499
12678	537	499
12835	48	500
6937	173	500
12228	261	500
3683	304	500
10581	410	500
8610	207	501
7480	282	501
12480	311	501
17349	338	501
16960	548	501
2618	549	501
17994	446	502
17032	554	502
10253	567	502
16052	102	503
4180	265	503
1495	304	503
3705	332	503
4865	393	503
10115	487	503
15529	531	503
15850	564	503
15413	36	504
5760	56	504
10162	409	504
7504	12	505
11677	147	505
2849	217	505
15779	321	505
7462	334	505
7774	367	505
18240	10	506
15408	12	506
2183	97	506
7807	209	506
8054	297	506
17701	314	506
14116	379	506
8140	433	506
15640	484	506
1137	64	507
3467	79	507
11771	135	507
17153	154	507
13387	373	507
3579	417	507
11364	453	507
2102	460	507
3734	474	507
15918	327	508
17227	499	508
1173	45	509
8406	536	509
15726	559	509
17542	184	510
999	208	510
10096	293	510
12710	308	510
11841	369	510
13303	425	510
8853	429	510
1343	438	510
15984	555	510
17538	51	511
15253	150	511
15195	158	511
6033	177	511
1181	178	511
11322	232	511
15204	255	511
10297	263	511
9394	311	511
3855	394	511
1547	447	511
15717	542	511
7521	569	511
14840	572	511
5711	30	512
10264	69	512
10394	314	512
2425	48	513
11882	134	513
7933	164	513
10548	189	513
14059	260	513
6538	312	513
14192	33	514
9455	75	514
6657	113	514
5144	126	514
16636	128	514
10674	244	514
12691	249	514
17305	382	514
18414	403	514
1833	442	514
2471	192	515
8095	343	515
922	361	515
18251	72	516
1986	322	516
13013	497	516
7540	575	516
8382	134	517
4829	186	517
7915	230	517
1307	244	517
6304	391	517
17321	451	517
11611	29	518
11418	35	518
4951	131	518
7198	173	518
1378	304	518
15927	420	518
11998	15	519
7445	50	519
4474	141	519
15607	144	519
13608	327	519
17943	353	519
15790	359	519
3585	423	519
15968	489	519
15957	546	519
16895	68	520
5702	126	520
15224	155	520
5939	244	520
9845	246	520
1200	389	520
12381	390	520
16128	488	520
14959	576	520
13500	55	521
11906	97	521
4892	161	521
15672	180	521
17162	184	522
10271	208	522
12306	278	522
16905	293	522
9858	308	522
2959	534	522
2888	576	522
16563	78	523
1599	330	523
14802	430	523
3842	588	523
10579	491	524
3738	495	524
1534	355	525
14238	409	525
5890	458	525
13573	475	525
5759	494	525
4676	568	525
2967	230	526
7056	252	526
4046	391	526
10016	3	527
5002	184	527
17679	208	527
13812	293	527
14940	308	527
11492	429	527
2072	438	527
8409	534	527
9751	555	527
16371	584	527
10711	63	528
9014	175	528
7541	344	528
1433	476	529
6835	1	530
7910	151	530
779	227	530
13617	259	530
6939	262	530
5026	298	530
5710	374	530
15822	444	530
13864	458	530
11148	472	530
5747	562	530
4911	574	530
7850	581	530
18146	1	531
991	35	531
1834	65	531
16756	68	531
890	80	531
16844	246	531
16744	259	531
12567	336	531
6833	472	531
4066	503	531
1596	69	532
6297	97	532
9034	272	532
17587	300	532
2490	559	532
9182	125	533
10825	220	533
6263	370	533
5767	544	533
12360	566	533
10818	573	533
1607	3	534
3123	184	534
9353	208	534
14221	278	534
13001	293	534
10666	308	534
946	429	534
12026	438	534
13774	522	534
17506	527	534
8838	555	534
13810	584	534
11712	31	535
7653	133	535
12272	317	535
16353	540	535
7101	552	535
8362	45	536
11267	272	536
16570	396	536
9677	509	536
12288	559	536
970	179	537
17458	183	537
10550	327	537
8621	499	537
2735	211	538
16185	290	538
17869	357	538
16867	427	538
2737	477	538
7562	302	539
11845	586	539
10962	120	540
6135	244	540
17041	429	540
10930	441	540
2696	493	540
1528	535	540
12745	552	540
9489	555	540
1615	188	541
15691	190	541
16389	298	541
16494	458	541
2270	462	541
16621	47	542
2173	52	542
15753	93	542
11269	178	542
3807	218	542
14204	296	542
16516	408	542
16306	419	542
15313	447	542
6165	511	542
1522	542	542
18458	14	543
18101	17	543
18220	32	543
3354	85	543
9712	187	543
2919	219	543
17697	354	543
12795	563	543
17545	370	544
16667	533	544
16230	168	545
11200	172	545
17982	548	545
7716	15	546
7876	50	546
6924	62	546
9423	141	546
7808	199	546
7884	229	546
3062	353	546
10285	359	546
2996	423	546
11905	446	546
14180	489	546
6716	496	546
3535	519	546
17137	9	547
14082	447	547
7291	39	548
3656	73	548
17340	117	548
5036	172	548
15471	176	548
9551	207	548
17901	245	548
3392	286	548
3059	483	548
1531	501	548
10318	545	548
607	558	548
5143	39	549
13176	206	549
14363	349	549
9649	491	549
4933	501	549
749	447	550
5362	37	551
18161	193	551
714	255	551
8321	283	551
1007	414	551
5472	31	552
11763	55	552
4509	128	552
14591	133	552
10633	201	552
8225	330	552
14114	437	552
12252	498	552
17999	535	552
13787	540	552
2938	553	552
7366	49	553
13579	120	553
10816	128	553
1842	180	553
13222	201	553
11197	210	553
4148	281	553
1646	319	553
4555	334	553
12476	367	553
17655	403	553
8841	552	553
625	561	553
12918	588	553
7039	100	554
14069	346	554
8742	348	554
11209	502	554
12730	567	554
11352	3	555
13929	184	555
13440	208	555
8903	293	555
3634	308	555
9943	319	555
7868	429	555
6769	438	555
16745	510	555
12736	527	555
18110	534	555
689	540	555
8817	584	555
2677	27	556
5839	190	556
13944	213	556
18013	375	556
5475	405	556
10181	471	556
7691	340	557
1880	491	557
4507	264	558
8114	548	558
9452	45	559
17334	73	559
2613	92	559
15730	98	559
7264	112	559
3668	117	559
7001	176	559
16806	210	559
3184	212	559
1710	245	559
10662	251	559
3044	300	559
3880	396	559
2992	407	559
15172	449	559
9151	476	559
4084	509	559
4554	532	559
2318	536	559
9957	561	559
5769	47	560
4622	52	560
17380	93	560
9831	296	560
14142	408	560
4788	419	560
12214	560	560
10259	210	561
1101	476	561
17443	553	561
9554	559	561
6056	577	561
17337	194	562
11182	227	562
3330	262	562
1198	462	562
2835	530	562
12724	19	563
18351	111	563
12643	543	563
9199	48	564
13433	194	564
12236	265	564
8255	270	564
10415	291	564
17631	323	564
16089	475	564
14734	503	564
11147	587	564
8677	60	565
2207	99	565
11627	115	565
15060	199	565
11374	315	565
13900	317	565
12608	324	565
13444	331	565
12364	400	565
11051	370	566
7045	533	566
18294	269	567
12655	446	567
1812	502	567
6091	554	567
13685	188	568
7870	261	568
11194	378	568
17558	399	568
2049	418	568
5096	525	568
6435	580	568
17804	511	569
3218	42	570
15699	202	570
6673	287	570
13019	318	570
4053	377	570
6493	427	570
10319	335	571
4407	435	571
11412	178	572
17763	511	572
10198	370	573
11438	533	573
15742	65	574
12759	169	574
16950	170	574
18428	259	574
12127	323	574
3469	328	574
2227	472	574
10783	530	574
6496	72	575
7753	322	575
12105	497	575
13329	516	575
3119	148	576
2659	184	576
16294	278	576
11350	319	576
6336	334	576
6982	411	576
7103	421	576
16080	451	576
6443	492	576
10506	520	576
15138	522	576
14001	23	577
7340	39	577
633	210	577
9013	212	577
8351	276	577
10979	300	577
18053	402	577
13233	561	577
13216	167	578
950	224	578
16509	256	578
12370	430	578
4352	461	578
11686	149	579
8018	213	579
1893	57	580
13392	381	580
3936	568	580
3110	190	581
17507	233	581
4081	352	581
9337	355	581
9658	363	581
9965	530	581
1022	40	582
6269	77	582
14364	211	582
8288	225	582
9433	481	582
17057	586	582
10463	142	583
2332	190	583
17546	250	583
12520	3	584
13508	184	584
10451	208	584
15981	293	584
6951	308	584
9052	429	584
12376	438	584
14483	527	584
5087	534	584
5761	555	584
14893	85	585
4304	160	585
15401	186	585
843	200	585
8430	221	585
17111	345	585
5330	397	585
6323	94	586
8359	211	586
3837	302	586
10762	539	586
15649	582	586
17113	114	587
5422	154	587
3709	454	587
17504	481	587
5273	564	587
6123	12	588
11693	33	588
18223	34	588
2091	49	588
2804	55	588
15433	78	588
15511	110	588
9737	157	588
14621	334	588
17962	376	588
16488	395	588
14477	416	588
14625	461	588
7523	476	588
1078	523	588
1222	553	588
