15287	7	1
2682	214	1
15662	215	1
15033	444	1
4564	530	1
14868	531	1
7981	9	2
4694	255	2
10773	274	2
11871	138	3
6824	208	3
1914	234	3
7044	278	3
7169	293	3
17503	308	3
3292	321	3
7652	429	3
11073	438	3
13744	441	3
4403	470	3
2838	492	3
6546	498	3
8800	522	3
11995	527	3
8738	534	3
9652	555	3
14751	584	3
6353	38	4
9421	203	4
1192	265	4
1280	304	4
12946	393	4
4913	399	4
12761	453	4
14734	470	4
9187	485	4
8215	172	5
9203	386	5
10186	178	6
9829	408	6
11393	447	6
13003	511	6
17031	1	7
9230	444	7
6367	23	8
18188	154	8
1609	240	8
11738	275	8
18266	2	9
2748	90	9
12455	105	9
17795	118	9
17833	191	9
17002	222	9
11335	326	9
16772	456	9
3793	467	9
1319	494	9
2717	547	9
14498	154	10
4417	209	10
12697	379	10
14052	433	10
11291	506	10
5553	63	11
15844	269	11
5128	348	11
6858	400	11
16276	437	11
12732	297	12
6790	367	12
12081	506	12
11263	588	12
17507	17	13
5681	151	13
17994	152	13
10994	155	13
7374	164	13
12784	184	13
13716	260	13
12690	425	13
1320	451	13
18249	465	13
6331	488	13
3209	183	14
2561	253	14
949	425	14
1934	491	14
2989	543	14
16557	50	15
10632	62	15
2801	141	15
7155	199	15
14979	229	15
3420	281	15
8785	353	15
4934	359	15
9651	423	15
14348	446	15
11544	489	15
6905	496	15
16283	519	15
1984	546	15
3952	193	16
3736	494	16
4516	13	17
2100	126	17
9849	155	17
5221	160	17
14531	182	17
1225	341	17
11503	389	17
17632	488	17
2018	543	17
13061	72	18
10066	94	18
17379	116	18
5971	123	18
4998	322	18
2798	127	19
5293	189	19
8666	194	19
3364	361	19
8815	458	19
17068	463	19
14092	563	19
13223	154	20
17039	209	20
15770	426	20
18130	138	21
4744	217	21
2173	304	21
9383	321	21
15769	437	21
17330	485	21
6246	36	22
6751	61	22
15237	83	22
11425	101	22
2950	165	22
8225	339	22
15955	372	22
1350	404	22
8400	409	22
6186	8	23
13814	91	23
11988	172	23
2192	350	23
5791	358	23
15763	449	23
3601	475	23
17414	577	23
3078	42	24
2857	202	24
7100	226	24
11010	287	24
9097	320	24
10704	337	24
7562	427	24
3893	570	24
5906	25	25
3588	47	25
6045	52	25
1504	93	25
1603	178	25
8240	296	25
14319	408	25
10497	419	25
9390	178	26
7769	296	26
15029	408	26
11400	375	27
18323	405	27
5406	471	27
938	556	27
5958	130	28
18181	233	28
11525	165	29
10758	284	29
12128	319	29
8080	328	29
11330	336	29
8193	398	29
3168	421	29
18112	466	29
18212	518	29
17133	69	30
16799	71	30
11367	146	30
15214	238	30
3578	291	30
14480	385	30
11537	406	30
12700	452	30
18048	512	30
12588	133	31
16527	348	31
9674	437	31
7721	535	31
14198	552	31
8447	80	32
14851	101	32
8801	127	32
2141	195	32
16562	343	32
7068	409	32
14770	425	32
13065	463	32
11696	543	32
15805	186	33
1098	334	33
16418	416	33
1336	514	33
2978	588	33
1548	110	34
5478	213	34
6489	314	34
8268	476	34
14511	588	34
17143	336	35
10404	413	35
3849	420	35
7015	466	35
6710	487	35
10831	518	35
7731	531	35
4481	22	36
12513	56	36
16963	83	36
15051	101	36
2987	171	36
3865	267	36
5841	339	36
646	372	36
7173	404	36
10555	409	36
1424	440	36
17386	504	36
7232	178	37
15637	301	37
4270	494	37
1220	551	37
9830	4	38
5973	393	38
11048	411	38
13711	444	38
8664	182	39
6283	264	39
13309	313	39
14912	332	39
3087	362	39
13762	491	39
660	548	39
10389	549	39
9305	577	39
7899	45	40
10376	84	40
18438	582	40
12672	53	41
1081	344	41
8908	24	42
9207	202	42
13594	226	42
12976	287	42
14021	318	42
16885	320	42
11559	337	42
10118	377	42
2681	427	42
3012	486	42
11281	538	42
11723	570	42
8633	172	43
17368	476	43
12298	101	44
16763	241	44
6098	284	44
15322	409	44
2802	40	45
13749	76	45
14450	109	45
12833	112	45
6743	204	45
13947	228	45
13236	233	45
4448	272	45
16492	280	45
15601	321	45
11582	396	45
6068	476	45
4950	509	45
2998	536	45
4330	559	45
9119	72	46
11992	424	46
16683	432	46
14351	497	46
3906	25	47
3423	47	47
4851	52	47
11310	85	47
11530	93	47
5249	96	47
7062	178	47
10759	255	47
1131	296	47
14869	303	47
6300	387	47
8452	408	47
3733	414	47
10540	419	47
13588	431	47
7181	448	47
10745	464	47
3268	542	47
9504	560	47
10445	572	47
1626	98	48
5371	198	48
16474	243	48
13493	294	48
16176	351	48
13002	410	48
4409	454	48
13368	500	48
12182	513	48
6260	564	48
16515	97	49
7549	180	49
2486	367	49
15351	553	49
12760	588	49
7311	15	50
16036	62	50
1183	141	50
14915	144	50
17421	229	50
1568	281	50
14614	327	50
10793	353	50
9273	359	50
8302	423	50
16194	489	50
6819	496	50
7476	519	50
10690	546	50
16246	553	50
16504	178	51
11087	296	51
8642	408	51
3761	511	51
15632	25	52
17060	47	52
7686	52	52
10611	85	52
14755	93	52
14460	96	52
11848	178	52
13474	254	52
13191	255	52
9193	296	52
8134	303	52
10213	387	52
5094	408	52
16838	414	52
15685	419	52
4473	431	52
13296	464	52
11999	542	52
6202	560	52
6200	572	52
12995	41	53
1958	175	53
764	344	53
4779	111	54
5695	152	54
1286	167	55
12506	327	55
6107	330	55
6775	521	55
12841	552	55
14190	588	55
13383	36	56
15341	267	56
5816	398	56
607	409	56
4331	122	57
2058	140	57
8417	181	57
746	285	57
14845	295	57
3431	364	57
5603	381	57
6820	580	57
2528	181	58
1207	208	58
9081	293	58
12210	308	58
2167	381	58
11414	237	59
16262	295	59
9412	364	59
8155	99	60
12901	100	60
12643	144	60
8588	199	60
4976	317	60
8380	331	60
3109	400	60
16076	565	60
18170	22	61
4169	83	61
4706	101	61
14573	165	61
8897	171	61
6435	339	61
7180	372	61
11115	404	61
17958	409	61
14952	440	61
11262	15	62
11447	50	62
755	141	62
2715	144	62
16065	281	62
10590	353	62
6559	359	62
5217	423	62
9159	489	62
7083	496	62
11970	519	62
3403	546	62
8003	553	62
13785	11	63
4707	133	63
7925	269	63
14420	344	63
12405	348	63
18450	528	63
1584	79	64
11137	135	64
15913	154	64
3747	159	64
17765	373	64
630	417	64
17812	453	64
14674	460	64
6789	474	64
1811	507	64
1698	174	65
5814	194	65
4766	259	65
6841	472	65
12706	531	65
8807	574	65
814	156	66
13432	288	66
2409	328	66
1515	343	66
9994	388	66
5988	481	66
10143	335	67
9327	342	67
1946	450	67
7574	80	68
1624	170	68
2908	215	68
5014	421	68
11342	520	68
5184	531	68
8409	30	69
7873	145	69
5187	300	69
1058	314	69
6759	512	69
15690	532	69
6298	132	70
7969	491	70
13241	30	71
18435	146	71
3655	300	71
10298	306	71
6037	406	71
18121	18	72
1411	46	72
5042	123	72
15854	130	72
3800	322	72
11752	424	72
8573	432	72
2911	497	72
10990	516	72
15674	575	72
8338	264	73
886	548	73
8858	559	73
12769	301	74
16339	325	74
7865	365	74
11232	399	74
11913	160	75
5836	186	75
6606	201	75
9927	230	75
2337	382	75
10426	389	75
3912	514	75
12815	45	76
839	109	76
6152	190	76
4553	321	76
9060	375	76
1901	471	76
10548	196	77
17378	197	77
14047	225	77
16385	266	77
5680	292	77
1966	469	77
11930	479	77
15284	582	77
1769	128	78
2057	395	78
1065	523	78
3693	588	78
10251	64	79
5205	135	79
16270	154	79
4937	159	79
16561	373	79
14327	417	79
10223	453	79
11958	460	79
4968	474	79
2829	507	79
4288	32	80
7759	68	80
4009	101	80
17433	113	80
4775	170	80
2749	184	80
8355	343	80
7095	466	80
5059	531	80
4590	173	81
4525	240	81
5046	267	81
13207	409	81
3767	420	81
5577	302	82
18322	22	83
4647	36	83
5501	61	83
18301	101	83
16489	165	83
11332	171	83
6237	339	83
14354	372	83
10377	404	83
12439	409	83
5801	440	83
10293	40	84
14501	114	84
15743	137	84
16881	204	84
2835	242	84
14257	279	84
2653	352	84
13443	368	84
1972	436	84
17417	473	84
5225	47	85
13160	52	85
4605	85	85
9627	93	85
16613	178	85
8499	200	85
2773	215	85
9429	296	85
9585	408	85
4257	419	85
15897	447	85
1315	543	85
8283	585	85
16544	277	86
14064	336	86
13973	413	86
4435	444	86
4422	193	87
2942	301	87
17579	132	88
7527	495	88
12774	238	89
17695	286	89
2985	335	89
10211	9	90
14568	447	90
8527	23	91
16759	172	91
14249	358	91
1663	205	92
5017	217	92
14091	480	92
5751	25	93
16638	47	93
14591	52	93
9228	85	93
5163	93	93
17653	96	93
12735	178	93
17520	254	93
5690	255	93
9356	296	93
7993	303	93
3101	387	93
4753	408	93
2596	414	93
8061	419	93
18463	431	93
11033	448	93
806	464	93
3427	542	93
1576	560	93
2237	572	93
678	18	94
17407	123	94
13230	324	94
1240	454	94
8346	586	94
10581	182	95
11306	47	96
4534	52	96
7407	93	96
10218	96	96
8407	178	96
6960	408	96
17505	419	96
15780	49	97
4010	110	97
4201	157	97
6011	161	97
6568	180	97
4103	215	97
11202	272	97
13501	367	97
3394	433	97
2045	484	97
1094	506	97
7157	521	97
15731	532	97
11672	48	98
5379	154	98
17415	275	98
6582	60	99
9076	100	99
14611	144	99
5574	199	99
10703	317	99
14173	331	99
17212	400	99
4808	565	99
5612	60	100
3512	99	100
2297	199	100
6828	310	100
12655	554	100
4798	567	100
12890	22	101
8869	32	101
1845	36	101
17023	44	101
16328	61	101
12863	80	101
8073	83	101
2962	165	101
1353	173	101
15869	240	101
6376	267	101
17114	339	101
9003	372	101
5425	398	101
16422	404	101
13742	409	101
6942	504	101
12718	525	101
14186	198	102
1327	201	102
13554	243	102
7780	382	102
6558	503	102
11967	183	103
17357	327	103
3155	430	103
2455	499	103
2936	213	104
12891	443	104
15587	9	105
10777	447	105
11637	216	106
4859	297	106
4255	426	106
1717	115	107
1668	124	107
16067	126	107
17781	163	107
12557	341	107
6714	366	107
15400	213	108
7263	375	108
15808	392	108
15592	471	108
14830	45	109
13238	76	109
5356	147	109
2903	213	109
10974	228	109
5566	34	110
3928	97	110
5898	157	110
14613	213	110
18398	314	110
15634	476	110
12965	588	110
11855	54	111
4562	152	111
3933	201	111
4085	219	111
10320	221	111
3103	563	111
7980	45	112
12114	172	112
9348	559	112
16174	80	113
4063	184	113
9587	244	113
15530	246	113
9527	295	113
10506	390	113
2644	451	113
7698	493	113
15106	514	113
1531	84	114
8206	208	114
15860	242	114
8543	243	114
10898	270	114
1495	293	114
2853	308	114
3204	354	114
11199	485	114
16355	587	114
11129	107	115
4238	124	115
8327	175	115
7194	331	115
11698	366	115
17860	565	115
5744	18	116
4399	226	116
11778	299	116
12620	468	116
2261	264	117
1684	548	117
11963	559	117
685	9	118
14558	447	118
16925	213	119
4522	375	119
18221	392	119
8340	471	119
14884	165	120
14366	244	120
3425	319	120
9583	540	120
2636	553	120
10271	335	121
8976	457	121
3635	476	121
6078	57	122
17885	247	122
13099	381	122
3467	451	122
12709	18	123
4061	72	123
15482	94	123
9096	432	123
8603	107	124
15072	115	124
8384	317	124
4454	344	124
8234	366	124
13148	370	125
4899	533	125
15870	17	126
16716	107	126
12859	334	126
7826	389	126
7010	411	126
8607	416	126
15074	514	126
17213	520	126
4641	576	126
4731	19	127
7104	32	127
2598	323	127
2431	458	127
16391	463	127
14442	78	128
10502	270	128
4149	437	128
17067	442	128
2084	552	128
9526	553	128
1579	264	129
13358	476	129
7610	491	129
3208	495	129
7617	28	130
5802	72	130
9219	233	130
2236	352	130
9671	356	130
11172	581	130
16602	226	131
11650	299	131
1686	355	131
10181	420	131
5488	518	131
14905	70	132
15960	88	132
4318	182	132
11195	218	132
8680	231	132
15063	483	132
2975	491	132
9967	31	133
642	63	133
9198	437	133
14773	498	133
3104	535	133
7055	552	133
17663	136	134
2325	312	134
10187	465	134
3834	513	134
7592	517	134
14606	64	135
9002	79	135
4929	154	135
3001	159	135
8264	357	135
17892	373	135
7842	417	135
4006	422	135
7445	453	135
9447	460	135
6890	474	135
7511	507	135
2787	134	136
11372	411	136
10020	493	136
10128	84	137
9993	205	137
6467	352	137
16232	436	137
10012	3	138
8403	21	138
3475	201	138
9369	217	138
2104	243	138
8706	304	138
15907	319	138
4461	447	139
15748	57	140
5312	247	140
12476	293	140
3845	308	140
8074	15	141
17096	50	141
1608	62	141
11828	144	141
1867	281	141
1917	327	141
15680	353	141
12743	359	141
4395	423	141
13725	489	141
9817	496	141
9344	519	141
15784	546	141
3904	553	141
12251	190	142
6252	583	142
6146	325	143
2446	50	144
15892	60	144
12058	62	144
6365	99	144
13429	141	144
16062	281	144
15989	310	144
4568	346	144
16860	353	144
16911	359	144
5831	446	144
14449	485	144
8673	489	144
12296	496	144
12059	519	144
9953	69	145
9783	335	145
3624	30	146
16119	71	146
7131	300	146
13856	407	146
3583	109	147
17942	217	147
14532	223	147
10546	297	147
1941	321	147
9243	505	147
17939	314	148
3923	334	148
14015	375	148
12875	471	148
11889	213	149
15201	455	149
5218	579	149
17196	178	150
6140	296	150
1648	408	150
12607	511	150
15005	13	151
13110	318	151
14135	356	151
13071	357	151
11302	374	151
3117	463	151
7880	530	151
5471	13	152
4185	54	152
8804	111	152
3532	221	152
18050	382	152
1606	172	153
12181	476	153
17215	8	154
1640	10	154
16510	20	154
2992	64	154
13201	79	154
7718	98	154
14189	135	154
8697	209	154
9086	215	154
3189	373	154
2546	417	154
11170	460	154
7896	474	154
13911	475	154
8094	507	154
8319	587	154
9888	13	155
11353	17	155
3717	425	155
5737	465	155
14446	488	155
10776	66	156
14267	361	156
14958	97	157
16872	110	157
5442	161	157
6474	180	157
819	588	157
14695	511	158
3228	64	159
16866	79	159
15795	135	159
13500	195	159
8420	373	159
8119	417	159
10086	453	159
9275	460	159
7523	474	159
11527	507	159
5445	17	160
5207	75	160
6278	200	160
12335	585	160
13748	97	161
14224	157	161
2311	297	161
13016	484	161
2300	521	161
10833	391	162
11676	428	162
847	107	163
7522	318	163
14713	324	163
7640	378	163
8923	508	163
16354	13	164
8950	189	164
4162	260	164
8100	312	164
7801	513	164
2384	22	165
954	29	165
17562	61	165
9506	83	165
9124	101	165
5647	120	165
5085	284	165
2484	289	165
10648	339	165
10180	357	165
18164	372	165
4866	398	165
6840	404	165
5021	409	165
8935	410	165
14397	420	165
6302	172	166
2175	347	166
16523	476	166
14182	55	167
11739	327	167
16596	330	167
4494	461	167
3661	578	167
7470	172	168
8027	545	168
13520	174	169
15206	259	169
4529	323	169
2183	472	169
15376	487	169
7909	574	169
17305	68	170
1137	80	170
14990	259	170
18020	328	170
14709	434	170
9094	451	170
5995	463	170
7305	472	170
1538	574	170
1505	36	171
4327	61	171
17487	83	171
10968	372	171
11758	409	171
14177	440	171
13426	5	172
13105	23	172
1567	43	172
10819	91	172
6834	112	172
6798	153	172
3980	166	172
7205	168	172
14789	257	172
1580	329	172
15436	360	172
2654	475	172
17699	545	172
9168	548	172
1714	81	173
10614	101	173
4948	195	173
1873	241	173
7072	295	173
16043	378	173
634	420	173
12637	493	173
18135	500	173
16257	518	173
6884	65	174
17657	169	174
10864	487	174
10534	53	175
6105	115	175
13653	344	175
14752	528	175
14345	264	176
9013	548	176
13287	559	176
15840	178	177
3920	296	177
16795	408	177
12508	511	177
13395	6	178
11940	25	178
14619	26	178
15268	37	178
1523	47	178
1375	51	178
845	52	178
2428	85	178
6570	93	178
15199	96	178
15692	150	178
1429	177	178
9162	178	178
12625	218	178
16402	254	178
14489	255	178
17609	296	178
15916	303	178
4484	387	178
13550	394	178
2864	408	178
8572	414	178
12286	419	178
8739	431	178
14893	448	178
15807	464	178
5830	542	178
15966	560	178
6238	572	178
7685	183	179
2075	271	179
11675	327	179
12883	537	179
13859	49	180
3549	97	180
11171	157	180
8274	209	180
5740	57	181
6041	58	181
13045	285	181
10984	295	181
1842	381	181
17473	17	182
6641	39	182
3167	95	182
15620	132	182
4223	220	182
3841	288	182
15497	478	182
13139	483	182
2459	14	183
16659	103	183
1073	179	183
3153	224	183
15163	239	183
16997	253	183
5636	271	183
1667	307	183
17451	309	183
7395	327	183
12232	344	183
17479	461	183
10464	499	183
7878	537	183
4776	588	183
8405	13	184
12471	80	184
4873	113	184
10999	293	184
14870	308	184
2341	411	184
13715	429	184
13051	493	184
3830	555	184
5167	576	184
1745	248	185
16829	401	185
13446	444	185
1738	33	186
18337	75	186
1739	334	186
15973	585	186
9726	341	187
989	543	187
8875	217	188
6918	250	188
16388	361	188
4867	477	188
12958	541	188
5243	568	188
13792	19	189
11894	164	189
12792	260	189
884	513	189
14562	76	190
6527	142	190
1084	217	190
18429	250	190
14688	261	190
12600	298	190
14251	352	190
6052	356	190
9902	363	190
16875	377	190
5643	462	190
11054	541	190
13692	556	190
17445	581	190
10121	583	190
7548	9	191
17252	361	192
2357	515	192
8457	16	193
4246	87	193
16883	255	193
18137	414	193
4535	490	193
11681	494	193
11884	551	193
15095	19	194
5728	65	194
5156	262	194
6358	323	194
8504	562	194
6143	32	195
14448	159	195
3642	173	195
14728	262	195
6018	377	195
11437	453	195
2108	77	196
7370	77	197
12752	48	198
9377	102	198
17467	261	198
17472	351	198
1525	418	198
13423	15	199
1092	60	199
12287	99	199
16986	100	199
2649	315	199
14045	331	199
9693	423	199
3688	565	199
2572	85	200
9703	160	200
15985	397	200
617	585	200
12708	75	201
6906	102	201
13171	111	201
9024	138	201
1896	321	201
9288	498	201
12751	552	201
13589	553	201
10692	24	202
6459	42	202
12304	226	202
5630	287	202
18063	320	202
9722	337	202
14996	427	202
3878	570	202
12078	4	203
1296	470	203
17548	45	204
1059	84	204
14722	352	204
7587	473	204
7167	92	205
10891	137	205
3056	217	205
10459	233	205
11331	352	205
9676	415	205
4699	462	205
9042	480	205
6966	264	206
11053	549	206
9864	548	207
6414	3	208
10297	58	208
13787	114	208
12861	234	208
16655	278	208
15663	293	208
2565	308	208
1743	364	208
5133	369	208
7642	429	208
10899	438	208
11358	441	208
15392	492	208
3722	510	208
10335	522	208
15846	527	208
17259	534	208
2154	555	208
11352	584	208
4805	10	209
9039	20	209
1629	154	209
16143	180	209
11180	297	209
6509	367	209
12591	379	209
7554	426	209
14821	434	209
9004	506	209
14644	476	210
8238	553	210
6772	559	210
10726	577	210
723	225	211
15852	242	211
5661	302	211
8331	582	211
14144	586	211
16566	559	212
12661	577	212
14680	34	213
16534	104	213
8874	108	213
18433	109	213
870	110	213
14599	119	213
5265	149	213
16774	376	213
13484	380	213
1193	392	213
8085	439	213
17661	443	213
6145	455	213
2826	556	213
4566	579	213
8828	1	214
17070	277	214
12372	444	214
13262	1	215
12767	68	215
2262	85	215
17076	97	215
4157	154	215
10594	249	215
13473	336	215
4891	106	216
1291	223	216
16606	297	216
13548	482	216
11814	21	217
5620	92	217
15714	138	217
11100	147	217
3774	188	217
15315	190	217
8309	205	217
13285	250	217
12388	297	217
16019	459	217
658	485	217
5968	505	217
3285	132	218
10969	178	218
2414	301	218
3540	431	218
16943	478	218
8369	511	218
3527	542	218
7099	111	219
18248	345	219
9362	361	219
16235	388	219
9801	543	219
4046	182	220
13013	370	220
7746	533	220
8612	111	221
6872	152	221
10205	585	221
10626	9	222
13008	147	223
969	216	223
4212	297	223
11164	183	224
9437	239	224
12565	256	224
10951	578	224
4877	77	225
10079	211	225
7378	582	225
15831	24	226
8030	42	226
10285	116	226
7939	131	226
6141	202	226
741	287	226
5469	290	226
18047	298	226
14320	320	226
7133	337	226
17588	468	226
2757	477	226
16052	486	226
12915	570	226
16415	530	227
8885	562	227
13930	45	228
15629	109	228
9560	335	228
15457	15	229
18317	50	229
6601	281	229
3950	423	229
7881	496	229
15317	546	229
11975	75	230
18334	243	230
13634	465	230
16161	517	230
17284	526	230
8925	132	231
7022	491	231
12701	495	231
4984	511	232
993	28	233
7321	45	233
6142	130	233
3905	205	233
9424	272	233
12780	318	233
11148	356	233
5808	374	233
14336	436	233
15957	459	233
13601	473	233
12184	480	233
6681	581	233
13024	3	234
7293	208	234
593	237	234
13932	293	234
14570	308	234
15988	441	234
2789	264	235
13427	347	235
1830	476	235
1191	447	236
8130	59	237
8352	234	237
4299	441	237
10496	30	238
16159	89	238
18010	335	238
2476	183	239
6909	224	239
4096	8	240
8110	81	240
11518	101	240
7127	275	240
6384	343	240
15396	409	240
18379	44	241
8018	173	241
9189	420	241
16095	84	242
9065	114	242
8373	211	242
16465	270	242
10416	279	242
9890	415	242
1297	468	242
15090	48	243
13116	102	243
14218	114	243
4883	138	243
14434	230	243
3415	265	243
12292	485	243
17504	113	244
13147	120	244
18208	246	244
9692	390	244
3500	420	244
3842	514	244
6274	517	244
2823	520	244
7596	540	244
3221	264	245
5350	548	245
12993	559	245
8250	113	246
17437	244	246
18065	390	246
10460	391	246
17189	520	246
3330	531	246
4478	122	247
17387	140	247
6032	369	247
8141	185	248
11159	393	248
1289	444	248
5709	477	248
2207	215	249
5344	251	249
17163	476	249
14645	514	249
17136	188	250
17810	190	250
5479	217	250
14559	261	250
13841	351	250
14906	583	250
16178	249	251
10200	334	251
9011	476	251
8372	559	251
1053	391	252
11645	428	252
8816	526	252
7107	14	253
17762	183	253
9826	271	253
8636	327	253
3049	52	254
8979	93	254
4381	178	254
16468	254	254
11910	296	254
3328	408	254
11929	419	254
11373	2	255
4942	47	255
4658	52	255
10275	93	255
16669	178	255
11956	193	255
12558	255	255
9616	274	255
15014	296	255
11533	301	255
14512	370	255
16650	408	255
14975	419	255
4660	447	255
17851	494	255
9586	511	255
17655	533	255
9201	551	255
18094	224	256
11446	327	256
781	461	256
1432	578	256
5733	172	257
11401	347	257
16075	476	257
4750	268	258
16903	291	258
11152	335	258
16964	452	258
4725	65	259
15153	169	259
16298	170	259
17281	265	259
17398	323	259
16975	328	259
15150	472	259
4742	530	259
2326	531	259
17539	574	259
8600	13	260
10913	164	260
9478	189	260
10196	312	260
7135	513	260
5405	190	261
14349	198	261
15557	250	261
2932	410	261
9115	485	261
3918	500	261
15814	568	261
17413	194	262
10195	195	262
12987	458	262
13547	530	262
11757	562	262
5692	511	263
15555	39	264
15224	73	264
14697	117	264
8793	129	264
13823	176	264
2726	206	264
5732	235	264
2441	245	264
6227	282	264
3048	311	264
10022	338	264
13953	347	264
4882	349	264
1758	449	264
4599	476	264
7353	558	264
9802	559	264
17027	4	265
6692	243	265
9337	259	265
17280	472	265
5509	475	265
12091	503	265
4501	564	265
13800	574	265
3835	77	266
7567	280	266
16423	354	266
3612	36	267
10026	56	267
13592	81	267
4604	101	267
13048	409	267
1230	504	267
6124	258	268
1655	291	268
9668	335	268
4726	11	269
16072	63	269
5581	348	269
11668	567	269
17053	114	270
15260	128	270
10160	242	270
17200	418	270
11558	473	270
5283	564	270
18146	179	271
3298	183	271
13495	253	271
13825	327	271
11950	45	272
16779	97	272
7768	233	272
17011	314	272
7300	335	272
988	532	272
11494	491	273
18372	2	274
16625	255	274
12205	8	275
15857	98	275
13960	240	275
16315	418	275
13985	475	275
14517	347	276
9592	476	276
6892	577	276
12295	86	277
10495	214	277
10462	290	277
2340	357	277
12838	411	277
10959	421	277
9695	444	277
8096	3	278
9440	208	278
16649	293	278
3067	308	278
2162	429	278
16110	522	278
13875	534	278
6863	540	278
10102	576	278
8345	84	279
10985	242	279
11153	352	279
13293	368	279
7737	45	280
1573	266	280
2366	349	280
5833	468	280
11182	473	280
17889	15	281
5935	50	281
7295	62	281
7859	141	281
7510	144	281
14322	229	281
12001	353	281
14382	359	281
12095	489	281
13991	496	281
11290	519	281
1660	553	281
7401	264	282
8867	501	282
10900	551	283
13929	29	284
11927	44	284
1588	165	284
1032	398	284
3263	409	284
5934	57	285
14552	181	285
7326	295	285
12012	364	285
13425	89	286
5739	335	286
6982	386	286
11538	24	287
5957	42	287
14849	202	287
14365	226	287
12711	320	287
9274	337	287
11339	427	287
10373	570	287
5201	66	288
10491	182	288
17948	343	288
1118	418	288
5140	463	288
13735	165	289
18304	398	289
15442	409	289
11893	226	290
4252	277	290
15133	477	290
16470	538	290
2576	30	291
4229	258	291
12152	268	291
2352	300	291
9235	306	291
5389	335	291
10643	452	291
5412	77	292
5393	3	293
5441	58	293
12452	114	293
15058	140	293
6346	184	293
7076	208	293
7918	234	293
5314	278	293
11807	308	293
5869	364	293
3659	369	293
12876	429	293
12749	438	293
4507	441	293
14970	492	293
13214	510	293
17518	522	293
14443	527	293
10479	534	293
16165	555	293
14271	584	293
13617	48	294
5851	476	294
1693	57	295
7367	59	295
17981	113	295
16010	173	295
18178	181	295
16766	285	295
3577	25	296
15429	26	296
3452	47	296
15644	51	296
10338	52	296
5551	85	296
8133	93	296
15834	150	296
9317	177	296
4813	178	296
10636	254	296
5427	255	296
12888	296	296
10073	303	296
5538	387	296
16709	408	296
16080	414	296
12038	419	296
1096	431	296
16172	448	296
14104	464	296
1524	542	296
5346	560	296
15883	572	296
10059	12	297
1582	106	297
13196	147	297
13786	161	297
2628	209	297
14199	216	297
15119	217	297
10880	223	297
7736	384	297
5780	426	297
14281	482	297
9720	506	297
11663	190	298
594	226	298
5903	541	298
13635	116	299
15391	131	299
7355	468	299
14750	69	300
4826	71	300
10549	146	300
2284	291	300
1929	306	300
16870	385	300
3134	406	300
11885	407	300
3657	457	300
17679	532	300
17936	559	300
8915	577	300
5429	37	301
12029	74	301
8531	87	301
17384	218	301
5477	255	301
11925	414	301
17077	82	302
4154	211	302
14372	316	302
13098	333	302
17181	412	302
2394	445	302
12794	539	302
12850	586	302
2222	47	303
6622	52	303
13154	93	303
8108	178	303
3257	296	303
614	303	303
2318	408	303
1300	419	303
10870	4	304
12778	21	304
2354	138	304
753	500	304
16290	503	304
732	518	304
1678	321	305
5859	498	305
16347	71	306
10708	291	306
11057	300	306
5901	385	306
17555	407	306
16522	183	307
8778	309	307
6077	3	308
16797	58	308
15013	114	308
9480	140	308
15238	184	308
5229	208	308
12676	234	308
675	278	308
17731	293	308
5669	364	308
8075	369	308
12867	429	308
16495	438	308
4545	441	308
5783	492	308
9736	510	308
8797	522	308
8964	527	308
15464	534	308
18097	555	308
9025	584	308
10865	183	309
5345	307	309
13971	100	310
11716	144	310
12596	344	310
15426	264	311
5610	501	311
820	511	311
8132	134	312
5845	164	312
17134	260	312
8147	465	312
1904	513	312
13302	39	313
18241	491	313
731	34	314
13079	69	314
16464	110	314
17624	148	314
1820	272	314
5363	375	314
5132	376	314
2440	380	314
1494	386	314
12041	396	314
14554	439	314
1245	471	314
3398	506	314
13893	512	314
16924	536	314
2034	199	315
16670	317	315
1707	331	315
12315	565	315
1967	302	316
6206	60	317
14007	99	317
4262	124	317
16949	315	317
3575	331	317
10925	366	317
13610	535	317
5982	565	317
9776	42	318
1673	151	318
6308	163	318
15393	233	318
16577	377	318
3518	570	318
16047	29	319
4293	120	319
6851	138	319
1031	411	319
1279	429	319
16971	438	319
14193	527	319
14178	553	319
16219	555	319
15866	576	319
14236	584	319
2930	24	320
13297	42	320
17641	202	320
14555	226	320
17047	287	320
15874	337	320
10852	427	320
17582	486	320
11454	570	320
4919	3	321
10364	21	321
7676	45	321
18423	76	321
17422	147	321
4216	201	321
923	305	321
17086	327	321
2912	505	321
16378	18	322
2489	72	322
7940	497	322
9620	516	322
15257	575	322
16748	127	323
11463	169	323
15113	194	323
7800	259	323
14391	472	323
3875	564	323
14441	94	324
6106	163	324
1155	331	324
1819	454	324
10509	565	324
3003	74	325
17617	143	325
7804	347	325
14334	478	325
12921	9	326
5491	447	326
8349	50	327
11836	55	327
9253	103	327
9976	141	327
2256	167	327
12564	179	327
3433	183	327
18287	253	327
2496	256	327
5002	271	327
6290	321	327
12490	353	327
9373	359	327
8138	489	327
10724	499	327
8390	508	327
3301	519	327
1446	537	327
3465	29	328
13521	66	328
7954	170	328
15830	259	328
1124	472	328
13100	574	328
16091	172	329
13895	476	329
14860	55	330
15184	167	330
5330	430	330
9294	523	330
2694	552	330
801	60	331
12434	99	331
13503	115	331
8524	199	331
8643	315	331
10208	317	331
9867	324	331
12882	400	331
13842	565	331
10519	39	332
10002	393	332
7235	477	332
10513	503	332
9434	302	333
9751	33	334
6491	126	334
5792	148	334
9563	186	334
5917	251	334
17587	367	334
10221	376	334
5750	395	334
10595	416	334
11205	442	334
9034	505	334
13569	553	334
4186	576	334
4969	588	334
8351	67	335
13987	89	335
7094	121	335
11349	145	335
2851	228	335
18039	238	335
6825	258	335
1275	268	335
15419	272	335
2193	286	335
15162	291	335
1249	342	335
17729	386	335
17560	435	335
7373	450	335
14150	452	335
11385	571	335
6836	29	336
7051	35	336
5005	86	336
15516	215	336
7146	355	336
3640	413	336
9568	420	336
2015	421	336
11286	531	336
2591	24	337
16937	42	337
11849	202	337
6994	226	337
3340	287	337
6344	320	337
6261	427	337
13837	570	337
7276	264	338
12747	501	338
6262	22	339
3563	36	339
4343	61	339
15575	83	339
12603	101	339
10374	165	339
1102	372	339
16626	404	339
1756	409	339
16016	491	340
11061	17	341
14282	107	341
13405	187	341
6983	344	341
11627	425	341
4669	67	342
7557	335	342
6312	450	342
13651	32	343
4251	66	343
4735	80	343
1890	240	343
748	288	343
3212	361	343
13278	515	343
7030	41	344
15938	53	344
4920	63	344
14684	124	344
8383	175	344
11919	183	344
12575	310	344
16236	341	344
12400	366	344
4124	528	344
8519	219	345
6396	354	345
3883	585	345
745	144	346
12161	554	346
9508	166	347
1669	235	347
3553	257	347
16945	264	347
6745	276	347
7313	325	347
6178	11	348
8747	31	348
4373	63	348
8991	269	348
17768	400	348
13866	437	348
6529	554	348
6165	264	349
3464	280	349
8667	549	349
8428	23	350
7692	476	350
12782	48	351
7761	198	351
15007	250	351
6084	84	352
10104	130	352
4420	137	352
14706	190	352
11471	204	352
4876	205	352
1141	279	352
15865	355	352
18388	363	352
13871	368	352
805	383	352
16897	436	352
5573	444	352
10007	468	352
12535	581	352
18416	15	353
12169	50	353
13264	62	353
12731	141	353
6166	144	353
18159	281	353
4830	327	353
5615	359	353
13519	423	353
7066	489	353
4761	496	353
14537	519	353
6962	546	353
7023	553	353
7792	114	354
7782	266	354
12049	345	354
7622	131	355
2690	336	355
14081	352	355
6907	473	355
12560	525	355
1719	130	356
18250	151	356
4165	190	356
5922	233	356
3929	135	357
16848	151	357
16070	165	357
10645	277	357
7059	453	357
4352	460	357
17008	23	358
17457	91	358
15556	402	358
17613	15	359
10399	50	359
14432	62	359
12573	141	359
2093	144	359
13759	281	359
4414	327	359
3253	353	359
17786	423	359
8724	489	359
4839	496	359
5172	519	359
11389	546	359
14179	553	359
17317	172	360
5145	476	360
5912	19	361
15121	156	361
2316	188	361
13924	192	361
12462	219	361
14433	343	361
2605	515	361
9304	39	362
3934	491	362
4765	190	363
5162	352	363
16129	383	363
5373	581	363
13545	57	364
3966	59	364
3287	208	364
8328	285	364
10381	293	364
15508	308	364
13101	74	365
904	107	366
6210	115	366
14172	124	366
15994	317	366
4668	344	366
6706	12	367
16832	49	367
3570	97	367
1591	209	367
11242	334	367
13536	505	367
9339	553	367
10063	84	368
8348	279	368
4090	352	368
16369	208	369
9023	247	369
6519	293	369
8218	308	369
3976	510	369
1641	125	370
4357	220	370
7534	255	370
5381	533	370
13440	544	370
7637	566	370
1903	573	370
4594	447	371
2629	22	372
9413	36	372
1246	61	372
16959	83	372
11484	101	372
10998	165	372
13104	171	372
11764	339	372
9242	404	372
2716	409	372
11264	440	372
6746	64	373
14040	79	373
7760	135	373
14840	154	373
2039	159	373
12239	417	373
4548	453	373
7493	460	373
7340	474	373
1965	507	373
16641	151	374
9739	233	374
14628	530	374
10125	27	375
8526	76	375
3105	108	375
1095	119	375
17046	148	375
17914	314	375
7984	392	375
12980	405	375
1519	471	375
7259	556	375
842	213	376
10363	314	376
2754	334	376
5686	476	376
8391	588	376
9006	42	377
12681	190	377
14820	195	377
6284	318	377
13315	418	377
14147	427	377
17159	462	377
12594	538	377
11520	570	377
13840	163	378
9939	173	378
5682	568	378
11909	10	379
13452	209	379
12099	506	379
17304	213	380
12308	314	380
16239	439	380
8259	57	381
10869	58	381
2956	122	381
10240	181	381
17483	580	381
5088	75	382
4391	102	382
793	152	382
9665	389	382
15084	428	382
7437	442	382
13012	514	382
5455	352	383
1625	363	383
15628	297	384
6869	482	384
14278	30	385
18028	300	385
14042	306	385
7000	406	385
2568	5	386
12848	286	386
14280	314	386
15613	335	386
10177	47	387
12801	52	387
6893	93	387
15236	178	387
8262	296	387
828	387	387
6664	419	387
18056	66	388
11440	219	388
12159	481	388
4868	17	389
6080	75	389
18000	126	389
6663	382	389
9541	411	389
17525	434	389
10786	113	390
14798	244	390
7965	246	390
8002	391	390
18293	520	390
8615	162	391
17732	246	391
8113	252	391
16089	390	391
10475	428	391
2177	517	391
8532	526	391
18475	108	392
14736	119	392
1228	213	392
897	375	392
7060	405	392
11341	471	392
8435	4	393
10882	38	393
12464	248	393
12031	332	393
9838	491	393
15550	503	393
3914	178	394
11032	511	394
2783	78	395
8273	334	395
5654	588	395
1415	45	396
7606	314	396
7452	536	396
17561	559	396
2170	200	397
13257	585	397
9368	29	398
8954	56	398
5053	101	398
1951	165	398
13488	284	398
15438	289	398
944	409	398
6497	4	399
9613	74	399
5010	508	399
2515	568	399
8709	11	400
5970	60	400
10952	99	400
11491	331	400
13449	348	400
6405	565	400
5940	185	401
10400	444	401
10713	358	402
6685	577	402
5223	442	403
13549	493	403
6212	514	403
18042	553	403
7415	22	404
18303	36	404
15286	61	404
10931	83	404
1040	101	404
12966	165	404
10778	339	404
1932	372	404
8945	27	405
7748	375	405
10780	392	405
12079	471	405
16028	556	405
4682	30	406
8090	71	406
3015	300	406
14634	385	406
16416	146	407
13812	300	407
17428	306	407
12090	559	407
18393	6	408
15569	25	408
13553	26	408
14899	47	408
14917	51	408
6975	52	408
15606	85	408
15363	93	408
5267	96	408
6156	150	408
885	177	408
4601	178	408
17987	254	408
8388	255	408
17837	296	408
5152	303	408
13332	408	408
15999	414	408
12146	419	408
18180	431	408
11505	448	408
2703	464	408
15374	542	408
13398	560	408
6702	572	408
5338	22	409
17231	32	409
17634	36	409
12377	44	409
16542	56	409
5926	61	409
1329	81	409
10410	83	409
16979	101	409
16226	165	409
11679	171	409
10678	240	409
9759	267	409
12208	284	409
8247	289	409
14724	339	409
13587	372	409
3286	398	409
16380	440	409
4692	504	409
11844	525	409
8614	48	410
17029	165	410
17598	261	410
16661	500	410
11788	38	411
2810	126	411
11847	136	411
8396	184	411
2544	277	411
8850	319	411
5072	389	411
9038	421	411
9747	466	411
14152	576	411
9321	302	412
1020	35	413
17918	86	413
2223	336	413
9970	421	413
3886	47	414
11015	52	414
13344	93	414
13120	178	414
11448	193	414
9146	296	414
9548	301	414
3441	408	414
16100	414	414
12839	419	414
1125	447	414
1342	511	414
3473	551	414
4974	205	415
6309	242	415
2247	468	415
1975	473	415
5857	33	416
17759	126	416
18286	334	416
18473	588	416
1351	64	417
15076	79	417
16679	135	417
9550	154	417
17129	159	417
14719	373	417
12015	422	417
17876	453	417
16686	460	417
11952	474	417
10150	507	417
10542	198	418
18104	270	418
2074	275	418
10538	288	418
17757	377	418
627	475	418
16153	495	418
1907	568	418
9599	25	419
9512	47	419
10986	52	419
1164	85	419
11343	93	419
17108	96	419
13253	178	419
18076	254	419
2907	255	419
12347	296	419
10730	303	419
14617	387	419
11110	408	419
16957	414	419
4141	419	419
5200	431	419
9628	448	419
12267	464	419
15165	542	419
13586	560	419
6116	572	419
14138	35	420
12005	81	420
18335	131	420
13843	165	420
8441	173	420
13830	241	420
4080	244	420
5326	336	420
8601	518	420
17499	29	421
7949	68	421
12312	277	421
16724	336	421
4205	411	421
12766	413	421
6737	466	421
12857	576	421
17891	135	422
8548	417	422
11488	453	422
8418	15	423
12648	50	423
14887	62	423
14866	141	423
2586	199	423
12350	229	423
17249	353	423
15602	359	423
18036	446	423
16531	489	423
15785	496	423
9453	519	423
6637	546	423
1179	46	424
10926	72	424
13277	497	424
17018	516	424
6945	575	424
7898	13	425
16484	14	425
14265	32	425
3701	155	425
6638	341	425
16003	488	425
15370	510	425
13245	20	426
17153	106	426
14264	209	426
18389	297	426
7641	24	427
1149	42	427
1970	202	427
9043	287	427
1838	320	427
7809	337	427
13962	377	427
14350	538	427
2299	570	427
14525	162	428
8058	252	428
6669	382	428
16879	391	428
9352	3	429
4450	184	429
11504	208	429
12571	278	429
8676	293	429
14387	308	429
9342	319	429
3785	438	429
18024	510	429
13533	522	429
8939	527	429
5656	534	429
17924	540	429
7165	555	429
6064	584	429
11708	103	430
3066	330	430
1989	461	430
6951	484	430
7747	523	430
9257	578	430
12889	47	431
10673	52	431
5286	93	431
12470	178	431
11539	218	431
7657	296	431
12770	408	431
4335	419	431
8841	431	431
11939	46	432
4225	72	432
13627	123	432
16586	10	433
1348	97	433
3143	461	433
12143	484	433
1370	506	433
4202	170	434
5288	209	434
5870	389	434
1368	335	435
16499	571	435
2054	84	436
10930	137	436
16867	233	436
13056	352	436
16111	11	437
15932	21	437
7039	31	437
7330	128	437
17017	133	437
13775	348	437
15982	552	437
7631	3	438
17261	208	438
11062	293	438
4101	308	438
2434	319	438
15040	429	438
15401	510	438
9942	527	438
1168	534	438
11556	540	438
16397	555	438
13870	584	438
11972	213	439
1883	314	439
3200	380	439
3913	36	440
9814	61	440
8057	83	440
4376	171	440
9791	372	440
12878	409	440
4561	3	441
16599	208	441
11175	234	441
10584	237	441
13010	293	441
8474	308	441
6535	492	441
9885	534	441
8289	540	441
5076	128	442
15326	334	442
12639	382	442
6233	403	442
15633	493	442
5102	514	442
6754	553	442
13650	104	443
9295	213	443
14741	1	444
18225	7	444
8762	38	444
9851	86	444
13485	185	444
13135	214	444
3477	248	444
2984	277	444
17542	352	444
4354	401	444
1687	530	444
1346	531	444
14072	302	445
7669	15	446
6490	144	446
17547	423	446
13185	502	446
16719	546	446
1322	553	446
3811	567	446
16609	6	447
11476	85	447
16770	90	447
5787	105	447
3712	118	447
13561	139	447
3458	236	447
7451	255	447
2946	326	447
18185	371	447
4064	414	447
18231	456	447
5773	464	447
9910	511	447
10953	542	447
13602	547	447
16055	550	447
4258	569	447
3574	572	447
4236	47	448
6487	93	448
3171	178	448
2114	296	448
15638	408	448
3683	419	448
14876	511	448
15771	23	449
7902	264	449
10117	476	449
5129	559	449
12555	67	450
7298	335	450
7924	342	450
13641	13	451
10737	113	451
14313	122	451
16295	170	451
4095	517	451
15079	576	451
12803	30	452
7315	258	452
1057	291	452
11695	335	452
15730	4	453
6914	64	453
9770	79	453
13695	135	453
9082	159	453
14255	195	453
1039	357	453
6919	373	453
1545	417	453
4814	422	453
1839	460	453
17058	470	453
5781	474	453
6992	507	453
14561	48	454
5020	94	454
2062	324	454
15234	587	454
2560	149	455
7430	213	455
16350	9	456
760	447	456
11572	121	457
1277	300	457
2883	476	457
2519	19	458
12923	127	458
14991	262	458
8844	525	458
12054	530	458
2804	541	458
4215	217	459
17628	233	459
7186	480	459
1394	583	459
16177	64	460
2677	79	460
15308	135	460
1393	154	460
12812	159	460
1540	357	460
17203	373	460
4559	417	460
11796	453	460
1117	474	460
7147	507	460
7434	167	461
13334	183	461
9501	256	461
18011	430	461
4836	433	461
9139	578	461
9868	588	461
13486	190	462
7783	205	462
3718	377	462
16935	477	462
6162	541	462
13874	562	462
12524	19	463
3958	32	463
7043	127	463
13525	151	463
15171	170	463
6139	288	463
3572	47	464
3486	52	464
15996	93	464
5004	178	464
3571	296	464
9077	408	464
5081	419	464
1078	447	464
1060	464	464
8233	13	465
13839	134	465
9691	155	465
10988	230	465
10508	312	465
1635	488	465
8228	29	466
7212	35	466
14455	80	466
2529	411	466
14932	421	466
14039	9	467
6463	116	468
4933	226	468
1574	242	468
8254	280	468
10760	299	468
1150	352	468
18172	415	468
13286	477	468
2255	77	469
10971	3	470
4810	4	470
5567	203	470
659	453	470
15127	27	471
9788	76	471
7245	108	471
4038	119	471
9740	148	471
16002	314	471
9728	375	471
6871	392	471
9610	405	471
8846	556	471
6275	65	472
11655	169	472
15112	170	472
16314	259	472
3350	265	472
17182	323	472
18160	328	472
14762	530	472
6338	531	472
17485	574	472
16635	84	473
775	204	473
14051	233	473
15817	270	473
13225	280	473
17161	355	473
5513	415	473
5904	64	474
2478	79	474
715	135	474
9860	154	474
7368	159	474
2856	373	474
10081	417	474
12446	453	474
5365	460	474
5554	507	474
13132	23	475
14343	154	475
1233	172	475
8831	265	475
12039	275	475
6978	418	475
16755	525	475
724	564	475
5026	34	476
10375	43	476
15415	45	476
5562	110	476
6108	121	476
10612	129	476
15493	153	476
7246	166	476
4702	210	476
1185	235	476
2126	249	476
15289	251	476
3504	257	476
2329	264	476
13366	276	476
6168	294	476
1827	329	476
14775	350	476
16173	360	476
1944	376	476
10585	449	476
11432	457	476
13043	529	476
4307	559	476
15227	561	476
6043	588	476
5180	188	477
7168	226	477
18168	248	477
3794	290	477
1148	332	477
15272	462	477
18033	468	477
18310	538	477
1476	541	477
13044	182	478
2848	218	478
7126	325	478
4191	77	479
8124	92	480
1140	205	480
5626	233	480
4140	459	480
10077	66	481
5185	388	481
12886	582	481
18295	587	481
12988	216	482
8999	297	482
8463	384	482
5411	132	483
6770	182	483
8767	495	483
9272	548	483
5210	97	484
8164	161	484
18292	430	484
15032	433	484
2765	506	484
9734	4	485
10835	21	485
769	114	485
834	144	485
7545	217	485
4359	243	485
2174	261	485
15011	42	486
18025	226	486
14055	320	486
3324	570	486
14374	35	487
14347	169	487
6784	174	487
1306	503	487
13299	13	488
1824	17	488
900	155	488
4482	425	488
14968	465	488
8104	15	489
16050	50	489
1508	62	489
3763	141	489
14317	144	489
14303	281	489
8470	327	489
1796	353	489
12790	359	489
6557	423	489
11072	496	489
3533	519	489
5715	546	489
15123	553	489
12305	193	490
8503	494	490
2477	14	491
10245	39	491
11088	70	491
5560	129	491
17296	132	491
3608	231	491
9923	273	491
17567	313	491
9996	340	491
14467	362	491
6430	393	491
18426	495	491
17026	524	491
8001	549	491
15443	557	491
15702	3	492
1892	208	492
6058	293	492
17727	308	492
5292	441	492
10976	527	492
6586	534	492
5250	540	492
15312	576	492
12511	113	493
12647	136	493
2248	173	493
11405	184	493
3625	403	493
8857	442	493
12619	540	493
16376	9	494
13226	16	494
8675	37	494
3347	193	494
10440	255	494
4495	490	494
7274	525	494
11709	88	495
16005	129	495
14768	231	495
17923	418	495
16552	483	495
6249	491	495
6757	524	495
12138	15	496
17266	50	496
7197	62	496
729	141	496
10116	144	496
15375	229	496
9549	281	496
17097	353	496
5383	359	496
2880	423	496
17675	489	496
8790	519	496
5804	546	496
8851	553	496
12170	46	497
2747	72	497
9475	322	497
13739	424	497
7787	516	497
5313	575	497
16012	3	498
763	133	498
14518	201	498
9357	305	498
9239	552	498
13688	103	499
10744	183	499
14465	327	499
17399	508	499
12996	537	499
18465	48	500
18402	173	500
2879	261	500
6015	304	500
9848	410	500
2030	282	501
5838	311	501
5125	338	501
3333	548	501
14340	549	501
3919	446	502
8320	554	502
11300	567	502
7558	102	503
2855	265	503
10042	304	503
7003	332	503
11193	393	503
3295	487	503
2968	531	503
5311	564	503
9639	36	504
619	101	504
1043	267	504
8513	409	504
12319	147	505
864	217	505
8367	321	505
7531	334	505
16889	367	505
10433	10	506
5052	12	506
3381	97	506
3334	209	506
12307	297	506
11140	314	506
6296	379	506
2702	433	506
3965	484	506
6963	64	507
10174	79	507
8889	135	507
1677	154	507
6623	159	507
11772	373	507
3123	417	507
14738	453	507
17949	460	507
5535	474	507
1823	163	508
9397	327	508
11002	399	508
16844	499	508
15969	45	509
2254	536	509
13372	559	509
16218	208	510
3543	293	510
10124	308	510
12150	369	510
2411	425	510
17605	429	510
10631	438	510
6115	527	510
17930	534	510
6431	555	510
9643	584	510
17972	6	511
14499	51	511
899	150	511
12480	158	511
16107	177	511
4210	218	511
2980	232	511
3283	255	511
10735	263	511
10402	311	511
4519	394	511
2646	414	511
638	447	511
17214	448	511
7823	542	511
14995	569	511
6940	572	511
15929	30	512
5676	69	512
4369	314	512
9485	48	513
5989	134	513
1016	164	513
7436	189	513
2378	260	513
17385	312	513
4407	33	514
911	75	514
6183	113	514
4069	126	514
18370	244	514
18256	249	514
12422	382	514
890	403	514
17700	442	514
8066	552	514
10662	192	515
4792	343	515
14417	361	515
2408	72	516
2001	322	516
5902	424	516
2363	497	516
6221	575	516
9938	134	517
5446	230	517
3378	244	517
12084	391	517
5460	451	517
1194	29	518
16156	35	518
17320	131	518
5490	173	518
3782	304	518
4847	420	518
1800	15	519
6265	50	519
12808	62	519
10975	141	519
12098	144	519
5955	281	519
9642	327	519
1482	353	519
11811	359	519
16528	423	519
12590	489	519
16501	496	519
10166	546	519
11083	553	519
13250	68	520
5774	126	520
16738	244	520
14583	246	520
14364	390	520
2844	576	520
12561	55	521
4782	97	521
16168	161	521
12435	3	522
14114	208	522
15319	278	522
12102	293	522
9971	308	522
5822	429	522
16424	527	522
12692	534	522
2859	540	522
8918	576	522
2230	78	523
13350	330	523
6072	430	523
1541	588	523
11003	491	524
8770	495	524
1425	101	525
12135	355	525
13575	409	525
6151	458	525
2310	475	525
2729	494	525
15172	568	525
9812	230	526
17453	252	526
3831	391	526
1643	3	527
6118	208	527
9180	293	527
10345	308	527
12805	319	527
5657	429	527
12795	438	527
10781	492	527
10443	510	527
4425	522	527
15421	534	527
2698	540	527
18040	555	527
6031	584	527
18125	63	528
6126	175	528
16472	344	528
4279	476	529
3207	1	530
3630	151	530
17388	227	530
3210	259	530
14214	262	530
11918	374	530
10044	444	530
11497	458	530
9469	472	530
10573	562	530
18197	581	530
6680	1	531
11595	35	531
14037	65	531
16351	68	531
11941	80	531
5975	246	531
12626	259	531
4361	336	531
16434	444	531
8095	472	531
10322	503	531
4125	574	531
11104	69	532
15538	97	532
14914	272	532
10428	300	532
3602	559	532
5639	125	533
7854	220	533
11490	255	533
10215	370	533
6359	544	533
16793	566	533
4059	573	533
9458	3	534
9425	208	534
6066	278	534
11609	293	534
2548	308	534
17260	429	534
1362	438	534
15561	441	534
16407	492	534
14858	510	534
7284	522	534
4595	527	534
5878	540	534
11617	555	534
16809	584	534
7466	31	535
12829	133	535
714	317	535
14394	540	535
11688	552	535
8311	45	536
10583	314	536
9451	396	536
13790	509	536
7551	559	536
3376	179	537
4645	183	537
5104	327	537
17706	499	537
10646	42	538
17321	290	538
11123	377	538
16675	427	538
7943	477	538
13305	570	538
694	302	539
865	586	539
16658	120	540
17728	244	540
16420	278	540
15241	429	540
16989	438	540
10390	441	540
16375	492	540
13684	493	540
3282	522	540
14004	527	540
16421	534	540
2215	535	540
9298	552	540
6995	555	540
6441	584	540
2289	188	541
17907	190	541
9164	298	541
8605	458	541
9564	462	541
18215	477	541
5483	47	542
17921	52	542
2293	93	542
15143	178	542
1836	218	542
13311	296	542
17592	408	542
13204	419	542
3840	447	542
12453	511	542
13414	542	542
5067	14	543
2355	17	543
2442	32	543
9322	85	543
2338	187	543
2029	219	543
17745	563	543
9745	370	544
10147	533	544
12720	168	545
3975	172	545
18364	15	546
8581	50	546
7509	62	546
3201	141	546
12674	229	546
9646	353	546
15065	359	546
14390	423	546
4679	446	546
16011	489	546
9167	496	546
15066	519	546
8781	9	547
10725	447	547
18415	39	548
15736	73	548
10910	117	548
1456	172	548
13086	176	548
4086	207	548
12567	245	548
10487	483	548
17403	501	548
2165	39	549
7958	206	549
14466	349	549
13863	491	549
1516	501	549
9290	447	550
794	37	551
16184	193	551
3789	255	551
14802	283	551
12349	414	551
8927	31	552
1585	55	552
8651	128	552
2549	133	552
16730	201	552
18124	330	552
13445	437	552
1993	498	552
14301	514	552
16798	535	552
15249	540	552
2582	553	552
2643	49	553
5138	50	553
9523	62	553
1468	120	553
14247	128	553
16665	141	553
11820	201	553
3359	210	553
3251	281	553
9777	319	553
7577	334	553
12013	353	553
12678	359	553
16272	367	553
4526	403	553
12704	442	553
14871	446	553
657	489	553
17312	496	553
3213	519	553
5251	552	553
14022	567	553
2017	588	553
15514	100	554
3666	346	554
18176	348	554
12608	502	554
6349	567	554
16209	3	555
12024	184	555
5357	208	555
2139	293	555
7398	308	555
9221	319	555
17369	429	555
10607	438	555
6360	510	555
12394	527	555
5106	534	555
4387	540	555
8366	584	555
11464	27	556
16777	190	556
12469	213	556
4145	375	556
2079	405	556
3638	471	556
14402	491	557
10362	264	558
6670	45	559
14657	73	559
3384	112	559
8876	117	559
8404	176	559
12206	210	559
2098	212	559
1821	245	559
16303	251	559
7119	264	559
2078	300	559
2182	396	559
6507	407	559
7479	449	559
15941	476	559
4911	509	559
1287	532	559
18394	536	559
16891	561	559
12209	47	560
12864	52	560
8000	93	560
16454	178	560
16882	296	560
17744	408	560
15091	419	560
11996	560	560
16743	476	561
9001	559	561
15092	577	561
10316	194	562
9114	227	562
16516	262	562
5329	462	562
1314	530	562
1112	19	563
18187	111	563
18259	543	563
10526	48	564
12004	265	564
9333	270	564
7830	323	564
16001	475	564
15619	503	564
13438	587	564
8953	60	565
16240	99	565
4632	115	565
3484	199	565
3658	315	565
11643	317	565
6001	324	565
13629	331	565
3503	400	565
14783	370	566
16250	533	566
16923	100	567
1451	269	567
14141	446	567
1248	502	567
1202	553	567
18255	554	567
13990	188	568
12545	261	568
7035	378	568
16951	399	568
3438	418	568
14544	525	568
7376	580	568
16705	447	569
11540	511	569
14810	24	570
7995	42	570
13864	202	570
11023	226	570
8322	287	570
13538	318	570
12339	320	570
11059	337	570
6327	377	570
11248	427	570
3190	486	570
10004	538	570
2495	335	571
1936	435	571
11678	47	572
784	52	572
2813	93	572
4549	178	572
13121	296	572
1785	408	572
16603	419	572
14951	447	572
2119	511	572
891	572	572
15948	370	573
7564	533	573
13041	65	574
16851	169	574
6471	170	574
13603	259	574
10606	265	574
10288	328	574
1341	472	574
1014	531	574
16677	72	575
11680	322	575
16807	424	575
2199	497	575
15534	516	575
15190	126	576
18466	184	576
8691	278	576
14790	319	576
16899	334	576
11980	411	576
3648	421	576
12172	451	576
18283	492	576
8811	520	576
11269	522	576
5120	23	577
13496	39	577
12425	210	577
10071	212	577
7065	276	577
8961	300	577
16139	402	577
7752	561	577
1365	167	578
17662	224	578
12466	256	578
5925	430	578
18191	461	578
15626	149	579
10133	213	579
2982	57	580
9441	381	580
9070	568	580
10359	130	581
8181	190	581
12680	233	581
7462	352	581
13743	363	581
5193	530	581
15558	40	582
2526	77	582
7151	211	582
14593	225	582
15265	481	582
12051	142	583
15164	190	583
9268	250	583
14705	459	583
9717	3	584
15230	208	584
10850	293	584
5003	308	584
9286	319	584
15709	429	584
7399	438	584
8163	510	584
6301	527	584
17897	534	584
15621	540	584
17324	555	584
13294	85	585
18136	160	585
6707	186	585
8427	200	585
6473	221	585
9109	345	585
12220	397	585
17123	94	586
11955	211	586
18022	302	586
905	539	586
6214	114	587
8705	154	587
17081	454	587
12580	481	587
6887	564	587
3780	12	588
14097	33	588
13576	34	588
16105	49	588
17532	55	588
10565	78	588
5555	110	588
14922	157	588
6731	183	588
16098	334	588
13325	376	588
14435	395	588
6511	416	588
11415	461	588
5875	476	588
16293	523	588
15473	553	588
