11479	290	1
13096	475	1
10761	561	1
7164	22	2
11618	25	2
11682	41	2
10425	79	2
15161	82	2
15699	254	2
17264	404	2
1070	448	2
7117	464	2
8360	497	2
16714	515	2
2460	96	3
5103	103	3
2575	202	3
9439	319	3
16672	365	3
18213	408	3
10277	446	3
4403	470	3
15006	487	3
7485	108	4
9724	301	4
5815	454	4
1749	357	5
12156	370	5
4674	435	5
11908	524	5
5275	37	6
9595	61	6
2118	62	6
16667	159	6
4161	197	6
4192	287	6
7935	292	6
12331	333	6
15625	412	6
15716	417	6
7946	460	6
3120	496	6
9729	534	6
8097	228	7
12037	274	7
16045	303	7
13850	414	7
5089	462	7
15833	19	8
9809	33	8
2830	157	8
18325	247	8
17160	98	9
15307	126	9
7663	219	9
14046	312	9
5458	397	9
9844	426	9
5169	495	9
16274	529	9
12456	143	10
1366	402	10
14763	439	10
17989	571	10
16486	227	11
10268	234	11
10934	285	11
12092	376	11
17158	434	11
6920	458	11
6270	573	11
11986	116	12
4537	186	12
9535	216	12
749	218	12
12081	506	12
4569	549	12
15531	99	13
9673	166	13
14407	535	13
16618	193	14
3121	215	14
17528	410	14
15105	451	14
17788	24	15
8717	26	15
17760	42	15
1518	64	15
7569	83	15
10544	178	15
18361	337	15
14819	339	15
13946	372	15
2832	387	15
8488	438	15
2915	473	15
16921	507	15
12679	516	15
8555	527	15
1817	575	15
8368	584	15
6553	139	16
4858	550	16
2943	95	17
4570	130	17
13312	328	17
2658	356	17
16136	520	17
8551	576	17
14586	142	18
17519	190	18
14130	326	18
15209	364	18
8255	8	19
10349	33	19
16519	97	19
11121	117	19
14976	157	19
7143	247	19
10676	304	19
4923	322	19
4383	388	19
17556	428	19
14092	563	19
18219	261	20
11774	273	20
10417	342	20
6533	585	20
10510	43	21
16068	369	21
8232	551	21
5423	2	22
6342	25	22
12873	41	22
2320	79	22
8397	80	22
9398	82	22
4764	138	22
13074	208	22
15734	254	22
1350	404	22
7901	448	22
9403	464	22
5678	480	22
15386	497	22
4631	505	22
6694	214	23
13123	465	23
5771	15	24
14275	26	24
3078	42	24
6967	64	24
4931	83	24
7673	178	24
7128	199	24
13530	205	24
17770	207	24
7343	247	24
16475	259	24
9335	265	24
10704	337	24
17241	339	24
830	372	24
12936	387	24
11621	410	24
1915	415	24
12326	438	24
8270	473	24
10412	507	24
3617	516	24
16627	527	24
13379	575	24
5091	584	24
16932	2	25
9306	22	25
16761	41	25
15311	79	25
14087	80	25
8968	82	25
9104	138	25
10306	208	25
7662	254	25
12984	404	25
2462	448	25
8899	464	25
6672	480	25
11832	497	25
10762	505	25
11237	15	26
1030	24	26
10717	42	26
5399	64	26
4319	83	26
9390	178	26
3029	199	26
16569	205	26
6009	207	26
887	247	26
5689	259	26
4973	265	26
2295	337	26
10405	339	26
7818	372	26
17180	387	26
8768	410	26
7269	415	26
16200	438	26
8473	473	26
12196	507	26
3131	516	26
13186	527	26
10767	575	26
2604	584	26
7956	299	27
17955	383	27
15395	535	27
17370	539	27
16466	100	28
9196	165	28
16444	209	28
9932	213	28
3033	269	28
6093	446	28
7883	66	29
9457	123	29
11133	226	29
10568	256	29
991	361	29
742	377	29
8158	544	29
18344	549	29
18275	585	29
3781	102	30
15282	117	30
18152	152	30
9931	388	30
5317	446	30
17071	498	30
10876	249	31
6294	314	31
11380	370	31
7342	423	31
7270	199	32
5189	332	32
1452	393	32
8011	505	32
16706	8	33
8291	19	33
13557	157	33
15524	245	33
13505	247	33
2265	283	33
18437	563	33
8592	51	34
1139	69	34
12346	88	34
1762	186	34
2793	218	34
17983	226	34
10237	289	34
9768	364	35
9533	112	36
9741	161	36
8557	220	36
5888	256	36
3865	267	36
10537	403	36
6985	580	36
1033	6	37
9787	61	37
14955	62	37
16983	197	37
6636	287	37
6989	292	37
2775	333	37
13745	355	37
14485	412	37
9188	417	37
3594	460	37
7571	485	37
6388	496	37
728	534	37
12371	155	38
12247	293	38
14454	474	38
1872	560	38
3836	55	39
9593	148	39
8453	233	39
13406	525	39
14656	543	39
8567	544	39
12539	585	39
6187	50	40
6184	70	40
8982	107	40
8906	249	40
16852	385	40
7249	2	41
4898	22	41
10691	25	41
7004	79	41
1481	82	41
6632	185	41
1330	237	41
6257	254	41
9823	404	41
9181	448	41
18298	464	41
3179	497	41
10963	515	41
13263	15	42
8908	24	42
2818	26	42
16976	64	42
9160	83	42
3531	178	42
11559	337	42
17360	339	42
9528	372	42
16687	387	42
4809	438	42
9865	473	42
6234	507	42
12311	516	42
939	527	42
10492	575	42
13806	584	42
3877	21	43
14620	213	43
2521	313	43
4405	366	43
9928	390	43
5512	391	43
12756	414	43
11256	458	43
3692	481	43
17738	99	44
16644	310	44
12345	422	44
13712	232	45
3186	263	45
17282	290	45
17861	311	45
7919	432	45
10872	492	45
2881	569	45
17722	171	46
9808	255	46
8041	278	46
13193	294	46
10993	316	46
5645	320	46
8669	374	46
13757	409	46
11361	427	46
15723	440	46
4849	469	46
3854	500	46
2345	522	46
14672	582	46
7693	222	47
9313	302	47
6688	351	47
16092	369	47
10396	378	47
6922	510	47
9292	561	48
6231	51	49
6036	158	49
13674	40	50
13231	71	50
6699	107	50
4142	119	50
11604	146	50
5212	314	50
15843	342	50
8302	423	50
17333	435	50
5233	579	50
9430	34	51
4846	49	51
7850	135	51
16171	158	51
14807	177	51
15992	186	51
14607	216	51
2151	218	51
5861	424	51
16611	479	51
7686	52	52
15185	141	52
12956	154	52
6712	162	52
8189	164	52
14785	189	52
6901	248	52
14284	260	52
4313	276	52
3173	305	52
7499	327	52
8127	353	52
9323	375	52
12879	471	52
3322	123	53
14277	134	53
6569	380	53
5417	580	53
7234	81	54
14109	450	54
7803	553	54
12203	39	55
17238	66	55
9730	229	55
16022	233	55
10455	285	55
5893	361	55
11635	377	55
4695	544	55
7109	109	56
17932	139	57
8417	181	57
18326	535	57
16088	550	57
2312	281	58
18067	138	59
6652	210	59
15219	257	59
16973	382	59
5418	127	60
8870	188	60
14900	347	60
18382	431	60
4042	466	60
5428	489	60
15824	568	60
11413	6	61
2417	37	61
5364	62	61
2759	159	61
3973	197	61
8242	287	61
7170	292	61
4637	333	61
5518	412	61
4983	417	61
8459	460	61
4322	496	61
14270	534	61
2469	6	62
11216	37	62
16377	61	62
13774	159	62
9623	197	62
13304	287	62
8460	292	62
5280	333	62
7570	412	62
17087	417	62
7653	460	62
7083	496	62
1433	534	62
13317	93	63
17558	98	63
2695	112	63
16920	161	63
15191	174	63
1543	312	63
16781	354	63
14941	388	63
2245	495	63
1221	586	63
9163	15	64
7334	24	64
18305	26	64
3072	42	64
17583	83	64
8609	178	64
12547	199	64
12263	205	64
12498	207	64
4794	247	64
12111	259	64
14757	265	64
13363	337	64
11754	339	64
1147	372	64
12570	387	64
16222	410	64
2158	415	64
8571	438	64
6575	473	64
1811	507	64
8229	516	64
17063	527	64
10613	575	64
2895	584	64
17701	129	65
8903	383	65
12477	463	65
8341	29	66
14946	55	66
7566	84	66
14919	123	66
10183	267	66
15080	361	66
17447	585	66
1496	109	67
5599	564	67
13080	114	68
9442	135	68
8122	177	68
14822	214	68
3402	277	68
889	424	68
5331	465	68
10397	479	68
3435	548	68
5333	34	69
9019	186	69
16610	216	69
12447	289	69
11443	40	70
6615	107	70
14231	119	70
15232	368	70
4793	370	70
3370	50	71
18435	146	71
3535	423	71
17704	114	72
1565	135	72
9669	177	72
11752	424	72
9366	479	72
13018	88	73
4835	216	73
12975	394	73
14195	537	73
13779	585	73
10055	450	74
14253	517	74
602	540	74
14993	321	75
1542	386	75
2651	258	76
7251	345	76
3470	101	77
15296	198	77
12428	275	77
7892	296	77
10669	325	77
18026	359	77
12715	373	77
12248	425	77
11949	499	77
6132	519	77
14934	533	77
1617	540	77
15861	546	77
12022	581	77
15360	238	78
9779	518	78
10851	571	78
5295	2	79
1539	22	79
2889	25	79
3243	41	79
17225	80	79
4143	82	79
18478	138	79
4286	208	79
14393	254	79
15338	404	79
7691	448	79
17003	464	79
8389	480	79
17316	497	79
11773	505	79
13699	22	80
12160	25	80
1226	79	80
16325	82	80
11258	185	80
3524	254	80
7250	382	80
4530	404	80
17468	448	80
9790	464	80
962	497	80
7654	54	81
13515	139	81
16334	550	81
1923	2	82
15259	22	82
6050	25	82
7073	41	82
2534	79	82
8031	80	82
16083	138	82
16548	208	82
8171	254	82
11067	404	82
10419	448	82
12586	464	82
5306	480	82
9933	497	82
5149	505	82
6545	15	83
6659	24	83
17944	26	83
10411	42	83
10630	64	83
7439	178	83
4802	199	83
9604	205	83
9056	207	83
10247	247	83
14811	259	83
1186	265	83
4538	337	83
6237	339	83
14354	372	83
15455	387	83
17775	410	83
10551	415	83
10220	438	83
11793	473	83
10256	507	83
11699	516	83
11228	527	83
9614	575	83
6250	584	83
15859	66	84
14942	88	84
16467	116	84
16473	226	84
14916	549	84
2894	186	85
8617	274	85
13211	289	85
2135	505	85
1007	138	86
13973	413	86
6304	275	87
12330	315	87
14682	425	87
11223	533	87
8825	34	88
6090	73	88
3258	84	88
5969	116	88
2437	161	88
10388	186	88
3686	216	88
1156	218	88
6073	394	88
9214	506	88
11075	549	88
5517	585	88
11141	357	89
7785	380	89
17639	104	90
13388	357	90
13428	136	91
16018	269	91
3275	252	92
16363	340	92
3713	393	92
15917	415	92
14842	490	92
12635	532	92
5782	63	93
9385	112	93
13776	378	93
9072	429	93
8819	439	93
17246	452	93
18282	555	93
4551	557	93
7921	586	93
3944	303	94
6472	462	94
6856	540	94
13701	17	95
13708	142	95
1850	356	95
11418	576	95
1597	3	96
13754	128	96
2227	201	96
3967	411	96
14589	439	96
5337	453	96
5098	529	96
8591	542	96
2971	557	96
17540	19	97
10812	202	97
13732	206	97
7193	269	97
17705	470	97
3346	9	98
11560	63	98
3391	354	98
14363	529	98
14477	13	99
14108	44	99
9209	106	99
8789	113	99
3385	115	99
2878	173	99
2201	241	99
12328	253	99
3205	276	99
14173	331	99
4203	407	99
4808	565	99
17749	588	99
5013	28	100
17265	269	100
7658	77	101
16056	198	101
7220	275	101
5579	296	101
16694	325	101
3097	359	101
17772	373	101
916	425	101
14837	499	101
12824	519	101
7048	533	101
8671	540	101
10227	546	101
4122	581	101
16906	30	102
10401	184	102
2150	245	102
10437	304	102
14230	551	102
14943	3	103
13324	319	103
5665	365	103
5691	446	103
16685	90	104
5913	357	104
12063	358	104
13606	140	105
2665	191	105
7597	307	105
919	357	105
14073	430	105
12468	547	105
11712	99	106
13977	173	106
14623	40	107
16188	50	107
4502	70	107
17135	128	107
5408	357	107
16579	370	107
5011	524	107
11916	579	107
15705	4	108
4787	454	108
14666	456	108
10949	56	109
14692	67	109
15742	344	109
13926	284	110
6941	399	110
17107	503	110
7914	121	111
6104	132	111
4562	152	111
11117	209	111
14018	229	111
15953	262	111
5844	324	111
6808	361	111
18405	426	111
7394	474	111
15519	36	112
15979	63	112
14944	93	112
4944	121	112
2914	418	112
5181	495	112
6002	523	112
2276	99	113
15590	137	113
18432	68	114
5701	72	114
17299	135	114
14184	177	114
8051	362	114
13890	424	114
10367	479	114
6432	99	115
13733	173	115
3259	276	115
2028	12	116
5464	84	116
3368	88	116
6336	165	116
8941	239	116
15293	529	116
13625	549	116
3100	573	116
12566	19	117
1997	30	117
5711	155	117
10666	322	117
4581	505	117
10309	153	118
10095	200	118
14142	306	118
17206	484	118
16144	50	119
11417	70	119
14585	146	119
9819	284	120
8087	111	121
5992	112	121
13815	174	121
2133	209	121
6687	229	121
5234	230	121
12027	426	121
3635	476	121
8456	521	121
16695	580	121
11528	231	122
1122	289	122
2294	29	123
13280	53	123
2239	66	123
14679	134	123
17239	233	123
16122	256	123
7907	397	123
9118	437	123
16064	549	123
11887	196	124
17553	303	124
8234	366	124
5768	414	124
11852	457	124
9400	491	124
17402	560	124
10029	573	124
9255	564	125
12256	9	126
9349	134	126
4106	397	126
15059	480	126
15486	488	126
8523	515	126
5439	60	127
6997	493	127
17423	96	128
6520	107	128
2156	201	128
16747	245	128
17513	370	128
16077	529	128
12592	65	129
17782	329	129
10980	463	129
16004	504	129
11953	512	129
9799	17	130
8744	150	130
11027	328	130
9671	356	130
7154	445	130
3552	572	130
6673	576	130
18395	239	131
11225	275	131
15898	315	131
13107	365	131
5650	425	131
7053	111	132
7195	229	132
17339	378	132
16878	163	133
15041	53	134
12967	123	134
18434	126	134
7388	191	134
16319	239	134
9495	336	134
5622	354	134
8687	397	134
7144	51	135
1232	68	135
12777	72	135
7312	114	135
17927	144	135
2142	177	135
11458	277	135
4893	362	135
3390	424	135
3108	479	135
15959	91	136
9299	269	136
3727	113	137
2979	162	137
8611	243	137
647	288	137
16791	22	138
3604	25	138
5121	59	138
16538	79	138
18414	82	138
8493	86	138
5983	254	138
12924	404	138
18422	448	138
13422	464	138
18037	497	138
6027	501	138
8753	16	139
11231	57	139
2543	81	139
6133	181	139
17776	266	139
4461	447	139
3769	550	139
13381	553	139
6350	105	140
9520	191	140
8520	307	140
7223	357	140
3869	379	140
6698	430	140
17137	547	140
18472	52	141
13784	141	141
14162	18	142
15832	95	142
11191	364	142
13685	468	142
12230	520	142
16767	526	142
5315	10	143
4895	297	143
3586	439	143
12817	571	143
6587	580	143
12940	135	144
14579	177	144
8485	424	144
2882	479	144
6407	540	144
4800	374	145
16722	500	145
15469	50	146
16119	71	146
17769	119	146
15756	368	146
15739	180	147
11890	270	147
8590	346	147
17778	392	147
9375	514	147
2487	39	148
14794	233	148
3088	385	148
12451	537	148
2808	544	148
3172	573	148
8791	269	149
9016	384	149
7777	562	149
17328	130	150
3265	364	150
16097	445	150
5032	542	150
2686	572	150
4401	576	150
2734	170	151
7025	553	151
1485	30	152
8804	111	152
12526	163	152
3491	269	152
6515	118	153
1793	317	153
18396	494	153
2445	52	154
6556	154	154
5392	38	155
7189	117	155
15749	184	155
15462	262	155
1071	304	155
16269	196	156
17954	376	156
3408	411	156
9136	557	156
15047	8	157
11783	19	157
1376	33	157
7455	563	157
7506	49	158
1271	51	158
17774	264	158
2674	486	158
8430	6	159
11613	61	159
3095	62	159
9195	193	159
1535	197	159
11492	211	159
8089	246	159
7632	287	159
18057	292	159
8448	333	159
2217	412	159
8119	417	159
9275	460	159
15853	472	159
4070	496	159
15310	534	159
1814	285	160
1146	298	160
4906	376	160
15539	390	160
4248	391	160
13234	411	160
2710	542	160
7159	36	161
2902	63	161
13660	88	161
2597	256	161
10368	261	161
9855	267	161
4008	312	161
12249	354	161
4227	437	161
7457	476	161
11089	536	161
17832	585	161
10861	586	161
7468	52	162
16155	137	162
12618	162	162
16320	323	162
682	133	163
3892	152	163
3634	262	163
17783	52	164
6481	164	164
16411	28	165
4338	116	165
10204	219	165
4860	406	165
1920	487	165
8632	529	165
3650	13	166
9061	194	166
6946	421	166
5884	461	166
8176	520	167
10693	206	168
8156	283	168
10155	365	168
16994	193	169
9617	151	170
3822	553	170
12021	46	171
5666	255	171
14048	278	171
8204	294	171
1231	316	171
2687	320	171
17925	374	171
11758	409	171
974	427	171
14177	440	171
17575	469	171
14341	500	171
14238	522	171
14635	582	171
11045	204	172
18092	215	172
16545	99	173
9132	106	173
5967	115	173
1873	241	173
9494	253	173
8534	276	173
15015	331	173
15205	565	173
9008	63	174
12844	121	174
12320	251	174
15905	418	174
17376	566	174
4580	276	175
16513	443	176
15596	51	177
708	68	177
6207	72	177
12523	114	177
15974	135	177
14352	144	177
10192	277	177
9166	362	177
15156	424	177
5272	479	177
15450	15	178
16356	24	178
14619	26	178
16789	42	178
8056	64	178
10488	83	178
14746	337	178
8064	339	178
17658	372	178
4484	387	178
6649	438	178
11654	473	178
13631	507	178
1748	516	178
18345	527	178
6650	575	178
2784	584	178
16017	256	179
14475	312	179
15577	495	179
13956	543	179
13267	147	180
12363	422	180
5740	57	181
13678	139	181
11612	541	181
10844	550	181
12060	313	182
10260	367	182
17557	454	182
2554	536	182
17004	578	182
18145	234	183
14411	324	183
13844	385	183
17250	426	183
14587	102	184
6616	155	184
7411	304	184
16969	400	184
14185	498	184
3277	41	185
10292	80	185
1500	244	185
6404	352	185
18269	382	185
3163	517	185
15647	531	185
17715	12	186
15889	34	186
3680	51	186
11856	69	186
10346	85	186
13591	88	186
15851	216	186
7414	226	186
13686	506	186
17965	549	186
13912	209	187
1187	330	187
17048	350	187
14547	551	187
14285	560	187
2407	60	188
2736	347	188
7749	354	188
14720	429	188
7972	451	188
5585	481	188
3603	52	189
9419	189	189
9911	18	190
13081	105	191
10772	134	191
6957	140	191
6740	225	191
2301	307	191
16915	313	191
5302	366	191
5199	379	191
7580	430	191
12865	547	191
13584	564	192
14901	14	193
9746	159	193
17531	169	193
10787	211	193
11724	215	193
10698	485	193
7375	166	194
7306	421	194
15733	564	195
2781	124	196
16521	156	196
4393	223	196
13861	389	196
11365	411	196
11461	542	196
4823	557	196
9224	6	197
7092	37	197
11481	61	197
4618	62	197
813	159	197
4412	287	197
1344	292	197
12201	333	197
683	412	197
11579	417	197
14211	460	197
11466	496	197
11336	534	197
17119	77	198
4853	101	198
1728	275	198
14478	296	198
11134	499	198
1473	546	198
9184	24	199
10853	26	199
15887	32	199
4350	64	199
16364	83	199
14423	207	199
16197	239	199
8184	265	199
15217	332	199
6285	336	199
15806	337	199
17516	339	199
2070	372	199
1497	387	199
18103	438	199
2121	505	199
13321	507	199
12250	516	199
7732	527	199
6230	532	199
5755	575	199
14864	584	199
4068	118	200
12835	291	200
17554	494	200
9833	96	201
17183	128	201
3538	219	201
1235	324	201
16410	385	201
14877	434	201
10958	529	201
5378	3	202
5698	97	202
9742	269	202
4921	283	202
10911	303	202
1257	462	202
8655	470	202
3313	488	202
3878	570	202
10779	587	202
835	255	203
1601	294	203
14911	172	204
6332	215	204
17040	282	204
9949	338	204
11946	24	205
5487	26	205
2180	64	205
12836	83	205
9361	259	205
9220	265	205
8398	337	205
13017	339	205
2545	372	205
14456	387	205
9676	415	205
8278	438	205
9906	473	205
2319	507	205
9821	516	205
16265	527	205
6352	575	205
3421	584	205
8165	97	206
18359	168	206
14681	570	206
8919	587	206
7172	24	207
12148	26	207
5601	64	207
11125	83	207
10189	199	207
13433	265	207
10867	337	207
3838	339	207
8545	372	207
13029	387	207
8401	438	207
17230	473	207
11028	490	207
17425	507	207
6961	516	207
10804	527	207
10198	532	207
13404	575	207
11030	584	207
7766	22	208
18353	25	208
11009	79	208
1962	82	208
1216	254	208
4167	404	208
13528	448	208
3161	464	208
8565	497	208
3839	501	208
7767	28	209
7565	111	209
3861	121	209
6930	187	209
7361	213	209
9615	330	209
1775	59	210
8209	237	210
9880	239	210
2092	257	210
6288	416	210
3341	159	211
14493	193	211
18270	318	212
15110	552	212
18448	28	213
1779	43	213
9283	209	213
3585	418	213
6742	451	213
16024	476	213
17672	23	214
2593	68	214
9972	300	214
2688	465	214
6980	574	214
11842	14	215
8038	172	215
12265	193	215
3566	204	215
6167	246	215
14244	472	215
4874	12	216
2315	51	216
15379	69	216
17456	73	216
17667	88	216
5742	186	216
15718	273	216
2348	289	216
11631	259	217
11801	415	217
5823	444	217
2443	530	217
7724	12	218
14823	34	218
7683	51	218
2910	88	218
13053	274	218
2214	9	219
7291	165	219
11245	201	219
5232	529	219
16506	36	220
14731	377	220
9085	403	220
10522	406	220
8794	580	220
13290	482	221
8613	583	221
13469	47	222
16309	302	222
14826	351	222
10016	378	222
14803	196	223
17734	251	224
7856	341	224
16386	378	224
16869	433	224
18004	509	224
6476	555	224
2733	191	225
15753	240	225
15712	267	225
5139	307	225
3799	379	225
2347	401	225
5109	513	225
16459	29	226
13203	34	226
6239	84	226
16590	186	226
14290	228	226
13020	274	226
7424	303	226
2190	347	226
12874	481	226
5820	11	227
2466	285	227
17272	544	227
7687	556	227
14436	7	228
11800	226	228
14630	303	228
10576	491	228
2229	543	228
10789	55	229
17526	111	229
6598	121	229
5159	132	229
12572	251	229
3086	406	229
13826	420	229
10672	121	230
15945	341	230
16934	378	230
16120	521	230
701	555	230
3149	566	230
9772	122	231
17353	478	231
11444	484	231
10130	493	231
8940	45	232
10229	263	232
11853	280	232
7301	290	232
2794	311	232
11532	432	232
9986	492	232
6478	539	232
2275	561	232
16707	569	232
2451	39	233
3337	55	233
5949	123	233
9503	148	233
12649	256	233
16633	267	233
9296	343	233
9073	376	233
4087	389	233
5860	406	233
12881	544	233
644	11	234
4693	183	234
12662	390	234
6965	414	234
17222	491	234
13202	368	235
12952	493	235
16967	342	236
9836	357	236
13643	370	236
11997	435	236
1802	585	236
5339	41	237
15871	210	237
3247	515	237
1654	78	238
6461	402	238
15595	439	238
10805	454	238
5843	116	239
1010	131	239
3995	134	239
2334	199	239
10261	210	239
4657	225	240
8970	267	240
7125	379	240
5099	437	240
11477	99	241
8018	173	241
10416	279	242
5396	582	242
1780	137	243
6647	422	243
3945	185	244
1335	352	244
1751	413	244
8652	505	244
6274	517	244
5450	531	244
3766	33	245
13509	102	245
9793	128	245
8909	304	245
2875	330	245
17858	498	245
12120	159	246
6443	215	246
1097	8	247
11240	19	247
6583	24	247
4045	26	247
8921	33	247
12673	64	247
10723	83	247
4194	322	247
4040	337	247
9040	339	247
16916	372	247
10711	387	247
12510	438	247
11296	474	247
6723	507	247
8443	516	247
6787	527	247
6329	575	247
10449	584	247
17696	52	248
15197	248	248
7851	31	249
16259	40	249
8139	314	249
4995	370	249
6760	435	249
17807	309	250
18291	313	250
6112	341	250
5492	495	250
7105	174	251
7729	224	251
17185	229	251
17549	420	251
13492	92	252
4848	259	252
2659	340	252
15138	393	252
2557	490	252
1455	530	252
5015	99	253
7108	173	253
2841	2	254
14146	22	254
10947	25	254
13338	41	254
3768	79	254
6531	80	254
15911	82	254
2750	138	254
11038	208	254
8077	404	254
6307	448	254
14160	464	254
4289	480	254
1402	497	254
14106	505	254
5590	46	255
14310	171	255
2205	203	255
4720	278	255
14476	294	255
5550	316	255
15402	320	255
943	440	255
14122	469	255
10499	522	255
8746	29	256
14259	36	256
4462	123	256
8972	161	256
14389	179	256
16846	233	256
2091	312	256
10567	361	256
16229	403	256
11185	495	256
6500	59	257
11686	210	257
11293	76	258
2003	345	258
1572	399	258
2730	538	258
9915	552	258
3671	24	259
16059	26	259
17835	64	259
6839	83	259
15355	205	259
10957	217	259
11875	252	259
17281	265	259
17232	336	259
14788	337	259
3847	339	259
6956	340	259
12064	372	259
2450	387	259
6374	415	259
17659	438	259
1170	444	259
13904	507	259
12392	516	259
15502	527	259
4742	530	259
14989	575	259
13091	584	259
4148	52	260
4789	260	260
7863	20	261
5235	161	261
10424	357	261
9769	380	261
9078	437	261
8365	111	262
8849	155	262
17177	163	262
5532	420	262
14633	45	263
10453	232	263
1201	280	263
8856	290	263
8904	311	263
17859	432	263
9281	492	263
8952	539	263
1466	561	263
14026	569	263
5712	158	264
3196	24	265
6815	26	265
5945	64	265
15652	83	265
13599	199	265
3757	205	265
6852	207	265
9337	259	265
8726	336	265
826	337	265
13479	339	265
16329	372	265
6631	387	265
10030	410	265
9754	415	265
8700	438	265
13042	473	265
2233	507	265
4374	516	265
2926	527	265
10097	530	265
5799	575	265
3166	584	265
14539	139	266
17877	550	266
3612	36	267
7835	66	267
2322	161	267
10069	225	267
16448	233	267
9169	240	267
9089	379	267
5000	403	267
4722	485	268
8175	558	268
4503	28	269
11084	91	269
5852	97	269
15463	100	269
5987	136	269
15700	149	269
17886	152	269
6479	202	269
10682	272	269
15552	321	269
8245	384	269
6012	386	269
12281	398	269
7187	436	269
16720	470	269
5608	481	269
1718	562	269
11668	567	269
11957	147	270
13526	318	270
16387	346	270
11076	357	271
3312	380	271
10601	269	272
7512	398	272
9194	436	272
7122	567	272
7915	20	273
16206	216	273
6604	437	273
12046	585	273
6747	7	274
14422	85	274
6185	218	274
3456	226	274
14699	408	274
18156	425	274
11647	481	274
15253	77	275
16751	87	275
11545	101	275
7247	131	275
3194	198	275
6522	296	275
9999	499	275
8647	533	275
12056	546	275
1742	581	275
17550	52	276
11143	99	276
16540	115	276
17064	173	276
10873	175	276
13676	276	276
1018	305	276
14044	327	276
9404	68	277
17900	135	277
17038	177	277
3044	424	277
6813	479	277
2176	46	278
15097	171	278
12542	255	278
6537	294	278
2590	316	278
3943	320	278
2863	374	278
10877	409	278
13702	427	278
10493	440	278
8765	469	278
5598	500	278
16110	522	278
13137	582	278
10985	242	279
1987	554	279
14424	559	279
16619	232	280
14698	263	280
4056	290	280
1723	311	280
9067	432	280
15880	569	280
14437	58	281
18030	441	281
15124	204	282
13902	338	282
11935	558	282
14075	33	283
17037	168	283
5713	202	283
15102	462	283
6333	470	283
4935	110	284
5536	120	284
4611	318	284
8330	399	284
1423	405	284
654	502	284
10252	503	284
13768	538	284
7834	11	285
13035	55	285
3917	160	285
14907	227	285
11395	298	285
8382	343	285
7741	385	285
16431	389	285
2873	390	285
14669	556	285
9904	291	286
5919	360	286
10145	396	286
7723	6	287
15977	37	287
3710	61	287
13886	62	287
2676	159	287
12502	197	287
18238	292	287
7256	333	287
12122	412	287
18198	417	287
16445	460	287
2762	496	287
13300	534	287
18289	137	288
11914	323	288
9543	422	288
12825	34	289
13111	69	289
16876	85	289
3663	122	289
1727	216	289
12847	1	290
13873	45	290
14099	232	290
15448	263	290
7674	280	290
2449	311	290
18447	432	290
4606	475	290
5039	492	290
8761	569	290
16096	200	291
12632	286	291
9235	306	291
15229	360	291
2083	371	291
2563	396	291
5734	455	291
5539	484	291
11024	537	291
7024	6	292
4711	37	292
8514	61	292
2380	62	292
14481	159	292
7799	197	292
4325	287	292
17684	333	292
17500	412	292
14791	417	292
11596	460	292
6594	496	292
11633	534	292
7688	38	293
18342	350	293
10324	474	293
16165	555	293
12473	560	293
3068	46	294
3038	171	294
1252	203	294
11394	255	294
13386	278	294
3863	316	294
1874	320	294
16828	440	294
2742	467	294
3430	468	294
2917	469	294
2280	522	294
6468	490	295
5948	532	295
13498	77	296
12419	101	296
10516	198	296
8437	275	296
604	325	296
6756	359	296
6937	373	296
8021	425	296
4887	499	296
17488	519	296
1421	533	296
8547	540	296
5582	546	296
9069	581	296
3970	143	297
10894	518	297
10578	571	297
3636	160	298
13400	285	298
12978	390	298
10978	441	298
1510	453	298
17867	27	299
6135	349	299
11055	214	300
7836	465	300
12460	4	301
16621	439	301
3017	449	301
1852	454	301
10689	47	302
16384	222	302
6025	351	302
11427	369	302
3043	378	302
3250	510	302
700	7	303
14777	94	303
12913	124	303
13820	202	303
1108	226	303
18115	228	303
15658	414	303
5224	462	303
14463	470	303
15003	491	303
16261	19	304
2502	102	304
12605	155	304
12443	184	304
16604	245	304
7817	400	304
1328	414	304
17551	498	304
15535	560	304
12354	52	305
11737	276	305
16000	305	305
16991	118	306
10708	291	306
16063	484	306
4000	105	307
3129	140	307
14090	191	307
11094	225	307
914	357	307
13556	430	307
875	513	307
791	547	307
5347	341	308
18074	378	308
7948	419	308
18097	555	308
14296	250	309
14967	367	309
8060	369	309
16066	452	309
10212	523	309
17564	586	309
5009	44	310
4431	45	311
8301	232	311
8958	263	311
17809	280	311
10153	290	311
7070	432	311
3289	475	311
730	492	311
12525	569	311
17842	9	312
3091	63	312
1690	161	312
2959	179	312
12008	256	312
14358	476	312
14409	495	312
4642	43	313
1583	182	313
4852	191	313
8741	250	313
4183	354	313
6321	363	313
14956	368	313
12821	508	313
1159	536	313
2824	31	314
15657	50	314
7341	249	314
3157	435	314
10731	87	315
7844	131	315
11165	365	315
2796	425	315
7034	46	316
6561	171	316
6190	255	316
3237	278	316
12939	294	316
10820	320	316
4390	374	316
15023	409	316
5548	427	316
9068	440	316
2430	469	316
14118	500	316
11636	522	316
15797	582	316
12687	153	317
12593	494	317
4441	212	318
4336	270	318
16482	284	318
6668	346	318
7671	348	318
750	503	318
11218	552	318
4371	3	319
9105	103	319
17784	46	320
2811	171	320
9853	255	320
10391	278	320
5705	294	320
8393	316	320
9130	374	320
9448	409	320
10852	427	320
702	440	320
13523	469	320
11833	500	320
9374	522	320
2359	582	320
17434	75	321
1937	269	321
8035	398	321
18296	567	321
1909	19	322
12820	117	322
13421	247	322
4396	428	322
3853	162	323
8235	288	323
3074	334	323
15388	422	323
4680	111	324
1487	183	324
8483	201	324
4031	414	324
9465	426	324
12520	77	325
7282	101	325
11517	296	325
12624	499	325
8620	533	325
12898	546	325
8093	581	325
12969	18	326
2376	52	327
16327	276	327
17338	327	327
6761	17	328
11388	130	328
18425	356	328
10413	445	328
10842	520	328
6705	576	328
8148	129	329
2954	463	329
7360	504	329
16485	187	330
11954	209	330
881	245	330
13122	551	330
7153	560	330
12434	99	331
1209	173	331
16461	32	332
2693	199	332
10002	393	332
2758	395	332
17796	505	332
11260	6	333
9748	37	333
734	61	333
10036	62	333
7490	159	333
4005	197	333
6042	287	333
850	292	333
16657	412	333
15056	417	333
1388	460	333
10955	496	333
12259	534	333
9113	323	334
9470	392	334
18120	514	334
12970	517	335
5895	531	335
13145	134	336
3308	199	336
15828	259	336
12028	265	336
5699	340	336
8679	473	336
16666	530	336
3982	15	337
2591	24	337
9637	26	337
16937	42	337
6218	64	337
16944	83	337
15790	178	337
17703	199	337
9960	205	337
10060	207	337
2928	247	337
8742	259	337
7416	265	337
3613	339	337
4815	372	337
17095	387	337
5871	410	337
5557	415	337
10253	438	337
3587	473	337
5760	507	337
12253	516	337
11297	527	337
10936	575	337
599	584	337
4975	204	338
7639	282	338
17036	558	338
10051	15	339
15713	24	339
8487	26	339
2647	42	339
17051	64	339
15575	83	339
5414	178	339
8593	199	339
12585	205	339
11529	207	339
17714	247	339
16958	259	339
2714	265	339
17093	337	339
1102	372	339
2708	387	339
7990	410	339
878	415	339
17798	438	339
681	473	339
18051	507	339
15266	516	339
2314	527	339
8752	575	339
18366	584	339
4088	92	340
14700	252	340
744	259	340
10441	336	340
15952	393	340
1672	415	340
4767	224	341
11489	230	341
10031	250	341
5416	308	341
13858	378	341
15894	419	341
16591	433	341
1373	481	341
5754	509	341
11044	521	341
15928	555	341
14718	566	341
5248	20	342
17640	50	342
3684	236	342
8152	357	342
10995	435	342
16564	585	342
6534	233	343
7838	285	343
13399	376	343
9859	389	343
3083	109	344
14168	76	345
6208	258	345
1860	399	345
4881	538	345
2849	552	345
12094	147	346
14361	270	346
7480	318	346
14191	422	346
8370	60	347
8315	188	347
11320	226	347
14879	406	347
16593	318	348
7973	552	348
4901	299	349
16693	383	349
12654	504	349
5663	535	349
9066	187	350
2745	293	350
8812	560	350
16121	47	351
13470	222	351
640	302	351
4930	369	351
14027	378	351
14234	418	351
8223	510	351
12748	185	352
10080	244	352
8737	480	352
8922	517	352
16909	531	352
13059	52	353
15210	353	353
8210	63	354
1439	98	354
4721	134	354
4034	161	354
15316	188	354
13055	313	354
5127	37	355
9530	558	355
11611	17	356
7875	95	356
1719	130	356
9577	328	356
14487	576	356
1616	5	357
15697	89	357
16134	90	357
17822	104	357
2371	105	357
15466	107	357
12162	140	357
15922	236	357
15687	261	357
13709	271	357
4221	307	357
17297	342	357
9379	358	357
13390	380	357
13662	430	357
4493	435	357
11169	513	357
16843	524	357
11150	547	357
6728	579	357
948	104	358
5115	357	358
6335	77	359
907	101	359
10340	296	359
7344	373	359
12261	425	359
14881	499	359
5172	519	359
14730	540	359
11389	546	359
16237	581	359
15886	286	360
11816	291	360
2418	484	360
16864	29	361
6845	55	361
4970	66	361
14890	111	361
9431	256	361
12734	377	361
16941	403	361
12671	114	362
14953	135	362
16682	177	362
11966	424	362
9705	479	362
2900	313	363
12017	508	363
12730	18	364
14886	35	364
4957	142	364
17424	150	364
7516	445	364
8376	468	364
10092	572	364
14658	3	365
12415	103	365
12982	131	365
3894	168	365
15819	315	365
8983	43	366
14172	124	366
14458	191	366
14992	378	366
3731	391	366
9649	434	366
14799	182	367
9058	309	367
6873	454	367
8859	536	367
6921	571	367
17146	70	368
3562	146	368
9487	235	368
11438	313	368
7077	21	369
9743	47	369
6240	302	369
7145	309	369
7977	351	369
16656	509	369
3976	510	369
15495	5	370
10484	31	370
17409	70	370
7219	107	370
11900	128	370
11931	236	370
16108	249	370
13092	435	370
10392	524	370
3136	291	371
7559	396	371
6538	15	372
16955	24	372
16998	26	372
600	42	372
6939	64	372
16959	83	372
18038	178	372
4504	199	372
17945	205	372
10903	207	372
14693	247	372
14814	259	372
2216	265	372
9995	337	372
11764	339	372
12823	387	372
13579	410	372
1786	415	372
16267	438	372
14329	473	372
17716	507	372
6607	516	372
15291	527	372
11938	575	372
14689	584	372
1674	77	373
3116	101	373
4297	296	373
14862	359	373
14936	425	373
2426	499	373
12581	519	373
15987	540	373
13673	546	373
14254	581	373
7354	46	374
12601	145	374
2448	171	374
5885	278	374
17390	316	374
10315	320	374
11866	440	374
595	469	374
11732	522	374
14204	545	374
1551	52	375
7882	375	375
16974	11	376
10161	156	376
14780	160	376
7478	233	376
6929	343	376
7199	29	377
16307	55	377
14835	220	377
1737	361	377
8263	47	378
7514	93	378
11731	132	378
11614	222	378
12010	224	378
7417	230	378
5984	302	378
740	308	378
15107	341	378
5340	351	378
13865	366	378
15781	419	378
16409	433	378
11474	510	378
4329	521	378
14812	566	378
3703	140	379
15168	191	379
14438	225	379
12582	240	379
4717	267	379
7389	401	379
11187	53	380
16804	89	380
12107	261	380
14759	271	380
12598	357	380
4945	437	380
12629	427	381
1144	545	381
3723	59	382
13219	80	382
8076	185	382
2042	27	383
16212	65	383
9710	349	383
16255	149	384
10942	269	384
13915	562	384
4889	40	385
15964	148	385
3447	183	385
5905	201	385
9014	285	385
16094	429	385
13949	75	386
11506	269	386
6345	436	386
8297	15	387
14484	24	387
16674	26	387
6889	42	387
16331	64	387
3106	83	387
15236	178	387
11498	199	387
6147	205	387
2194	207	387
9260	247	387
12544	259	387
3107	265	387
13407	337	387
8911	339	387
17871	372	387
6170	410	387
2996	415	387
14834	438	387
2805	473	387
4635	507	387
9396	516	387
4111	527	387
6708	575	387
2138	584	387
4003	19	388
14479	30	388
9177	63	388
5332	563	388
15024	196	389
972	233	389
6748	285	389
12669	343	389
2871	451	389
6990	43	390
5262	160	390
8683	234	390
11070	285	390
12806	298	390
8002	391	390
5073	441	390
4323	457	390
14938	529	390
1213	573	390
15585	43	391
13490	160	391
6322	366	391
16089	390	391
4418	434	391
13335	441	391
15517	457	391
13140	573	391
16301	147	392
3256	334	392
12353	514	392
15048	32	393
10813	92	393
12694	252	393
12031	332	393
14415	340	393
11109	416	393
14008	73	394
1864	88	394
7271	537	394
1323	585	394
12154	332	395
7535	410	395
5907	528	395
8966	286	396
9797	291	396
14375	371	396
846	455	396
12317	9	397
10763	123	397
11013	126	397
4278	134	397
16559	269	398
9626	272	398
976	321	398
14439	567	398
9852	110	399
2304	258	399
4746	284	399
13303	345	399
10916	503	399
3130	184	400
9723	304	400
15747	414	400
12785	462	400
6277	225	401
5653	379	401
14221	513	401
2400	10	402
4093	238	402
3300	439	402
9929	454	402
4619	36	403
12532	220	403
16681	256	403
5619	267	403
17660	361	403
16333	2	404
7415	22	404
3007	25	404
3039	41	404
2488	79	404
9141	80	404
15187	82	404
10478	138	404
1888	208	404
15358	254	404
2944	448	404
12974	464	404
15211	480	404
4696	497	404
3373	505	404
2500	284	405
9098	165	406
6610	220	406
3150	229	406
6843	233	406
13477	347	406
9872	411	406
4397	420	406
17484	439	406
12955	474	406
14101	99	407
17164	3	408
4351	274	408
11657	462	408
13184	46	409
11679	171	409
1450	278	409
17852	316	409
6343	320	409
16380	440	409
4656	469	409
4768	522	409
14852	14	410
12813	24	410
15565	26	410
11798	64	410
16589	83	410
10863	265	410
12283	337	410
13894	339	410
13527	372	410
12131	387	410
7743	395	410
6109	438	410
10430	505	410
16284	507	410
3037	516	410
3720	527	410
5883	540	410
2618	575	410
18149	584	410
8887	96	411
17510	156	411
689	160	411
11895	196	411
1945	406	411
10628	453	411
9935	6	412
17710	37	412
10875	61	412
1234	62	412
5900	159	412
7116	197	412
17616	287	412
11314	292	412
4774	333	412
7267	417	412
15264	460	412
921	496	412
1848	534	412
17918	86	413
10235	244	413
4039	501	413
9634	517	413
18235	7	414
4129	43	414
4413	124	414
9116	234	414
4075	303	414
6428	304	414
10752	324	414
1278	400	414
2669	458	414
18376	491	414
10656	24	415
8986	26	415
7720	64	415
10010	83	415
9653	92	415
4974	205	415
12103	217	415
4609	259	415
9155	265	415
12942	337	415
17074	339	415
3451	340	415
16533	372	415
3478	387	415
17480	438	415
4736	444	415
11340	507	415
2266	516	415
1326	527	415
13397	530	415
14687	575	415
10025	584	415
17383	210	416
12868	393	416
11597	532	416
17853	6	417
5415	37	417
4135	61	417
3812	62	417
17129	159	417
692	197	417
15409	287	417
4747	292	417
2263	333	417
990	412	417
16686	460	417
7947	496	417
12846	534	417
17393	112	418
6024	174	418
2413	213	418
13206	351	418
13464	308	419
7645	341	419
2234	378	419
7888	555	419
15035	229	420
5974	251	420
7974	262	420
17089	406	420
4801	429	420
11456	451	420
3879	474	420
14237	481	420
7517	566	420
13172	166	421
12640	194	421
12231	461	421
13694	44	422
14074	180	422
11781	243	422
5717	288	422
17116	323	422
8689	346	422
17042	31	423
12648	50	423
5837	71	423
6792	51	424
14323	68	424
10926	72	424
4633	114	424
15430	135	424
15077	144	424
13103	177	424
9277	277	424
5519	362	424
9686	479	424
6822	77	425
4283	87	425
14367	101	425
1152	131	425
2423	274	425
1928	296	425
16676	315	425
17997	359	425
4982	373	425
11947	499	425
1861	519	425
15294	546	425
14003	9	426
7619	111	426
3439	121	426
15061	183	426
3193	324	426
5118	495	426
966	529	426
11873	46	427
7528	171	427
8720	278	427
7750	316	427
1838	320	427
2972	381	427
1046	440	427
10914	469	427
6272	500	427
7937	522	427
17435	559	427
925	19	428
16180	322	428
15099	491	428
9226	563	428
3969	93	429
14784	188	429
12139	385	429
7287	420	429
5476	481	429
8317	542	429
15152	557	429
10836	105	430
14395	140	430
7930	191	430
11060	307	430
14577	357	430
6469	547	430
8120	60	431
4758	45	432
6357	232	432
16820	263	432
1400	280	432
15858	290	432
11370	311	432
16927	492	432
8070	539	432
1258	561	432
10107	569	432
11379	224	433
4665	341	433
9240	378	433
7906	555	433
6082	566	433
11213	11	434
8121	201	434
12719	366	434
11515	391	434
15879	441	434
4840	556	434
6735	5	435
5558	50	435
9576	236	435
13541	249	435
18059	314	435
11868	342	435
8199	357	435
2866	370	435
2346	585	435
8298	269	436
3728	272	436
9878	386	436
13793	123	437
17724	161	437
4271	240	437
13284	261	437
3158	273	437
1520	380	437
10946	585	437
7616	15	438
12845	24	438
7829	26	438
16901	42	438
986	64	438
3825	83	438
14222	178	438
3069	199	438
3448	205	438
18392	207	438
5336	247	438
15186	259	438
9925	265	438
3754	337	438
13713	339	438
11886	372	438
5451	387	438
9326	410	438
2901	415	438
18226	473	438
12367	507	438
11500	516	438
9942	527	438
17151	575	438
13870	584	438
8236	10	439
15615	93	439
16814	96	439
1921	143	439
1238	238	439
10529	301	439
10960	402	439
7933	406	439
18381	454	439
15128	571	439
16637	46	440
4376	171	440
14833	255	440
7063	278	440
8461	294	440
8201	316	440
12136	320	440
15660	374	440
12878	409	440
14987	427	440
6805	469	440
13752	500	440
15656	522	440
17015	582	440
3711	281	441
4778	298	441
17586	390	441
3296	391	441
6268	434	441
15371	485	442
9891	558	442
2870	176	443
16699	486	443
18107	217	444
15267	259	444
12552	415	444
1687	530	444
15364	130	445
1304	150	445
18133	328	445
2041	364	445
5024	542	445
4620	572	445
12357	576	445
6567	3	446
14743	28	446
17343	30	446
1712	103	446
3429	540	446
13561	139	447
16055	550	447
5376	2	448
17449	22	448
11656	25	448
7786	41	448
12110	79	448
16263	80	448
7447	82	448
15914	138	448
12225	208	448
6903	254	448
13157	404	448
10246	464	448
8248	480	448
14714	497	448
13109	505	448
3335	301	449
7396	454	449
15487	571	449
15132	54	450
18200	74	450
17880	541	450
14854	14	451
16211	188	451
15070	213	451
13750	389	451
6016	420	451
11348	93	452
9553	309	452
6372	454	452
14516	510	452
3719	555	452
6800	586	452
3544	96	453
6891	298	453
10596	411	453
14676	542	453
7390	554	453
898	4	454
11769	108	454
12433	182	454
14977	238	454
18089	301	454
11845	367	454
13453	402	454
9631	439	454
8998	449	454
2109	452	454
12344	456	454
10684	578	454
11729	291	455
8166	396	455
8656	108	456
3546	454	456
1331	578	456
7668	124	457
2169	390	457
16230	391	457
7410	458	457
3396	551	457
6415	573	457
13094	11	458
15755	43	458
10624	414	458
6157	457	458
1394	583	459
12193	6	460
18324	37	460
1227	61	460
4700	62	460
12812	159	460
1379	197	460
13935	287	460
15423	292	460
5842	333	460
9763	412	460
4559	417	460
6988	496	460
5638	534	460
8865	166	461
10216	421	461
12145	7	462
4673	94	462
7893	202	462
8511	283	462
15060	303	462
5404	400	462
11068	408	462
9977	470	462
16862	65	463
14710	129	463
3978	329	463
9026	535	463
15572	2	464
6174	22	464
5084	25	464
17702	41	464
2828	79	464
17811	80	464
4718	82	464
7200	138	464
11994	208	464
9087	254	464
8440	404	464
1135	448	464
6592	480	464
959	497	464
14035	505	464
14808	23	465
17307	68	465
1789	214	465
16353	300	465
5299	574	465
12757	60	466
9574	294	467
11236	504	467
17874	535	467
16511	142	468
6999	294	468
11208	364	468
9509	520	468
15540	46	469
15488	171	469
4748	255	469
10748	278	469
9144	294	469
17452	316	469
7659	320	469
4844	374	469
9229	409	469
6665	427	469
12178	440	469
6385	500	469
7441	522	469
6739	582	469
10971	3	470
15523	97	470
2634	202	470
10511	269	470
15891	283	470
6566	303	470
13891	462	470
9598	488	470
6091	570	470
3336	587	470
2791	52	471
11598	471	471
17078	159	472
3305	215	472
2520	15	473
11273	24	473
16806	26	473
9409	42	473
14308	64	473
7707	83	473
5834	178	473
2556	205	473
2210	207	473
11874	265	473
1068	336	473
10694	337	473
7346	339	473
6943	372	473
6271	387	473
13737	438	473
7553	507	473
13835	516	473
13354	527	473
6924	575	473
13417	584	473
4479	38	474
10387	111	474
10563	247	474
17678	293	474
8103	406	474
12144	420	474
13717	1	475
8214	290	475
14690	311	475
6108	121	476
6462	161	476
14526	213	476
11937	312	476
5803	509	476
5206	485	477
18375	558	477
11327	231	478
940	493	478
15943	51	479
8729	68	479
5049	72	479
17543	114	479
9656	135	479
16109	144	479
13605	177	479
2019	277	479
1111	362	479
14653	424	479
18220	22	480
5528	25	480
2728	79	480
14140	82	480
8758	126	480
4819	254	480
1489	352	480
6894	404	480
13506	448	480
17142	464	480
8257	497	480
13563	501	480
17596	43	481
10553	188	481
13906	226	481
1072	269	481
6544	274	481
6628	341	481
2161	420	481
9264	429	481
6781	221	482
3735	583	482
16962	561	483
5920	118	484
11677	231	484
3673	291	484
15542	306	484
9591	360	484
5531	37	485
17098	193	485
2842	268	485
12894	442	485
15324	477	485
18242	158	486
14153	443	486
10466	3	487
17269	165	487
1679	126	488
8344	202	488
1293	470	488
16965	570	488
955	587	488
1396	60	489
18347	92	490
14694	207	490
17020	252	490
12129	295	490
1886	532	490
8566	124	491
6574	228	491
1180	234	491
11779	303	491
7703	414	491
3760	428	491
15599	556	491
17523	45	492
3569	232	492
12627	263	492
1064	290	492
2415	311	492
3445	432	492
3227	539	492
1361	561	492
5502	569	492
6523	127	493
5158	231	493
928	235	493
4121	478	493
5054	153	494
15357	200	494
1760	317	494
17648	9	495
12088	63	495
13975	112	495
16711	179	495
13391	250	495
5453	256	495
10774	312	495
4894	426	495
7961	6	496
11151	37	496
15885	61	496
7197	62	496
18066	159	496
4531	197	496
4372	287	496
10272	292	496
13387	333	496
6711	412	496
6721	417	496
6923	460	496
12925	534	496
18230	2	497
13718	22	497
11162	25	497
15884	41	497
1398	79	497
1461	80	497
12450	82	497
5766	138	497
10009	208	497
2507	254	497
12816	404	497
14093	448	497
14376	464	497
7297	480	497
5561	505	497
18204	30	498
2511	184	498
2342	245	498
17751	304	498
8162	77	499
7142	101	499
3387	198	499
8067	275	499
16357	296	499
15811	325	499
6038	359	499
18009	373	499
7464	425	499
726	519	499
15057	533	499
17025	540	499
4985	546	499
12026	581	499
17226	46	500
8219	145	500
2941	171	500
15737	278	500
8450	316	500
6658	320	500
9687	427	500
9238	440	500
16279	469	500
10641	522	500
10707	545	500
14652	138	501
11233	208	501
2509	413	501
3230	480	501
1160	284	502
11548	110	503
14836	284	503
6896	318	503
7793	399	503
1976	129	504
8538	329	504
9764	349	504
9618	467	504
6149	511	504
1566	22	505
1602	25	505
14252	32	505
14519	79	505
8374	82	505
17680	85	505
5216	117	505
15711	199	505
10326	244	505
2267	254	505
12086	332	505
12149	404	505
10173	410	505
10715	448	505
16574	464	505
1130	497	505
5052	12	506
17612	88	506
9170	186	506
16768	15	507
12061	24	507
17361	26	507
16727	42	507
6963	64	507
5236	83	507
5246	178	507
8539	199	507
11564	205	507
6599	207	507
1236	247	507
6222	259	507
17458	265	507
8562	337	507
16006	339	507
1532	372	507
10569	387	507
6857	410	507
13054	415	507
14994	438	507
9968	473	507
6593	516	507
16201	527	507
9000	575	507
11813	584	507
5466	313	508
4872	363	508
12151	224	509
12496	341	509
10688	369	509
7252	476	509
2053	555	509
17576	47	510
3164	302	510
13097	351	510
12150	369	510
3631	378	510
18390	452	510
1735	504	511
9786	129	512
9688	225	513
6247	307	513
6802	357	513
3352	401	513
11402	147	514
6379	334	514
11830	392	514
10829	2	515
13729	41	515
3485	126	515
5777	237	515
6944	15	516
15553	24	516
7005	26	516
9990	42	516
6501	64	516
11357	83	516
4527	178	516
17818	199	516
13619	205	516
16060	207	516
1268	247	516
16502	259	516
7290	265	516
5889	337	516
7148	339	516
15449	372	516
7788	387	516
2964	410	516
11168	415	516
4353	438	516
8660	473	516
7519	507	516
16895	527	516
6221	575	516
5400	584	516
982	74	517
4296	185	517
3378	244	517
9773	335	517
6276	352	517
12432	413	517
12442	531	517
8832	78	518
2072	297	518
16034	571	518
10258	77	519
2538	101	519
10438	296	519
11811	359	519
12378	373	519
11899	425	519
2518	499	519
16163	540	519
10166	546	519
2752	581	519
3996	17	520
12288	142	520
11944	167	520
3697	328	520
12656	468	520
3687	572	520
2844	576	520
8191	121	521
5568	230	521
12269	341	521
5795	378	521
5789	555	521
3151	46	522
15036	171	522
7185	255	522
15319	278	522
9738	294	522
16343	316	522
11351	320	522
17894	374	522
8822	409	522
2768	427	522
4971	440	522
9632	469	522
16708	500	522
11031	582	522
16210	112	523
11004	309	523
13169	5	524
8196	107	524
12540	357	524
2661	370	524
3054	579	524
3061	39	525
14286	544	525
12938	577	525
8069	142	526
17522	15	527
2209	24	527
10250	26	527
12775	42	527
15937	64	527
12082	83	527
10135	178	527
5537	199	527
17806	205	527
15772	207	527
18189	247	527
5454	259	527
3689	265	527
4091	337	527
6378	339	527
16182	372	527
10647	387	527
8681	410	527
2120	415	527
12795	438	527
17712	473	527
13630	507	527
14461	516	527
3146	575	527
6031	584	527
15145	395	528
10790	9	529
16277	96	529
16214	98	529
6536	116	529
17436	128	529
14353	165	529
3502	201	529
15956	219	529
13978	390	529
7900	426	529
16479	217	530
4719	252	530
3210	259	530
1105	265	530
9698	336	530
980	415	530
10044	444	530
12355	185	531
5420	244	531
16170	335	531
1772	352	531
12244	517	531
1889	92	532
12744	199	532
8378	207	532
6773	295	532
18439	416	532
2112	490	532
6079	77	533
7031	87	533
7103	101	533
7928	275	533
6865	296	533
17418	325	533
3496	499	533
11255	546	533
18139	6	534
5443	37	534
7604	61	534
11570	62	534
3959	159	534
4370	197	534
1557	287	534
8471	292	534
12204	333	534
13867	412	534
5276	417	534
10847	460	534
1196	496	534
6251	13	535
17868	27	535
15477	57	535
7136	349	535
995	463	535
15810	467	535
8288	161	536
17630	182	536
17287	313	536
7725	367	536
17169	73	537
4759	148	537
16702	291	537
2952	394	537
10794	258	538
7816	284	538
8766	345	538
6235	27	539
6868	232	539
17227	263	539
7248	432	539
3956	492	539
15576	554	539
7171	569	539
9462	74	540
13698	77	540
15589	94	540
15507	101	540
3678	144	540
3881	296	540
6700	359	540
14188	373	540
12675	410	540
6057	446	540
14507	499	540
5050	519	540
7032	546	540
10236	581	540
8624	181	541
5277	450	541
9596	96	542
1292	150	542
12534	160	542
15231	196	542
6004	429	542
11005	445	542
9179	453	542
7029	572	542
18068	39	543
16379	179	543
10239	228	543
8174	544	543
9667	556	543
18318	29	544
6026	39	544
8034	55	544
648	148	544
11753	227	544
2640	233	544
12922	525	544
10201	543	544
7409	556	544
14998	577	544
15691	374	545
10597	381	545
13447	500	545
16594	77	546
4226	101	546
3113	198	546
15641	275	546
8806	296	546
3924	325	546
15065	359	546
16654	373	546
6948	425	546
17465	499	546
15066	519	546
3972	533	546
15244	540	546
15896	581	546
15684	105	547
11364	140	547
8805	191	547
15598	307	547
852	357	547
11316	430	547
6818	68	548
5939	12	549
7552	29	549
17831	84	549
1283	88	549
4028	116	549
16125	123	549
2244	186	549
11209	16	550
17801	57	550
1288	81	550
8880	139	550
15537	181	550
11118	266	550
9290	447	550
12104	553	550
11039	21	551
16446	102	551
3685	187	551
14839	330	551
9044	457	551
9861	212	552
17090	258	552
2327	318	552
9544	345	552
9896	348	552
1930	54	553
676	139	553
12431	151	553
16840	170	553
9810	550	553
13916	279	554
2705	453	554
14844	539	554
18307	93	555
17356	224	555
10650	230	555
2139	293	555
7398	308	555
11608	341	555
4686	419	555
3472	433	555
6398	452	555
2740	509	555
10979	521	555
15384	560	555
4540	566	555
7150	227	556
15339	285	556
3092	434	556
8898	491	556
5591	543	556
10157	544	556
15432	93	557
1947	96	557
7936	156	557
6480	196	557
3653	429	557
10970	586	557
13182	268	558
4113	282	558
14266	338	558
15541	355	558
2211	442	558
1918	477	558
18436	279	559
16426	427	559
3517	38	560
1501	124	560
17382	187	560
4104	293	560
11391	304	560
10158	330	560
11362	350	560
8546	555	560
11360	1	561
6137	48	561
15285	232	561
4471	263	561
1720	432	561
17847	483	561
3806	492	561
12164	569	561
10552	149	562
17291	269	562
16316	384	562
1112	19	563
18280	33	563
17570	157	563
17041	388	563
9432	428	563
9858	67	564
9514	125	564
3360	192	564
12492	195	564
16240	99	565
8371	173	565
9706	174	566
17397	230	566
18223	341	566
13604	378	566
833	420	566
7628	433	566
5564	555	566
1451	269	567
15346	272	567
4013	321	567
7365	398	567
5126	60	568
10736	45	569
13597	232	569
2367	263	569
7217	280	569
13794	290	569
12068	311	569
3006	432	569
15042	492	569
16671	539	569
9525	561	569
13864	202	570
1876	206	570
6477	470	570
2929	488	570
18309	587	570
9756	10	571
17179	78	571
930	143	571
17012	297	571
14631	367	571
7281	439	571
4453	449	571
3955	518	571
14418	580	571
12781	130	572
10290	150	572
16306	364	572
6917	445	572
7491	520	572
11309	542	572
13392	576	572
2124	11	573
11469	116	573
6898	124	573
11728	148	573
2680	390	573
3848	391	573
10827	457	573
8871	214	574
4515	465	574
11368	15	575
14406	24	575
15510	26	575
17654	42	575
8944	64	575
5629	83	575
2622	178	575
8305	199	575
4291	205	575
8937	207	575
16310	247	575
8707	259	575
11132	265	575
16576	337	575
15071	339	575
18054	372	575
16984	387	575
3191	410	575
4771	415	575
6395	438	575
18380	473	575
17336	507	575
15534	516	575
9473	527	575
12763	584	575
18186	17	576
12157	95	576
1133	130	576
2033	150	576
4030	328	576
17711	356	576
10654	445	576
8811	520	576
6678	572	576
8813	525	577
4365	544	577
3195	182	578
9107	454	578
8252	456	578
10447	50	579
5589	107	579
10151	357	579
958	524	579
9123	36	580
8359	53	580
4105	121	580
7292	143	580
10878	220	580
10981	571	580
17277	77	581
11777	101	581
17909	275	581
12258	296	581
12870	325	581
13347	359	581
11838	373	581
11387	499	581
9165	519	581
16816	540	581
2921	546	581
11704	46	582
8894	171	582
8295	242	582
8303	278	582
3269	316	582
17646	320	582
8140	440	582
9329	469	582
8521	522	582
7272	221	583
14705	459	583
2874	482	583
13939	15	584
15275	24	584
6442	26	584
6438	42	584
5752	64	584
12412	83	584
3597	178	584
3063	199	584
10175	205	584
6181	207	584
5322	247	584
18165	259	584
11222	265	584
6361	337	584
9381	339	584
5069	372	584
17735	387	584
12069	410	584
4666	415	584
7399	438	584
12474	473	584
16952	507	584
5631	516	584
6301	527	584
13393	575	584
15543	20	585
12479	29	585
1615	39	585
4710	66	585
9633	73	585
9555	88	585
14274	161	585
3055	236	585
3803	273	585
5729	342	585
13551	394	585
11423	435	585
11012	437	585
17816	63	586
4827	93	586
14205	161	586
3595	309	586
5765	452	586
9716	557	586
18134	202	587
10120	206	587
14011	470	587
8796	488	587
1044	570	587
18079	99	588
