start 1 psup 9 p 2 m 0 [18213 408 15006 487]
start 2 psup 9 p 2 m 1 [18213 408 15006 487 16667 159 15625 412 15716 417 7946 460 3120 496 9729 534]
start 2 psup 17 p 2 m 1 [18213 408]
start 3 psup 11 p 3 m 2 [18213 408]
start 1 psup 18 p 2 m 0 [18213 408]
start 1 psup 12 p 3 m 0 [18213 408]
start 2 psup 12 p 3 m 1 [18213 408]
start 24 psup 9 p 2 m 1 [13152 65 18471 18386]
start 26 psup 9 p 2 m 1 [2995 55 1 13152 65 18340]
start 27 psup 9 p 2 m 0 [13152 65 18340]
start 21 psup 12 p 2 m 0 [13152 65]
start 26 psup 10 p 2 m 1 [13152 65 18340]
start 22 psup 12 p 2 m 1 [13152 65]
start 27 psup 10 p 2 m 0 [18340]
start 26 psup 11 p 2 m 1 [18340]
start 46 psup 9 p 2 m 1 [15287 7 1 18254 402 18266 2748 90 12455 105 17795 118]
start 44 psup 10 p 2 m 1 [18254 402 18266 2748 90 12455 105 17795 118]
start 42 psup 11 p 2 m 1 [18254 402 18266 17795 118]
start 40 psup 12 p 2 m 1 [18254 402]
start 47 psup 9 p 2 m 0 [15287 7 1 18254 402 18266 2748 90 12455 105 17795 118 17833 191 17002 222 11335 326 16772 456 3793 467 18323 18181 18274 18048 512 13270 173 18450 528 18435 10298]
start 45 psup 10 p 2 m 0 [15287 7 1 18254 402 18266 2748 90 12455 105 17795 118]
start 43 psup 11 p 2 m 0 [18254 402 18266 2748 90 12455 105 17795 118]
start 39 psup 13 p 2 m 0 [18254 402]
start 48 psup 9 p 2 m 1 [15287 7 1 15662 215 16118 401 15033 444 4564 530 14868 531 7981 9 2 10773 274 18323 18181 11525 165 29 12128 319 18450 528 18435 10298 306]
start 39 psup 9 p 3 m 2 [18254 402]
start 49 psup 9 p 2 m 0 [15287 7 1 15662 215 18266 2748 90 12455 105 17795 118 17833 191 17002 222 11335 326 16772 456 3793 467 1319 494 2717 547 14498 18323 18181 11525 12128 319 18450 528 18435 10298 306]
start 47 psup 10 p 2 m 0 [15287 7 1 18266 2748 90 12455 105 17795 118 17833 191 17002 222 11335 326 16772 456 3793 467 18323 18181 18450 528 18435 10298]
start 45 psup 11 p 2 m 0 [15287 7 1 18266 2748 90 12455 105 17795 118]
start 43 psup 12 p 2 m 0 [18266 2748 90 12455 105 17795 118]
start 50 psup 9 p 2 m 1 [15287 7 1 15662 215 18323 18181 18450 528 18435 10298 306 18463]
start 48 psup 10 p 2 m 1 [15287 7 1 15662 215 18323 18181 18450 528 18435 10298 306]
start 46 psup 11 p 2 m 1 [15287 7 1]
start 42 psup 9 p 3 m 2 [18266 17795 118]