start 1 psup 5 p 4 m 0 [18213 408 15006 487 16667 159 14920 172 4161 197]
start 2 psup 5 p 4 m 1 [18213 408 15006 487 16667 159 15625 412 15716 417 7946 460 3120 496 9729 534]
start 4 psup 8 p 4 m 3 [18213 408]
start 1 psup 7 p 5 m 0 [18213 408]
start 6 psup 5 p 6 m 5 [18213 408]
start 1 psup 5 p 7 m 0 [18213 408]
start 1 psup 9 p 4 m 0 [18213 408]
start 2 psup 7 p 5 m 1 [18213 408]
start 1 psup 6 p 6 m 0 [18213 408]
start 2 psup 5 p 7 m 1 [18213 408]
start 2 psup 9 p 4 m 1 [18213 408]
start 3 psup 7 p 5 m 2 [18213 408]
start 2 psup 6 p 6 m 1 [18213 408]
start 3 psup 5 p 7 m 2 [18213 408]
start 3 psup 9 p 4 m 2 [18213 408]
start 4 psup 7 p 5 m 3 [18213 408]
start 3 psup 6 p 6 m 2 [18213 408]
start 4 psup 5 p 7 m 3 [18213 408]
start 5 psup 7 p 5 m 4 [18213 408]
start 4 psup 6 p 6 m 3 [18213 408]
start 5 psup 5 p 7 m 4 [18213 408]
start 5 psup 6 p 6 m 4 [18213 408]
start 6 psup 5 p 7 m 5 [18213 408]
start 7 psup 5 p 7 m 6 [18213 408]
start 24 psup 5 p 4 m 3 [13152 65 18471 18386]
start 21 psup 6 p 4 m 0 [13152 65]
start 26 psup 5 p 4 m 1 [2995 55 1 13152 65 18340]
start 22 psup 6 p 4 m 1 [13152 65]
start 21 psup 5 p 5 m 0 [13152 65]
start 27 psup 5 p 4 m 2 [13152 65 18340]
start 23 psup 6 p 4 m 2 [13152 65]
start 22 psup 5 p 5 m 1 [13152 65]
start 28 psup 5 p 4 m 3 [13152 65 18340]
start 24 psup 6 p 4 m 3 [13152 65]
start 23 psup 5 p 5 m 2 [13152 65]
start 29 psup 5 p 4 m 0 [18340]
start 24 psup 5 p 5 m 3 [13152 65]
start 26 psup 6 p 4 m 1 [18340]
start 26 psup 5 p 5 m 0 [18340]
start 44 psup 5 p 4 m 3 [18254 402 18266 2748 90 12455 105 17795 118]
start 40 psup 6 p 4 m 3 [18254 402]
start 39 psup 5 p 5 m 3 [18254 402]
start 45 psup 5 p 4 m 0 [15287 7 1 18254 402 18266 2748 90 12455 105 17795 118]
start 41 psup 6 p 4 m 0 [18254 402]
start 40 psup 5 p 5 m 4 [18254 402]
start 46 psup 5 p 4 m 1 [15287 7 1 18254 402 18266 2748 90 12455 105 17795 118]
start 42 psup 6 p 4 m 1 [18254 402 18266 17795 118]
start 41 psup 5 p 5 m 0 [18254 402]
start 49 psup 5 p 4 m 0 [15287 7 1 15662 215 18266 2748 90 12455 105 17795 118 17833 191 17002 222 11335 326 16772 456 3793 467 1319 494 2717 547 14498 18323 18181 11525 12128 319 18450 528 18435 10298 306]
start 45 psup 6 p 4 m 0 [15287 7 1 18266 2748 90 12455 105 17795 118]
start 50 psup 5 p 4 m 1 [15287 7 1 15662 215 18266 2748 90 12455 105 17795 118 17833 191 17002 222 11335 326 16772 456 3793 467 1319 494 2717 547 14498 18323 18181 18450 528 18435 10298 306 18463]
start 46 psup 6 p 4 m 1 [15287 7 1 18266 2748 90 12455 105 17795 118]
start 42 psup 7 p 4 m 1 [18266 17795 118]
start 47 psup 5 p 4 m 2 [15287 7 1 18254 402 18266 2748 90 12455 105 17795 118 17833 191 17002 222 11335 326 16772 456 3793 467 18323 18181 18274 18048 512 13270 173 18450 528 18435 10298]
start 43 psup 6 p 4 m 2 [18254 402 18266 2748 90 12455 105 17795 118]
start 39 psup 7 p 4 m 2 [18254 402]
start 48 psup 5 p 4 m 3 [15287 7 1 15662 215 16118 401 15033 444 4564 530 14868 531 7981 9 2 10773 274 18323 18181 11525 165 29 12128 319 18450 528 18435 10298 306]
start 46 psup 5 p 5 m 0 [15287 7 1 18266 2748 90 12455 105 17795 118]
start 42 psup 5 p 5 m 1 [18254 402 18266 17795 118]
start 43 psup 5 p 5 m 2 [18254 402 18266 2748 90 12455 105 17795 118]
start 45 psup 5 p 5 m 4 [15287 7 1 18266 2748 90 12455 105 17795 118]
start 39 psup 5 p 6 m 2 [18254 402]
start 42 psup 5 p 6 m 5 [18266 17795 118]