start 1 psup 3 p 7 m 0 [18213 408 15006 487 16667 159 18361 337 14819 339 13946 372 8488 438 16921 507 12679 516 8555 527 1817 575 8368 584 6553 139 16 4858 550 2943 95 17 4570 130 17519 190 14130 326 15209 364 8255 10349 17556 428 14092 18344 18478 4286 14393 15338 7691 17003 8389 17316 17468 9790 7654 13515 16334 1923 15259 6050 8031 16083 16548 8171 11067 10419 12586 5306 9933 17944 10411 10630 7439 10247 17775 10551 10220 11793 10256 11699 11228 9614 6250 16467 16473 14916 17639 104 90 13388 13428 136 16363 340 3713 15917 14842 490 12635 532 9385 17246 452 18432 17299 18472 13784 15832 17769 15756 15739 180 147 11890 270 17778 392 18396 2445 6556 5392 15749 15462 18345 6650 2784 18145 17250 18359 17425 6961 13404 18353 11009 1962 1216 4167 13528 3161 8565 9615 18270 15110 552]
start 2 psup 3 p 7 m 1 [18213 408 15006 487 16667 159 14920 172 4161 197 15625 412 15716 417 7946 460 3120 496 9729 534 18478 4286 14393 15338 7691 17003 8389 17316 17468 9790 962 7654 13515 16334 1923 15259 6050 8031 16083 16548 8171 11067 10419 12586 5306 9933 17944 10411 10630 7439 10247 17775 11793 10256 11699 11228 9614 6250 16467 16473 14916 17639 104 90 13388 13428 16363 340 3713 15917 14842 490 12635 532 9385 17246 452 18432 17299 18472 13784 15832 17769 15756 15739 180 147 11890 17778 392 17328 18396 494 2445 6556 5392 15749 18345 6650 2784]
start 3 psup 3 p 7 m 2 [18213 408 15006 487]
start 4 psup 3 p 7 m 3 [18213 408 15006 487 16667 159 14920 172 4161 197 15625 412 15716 417 7946 460 3120 496 9729 534 18361 337 14819 339 13946 372 17519 190 14130 326 15209 364 17556 428 14092 563 18344]
start 1 psup 3 p 8 m 0 [18213 408 15006 487 16667 159 14920 172 4161 197]
start 2 psup 3 p 8 m 1 [18213 408 15006 487 16667 159 14920 172 4161 197 15625 412 15716 417 7946 460 3120 496 9729 534 18361 337 14819 339 13946 372 17519 190 14130 326 15209 364 17556 428 14092 18344]
start 5 psup 3 p 8 m 4 [18213 408 18361 337 14819 339 13946 372 8488 438 17519 190 14130 326 15209 364 17556 428 14092 563 18344]
start 9 psup 3 p 7 m 1 [18213 408 16667 159 14920 172 4161 197 12331 333 15625 412]
start 2 psup 4 p 7 m 1 [18213 408 16667 159 14920 172 4161 197 15625 412]
start 3 psup 3 p 9 m 2 [18213 408 18361 337 14819 339 13946 372 8488 438 17519 190 14130 326 15209 364 17556 428 14092 18344]
start 7 psup 3 p 8 m 6 [18213 408 16667 159 15625 412]
start 1 psup 3 p 10 m 0 [18213 408 18361 337 14819 339 13946 372 8488 438 17519 190 14130 326 15209 364 17556 428 14092 18344]
start 5 psup 3 p 9 m 4 [18213 408 16667 159 14920 172 4161 197 15625 412]
start 13 psup 3 p 7 m 5 [18213 408 15971 536]
start 1 psup 3 p 11 m 0 [18213 408 16667 159 14920 172 4161 197]
start 14 psup 3 p 7 m 6 [18213 408 15971 536]
start 1 psup 5 p 7 m 0 [18213 408]
start 4 psup 4 p 8 m 3 [18213 408]
start 9 psup 3 p 9 m 8 [18213 408]
start 6 psup 3 p 10 m 5 [18213 408]
start 3 psup 3 p 11 m 2 [18213 408]
start 2 psup 5 p 7 m 1 [18213 408]
start 13 psup 3 p 8 m 4 [18213 408 15971 536]
start 5 psup 4 p 8 m 4 [18213 408]
start 1 psup 4 p 9 m 0 [18213 408]
start 7 psup 3 p 10 m 6 [18213 408]
start 4 psup 3 p 11 m 3 [18213 408]
start 1 psup 3 p 12 m 0 [18213 408]
start 17 psup 3 p 7 m 2 [18213 408 18472 13784 16767 17769 17778]
start 3 psup 5 p 7 m 2 [18213 408]
start 14 psup 3 p 8 m 5 [18213 408 15971 536]
start 6 psup 4 p 8 m 5 [18213 408]
start 2 psup 4 p 9 m 1 [18213 408]
start 8 psup 3 p 10 m 7 [18213 408]
start 5 psup 3 p 11 m 4 [18213 408]
start 2 psup 3 p 12 m 1 [18213 408]
start 4 psup 5 p 7 m 3 [18213 408]
start 7 psup 4 p 8 m 6 [18213 408]
start 3 psup 4 p 9 m 2 [18213 408]
start 9 psup 3 p 10 m 8 [18213 408]
start 6 psup 3 p 11 m 5 [18213 408]
start 3 psup 3 p 12 m 2 [18213 408]
start 5 psup 5 p 7 m 4 [18213 408]
start 8 psup 4 p 8 m 7 [18213 408]
start 13 psup 3 p 9 m 3 [18213 408 15971 536]
start 4 psup 4 p 9 m 3 [18213 408]
start 10 psup 3 p 10 m 9 [18213 408]
start 7 psup 3 p 11 m 6 [18213 408]
start 4 psup 3 p 12 m 3 [18213 408]
start 1 psup 3 p 13 m 0 [18213 408]
start 6 psup 5 p 7 m 5 [18213 408]
start 1 psup 5 p 8 m 0 [18213 408]
start 14 psup 3 p 9 m 4 [18213 408 15971 536]
start 5 psup 4 p 9 m 4 [18213 408]
start 1 psup 4 p 10 m 0 [18213 408]
start 8 psup 3 p 11 m 7 [18213 408]
start 5 psup 3 p 12 m 4 [18213 408]
start 2 psup 3 p 13 m 1 [18213 408]
start 21 psup 3 p 7 m 6 [13152 65 18213 408]
start 7 psup 5 p 7 m 6 [18213 408]
start 2 psup 5 p 8 m 1 [18213 408]
start 6 psup 4 p 9 m 5 [18213 408]
start 2 psup 4 p 10 m 1 [18213 408]
start 9 psup 3 p 11 m 8 [18213 408]
start 6 psup 3 p 12 m 5 [18213 408]
start 3 psup 3 p 13 m 2 [18213 408]
start 3 psup 5 p 8 m 2 [18213 408]
start 7 psup 4 p 9 m 6 [18213 408]
start 13 psup 3 p 10 m 2 [18213 408 15971 536]
start 3 psup 4 p 10 m 2 [18213 408]
start 10 psup 3 p 11 m 9 [18213 408]
start 7 psup 3 p 12 m 6 [18213 408]
start 4 psup 3 p 13 m 3 [18213 408]
start 8 psup 4 p 9 m 7 [18213 408]
start 4 psup 4 p 10 m 3 [18213 408]
start 11 psup 3 p 11 m 10 [18213 408]
start 8 psup 3 p 12 m 7 [18213 408]
start 5 psup 3 p 13 m 4 [18213 408]
start 24 psup 3 p 7 m 2 [13152 65 18471 18386 9163 3072 16442]
start 21 psup 3 p 8 m 4 [13152 65]
start 5 psup 4 p 10 m 4 [18213 408]
start 1 psup 4 p 11 m 0 [18213 408]
start 9 psup 3 p 12 m 8 [18213 408]
start 6 psup 3 p 13 m 5 [18213 408]
start 25 psup 3 p 7 m 3 [13152 65 18471 18386 9163 3072]
start 22 psup 3 p 8 m 5 [13152 65]
start 2 psup 4 p 11 m 1 [18213 408]
start 10 psup 3 p 12 m 9 [18213 408]
start 7 psup 3 p 13 m 6 [18213 408]
start 1 psup 3 p 15 m 0 [18213 408]
start 26 psup 3 p 7 m 4 [2995 55 1 13152 65 18340 18471 18386]
start 23 psup 3 p 8 m 6 [13152 65]
start 11 psup 3 p 12 m 10 [18213 408]
start 8 psup 3 p 13 m 7 [18213 408]
start 2 psup 3 p 15 m 1 [18213 408]
start 27 psup 3 p 7 m 5 [2995 55 1 13152 65 18340]
start 24 psup 3 p 8 m 7 [13152 65 18471 18386]
start 21 psup 3 p 9 m 2 [13152 65]
start 9 psup 3 p 13 m 8 [18213 408]
start 3 psup 3 p 15 m 2 [18213 408]
start 28 psup 3 p 7 m 6 [2995 55 1 13152 65 18340]
start 21 psup 4 p 7 m 6 [13152 65]
start 25 psup 3 p 8 m 0 [13152 65]
start 22 psup 3 p 9 m 3 [13152 65]
start 4 psup 3 p 15 m 3 [18213 408]
start 29 psup 3 p 7 m 0 [13152 65 18340]
start 22 psup 4 p 7 m 0 [13152 65]
start 26 psup 3 p 8 m 1 [2995 55 1 13152 65 18340]
start 23 psup 3 p 9 m 4 [13152 65]
start 5 psup 3 p 15 m 4 [18213 408]
start 30 psup 3 p 7 m 1 [13152 65 18340]
start 23 psup 4 p 7 m 1 [13152 65]
start 27 psup 3 p 8 m 2 [13152 65 18340]
start 24 psup 3 p 9 m 5 [13152 65]
start 21 psup 3 p 10 m 0 [13152 65]
start 31 psup 3 p 7 m 2 [18340]
start 28 psup 3 p 8 m 3 [13152 65 18340]
start 25 psup 3 p 9 m 6 [13152 65]
start 22 psup 3 p 10 m 1 [13152 65]
start 1 psup 3 p 17 m 0 [18213 408]
start 32 psup 3 p 7 m 3 [18340 17833 191 17245 181 14223 256 17694 7814 107]
start 29 psup 3 p 8 m 4 [18340]
start 26 psup 3 p 9 m 7 [13152 65 18340]
start 23 psup 3 p 10 m 2 [13152 65]
start 33 psup 3 p 7 m 4 [17148 383]
start 30 psup 3 p 8 m 5 [18340]
start 27 psup 3 p 9 m 8 [18340]
start 24 psup 3 p 10 m 3 [13152 65]
start 21 psup 3 p 11 m 9 [13152 65]
start 28 psup 3 p 9 m 0 [18340]
start 22 psup 3 p 11 m 10 [13152 65]
start 26 psup 3 p 10 m 5 [18340]
start 40 psup 3 p 7 m 4 [18254 402 18360 4330]
start 39 psup 3 p 8 m 6 [18254 402 18360 4330]
start 43 psup 3 p 7 m 0 [18254 402 18266 2748 90 12455 105 17795 118]
start 40 psup 3 p 8 m 7 [18254 402 18360 4330]
start 44 psup 3 p 7 m 1 [18254 402 18266 2748 90 12455 105 17795 118]
start 41 psup 3 p 8 m 0 [18254 402]
start 38 psup 3 p 9 m 1 [18360]
start 45 psup 3 p 7 m 2 [15287 7 1 18254 402 18266 2748 90 12455 105 17795 118]
start 42 psup 3 p 8 m 1 [18254 402 18266 17795 118]
start 39 psup 3 p 9 m 2 [18254 402 18360 4330]
start 50 psup 3 p 7 m 0 [15287 7 1 15662 215 16118 401 15033 444 4564 530 14868 531 7981 9 2 10773 274 18323 18181 11525 165 29 12128 319 18450 528 18435 10298 306 18463]
start 51 psup 3 p 7 m 1 [15287 7 1 2682 214 15662 215 18266 2748 90 12455 105 17795 118 17833 191 17002 222 11335 326 16772 456 3793 467 1319 494 2717 547 14498 17507 17 13 18323 18181 11525 12128 319 8080 328 11330 336 18450 528 18435 10298 306]
start 44 psup 4 p 7 m 1 [18266 2748 90 12455 105 17795 118]
start 52 psup 3 p 7 m 2 [15287 7 1 2682 214 15662 215 17503 308 17031 18266 2748 90 12455 105 17795 118 17833 191 17002 222 11335 326 16772 456 3793 467 1319 494 2717 547 14498 18323 18181 233 18450 528 18435 10298 306 18463]
start 45 psup 4 p 7 m 2 [15287 7 1 18266 2748 90 12455 105 17795 118]
start 46 psup 3 p 7 m 3 [15287 7 1 18254 402 18266 2748 90 12455 105 17795 118]
start 39 psup 4 p 7 m 3 [18254 402]
start 47 psup 3 p 7 m 4 [15287 7 1 18254 402 18266 2748 90 12455 105 17795 118 17833 191 17002 222 11335 326 16772 456 3793 467 18323 18181 18274 18048 512 8281 55 31 13270 173 18450 528 18435 10298 8682 6037]
start 40 psup 4 p 7 m 4 [18254 402]
start 48 psup 3 p 7 m 5 [15287 7 1 15662 215 16118 401 15033 444 4564 530 14868 531 7981 9 2 10773 274 18254 402 18266 2748 90 12455 105 17795 118 17833 191 17002 222 11335 326 16772 456 3793 467 1319 494 2717 547 11154 97 14498 18323 18181 11525 165 29 12128 319 18274 18048 512 8281 55 31 13270 173 18450 528 18435 10298 306 8682 6037]
start 41 psup 4 p 7 m 5 [18254 402]
start 49 psup 3 p 7 m 6 [15287 7 1 15662 215 16118 401 15033 444 4564 530 14868 531 7981 9 2 10773 274 18254 402 18266 2748 90 12455 105 17795 118 17833 191 17002 222 11335 326 16772 456 3793 467 1319 494 2717 547 11154 97 14498 18323 18181 11525 165 29 12128 319 18274 11537 18048 512 13270 173 18450 528 18435 10298 306]
start 42 psup 4 p 7 m 6 [18254 402 18266 17795 118]
start 49 psup 3 p 8 m 0 [15287 7 1 15662 215 18266 2748 90 12455 105 17795 118 17833 191 17002 222 11335 326 16772 456 3793 467 1319 494 2717 547 14498 18323 18181 11525 12128 319 18450 528 18435 10298 306]
start 50 psup 3 p 8 m 1 [15287 7 1 15662 215 18266 2748 90 12455 105 17795 118 17833 191 17002 222 11335 326 16772 456 3793 467 1319 494 2717 547 14498 18323 18181 18450 528 18435 10298 306 18463]
start 42 psup 4 p 8 m 1 [18266 17795 118]
start 43 psup 3 p 8 m 2 [18254 402 18266 2748 90 12455 105 17795 118]
start 44 psup 3 p 8 m 3 [18254 402 18266 2748 90 12455 105 17795 118]
start 45 psup 3 p 8 m 4 [15287 7 1 18254 402 18266 2748 90 12455 105 17795 118]
start 46 psup 3 p 8 m 5 [15287 7 1 18254 402 18266 2748 90 12455 105 17795 118]
start 47 psup 3 p 8 m 6 [15287 7 1 18254 402 18266 2748 90 12455 105 17795 118 17833 191 17002 222 11335 326 16772 456 3793 467 18323 18181 18274 18048 512 13270 173 18450 528 18435 10298]
start 39 psup 4 p 8 m 6 [18254 402]
start 48 psup 3 p 8 m 7 [15287 7 1 15662 215 16118 401 15033 444 4564 530 14868 531 7981 9 2 10773 274 18323 18181 11525 165 29 12128 319 18450 528 18435 10298 306]
start 46 psup 3 p 9 m 0 [15287 7 1]
start 47 psup 3 p 9 m 1 [15287 7 1 18266 2748 90 12455 105 17795 118 17833 191 17002 222 11335 326 16772 456 3793 467 18323 18181 18450 528 18435 10298]
start 48 psup 3 p 9 m 2 [15287 7 1 15662 215 18266 2748 90 12455 105 17795 118 17833 191 17002 222 11335 326 16772 456 3793 467 1319 494 2717 547 14498 18323 18181 18450 528 18435 10298 306]
start 40 psup 3 p 9 m 3 [18254 402]
start 41 psup 3 p 9 m 4 [18254 402]
start 42 psup 3 p 9 m 5 [18254 402 18266 17795 118]
start 43 psup 3 p 9 m 6 [18254 402 18266 2748 90 12455 105 17795 118]
start 44 psup 3 p 9 m 7 [18254 402 18266 2748 90 12455 105 17795 118]
start 45 psup 3 p 9 m 8 [15287 7 1 18254 402 18266 2748 90 12455 105 17795 118]
start 41 psup 3 p 10 m 0 [18254 402]
start 42 psup 3 p 10 m 1 [18254 402 18266 17795 118]
start 43 psup 3 p 10 m 2 [18254 402 18266 2748 90 12455 105 17795 118]
start 45 psup 3 p 10 m 4 [15287 7 1 18266 2748 90 12455 105 17795 118]
start 46 psup 3 p 10 m 5 [15287 7 1 18266 2748 90 12455 105 17795 118]
start 37 psup 3 p 10 m 6 [18360]
start 39 psup 3 p 10 m 8 [18254 402]
start 40 psup 3 p 10 m 9 [18254 402]
start 39 psup 3 p 11 m 5 [18254 402]
start 40 psup 3 p 11 m 6 [18254 402]
start 41 psup 3 p 11 m 7 [18254 402]
start 43 psup 3 p 11 m 9 [18266 2748 90 12455 105 17795 118]
start 44 psup 3 p 11 m 10 [18266 2748 90 12455 105 17795 118]
start 39 psup 3 p 12 m 2 [18254 402]
start 42 psup 3 p 12 m 5 [18266 17795 118]