18213 408 10277 446 15006 487 18361 337 14819 339 13946 372 2832 387 8488 438 16921 507 12679 516 8555 527 1817 575 8368 584 6553 139 16 17519 190 14130 326 15209 364 8255 10349 17556 428 14092 18344 18478 4286 14393 15338 7691 17003 8389 17316 17468 9790 7654 13515 16334 1923 15259 6050 8031 16548 8171 11067 10419 12586 5306 9933 17944 10411 10630 17775 10551 10220 11793 10256 11699 11228 9614 6250 16467 16473 14916 17639 104 90 13388 13428 16363 340 18472 13784 15832 17769 15756 15739 180 147 11890 270 8590 346 17778 392 17328 18396 2445 6556 5392 7189 15749 15462 1071 16269 18057 8448 18345 6650 2784 18464 17442 16246 8275 13958 5343 15757 4905 15103 7917 11313 10169
18213 408 10277 446 4403 470 15006 487 18478 4286 14393 15338 7691 17003 8389 17316 17468 9790 7654 13515 16334 1923 15259 6050 8031 16548 8171 11067 10419 12586 5306 9933 17944 10411 10630 17775 10551 10220 11793 10256 11699 11228 9614 6250 16467 16473 14916 17639 104 90 13388 13428 16363 340 18472 13784 15832 17769 15756 15739 180 147 11890 270 8590 346 17778 392 18396 494 2445 6556 5392 7189 15749 15462 1071 16269 18057 18345 6650 2784 18464 17442 16246 8275 13958 5343 15757 4905 15103 7917 11313 10169
18213 408 15006 487 18478 4286 14393 15338 7691 17003 8389 17316 17468 9790 7654 13515 16334 1923 15259 6050 8031 16548 8171 11067 10419 12586 5306 9933 17944 10411 10630 17775 10551 10220 11793 10256 11699 11228 9614 6250 16467 16473 14916 17639 104 90 13388 13428 136 16363 340 18472 13784 15832 17769 15756 15739 180 147 11890 270 17778 392 18396 494 2445 6556 5392 15749 15462 18345 6650 2784 18145 183 14411 13844 17250 18359 18353 11009 1962 1216 4167 13528 3161 8565 9615 18270 15110 552 18464 17442 16246 8275 13958 5343 15757 4905 15103 7917 11313 10169 18459 4988 8145 14348 18372 794 10114 16902 15920 16763 17844 7458 14371 18333 17863 7537 18166 18468 3857 10513 13645 12949 14905 9270 18096 5876 18457 7465 6795 14021 6949 15754 1467 14462 13668 2059 12751 16159
18213 408 15006 487 16667 159 15625 412 15716 417 7946 460 3120 496 9729 534 18478 4286 14393 15338 7691 17003 8389 17316 17468 9790 7654 13515 16334 1923 15259 6050 8031 16548 8171 11067 10419 12586 5306 9933 17944 10411 10630 17775 11793 10256 11699 11228 9614 6250 16467 16473 14916 17639 104 90 13388 13428 136 16363 340 18472 13784 15832 17769 15756 15739 180 147 11890 17778 392 18396 494 2445 6556 5392 15749 18345 6650 2784 18145 183 14411 13844 17250 18448 18464 17442 16246 8275 13958 5343 15757 4905 15103 7917 11313 10169 18459 4988 8145 18372 794 10114 16902 15920 16763 17844 7458 14371 18333 18166 18468 10513 13645 12949 14905 9270 18457 7465 6795 14021 15754 1467 14462 13668 2059 12751 16159
18213 408 18472 13784 17769 17778 18479 17691 18474
17603 558 5103 103 18213 408 18472 13784 17769 17778 18479 18474
17603 558 5103 103 18213 408 18472 13784 17769 17778 18476 18165 17409 17845 18479
13152 65 18213 408 15971 536 18479
13152 65 18213 408 14981 146 17477 8 7 8097 228 15228 365 13215 18479
13152 65 18471 9292 17820 18386 9163 18479
2995 55 1 13152 65 18340 18471 18386 9163 18479
2995 55 1 13152 65 18340 18471 2475 18386 9163
13152 65 18340 17833 191 17245 181 14223 256 17694 7814 107
18254 402 18266 17795 118 18479 18221
15287 7 1 18254 402 18266 2748 90 12455 105 17795 118 17833 191 17002 222 11335 326 16772 456 3793 467 18323 18181 6550 18274 18048 512 8281 55 31 13270 173 18357 187 17777 377 10193 418 18450 528 18435 10298 8682 6037 18301
15287 7 1 15662 215 16118 401 15033 444 4564 530 14868 531 7981 9 2 10773 274 18254 402 18266 2748 90 12455 105 17795 118 17833 191 17002 222 11335 326 16772 456 3793 467 1319 494 2717 547 11154 97 14498 154 18323 18181 11525 165 29 12128 319 18274 18048 512 8281 55 31 13270 173 14198 552 18450 528 18435 10298 306 8682 6037
15287 7 1 15662 215 16118 401 15033 444 4564 530 14868 531 7981 9 2 10773 274 17960 358 18254 402 18266 2748 90 12455 105 17795 118 17833 191 17002 222 11335 326 16772 456 3793 467 1319 494 2717 547 11154 97 14498 154 18323 18181 11525 165 29 12128 319 18274 11537 18048 512 8281 55 31 13270 173 18450 528 18435 10298 306 8682 6037
15287 7 1 2682 214 15662 215 16118 401 15033 444 4564 530 14868 531 7981 9 2 10773 274 18254 402 18266 2748 90 12455 105 17795 118 17833 191 17002 222 11335 326 16772 456 3793 467 1319 494 2717 547 11154 97 14498 17507 17 13 14891 130 5681 151 18323 18181 11525 165 29 12128 319 8080 328 11330 336 18274 11537 18048 512 13270 173 18450 528 18435 10298 306
15287 7 1 2682 214 15662 215 16118 401 15033 444 4564 530 14868 531 7981 9 2 10773 274 18323 18181 233 11525 165 29 12128 319 8080 328 11330 336 18450 528 18435 10298 306 18417 17579 7527 12774 17695 286 2985 16759 14249 18463
15287 7 1 2682 214 15662 215 18323 18181 233 11525 12128 319 8080 328 11330 336 18450 528 18435 3655 10298 306 18463 18398 15634 16174 15530 15860 10898 17860
15287 7 1 2682 214 15662 215 18323 18181 233 18450 528 18435 3655 10298 306 18463 18398 16174 15530 10506 2644 7698 15860 10898 17860
