18405  186  6069  216  17610  99  13193  166  18289  507  16934  516  7647  527  18233  575  6771  584  16138  139  16  18237  11942  7747  14631  8523  7596  8152  6755  12282  13657  12655  5710  16715  12505  2324  18153  383  17099  226  18478  3376  14105  423  17391  15845  332  1512  393  3655  5911  630  18479  18464  447  12544  7677  13063  13792  13901  18430  17933  9866  16028  180  147  12499  270  10031  346  12803  392
18405  186  17610  99  13193  166  18289  507  16934  516  7647  527  18233  575  6771  584  16138  139  16  18231  304  13294  8791  388  2813  428  14205  18206  10199  12056  15649  480  15491  16310  214  23  17261  465  15460  1565  1680  2343  8669  16165  11430  14638  3155  415  2850  16662  14896  6380  14165  5972  16189  12242  13820  4834  18237  11942  7747  14631  8523  7596  12282  13657  12655  5710  16715  12505  2324  18153  383  17099  226  18478  3376  14105  423  17391  15845  332  3655  5911  630  18479  18177  137  16410  14982  12819  18464  447  12544  7677  18430  145  17933  9866  16028  180  147  12499  270  10031  346  12803  392
17940  61  8150  62  9155  159  15850  333  18405  186  17610  99  13193  166  18289  507  16934  516  7647  527  18233  575  6771  584  16138  139  16  18231  304  13294  14205  563  18206  10199  12056  15649  480  15491  16310  214  23  17261  465  15460  1565  1680  2343  8669  16165  11430  14638  3155  415  2850  16662  14896  6380  14165  5972  16189  12242  13820  4834  18237  11942  7747  14631  8523  7596  12282  13657  12655  5710  16715  12505  2324  18153  383  17099  226  18478  249  31  3376  314  14105  423  17391  15845  332  3655  5911  630  18479  14151  18177  137  16410  14982  12819  18464  447  12544  7677  18430  145  17933  9866  16028  180  147  12499  270  12803  392
11869  290  1  17940  61  9155  159  15850  333  18405  186  17610  99  13193  166  18289  507  16934  516  7647  527  18237  11942  7747  14631  8523  7596  12282  13657  12655  5710  18153  383  17099  226  18478  249  3376  314  14105  423  17391  15845  332  3655  5911  630  18479  14151  17841  17732  18177  137  16410  14982  12819  16547  18464  12544  7677  18430  145  17933  9866  16028  180  147  12499  12803  392
11869  290  1  17833  515  10743  96  3  6272  103  15351  202  8085  319  16207  408  11723  487  17940  61  9155  159  15850  333  18405  186  17610  99  13193  166  18478  249  3376  314  14105  423  17391  15845  332  3655  5911  18479  14151  17841  14688  17732  18177  137  16410  14982  12819  15764  7063  16547  18464  12544  7677  18430  145  17933  9866  16028  180  147  12499  12803  392
11869  290  1  17833  515  15351  202  8085  319  16207  408  11723  487  17940  61  9155  159  15850  333  18405  186  17610  99  13193  166  18478  249  3376  314  14105  423  17391  15845  332  3655  5911  17919  245  18479  14151  17841  17732  18177  137  16410  14982  12819  15764  7063  16547  18464  12544  7677  18430  17933  16028  180  147  12499  12803  392  18474  18084  18129  10507  16411  4168  17319  15885  11590  11722  6715  15151  12737  1449  1964  10584  16928  16925  1684  18416  13934  18427  17917  18401  14424  2920  12218  18377  16437  14135  18414  15785  12877  6162  18425  15507  10832  10205  8215  16736  17268
11869  290  17833  515  15351  202  8085  319  16207  408  18478  249  3376  314  14105  423  17391  15845  332  3655  5911  17919  245  18479  17841  17732  18177  137  16410  14982  12819  15764  7063  16547  18464  12544  7677  18430  17933  16028  180  147  12499  12803  392  15624  14756
11869  290  17833  515  16207  408  13836  519  18478  249  3376  314  14105  423  17391  15845  332  3655  5911  17919  245  18479  17841  17732  18177  137  16410  15764  7063  16547  18464  12544  7677  18430  17933
17833  515  16207  408  13836  519  18478  249  3376  314  14105  423  17391  15845  332  5911  17919  245  18479  1222  6167  813  324  9453  1070  17841  17732  18177  137  16410  15764  7063  16547  18464  12544  7677  18430  13182  17933
17833  515  16207  408  13836  519  18478  249  14105  17391  17919  245  18467  7217  281  14305  210  13493  12754  17111  5276  4216  9309  466  14318  489  17467  568  18479  1222  6167  813  324  9453  17841  5193  17732  18177  137  16410  15764  16547  18464  12544  7677  18430  13182  17933
14245  561  17833  515  16207  408  13836  519  18478  249  14105  17391  199  17919  245  18467  7217  281  14305  210  13493  17111  5276  4216  9309  466  14318  489  17467  568  18479  1222  6167  813  324  9453  17841  5193  17732  18177  137  16410  15764  16547  18464  12544  7677  18430  13182  17933  17200  18438  6874  12460  11195  11742  9202  170  151  18434  17772  12747  13791  17797  13548  9777  1966  8038  13222  3661  5933  15922  18387  12072  10923  175  14630  17953  18436  4954  15824
