18213 408 15006 487 18361 337 14819 339 13946 372 8488 438 16921 507 12679 516 8555 527 1817 575 8368 584 6553 139 16 17519 190 14130 326 15209 364 8255 10349 17556 428 14092 18344 18478 4286 14393 15338 7691 17003 8389 17316 17468 9790 962 7654 13515 16334 1923 15259 6050 8031 16083 16548 8171 11067 10419 12586 5306 9933 17944 10411 10630 7439 10247 1186 17775 10551 10220 11793 10256 11699 11228 9614 6250 16467 16473 14916 17639 104 90 13388 13428 136 91 16363 340 3713 15917 14842 490 12635 532 9385 17246 452 18472 13784 15832 17769 15756 15739 180 147 11890 270 17778 392 18396 494 2445 6556 5392 15749 15462 18345 6650 2784 18145 183 14411 13844 17250 18359 17425 6961 13404 18353 11009 1962 1216 4167 13528 3161 8565 9615 18270 212 15110 552 18464 17442 16246 8275 13958 5343 15113 11624 13968 1337 13672 15757 4905 15103 7917 11313 10169 18459 4988 8145 14348 18372 794 10114 16902 15920 16763 17844 7458 14371 18333 17863 7537 18166 18468 3857 10513 13645 12949 14905 9270 18096 5876 18206 17902 16404 13763 1106 10807 15784 1193 8144 3721 11674 1575 8786 14429 5976 16802 3850 8153 14097 17663 1756 18180 17342 14055 9145 9684 13334 15063 13269 1460 16418 1972 13770 9740 14157 16798 17623 1155 18303 9905 16491 11569 18050 16503 15913 18363 613 11323 2872 12071 17398 18225 15696 6602 13031 11870 13888 5355 2384 2779 18457 7465 6795 14021 6949 15754 1467 14462 13668 2059 12751 16159
18213 408 15006 487 16667 159 15625 412 15716 417 7946 460 3120 496 9729 534 18478 4286 14393 15338 7691 17003 8389 17316 17468 9790 962 7654 13515 16334 1923 15259 6050 8031 16548 8171 11067 10419 12586 5306 9933 17944 10411 10630 17775 11793 10256 11699 11228 9614 6250 16467 16473 14916 17639 104 90 13388 13428 136 16363 340 18432 17299 18472 13784 15832 17769 15756 15739 180 147 11890 17778 392 17328 18396 494 2445 6556 5392 15749 18345 6650 2784 18145 183 14411 13844 17250 18448 18464 17442 16246 8275 13958 5343 15757 4905 15103 7917 11313 10169 15518 18459 4988 8145 18372 794 10114 16902 15920 16763 17844 7458 14371 18333 18166 18468 10513 13645 12949 14905 9270 18169 18363 613 11323 2872 12071 8688 17398 18225 15696 6602 13031 18457 7465 6795 14021 15754 1467 14462 13668 2059 12751 16159
11479 290 1 18213 408 15006 487 16667 159 15625 412 15716 417 7946 460 3120 496 9729 534 18361 337 14819 339 13946 372 17519 190 14130 326 15209 364 17556 428 14092 563 18219 261 11774 273 17955 383 15395 17370 18344
13096 475 10761 561 11682 41 18213 408
18213 408 18361 337 14819 339 13946 372 17519 190 14130 326 15209 364 16519 97 14976 10676 304 4923 17556 428 14092 563 18219 261 11774 273 17955 383 15395 17370 18344 18479 14557 15009 12219 17691
18213 408 18479 15009 17691 18370
18213 408 18479 14557 15009 12219 17691 18370
13152 65 18471 9292 17820 18386 9163 3072 16442 18479
2995 55 1 13152 65 18340 18471 18386 9163 3072 16442 18479
2995 55 1 13152 65 18340 18471 2475 18386 9163 3072
13152 65 18340 17833 191 17245 181 14223 256 17694 7814 107 18479
17148 383 18479
15287 7 1 15662 215 16118 401 15033 444 4564 530 14868 531 7981 9 2 10773 274 17960 358 18254 402 18266 2748 90 12455 105 17795 118 17833 191 17002 222 11335 326 16772 456 3793 467 1319 494 2717 547 11154 97 14498 154 18323 18181 11525 165 29 12128 319 18274 11537 18048 512 8281 55 31 13270 173 18450 528 18435 10298 306 8682 6037 1411
15287 7 1 15662 215 16118 401 15033 444 4564 530 14868 531 7981 9 2 10773 274 18254 402 18266 2748 90 12455 105 17795 118 17833 191 17002 222 11335 326 16772 456 3793 467 1319 494 2717 547 11154 97 14498 18323 18181 11525 165 29 12128 319 18274 11537 18048 512 8281 55 31 13270 173 18450 528 18435 10298 306 8682 6037 1411 18463 13230 324 18148 212
15287 7 1 2682 214 15662 215 18266 2748 90 12455 105 17795 118 17833 191 17002 222 11335 326 16772 456 3793 467 1319 494 2717 547 14498 18323 18181 233 18450 528 18435 3655 10298 306 18463 18398 16174 15530 10506 2644 7698 15860 10898 17860
15287 7 1 2682 214 15662 215 18266 2748 90 12455 105 17795 118 17833 191 17002 222 11335 326 16772 456 3793 467 1319 494 2717 547 14498 17507 17 13 18323 18181 233 11525 12128 319 8080 328 11330 336 18450 528 18435 3655 10298 306 18463 18398 15634 16174 15530 15860 10898 17860
