start 5 psup 3 p 5 m 0 [11479 290 1 17264 404 1070 448 7117 464 8360 497 18213 408 15006 487 16667 159 14920 172 4161 197 15625 412 15716 417 7946 460 3120 496 9729 534 16045 303 13850 414 5089 462 15833 19 8 9809 33 2830 157 18361 337 14819 339 13946 372 8488 438 16921 507 12679 516 8555 527 1817 575 8368 584 6553 139 16 4858 550 2943 95 17 4570 130 13312 328 2658 356 17519 190 14130 326 15209 364 8255 10349 17556 428 14092 563 18344 18478 4286 14393 15338 7691 17003 8389 17316 17468 9790 7654 13515 16334 1923 15259 6050 8031 16548 8171 11067 10419 12586 5306 9933 17944 10411 10630 17775 10551 10220 11793 10256 11699 11228 9614 6250 16467 16473 14916 17639 104 90 13388 13428 136 91 16363 340 3713 15917 14842 490 12635 532 9385 17246 452 18282 555 4551 557 7921 18432 17299 14184 8051 13890 10367 13733 3259 2028 5464 8941 17206 484 17782 329 10980 16004 504 11953 512 9799 8744 11027 9671 7154 18472 13784 15832 13685 468 12230 16767 5315 4895 297 3586 12817 6587 12940 14579 8485 2882 6407 12695 381 16722 16119 17769 15756 15739 180 147 11890 270 17778 392 18396 494 2445 6556 5392 15749 15462 18345 6650 2784 18145 183 14411 13844 17250 14587 6616 18269 3163 17715 18359 18353 11009 1962 1216 4167 13528 3161 8565 9615 18270 212 15110 552 18448 9283 3585 6742 16024 17672 2593 18464 14813 17442 2757 1282 16246 8275 13958 5343 15757 4905 15103 7917 11313 10169 18227 16830 17046 5168 2631 18236 5597 18459 4988 8145 14348 8402 17933 18372 794 10114 1404 14017 13289 13457 16902 15920 16763 17844 7458 14371 18333 17863 7537 18166 18468 3857 10513 13645 12949 14905 9270 18096 5876 18457 7465 6795 14021 6949 15754 1467 14462 13668 2059 12751 16159 18479 14557 15009 12219 17691 8231 18471 3278 16052 6010 18409 18300 5207 17721 7994 17645 2105 6814 3423 9269 18140 11436 18201 17457 8696 11000 18290 13260 15224 7097]
start 6 psup 3 p 5 m 1 [11479 290 1 18213 408 15006 487 16667 159 15625 412 15716 417 7946 460 3120 496 9729 534 18478 4286 14393 15338 7691 17003 8389 17316 17468 9790 962 7654 13515 16334 1923 15259 6050 8031 16083 16548 8171 11067 10419 12586 5306 9933 17944 10411 10630 7439 10247 17775 11793 10256 11699 11228 9614 6250 15859 14942 16467 16473 14916 17639 104 90 13388 13428 136 91 16363 340 3713 15917 14842 490 12635 532 9385 17246 452 18432 17299 14184 8051 13890 10367 6432 13733 3259 18472 13784 15832 13685 468 12230 16767 5315 12817 6587 12940 14579 8485 2882 6407 12695 381 16722 16119 17769 15756 15739 180 147 11890 17778 392 17328 16097 18396 494 2445 6556 5392 15749 18345 6650 2784 18145 183 14411 13844 17250 18448 18291 17185 17549 15911 2750 11038 8077 6307 14160 4289 1402 14310 4720 14476 5550 15402 14122 10499 16846 16229 11185 6500 11686 17232 7863 17859 17877 3612 16448 9169 18156 18289 11914 9543 16876 3663 18464 14813 17442 2757 1282 16246 8275 13958 5343 15113 11624 13968 1337 13672 10635 5933 15757 4905 15103 7917 11313 10169 15518 13207 18227 16830 18236 5597 18459 4988 8145 17933 18372 794 10114 16902 15920 16763 17844 7458 14371 18333 18166 18468 10513 13645 12949 14905 9270 18169 17970 7255 17147 5690 18363 613 11323 2872 12071 8688 15603 14040 17398 18225 15696 6602 13031 11870 13888 5355 2384 2779 18393 17154 18457 7465 6795 14021 15754 1467 14462 13668 2059 12751 16159]
start 7 psup 3 p 5 m 2 [11479 290 1 13096 475 10761 561 11618 25 11682 41 15161 82 15699 254 18213 408 15006 487 16667 159 15625 412 15716 417 7946 460 12037 274]
start 8 psup 3 p 5 m 3 [11479 290 1 13096 475 10761 561 11618 25 11682 41 15161 82 15699 254 18213 408 15006 487 16667 159 15625 412 15716 417 7946 460 3120 496 9729 534 8097 228 12037 18361 337 14819 339 13946 372 17519 190 14130 326 15209 364 16519 97 14976 10676 304 4923 17556 428 14092 563 18219 261 20 11774 273 17955 383 15395 17370 18344]
start 9 psup 3 p 5 m 4 [13096 475 10761 561 11682 41 18213 408 18479 14557 15009 12219 17691]
start 10 psup 3 p 5 m 0 [13096 475 10761 561 11682 41 18213 408 18479 14557 15009 12219 17691]
start 12 psup 3 p 5 m 2 [18213 408 18479 14557 15009 12219 17691 1358 18370 8653 17744 17453 16688 12369 15680 16518 14305]
start 13 psup 3 p 5 m 3 [18213 408 16667 159 14920 172 4161 197 12331 333 15625 412 18479 14557 17691 18370]
start 14 psup 3 p 5 m 4 [18213 408 18479 15009 17691 18370]
start 15 psup 3 p 5 m 0 [18213 408 18479 14557 15009 12219 17691 18370]
start 17 psup 3 p 5 m 2 [18213 408 18472 13784 17769 17778 18396 494 2445 6556 15749 17954 17052 9136 14598 15047 17953 18123 8089 18479 17691 18370 17744 18474]
start 19 psup 3 p 5 m 4 [17603 558 5103 103 18213 408 18472 13784 17769 17778 18476 18165 17409 17845 18479 17691 3036 18474]
start 24 psup 3 p 5 m 4 [13152 65 18213 408 14981 146 17477 8 7 8097 228 15228 365 7123 452 5089 13215 18471 9292 17820 15219 257 18386 9163 3072 16442 18479]
start 25 psup 3 p 5 m 0 [13152 65 18213 408 14981 146 17477 8 7 8097 228 15228 365 7123 452 5089 18471 9292 17599 17820 18386 9163 3072 16442 18479]
start 26 psup 3 p 5 m 1 [2995 55 1 13152 65 18340 18471 9292 17599 17820 639 18386 9163 3072 16442 18479]
start 27 psup 3 p 5 m 2 [2995 55 1 13152 65 18340 18471 2475 17820 639 18386 9163 3072 16442 18479]
start 32 psup 3 p 5 m 2 [2995 55 1 13152 65 18340 17833 191 17245 181 14223 256 17694 7814 107 17760 42 15 16412 61 10632 62 1518 64 7569 83 5437 18479]
start 33 psup 3 p 5 m 3 [13152 65 12293 246 17148 383 18340 157 17833 191 17245 181 14223 256 17694 7814 107 18479]
start 36 psup 3 p 5 m 1 [17148 383 18340 157 17833 191 17002 222 17245 181 14223 256 17694 7814 107 18479]
start 37 psup 3 p 5 m 2 [17148 383 18117 18479]
start 38 psup 3 p 5 m 3 [18117 18479]
start 50 psup 3 p 5 m 0 [15287 7 1 15662 215 16118 401 15033 444 4564 530 14868 531 7981 9 2 10773 274 17960 358 18254 402 18266 2748 90 12455 105 17795 118 17833 191 17002 222 11335 326 16772 456 3793 467 1319 494 2717 547 11154 97 14498 154 18323 18181 11525 165 29 12128 319 18274 11537 18048 512 8281 55 31 13270 173 14198 552 18450 528 18435 10298 306 8682 6037 18463 13230 324 15780 9217 15827 8959 11859 16688 15731 18148 212]
start 51 psup 3 p 5 m 1 [15287 7 1 2682 214 15662 215 16118 401 15033 444 4564 530 14868 531 7981 9 2 10773 274 17960 358 18254 402 18266 2748 90 12455 105 17795 118 17833 191 17002 222 11335 326 16772 456 3793 467 1319 494 2717 547 11154 97 14498 154 17507 17 13 14891 130 5681 151 18323 18181 11525 165 29 12128 319 8080 328 11330 336 18274 11537 18048 512 8281 55 31 13270 173 18450 528 18435 10298 306 8682 6037 1411 16339 325 7865 365 11232 3326 102 75 4567 11913 5836 17378 197 17325 302 1966 469 11930 479 17433 113]
start 52 psup 3 p 5 m 2 [15287 7 1 2682 214 15662 215 16118 401 15033 444 4564 530 14868 531 7981 9 2 10773 274 18254 402 18266 2748 90 12455 105 17795 118 17833 191 17002 222 11335 326 16772 456 3793 467 1319 494 2717 547 11154 97 14498 17507 17 13 14891 130 5681 151 18323 18181 233 11525 165 29 12128 319 8080 328 11330 336 18274 11537 18048 512 8281 55 31 13270 173 18450 528 18435 10298 306 8682 6037 1411 16339 325 7865 365 11232 4567 11913 5836 18417 226 86 17579 7527 12774 17695 286 2985 16759 14249 12132 18463 13230 324 18148 212]
start 55 psup 3 p 5 m 0 [15287 7 1 2682 214 15662 215 17503 308 7652 429 17031 9230 18266 2748 90 12455 105 17795 118 17833 191 17002 222 11335 326 16772 456 3793 467 1319 494 2717 547 14498 12697 379 15844 269 16276 437 12732 297 12081 11263 588 17507 17 13 18323 18181 233 11525 12128 319 8080 328 11330 336 18450 528 18435 3655 10298 306 18463 18398 15634 16174 15530 10506 2644 7698 15860 10898 16355 17860 16925 4522 18221 8340 14884 14366 3425 9583 540 2636]
start 56 psup 3 p 5 m 1 [15287 7 1 2682 214 15662 215 18266 2748 90 12455 105 17795 118 17833 191 17002 222 11335 326 16772 456 3793 467 1319 494 2717 547 14498 12697 379 14052 433 11291 506 15844 269 6858 400 16276 437 12732 297 12081 11263 588 18323 18181 233 18450 528 1584 79 64 18435 3655 10298 306 18463 18398 16174 15530 246 10506 390 2644 7698 15860 10898 16355 17860 16925 4522 18221 8340 14884 14366 3425 9583 540 2636 10271 8976 6078 18337]
