start 9 psup 3 p 7 m 2 [18213 408 16667 159 14920 172 4161 197 12331 333 15625 412 18479 14557 17691]
start 10 psup 3 p 7 m 3 [18213 408 18479 15009 17691]
start 11 psup 3 p 7 m 4 [18213 408 18479 14557 15009 12219 17691 1358]
start 13 psup 3 p 7 m 6 [18213 408 15971 536 18479 17691 18370]
start 14 psup 3 p 7 m 0 [18213 408 15971 536 18479 17691 18370]
start 15 psup 3 p 7 m 1 [18213 408 18479 17691 8895]
start 17 psup 3 p 7 m 3 [18213 408 18472 13784 16767 17769 17778 18479]
start 24 psup 3 p 7 m 3 [13152 65 18471 18386 9163 3072 16442 18479]
start 25 psup 3 p 7 m 4 [13152 65 18471 18386 9163 3072]
start 27 psup 3 p 7 m 6 [2995 55 1 13152 65 18340 18479]
start 28 psup 3 p 7 m 0 [2995 55 1 13152 65 18340 18479]
start 29 psup 3 p 7 m 1 [13152 65 18340 18479]
start 30 psup 3 p 7 m 2 [13152 65 18340 18479]
start 31 psup 3 p 7 m 3 [18340 18479]
start 40 psup 3 p 7 m 5 [18254 402 18360 4330]
start 50 psup 3 p 7 m 1 [15287 7 1 15662 215 16118 401 15033 444 4564 530 14868 531 7981 9 2 10773 274 18323 18181 11525 165 29 12128 319 18450 528 18435 10298 306 18463]
start 51 psup 3 p 7 m 2 [15287 7 1 2682 214 15662 215 18266 2748 90 12455 105 17795 118 17833 191 17002 222 11335 326 16772 456 3793 467 1319 494 2717 547 14498 17507 17 13 18323 18181 11525 12128 319 8080 328 11330 336 18450 528 18435 10298 306]
start 52 psup 3 p 7 m 3 [15287 7 1 2682 214 15662 215 17503 308 17031 18266 2748 90 12455 105 17795 118 17833 191 17002 222 11335 326 16772 456 3793 467 1319 494 2717 547 14498 18323 18181 233 18450 528 18435 10298 306 18463]
