 1  5  3  0 18213 408 10277 446 15006 487 16667 159 18361 337 14819 339 13946 372 2832 387 8488 438 16921 507 12679 516 8555 527 1817 575 8368 584 6553 139 16 4858 550 2943 95 17 4570 130 17519 190 14130 326 15209 364 8255 10349 17556 428 14092 18344 18478 4286 14393 15338 7691 17003 8389 17316 17468 9790 7654 13515 16334 1923 15259 6050 8031 16548 8171 11067 10419 12586 5306 9933 17944 10411 10630 17775 10551 10220 11793 10256 11699 11228 9614 6250 16467 16473 14916 17639 104 90 13388 13428 136 16363 340 18432 17299 18472 13784 15832 17769 15756 15739 180 147 11890 270 8590 346 17778 392 17328 18396 2445 6556 5392 7189 15749 15462 1071 16269 18057 8448 18345 6650 2784 18145 17250 18359 14681 8919 12148 11125 10189 13433 13029 8401 18353 11009 1962 1216 4167 13528 3161 8565 9615 18270 15110 552
 2  5  3  1 18213 408 10277 446 4403 470 15006 487 16667 159 15625 412 15716 417 7946 460 3120 496 9729 534 16045 303 13850 414 5089 462 15833 19 8 9809 33 2830 157 18478 4286 14393 15338 7691 17003 8389 17316 17468 9790 7654 13515 16334 1923 15259 6050 8031 16083 16548 8171 11067 10419 12586 5306 9933 17944 10411 10630 7439 10247 17775 10551 10220 11793 10256 11699 11228 9614 6250 16467 16473 14916 17639 104 90 13388 13428 16363 340 3713 15917 14842 490 12635 532 9385 17246 452 18432 17299 18472 13784 15832 17769 15756 15739 180 147 11890 270 8590 346 17778 392 18396 494 2445 6556 5392 7189 15749 15462 1071 16269 18057 18345 6650 2784
 3  5  3  2 18213 408 15006 487 18361 337 14819 339 13946 372 8488 438 16921 507 12679 516 8555 527 1817 575 8368 584 6553 139 16 17519 190 14130 326 15209 364 8255 10349 17556 428 14092 18344 18478 4286 14393 15338 7691 17003 8389 17316 17468 9790 962 7654 13515 16334 1923 15259 6050 8031 16083 16548 8171 11067 10419 12586 5306 9933 17944 10411 10630 7439 10247 1186 17775 10551 10220 11793 10256 11699 11228 9614 6250 16467 16473 14916 17639 104 90 13388 13428 136 91 16363 340 3713 15917 14842 490 12635 532 9385 17246 452 18472 13784 15832 17769 15756 15739 180 147 11890 270 17778 392 18396 494 2445 6556 5392 15749 15462 18345 6650 2784 18145 183 14411 13844 17250 18359 17425 6961 13404 18353 11009 1962 1216 4167 13528 3161 8565 9615 18270 212 15110 552
 4  5  3  0 18213 408 15006 487 16667 159 15625 412 15716 417 7946 460 3120 496 9729 534 18478 4286 14393 15338 7691 17003 8389 17316 17468 9790 962 7654 13515 16334 1923 15259 6050 8031 16548 8171 11067 10419 12586 5306 9933 17944 10411 10630 17775 11793 10256 11699 11228 9614 6250 16467 16473 14916 17639 104 90 13388 13428 136 16363 340 18432 17299 18472 13784 15832 17769 15756 15739 180 147 11890 17778 392 17328 18396 494 2445 6556 5392 15749 18345 6650 2784 18145 183 14411 13844 17250 18448
 5  5  3  1 11479 290 1 18213 408 15006 487 16667 159 15625 412 15716 417 7946 460
 6  5  3  2 11479 290 1 18213 408 15006 487 16667 159 15625 412 15716 417 7946 460 3120 496 9729 534 18361 337 14819 339 13946 372 17519 190 14130 326 15209 364 17556 428 14092 563 18219 261 11774 273 17955 383 15395 17370 18344
 7  5  3  0 13096 475 10761 561 11682 41 18213 408
 9  5  3  2 18213 408 18361 337 14819 339 13946 372 17519 190 14130 326 15209 364 16519 97 14976 10676 304 4923 17556 428 14092 563 18219 261 11774 273 17955 383 15395 17370 18344
 17  5  3  1 18213 408 18472 13784 17769 17778
 18  5  3  2 17603 558 5103 103 18213 408 18472 13784 17769 17778
