715	1224
1913	1224
2838	1224
948	2728
345	830
1174	815
1050	815
2686	815
2394	815
611	815
722	815
1579	1383
1001	1383
1972	1383
2938	2808
991	2808
21	2808
3965	2808
693	1833
4025	1833
1276	1833
1030	1833
3825	2878
2592	2878
2933	2878
3033	2878
3869	2878
1847	2878
2390	2878
3173	2878
2295	2878
1513	2878
3683	2878
3165	2878
2101	2878
2095	2878
1729	1390
1161	1390
2992	1390
1462	3757
2581	3757
3437	410
265	410
3592	410
1103	410
2702	2613
165	2613
699	2613
1263	2613
2042	2613
4026	2613
3071	341
1931	341
1823	341
3837	210
2862	210
1544	210
2738	210
2106	210
978	210
2737	210
241	217
3562	217
2671	217
2945	217
1494	217
2307	217
3639	217
2120	217
2046	217
1438	217
670	217
280	217
2240	217
2601	217
3302	217
3147	2378
1848	2378
2878	2378
2592	3825
1375	3825
2933	3825
3033	3825
3941	3825
3383	3825
143	3825
1263	3825
3024	3825
1401	3825
3869	3825
1847	3825
2390	3825
3173	3825
1030	3825
1929	3825
2295	3825
2635	3825
1513	3825
3683	3825
3165	3825
2101	3825
2095	3825
2737	3825
217	241
3562	241
3322	241
2671	241
2945	241
3383	2592
143	2592
1263	2592
3024	2592
1401	2592
3869	2592
1847	2592
2390	2592
3173	2592
1030	2592
1929	2592
2295	2592
2635	2592
1513	2592
3683	2592
3165	2592
2101	2592
2095	2592
2015	344
3965	344
2069	344
1498	89
1645	89
1972	3681
670	3562
2240	3562
2595	3562
3825	3562
2592	1375
2933	1375
3033	1375
3869	1375
1847	1375
2390	1375
3173	1375
2295	1375
1513	1375
3683	1375
3165	1375
2101	1375
2095	1375
210	1375
2938	196
3965	946
2992	946
1494	3891
1262	3588
181	3588
1255	3588
941	3588
1825	3588
1467	3588
3283	1891
1244	1891
693	1891
2001	1891
565	1891
3440	1891
1276	1891
161	1891
3158	1891
2061	1891
3917	1891
3376	1891
2518	1891
3980	1891
1467	1891
3283	1244
1891	1244
693	1244
2001	1244
565	1244
3440	1244
1276	1244
3229	1244
3598	1244
3325	1244
161	1244
3158	1244
2061	1244
3917	1244
3376	1244
2518	1244
3980	1244
3865	189
2152	189
3826	189
2958	189
220	189
2592	189
1375	2933
3033	2933
3941	2933
3383	2933
143	2933
1263	2933
3024	2933
1401	2933
3869	2933
1847	2933
2390	2933
3173	2933
1030	2933
1929	2933
2295	2933
2635	2933
1513	2933
3683	2933
3165	2933
2101	2933
2095	2933
1089	989
2015	989
2217	989
3681	989
784	2983
2064	2983
3954	3877
1002	3877
22	1857
362	1857
1494	3322
2307	3322
3639	3322
2120	3322
2046	3322
1438	3322
670	3322
280	3322
2240	3322
2601	3322
3302	3322
217	3322
241	2671
3322	2671
2945	2671
3689	2671
3639	2671
2046	2671
1438	2671
670	2671
3020	2671
1729	2916
2992	2916
2737	2916
217	2945
241	2945
3562	2945
3322	2945
2671	2945
1494	2945
2307	2945
3639	2945
2120	2945
2046	2945
1438	2945
670	2945
280	2945
2240	2945
2601	2945
3302	2945
2878	2945
3825	3033
2592	3033
1375	3033
2933	3033
3941	3033
3383	3033
143	3033
1263	3033
3024	3033
1401	3033
3869	3033
1847	3033
2390	3033
3173	3033
1030	3033
1929	3033
2295	3033
2635	3033
1513	3033
3683	3033
3165	3033
2101	3033
2095	3033
3681	3033
3798	2987
3159	2987
3973	2987
1972	2987
1363	2987
3973	1708
1600	1708
1506	1708
4022	1708
2332	3012
174	3012
2566	76
3081	62
58	62
1929	62
531	62
2748	62
189	62
2152	3865
3888	3865
2312	339
4022	339
3757	339
2581	1462
2873	1462
419	1462
1270	2361
1432	2361
2967	2361
1868	2361
1282	2361
3693	2361
92	2361
711	2361
2350	3955
3742	3955
1617	3955
2206	3955
665	3955
2329	2938
89	2938
1617	1498
362	861
244	861
764	1746
3201	1746
3938	1746
1224	1746
3012	402
3355	2332
1388	3593
1657	3593
2900	55
482	55
1514	55
1474	55
2961	55
3593	1388
317	1388
3424	1388
3147	1388
18	1388
3480	1388
38	1388
1848	1388
2749	1388
149	1388
76	1388
2945	2566
282	1494
3639	1494
1438	1494
670	1494
280	1494
2240	1494
1390	1494
946	1729
2916	1729
2937	1729
1983	1729
1161	1729
2370	1729
3937	1729
2992	1729
3297	1729
2454	2493
174	2493
108	2493
906	906
1462	906
810	2873
3919	3954
717	3103
3816	3103
1537	3103
2521	3103
367	3103
1757	3103
1949	2656
722	2656
2581	2656
3856	2906
108	2906
2382	2382
1199	2382
165	1872
764	1872
3021	1872
3938	1872
1810	2584
1103	2584
2613	699
4026	699
2820	699
3834	3231
302	3231
2135	3231
1467	3231
1833	693
1891	693
1244	693
4025	693
565	693
4000	693
3598	693
3325	693
1276	2001
1332	2001
3229	2001
3598	2001
3325	2001
161	2001
3158	2001
2061	2001
3917	2001
3376	2001
2518	2001
2938	2001
984	436
3369	436
2	436
2297	436
1812	436
2055	436
318	436
189	436
3436	2958
585	2958
1396	2958
2848	2958
1374	2958
2312	2958
737	2958
1153	2958
1425	2958
2393	2958
2340	2958
3165	3941
2101	3941
2095	3941
875	300
484	300
505	3765
168	3765
4028	3765
1050	1410
3749	1410
2637	1410
567	3742
3626	3742
3825	3742
2592	143
2933	143
3033	143
612	143
3024	143
3869	143
1847	143
2390	143
3173	143
1513	143
3683	143
3165	143
2748	143
2101	143
2095	143
217	143
241	2307
3322	2307
2945	2307
3639	2307
2046	2307
1438	2307
670	2307
2240	2307
89	2307
2694	1645
3436	1645
882	1645
3050	1645
1268	1645
3891	1645
1175	134
3925	134
4025	134
1265	1577
1755	1577
2206	1224
505	2728
10	3887
3745	3887
1130	3887
3283	1467
1891	1467
1244	1467
693	1467
161	1467
3158	1467
2061	1467
3917	1467
3376	1467
2518	1467
3980	1467
1579	3009
1600	3009
3976	3009
4022	3009
2525	3009
2613	1103
2702	1103
699	1103
2924	665
1657	665
2952	665
3693	665
3175	830
1868	830
2064	3681
1746	244
111	244
2165	244
283	3246
916	3246
10	3246
1002	3246
612	1522
2448	1522
58	1522
3302	1522
1103	1522
2613	2702
1021	559
2240	2671
2046	1494
2627	2493
2440	693
3229	693
1806	300
220	300
4002	2728
3938	2613
3606	2613
3404	2613
565	3283
3229	3283
3598	3283
3325	3283
2503	3283
3158	3283
2061	3283
3917	3283
3718	3283
3376	3283
2518	3283
1872	1199
1846	1199
2928	1199
3414	1199
2645	1757
2656	1757
2379	1757
3349	1757
136	1757
3050	3837
1851	3837
2312	3837
1739	3837
4022	3837
1508	3837
1318	3837
3695	196
2781	196
3762	510
2242	510
207	510
3002	510
2415	510
2078	510
3755	510
3077	1179
1718	1179
144	1179
264	1179
33	1179
60	1179
2256	1179
3934	1179
1803	1179
3153	1179
1289	1179
842	1179
127	1179
210	1179
1243	2862
1544	2862
2738	2862
2106	2862
2038	2862
737	2862
1083	2862
1991	507
3834	2820
3231	2820
3231	3834
174	674
2659	674
1468	674
2916	3020
3935	3020
3297	3020
1757	3020
1729	946
1161	946
3058	1290
1937	1290
3593	3355
1388	3355
3424	3355
3147	3355
18	3355
1848	3355
2749	3355
149	3355
1363	3355
3880	2232
136	2656
2358	1410
778	1410
4022	1410
2469	3757
860	3865
711	3865
128	3865
217	3865
241	1494
3891	1494
3322	1494
352	2873
2469	2873
2833	2873
830	2873
1772	3175
1868	3175
345	3175
1468	3175
1388	3175
3424	317
38	317
2749	317
3157	317
2256	3801
842	3801
3071	3801
3877	3954
2295	143
89	143
3837	3050
1645	3050
737	3050
578	3050
2480	3050
2378	3050
3355	3147
2415	207
770	207
2078	207
3755	207
3148	1846
2928	1846
3153	264
3210	264
352	264
1289	264
127	264
1857	264
861	1449
2167	1449
2926	1449
1134	1449
3175	1449
1512	1772
345	1772
1270	1772
2686	1257
2804	1257
344	1257
5	2888
3147	2888
1848	1251
2728	1251
1868	948
2714	948
505	948
2862	948
1243	1544
2738	1544
2106	1544
2038	1544
339	1544
3400	3976
2350	3976
3973	3976
1579	3976
4022	3976
2525	3976
2206	3976
377	3976
2613	3976
1872	3938
764	3938
3201	3938
395	3938
4022	3938
2165	3938
3414	3938
108	3938
11	11
2455	11
2962	3926
546	3926
2038	1374
1153	1374
860	1374
77	1374
2050	534
3888	534
3947	534
128	534
196	534
3840	3695
207	3002
2415	3002
2803	35
2613	35
2473	1585
2469	1585
882	1585
1645	1268
978	1268
3414	1268
1522	1268
612	2448
58	2448
221	2448
3302	2448
1467	2448
3283	3325
1891	3325
1244	3325
693	3325
3158	3325
2061	3325
3917	3325
3376	3325
2518	3325
2095	1847
62	1847
2141	3081
58	3081
1929	3081
143	3081
1263	2295
2635	2295
1513	2295
3683	2295
3165	2295
2101	2295
2095	2295
830	2295
3865	1868
2361	1868
3175	1868
1609	1868
948	1868
3738	1868
875	1868
505	1868
345	1868
1179	1868
3077	3153
1718	3153
144	3153
264	3153
33	3153
60	3153
2256	3153
3934	3153
1803	3153
1289	3153
842	3153
127	3153
1854	3153
1257	3153
1534	3789
1960	3935
948	3935
2050	505
3283	505
1891	3917
1244	3917
693	3917
989	3917
1089	2217
499	2217
3965	2217
2737	2217
217	670
241	670
3562	670
3322	670
2671	670
2945	670
1494	670
2307	670
3639	670
2046	670
1438	670
280	670
2240	670
3302	670
2378	670
3355	1848
1251	1848
3588	1848
3965	3210
2873	3210
264	352
3592	352
2469	352
1179	352
3077	1289
1718	1289
144	1289
264	1289
33	1289
60	1289
2256	1289
3934	1289
1803	1289
3153	1289
842	1289
127	1289
1854	1289
1224	1289
3955	2206
2847	2206
3976	2206
693	2206
1276	3838
3825	3838
2592	2635
2933	2635
3033	2635
2295	2635
1513	2635
3683	2635
3165	2635
2101	2635
2095	2635
1199	2635
2694	2928
1263	2928
1846	2928
484	2928
1455	2928
207	770
3980	891
1022	891
3593	4016
1388	2749
317	2749
3424	2749
38	2749
217	2749
241	280
3322	280
2945	280
1438	280
670	280
2240	280
2601	280
3837	280
2467	1318
3231	1318
1090	2135
1224	2135
62	2838
143	531
510	531
3762	2078
2242	2078
777	2078
531	2748
1857	2748
861	2926
3409	2926
1449	2926
351	2926
2498	2926
1957	2926
1467	2926
3283	2518
1891	2518
1244	2518
693	2518
3325	2518
3158	2518
2061	2518
3917	2518
3376	2518
344	2518
946	3965
5	3965
2217	3965
3210	3965
3826	3965
3765	168
1851	168
2050	168
2788	168
2656	1949
2962	1949
3267	1949
1031	1539
813	1539
2242	1539
3681	2069
1757	136
2645	136
2656	136
2379	136
3349	136
899	136
775	136
2256	136
3178	49
842	49
1857	49
861	1957
3409	1957
1449	1957
351	1957
22	1957
362	1957
2238	1957
2498	1957
2167	1957
2926	1957
1134	1957
442	1957
2987	53
3798	1972
3159	1972
946	1972
2916	2992
1729	2992
1161	2992
2370	2992
3937	2992
3297	2992
210	2992
3865	978
585	860
1396	860
1374	860
2312	860
1153	860
1425	860
2340	860
3414	860
3544	860
1174	860
2686	899
611	899
377	899
3349	899
136	899
3865	899
2361	711
128	711
161	711
2503	3980
975	3980
1803	797
1199	797
882	3414
1846	3414
3938	3414
1268	3414
3148	3414
860	3414
1455	3414
507	1991
3762	1991
2242	1991
2201	1991
2078	1991
3755	1991
2051	1991
3626	567
830	567
1300	345
1772	345
2050	345
1468	345
2581	345
3225	1226
3592	1226
3903	1226
419	1226
815	1226
3159	722
3400	722
2656	722
2804	722
3234	722
2903	722
3147	722
1848	2579
2878	2579
3825	2101
2592	2101
1375	2101
2933	2101
3033	2101
3941	2101
143	2101
1263	2101
3024	2101
3869	2101
1847	2101
2390	2101
3173	2101
1030	2101
1929	2101
2295	2101
2635	2101
1513	2101
3683	2101
3165	2101
2095	2101
3757	2101
1462	419
2581	419
3225	419
1585	419
2473	419
3903	419
2379	419
136	775
3765	775
505	4028
3711	4028
3071	4028
806	1386
2756	1386
345	1468
1857	1468
861	1134
3409	1134
1449	1134
351	1134
22	1134
362	1134
2498	1134
2167	1134
3157	1134
1957	1134
1179	1134
3077	1854
1025	1854
144	1854
60	1854
3153	1854
1289	1854
127	1854
2461	1854
1121	2060
3445	2060
2878	2060
3825	2095
2592	2095
1375	2095
2933	2095
3033	2095
3941	2095
3383	2095
143	2095
1263	2095
134	3891
1388	2961
3424	2961
38	2961
2749	2961
3798	2788
474	2788
2127	2788
1949	2788
3096	1534
3157	1534
35	3648
2671	3322
2945	3322
1603	2051
3561	2051
3757	2051
207	1455
2046	2737
1438	2737
670	2737
2240	2737
3404	244
1913	244
1854	1179
2645	1179
2219	2983
2064	2788
3935	1534
2238	1857
2498	1857
2167	1857
2926	1857
1957	1857
1134	1857
1609	1300
1512	1300
345	1300
2737	1300
217	3322
241	3322
3562	3322
3424	3593
3480	3593
38	3593
2749	3593
436	3369
1812	3369
1383	3369
2987	3159
2696	3159
482	3159
3693	3159
1972	3159
722	3159
2613	3159
1872	165
3926	2455
546	2455
3071	2455
571	810
3954	810
3903	3225
3158	693
2061	693
3917	693
3838	693
3376	693
2518	693
2256	3077
3934	3077
1803	3077
3153	3077
1289	3077
842	3077
127	3077
1854	3077
1746	3077
1872	764
3938	764
395	764
2165	764
3562	764
2671	3689
2539	3689
743	3689
3096	3689
1383	3689
1363	3880
2232	3880
1708	3880
3798	3880
474	3880
3973	3880
1001	3880
2595	2737
2361	1224
402	1224
2350	1224
855	1224
417	1224
2973	341
2064	341
2696	89
3050	89
1617	89
1913	89
2983	3681
3973	3681
2983	3681
2038	3865
1690	3865
1868	3865
2938	3865
1031	403
499	1089
2217	1089
3253	1089
776	1089
3757	1089
3225	2581
1585	2581
2473	2581
3903	2581
1226	2581
419	2581
2601	1494
3592	2873
2200	3689
2601	2307
482	134
777	134
693	134
1251	3147
1848	3147
2579	3147
1833	3147
2001	1276
4025	1276
3440	1276
2440	1276
3838	1276
1383	1276
3798	474
3880	474
1931	474
1506	474
1929	1356
1383	1356
1363	728
1600	728
665	728
2848	585
2312	585
2038	585
1425	585
2393	585
860	585
2900	585
3224	3989
3681	3989
3880	3973
1579	3973
1600	3973
3976	3973
1262	3973
136	1174
899	1174
3009	1174
2165	3201
693	3201
2390	1263
3173	1263
2295	1263
2928	1263
1513	1263
3683	1263
3165	1263
2101	1263
2095	1263
108	1263
621	621
3246	621
803	283
916	283
10	283
534	77
1851	77
2312	77
2958	77
585	2848
2354	2848
484	2848
2945	2848
1494	3639
2307	3639
2046	3639
1438	3639
670	3639
280	3639
2240	3639
3302	3639
1179	3639
3077	1718
144	1718
264	1718
33	1718
60	1718
3153	1718
1289	1718
127	1718
300	1718
3776	1806
220	1806
1716	1806
3848	1806
3891	1806
134	3925
2264	3925
813	3267
3402	3267
1539	3267
2415	2242
2078	2242
2069	2242
1991	2242
3755	2242
3231	2242
3825	302
2592	3024
2933	3024
3033	3024
2390	3024
3173	3024
1030	3024
1929	3024
2295	3024
1729	3024
2992	2370
1372	2370
3776	2406
3224	2406
2238	1600
1318	1600
1857	1600
3461	3409
861	3409
46	3409
3915	3409
1449	3409
2498	3409
2926	3409
1957	3409
1134	3409
108	3409
3369	1812
436	1812
2459	1812
1812	1812
1717	1812
3355	1812
1388	18
3424	18
38	18
2749	18
1179	18
3077	144
1718	144
264	144
33	144
60	144
2256	144
3934	144
1803	144
3153	144
1289	144
842	144
127	144
1854	144
1025	144
306	975
797	975
3789	1021
3440	1021
161	1332
3598	3229
3325	3229
2061	3229
3917	3229
3376	3229
2518	3229
1954	3229
2484	1051
2781	1051
2232	1051
1708	1506
1665	1506
38	3355
2635	2878
2888	344
165	244
3201	2702
1263	2702
2847	2702
3302	1708
3749	2694
2928	2694
1372	2694
482	46
3409	46
1248	46
417	46
2238	46
2038	720
1670	837
410	837
3592	3225
92	3225
1226	3225
419	3225
1972	3880
1645	882
2635	143
531	143
2001	1467
565	1467
1311	3648
3267	2264
813	2264
770	1455
1991	1455
217	2737
241	2737
3562	2737
3322	2737
2945	2737
3639	2737
1585	3757
2473	3757
3955	2613
743	2671
3776	2656
1617	2051
1983	2937
2694	2937
1670	111
1617	111
2455	111
2394	2584
2967	2584
711	2584
2232	2584
2158	1356
3834	1356
3798	728
1363	728
2987	3973
1318	3973
815	3973
2694	1174
3436	2354
720	2354
2848	2354
875	2354
484	2354
2312	1396
2038	1396
2340	1396
860	1396
3544	1396
1665	1396
4016	1022
546	1022
574	1022
3755	3762
1757	3762
2219	3776
2656	3776
1806	3776
2406	3776
804	3776
2394	3776
560	3776
136	3776
815	3776
2804	1050
377	1050
1823	273
134	273
1868	1609
505	1609
134	1609
2406	3224
2627	3224
1011	3224
2938	3224
436	2
62	2
2158	2141
3081	2141
58	2141
217	2141
241	3639
1835	3639
3681	1718
784	1806
2635	3024
1513	3024
3683	3024
3165	3024
2983	3024
3826	2406
2120	3689
22	1224
362	1224
2167	1224
174	3887
3229	1467
3598	1467
3325	1467
2266	1390
2873	410
244	210
3050	210
3891	210
482	2987
2928	3159
3776	2219
1806	2219
1474	2219
1011	2219
1972	2219
3973	46
725	46
2952	300
3188	300
891	4000
3718	4000
210	4000
2219	3050
1847	3024
1716	2406
737	2406
2503	3420
3642	3420
3718	3420
111	3420
2350	1617
2206	1617
1318	1617
3561	1617
3103	1617
1265	3816
1537	3816
474	3816
1011	1931
2064	1931
3009	1931
3325	3598
3158	3598
2061	3598
3917	3598
3376	3598
2518	3598
1199	3598
860	1846
3414	1846
1179	1846
3077	264
1835	264
1718	264
144	264
33	264
60	264
777	1721
531	1721
2748	1721
3915	1721
2952	1449
3157	1449
1957	1449
2884	1772
1746	1772
3989	3938
476	2454
312	2454
3755	3002
665	3002
674	220
189	220
2480	220
3848	220
2900	220
77	1851
2884	1851
3919	1851
2538	1851
168	1851
3246	1851
1854	33
2906	33
1031	322
1537	1265
461	1265
3490	1265
1755	1265
1224	1265
402	855
1179	855
3077	60
1718	60
144	60
264	60
33	60
2256	60
3934	60
1803	60
3153	60
1289	60
842	60
127	60
1854	60
3648	60
4023	35
1103	35
165	3606
1717	1717
1401	1717
1425	2312
2340	2312
860	2312
3544	2312
341	2312
273	1823
3745	1823
2064	1823
3776	1823
2686	804
2264	804
3267	813
3402	813
3103	813
3816	1537
1265	1537
2781	1537
3588	1537
3973	1262
875	1262
1265	1262
1755	461
2888	461
2015	5
3253	5
3965	5
882	5
1846	3148
3414	3148
2862	3148
1243	2738
1544	2738
2200	2120
108	2120
3466	3466
2467	3466
220	1514
419	2473
3887	2473
3009	174
3400	4022
2358	4022
395	4022
1508	4022
3024	4022
3869	2295
1847	2295
2390	2295
3173	2295
1030	2295
1929	2295
3888	2295
3253	1083
1089	3501
3989	776
2454	312
174	312
421	312
2521	312
2737	367
3562	2595
1657	2595
1175	2595
3825	2595
2592	3683
1375	3683
2933	3683
3033	3683
2256	3683
3934	127
1803	127
3153	127
1289	127
842	127
1854	127
2878	127
3825	3165
2592	3165
1375	3165
2933	3165
3033	3165
1263	3165
3024	3165
3869	3165
1847	3165
2390	3165
3173	3165
1030	3165
1929	3165
2295	3165
2635	3165
1513	3165
3683	3165
2101	3165
2095	3165
221	3165
665	2835
2361	3693
3115	3693
3461	3693
2001	2926
565	2518
3229	2518
3598	2518
2415	2518
2078	2069
1617	2069
1603	3561
2613	3561
699	4026
3404	4026
2042	4026
1290	4026
2779	1937
460	1937
2632	1937
2938	1937
436	318
2958	318
1396	3544
2312	3544
2038	3544
484	3544
1425	3544
860	3544
388	3544
35	2803
4023	2803
3588	2803
2078	1825
2069	3755
1991	3755
2350	3755
3742	567
2206	567
118	567
3175	567
1868	345
92	345
2469	1226
2350	419
3742	3626
2206	3626
118	3626
567	3626
2938	3626
143	2329
1401	3024
3869	3024
1657	2737
1257	559
3925	3891
743	3891
3733	3588
3229	1891
3598	1891
3325	1891
2924	189
1806	189
2987	2983
1716	2983
2961	3355
474	2232
810	571
3355	571
149	2961
1931	2788
3915	1857
2952	1857
3157	1857
1001	1708
1494	282
1556	282
3409	3461
1248	3461
2238	3461
2926	3461
1363	3461
2788	3798
2987	3798
3826	3798
3880	3798
1001	3798
174	1576
2659	1576
3745	1576
402	2361
2613	2361
189	3955
1857	2924
3915	861
2952	861
351	861
22	861
2238	861
946	861
3178	3801
92	2584
559	2584
1810	882
3021	3147
2820	3147
2969	1356
2454	3989
2627	3989
421	3989
312	3989
46	3989
2415	3762
2078	3762
2069	3762
1991	3762
339	3762
1410	1050
1265	3822
3919	3822
574	3822
3745	273
3562	273
3188	1175
1276	2440
3322	2440
2671	3639
189	3639
2101	3024
2095	3024
4023	1617
2803	1617
2378	1617
2042	3606
3757	3606
1351	1585
419	1585
1089	1585
3201	499
2938	1268
436	2055
2001	2055
565	3325
3229	3325
3598	3325
1375	3325
2933	3869
3033	3869
3941	3869
143	3869
1263	3869
3024	3869
1847	3869
2390	3869
3173	3869
1030	3869
1929	3869
2295	3869
2635	3869
1513	3869
3683	3869
3165	3869
2101	3869
2095	3869
1363	3869
2001	161
3440	161
1332	161
3980	161
2878	161
3825	1847
2592	1847
1375	1847
2933	1847
3033	1847
3941	1847
143	1847
1263	1847
3024	1847
3869	1847
2390	1847
3173	1847
1030	1847
1929	1847
2295	1847
2635	1847
1513	1847
3683	1847
3165	1847
2101	1847
2332	1847
442	174
1130	174
53	174
2961	174
3593	3480
1388	3480
3424	3480
38	3480
2749	3480
1772	3480
1851	2884
410	2884
725	3592
3225	3592
3903	3592
352	3592
1226	3592
1224	3592
1248	417
3400	417
2900	1739
402	1739
1600	715
2525	715
1179	715
3077	3934
33	3934
60	3934
3153	3934
1289	3934
2095	1030
3283	1030
1891	3158
1244	3158
2001	3158
565	3158
3229	3158
3598	3158
3325	3158
3917	3158
3376	3158
2518	3158
282	3158
1494	1556
2539	1556
2601	1556
3096	1556
3938	1556
1467	4022
693	2061
2001	2061
565	2061
3229	2061
3598	2061
3325	2061
3917	2061
3376	2061
2518	2061
2152	2061
3436	737
2958	737
3050	737
2738	737
1374	737
860	1153
2354	1153
875	484
1690	484
578	484
2928	484
1318	484
3544	484
991	484
2981	21
3028	21
196	21
717	2781
2457	2781
1051	2781
2484	2781
1537	2781
3246	2781
3071	1002
3877	1002
3919	1002
3834	1002
3355	38
2961	38
3593	38
1388	38
317	38
3424	38
2749	38
1857	38
3461	2238
861	2238
46	2238
1600	2238
1449	2238
1248	2238
22	2238
362	2238
2498	2238
2167	2238
1957	2238
665	2238
2694	3749
3436	3749
2958	3749
1410	3749
1432	3749
2358	3749
797	1803
2613	1803
3606	2042
377	2042
4026	2042
3941	2042
143	3683
1263	3683
3024	3683
3869	3683
1847	3683
2390	3683
3173	3683
1030	3683
1929	3683
2295	3683
2635	3683
1513	3683
3165	3683
2101	3683
2095	3683
1534	3683
2930	3096
1556	3096
3941	3096
143	3165
111	3165
2952	3693
1356	3693
2141	2969
2158	2969
3880	2969
612	2748
143	2748
1721	2748
344	2748
1617	2069
720	2803
3175	1468
2057	1468
2858	1954
2457	1954
1051	1954
3606	1103
1508	815
3159	1383
3880	1383
578	1833
1375	2878
3941	2878
3322	217
1251	2378
474	2820
2749	3834
108	108
906	108
2382	108
2858	108
3019	108
334	108
621	108
2691	108
1717	108
3466	108
63	108
854	108
220	674
317	946
3404	189
737	189
1011	189
3848	189
128	189
2878	189
3825	2933
803	2933
806	571
18	2961
3480	2961
1011	2788
1600	1857
3409	1857
1449	1857
1708	2987
2987	2987
3955	339
1050	339
3157	339
339	339
1600	861
3409	861
1449	861
3865	861
3436	2152
2838	2152
3848	2152
2938	2152
1954	2057
244	2057
1739	3400
2903	3400
377	3400
3414	3400
1937	2779
2737	2779
665	1657
2820	1657
3934	3801
2242	3231
2127	3231
2415	3231
3789	1270
92	1270
1372	1270
189	3826
3798	3826
3224	3826
2406	3826
220	3826
1514	3826
2064	3826
1954	3826
2858	2858
2484	2858
837	2858
111	1670
3021	1670
108	1670
3019	3019
1467	3019
3283	2001
1891	2001
1244	2001
565	2001
3440	2001
3980	2001
3749	2958
2390	3941
3173	3941
244	3941
3201	882
1268	882
3148	882
2106	882
728	882
3838	2440
777	1263
3837	1263
220	77
2595	3420
3980	3420
89	3420
1498	1617
1755	3816
174	324
2659	324
3995	388
341	388
1857	1931
1708	1600
861	1600
1449	1600
715	1600
1957	1600
1363	1600
2001	1332
3980	1332
3009	1332
2702	2847
2637	2847
2350	2847
2525	2847
2206	2847
2096	2847
403	1031
1265	1031
2266	1031
682	1031
3490	1031
1539	1031
2645	1031
1270	2686
1174	2686
1257	2686
3158	3229
2858	3229
1812	2484
1051	2484
2276	2484
2781	2484
2694	2484
1410	2358
1432	2358
1812	2358
2158	1717
2969	3081
1396	3081
2038	2312
3801	2312
2256	3934
3178	3934
842	3934
127	3934
49	3934
797	3934
1833	3934
3825	1030
2592	1030
3033	1030
3869	1030
1847	1030
2390	1030
3173	1030
221	1030
2295	1030
1913	1030
3302	1030
1513	1030
3683	1030
3165	1030
2101	1030
2361	1030
693	2967
2061	3158
3283	3158
1891	2061
1244	2061
3158	2061
189	2061
3865	737
1121	21
362	21
778	1690
484	1690
1318	1690
2167	1690
711	1690
442	1690
2493	476
2242	476
2078	2415
2069	2415
1991	2415
3755	2415
585	2415
2038	1425
860	1425
3544	1425
1432	1425
1174	611
1090	3745
2788	3745
3826	1011
1514	1011
3825	1011
2592	2295
1375	2295
2933	2295
3033	2295
3941	2295
3934	2295
2415	797
1263	2737
778	2737
2847	3009
3096	2987
1356	62
2141	62
1374	3865
1462	3865
2581	1351
3225	1351
1585	1351
2473	1351
3903	1351
2469	1351
1226	1351
419	1351
4025	3188
4000	3188
728	3188
144	3077
264	3077
33	3077
60	3077
1991	1161
534	3765
1851	3765
1432	3765
3231	2354
2242	3762
2737	3762
3825	1263
2592	1263
484	2141
531	2141
2969	2141
2938	2141
436	2297
2737	2297
1175	3639
2938	3925
11	1812
2484	1812
2961	1812
1248	2847
417	2847
764	2847
2702	3606
722	1268
3096	2930
2200	2930
2226	3081
2808	3081
77	3965
1854	797
3400	797
1161	3414
1226	1991
2656	419
2958	128
3848	128
1351	3757
419	3757
3024	3757
3869	2095
1847	2095
2390	2095
3173	2095
1030	2095
1929	2095
2295	2095
2635	2095
1513	2095
3683	2095
3165	2095
2101	2095
341	2095
3826	2064
273	2064
1931	2064
189	2064
3865	128
3693	111
2217	499
3253	499
3903	559
1226	559
3021	989
3834	989
775	1224
168	3887
510	3887
1401	2158
341	2158
4026	2702
1474	46
1835	2656
2820	2656
559	3225
978	2584
722	2584
2702	2584
2165	699
510	699
3762	3231
728	693
55	693
417	2696
875	2696
2838	2696
559	2696
3009	1351
3201	2637
2847	2637
417	2637
2525	2637
3349	2637
3838	3188
2937	3188
3937	1983
3297	1983
2967	2001
3838	2001
128	2958
1812	2459
1375	2459
3869	3941
3980	2737
1937	2584
2379	1670
3693	1670
2804	244
1508	244
699	2702
1174	2702
3865	830
2627	830
2538	830
1455	830
3246	2873
3840	3231
3115	3231
4016	53
2378	53
3355	149
2961	149
1383	149
3562	1972
2219	1972
1175	1972
1390	1972
2861	2992
1251	2992
3178	797
410	797
302	1991
3592	1991
1746	815
3159	815
574	3103
2394	2656
1617	1410
3848	1410
3606	764
3409	3689
2930	3689
3302	3689
531	3880
2748	3880
221	2467
578	2467
334	334
410	334
265	3437
2714	2900
3711	2900
3210	2900
3188	2900
4000	4025
1276	4025
2440	4025
1251	4025
3838	4025
3718	4025
1001	4025
1290	4025
578	2981
776	341
306	344
1383	344
3461	3681
2219	3681
989	1455
3461	2737
1600	2737
2525	2737
2833	2467
108	2467
1282	3437
1243	2900
2276	2900
1537	2900
2781	2900
410	2900
1757	3915
3562	3915
699	3915
4026	3915
1913	1432
2069	1432
711	1432
2656	1432
3934	1835
2001	1835
1332	3440
161	3440
3938	3742
2930	3742
118	3742
711	3742
2737	3742
1708	2307
722	1645
728	4000
674	4000
55	3050
220	3050
3826	3050
3188	728
565	728
4000	728
2440	728
3229	728
3598	728
3325	728
3158	728
2061	728
3917	728
2518	728
220	2952
1372	2952
2152	2756
2848	2756
3929	2756
1716	2756
1468	2756
1665	2756
3445	2461
2060	2461
2900	2461
585	1243
1243	1243
1609	585
948	585
510	585
2645	2354
2737	2354
2961	1600
728	3325
2900	3325
3816	2276
2484	2276
2521	2276
1534	2276
3689	2930
3742	2930
2393	174
168	174
4028	174
1386	174
1851	174
174	3527
1386	3527
362	22
2238	22
2498	22
2167	22
1957	22
3887	22
168	1882
2983	1882
2694	784
3929	784
1716	784
2493	784
1851	3919
2627	3919
882	3919
2525	2106
1772	2106
322	10
273	10
3850	3467
3937	3467
2878	3467
1375	2390
3033	2390
1847	2390
842	3178
2833	3178
49	3178
797	3178
665	3178
2671	743
3689	743
1050	743
3224	737
1806	737
2406	737
2358	737
2141	737
181	1002
941	1002
2983	1002
3934	3749
842	1803
3742	1803
3938	2042
3148	2042
395	2042
3467	2042
2659	3937
3234	3937
3850	3937
3935	3937
463	3937
3028	3937
3501	3937
2694	3937
2467	3935
221	578
377	578
3954	2728
3919	2728
1103	3009
417	3009
3009	3009
2858	3954
1050	2656
3837	2656
510	1270
3840	1270
2686	1270
1257	1270
2613	1270
62	3689
775	3689
2961	3689
3376	728
3409	2952
2906	2952
3148	1243
1810	1243
2001	271
1949	149
3028	1991
322	3561
1772	318
3976	3544
3606	567
1396	567
2820	345
2820	1226
1351	419
1508	2584
3718	699
2060	1410
58	3689
1718	1835
264	1835
128	1835
3400	1835
2038	3742
2042	3742
1514	4000
2969	3050
1300	3050
3689	1243
2952	3409
743	3409
1556	3409
264	1506
1882	1506
3028	1506
682	2803
322	2803
510	1825
3231	3755
3762	3755
2242	3755
3840	3755
3002	3755
2415	3755
1931	1455
1746	2737
3159	2737
3888	3009
221	507
2873	2820
3225	2820
1351	2820
797	559
2748	3891
2938	3588
322	3588
777	189
1467	189
3283	2961
1891	2961
1244	2961
565	2961
3440	2961
1332	2961
3229	2961
3598	2961
3325	2961
161	2961
3404	2961
3934	2961
2967	2961
3158	2961
2061	2961
3917	2961
3376	2961
2518	2961
302	2788
674	2788
2779	1534
2930	1534
737	1534
3028	3648
460	2779
2632	2779
2973	2779
196	2779
3588	3733
77	46
3749	720
797	720
1468	720
2480	837
3626	837
3050	55
1276	55
2158	55
49	55
2232	149
1657	1972
2455	1972
3267	1755
461	1755
3020	1755
3681	3297
804	899
560	899
2584	899
3742	711
2120	711
559	711
2833	1455
1882	3887
2060	3887
728	1467
3148	1103
1757	665
2219	665
1455	665
3776	2983
482	2983
2406	2983
2358	2779
1823	2779
1985	2779
2015	2779
3935	2779
3989	3733
49	2873
3369	2873
1812	3175
2645	1455
2521	2728
3927	3887
2961	1467
948	1103
699	665
300	665
743	665
1474	665
3718	665
1161	815
2987	1833
3267	1833
2962	1833
1539	1833
2928	2878
510	3757
1383	3757
3915	410
1854	559
1806	3891
2454	3891
728	1891
3801	2873
1739	3175
2503	317
3404	317
221	317
3965	317
2873	317
1848	3801
1985	2051
3402	2051
510	2051
1351	3225
3840	3225
3934	3225
1243	2906
3822	2906
1537	2906
2714	2906
2232	1833
2903	507
2201	507
2961	1891
3935	989
770	989
2370	2983
2459	3175
283	3175
3888	3103
2232	3103
344	210
507	210
1746	210
3159	210
1161	210
302	210
2888	210
815	210
410	3891
341	210
1957	1224
3020	674
1534	674
1985	674
674	674
770	3020
1455	3020
3420	946
2358	2983
2779	1290
1985	1290
3935	1290
510	1290
2656	2232
1175	2232
417	2232
777	2232
3019	3877
334	3877
621	3877
2691	3877
207	2788
2358	1534
1985	1534
571	3009
505	3009
3798	2820
3297	2820
1002	3071
2961	3834
3028	2983
463	1534
2702	1534
189	3648
403	3648
2050	3648
3402	3648
3742	339
1985	339
728	1462
2756	1462
2973	1462
4002	1462
810	2521
3103	2521
505	2521
367	2521
2987	2521
3188	58
3689	58
3081	58
2804	58
3937	3850
3028	3850
665	3850
3012	1474
2803	4023
3648	4023
76	3402
2332	3402
806	3402
2566	3402
3103	3402
1410	3402
1174	3402
1022	3402
3267	3402
3816	3402
2454	3402
534	3402
1985	3402
813	3402
417	3402
1130	3402
3561	3402
810	3402
1609	3738
3148	3738
2645	3738
989	1716
784	1716
3234	1716
3935	1716
463	1716
1449	1716
567	715
3225	715
1718	3934
144	3934
3903	3934
2900	665
2632	815
1806	815
3822	1383
806	1833
1891	2878
1244	2878
2307	2878
1716	989
2804	2264
2525	2264
1670	1300
711	339
722	339
128	339
2440	1455
2015	1455
1270	2820
3989	3891
3927	1576
1985	1576
4023	3012
682	3012
2702	3012
2332	76
1410	76
1174	76
3402	76
3816	3915
3409	3915
2276	3915
136	612
2455	612
510	393
143	3383
2	3383
3024	3383
351	3742
1665	3742
128	1645
3681	1645
189	134
1539	1577
3349	1577
3157	1050
306	1050
1383	1050
410	3822
89	3822
2906	3822
1537	3822
3711	3822
322	2
1255	2
1425	2457
3856	2457
2165	2457
3798	2457
1011	302
1854	302
1351	302
2001	3024
3383	3024
149	3024
559	3024
1351	2370
3840	2370
5	2370
3937	2370
1954	2370
393	461
1577	461
1617	461
3349	461
3738	3148
531	3148
3019	3148
334	2738
621	2738
2691	2738
3480	2738
410	1383
2467	341
460	341
3718	210
1991	210
1363	89
3822	89
1265	89
611	89
403	3681
3776	3681
1175	3681
3929	1522
737	1522
3648	2702
76	2702
2566	2702
2461	2702
1248	2702
3527	2702
720	725
1498	196
3733	196
1585	510
499	510
2473	510
2382	3877
3926	3877
1270	3648
2637	3648
3927	3648
1318	3648
1263	2264
3926	2264
1851	2264
2503	2264
2106	2264
461	3915
2967	3440
2635	3440
149	3440
3915	3440
2756	461
2370	5
3693	3148
377	58
3501	2127
725	2127
507	221
3562	221
1954	3402
2858	3738
3501	3903
2861	3903
2916	3937
1729	3937
991	3937
2370	3937
2406	3937
2394	3937
1537	3937
725	3210
1243	665
1537	665
2165	665
4026	665
2748	210
797	1522
3980	510
419	510
1153	2862
3414	2862
3147	1455
2659	3887
1311	3887
3028	3887
2702	3009
3749	341
1708	344
3437	344
1432	344
317	344
2448	1103
2714	665
1645	341
3404	665
3738	1103
3888	1103
2064	1103
1810	665
210	1383
1161	1383
1929	1383
777	1383
3103	2728
3822	665
220	2613
3397	2613
312	2613
2226	1455
2200	1455
3404	2737
3648	3887
2001	3887
3973	3887
3776	3887
3527	1103
3711	665
3210	665
3856	665
196	341
300	341
1931	2378
975	2378
2930	2378
3527	2378
2884	2378
3935	2378
770	2378
2969	2378
63	344
882	1522
2050	1522
797	510
2961	1179
1812	2820
3938	2820
855	2820
2312	2820
2050	2820
1556	2820
2340	2820
1263	946
3695	3588
2055	3588
3934	1891
2878	1891
3562	1244
3592	189
1311	189
3934	2933
2158	989
3234	989
1872	2983
1351	2983
711	1290
1983	3355
2945	2961
861	3033
3934	3033
1833	3033
2702	2987
1025	2987
975	2987
2962	2987
2448	2987
3081	2987
2120	2987
2635	165
665	165
3856	2455
244	2455
2962	810
2448	810
2276	810
2521	810
1248	1665
3749	1665
2962	1665
891	58
3891	58
2057	395
1351	395
3989	395
2	395
3409	395
2055	395
1001	395
318	395
2448	395
2738	3738
2702	3738
2694	1716
2461	1716
2440	1716
1931	1716
3626	875
2613	875
62	3397
3976	3397
3414	715
217	715
1375	3934
861	3934
1388	3934
3917	3934
2928	3934
2696	3934
1199	1030
3355	2967
1812	2967
1462	1556
916	737
2276	737
2503	737
2394	737
3929	737
3246	737
720	484
699	484
436	484
1025	484
2539	484
1512	484
300	484
3856	2781
906	2781
3466	1002
1957	1002
3480	1002
2480	2238
341	2238
1757	3749
3437	891
58	891
3642	891
1972	891
2671	891
717	2201
1991	2201
3776	2201
388	546
476	546
3028	546
665	546
210	3718
3848	377
815	377
1051	2165
1721	2165
1268	2165
611	2165
4022	2728
978	2728
2737	2728
410	665
2455	665
2916	830
2382	830
916	830
3592	830
181	830
3626	830
2595	2613
3926	341
3695	341
2266	341
1011	210
1276	2820
3941	3834
3501	3834
181	108
1396	3020
1755	2645
1050	2861
2728	2861
2808	946
324	946
2454	559
1425	559
1665	3588
2686	189
393	2455
2064	810
3681	810
2820	403
571	46
2566	46
1022	46
3798	46
4000	720
2370	720
484	720
1425	720
578	720
377	720
510	720
2	837
2686	837
11	837
1011	837
3028	837
3020	837
2566	55
711	1716
861	1716
1390	2046
341	2266
3733	2266
271	2266
2329	484
3588	484
2938	3749
1772	3749
1251	3749
3689	3749
220	2042
743	2042
312	2042
2992	3937
3941	3937
1449	1438
665	1438
89	2714
1954	2714
699	2714
1577	2714
611	2714
578	2714
2393	2714
3693	2714
476	2714
3995	3028
1011	3028
402	3028
1717	2498
875	2498
2538	2498
3012	665
442	665
2924	665
1494	403
2696	403
717	403
2888	46
3938	46
1556	46
403	46
3973	1494
4022	2493
1083	2493
2069	2493
1002	906
770	2873
3742	3175
770	3801
345	3801
1103	3801
1251	3954
3926	3954
1410	3103
271	3103
1089	3103
1276	2656
2756	2656
3024	1351
2686	1351
11	1351
395	1351
1868	1351
3028	1351
3648	1351
1576	2637
76	2637
2001	2637
1609	2637
2613	2637
3689	3188
3355	3188
2152	1983
1585	1983
49	2001
149	2001
1134	2001
3246	2001
2632	436
842	436
1512	436
989	436
1537	300
2781	300
3856	300
2379	300
403	300
2848	717
302	717
2888	717
35	717
1514	717
2201	717
2748	717
2804	3689
421	3689
2042	3689
377	3689
3490	3689
3148	134
2457	4000
2848	4000
1991	4000
3058	4000
2873	3050
474	3050
1356	3050
271	3050
1772	3050
1257	3050
2930	3050
1603	3050
1868	3050
1090	3050
463	3050
1508	3050
3445	3050
1960	3050
1386	3050
2120	3147
1929	3147
777	3147
2226	3147
2217	3147
2820	3147
3369	1276
3050	474
1356	474
271	474
4016	728
92	728
2613	728
2467	2952
4025	2952
3544	2952
2656	2952
1356	2756
1579	1174
1396	1174
3561	1174
2060	1174
1410	1174
1174	1579
1609	1579
3798	1579
46	1022
3938	1022
352	1022
2096	1022
165	3776
991	3776
2020	3776
3383	3776
3925	3776
388	3776
1351	3776
3383	2
2987	2
484	1025
352	1025
377	1025
3648	1025
1746	3409
2601	3840
2354	3840
1851	1051
611	1051
2165	1051
3965	1051
3588	1051
2938	3695
1498	3695
300	3695
2106	1537
3856	3148
2838	2738
2987	2738
1954	2120
3801	2120
3383	2120
3147	2120
728	2120
1929	2120
1002	3466
2201	1514
2937	1514
280	2473
3681	2473
3012	174
2378	174
76	3527
344	3527
899	2266
778	2266
854	875
1372	875
2906	665
3798	665
1512	720
3765	837
855	1494
1556	1494
3297	1494
341	1494
3283	2493
946	2493
2702	2493
3009	1455
1282	2219
3369	2219
3178	3400
1534	3400
806	2779
2201	46
2165	837
1755	837
2015	837
2226	421
1103	421
244	3738
3877	3738
3973	403
3178	1665
410	1665
728	720
3840	720
1401	1556
2050	1556
2200	1556
2728	1556
2493	4022
948	4022
1383	4022
3383	1929
2120	1929
352	1929
1539	1929
1383	1929
1657	777
1410	777
3147	777
2276	777
3816	777
265	665
1617	815
1410	1383
2266	344
875	344
611	344
854	344
3776	89
2714	89
2480	89
3738	244
776	244
2645	3246
436	3246
1716	3246
1803	3246
574	3246
1514	1522
312	507
2835	189
4028	189
1282	2933
3738	3877
875	3877
3012	1708
3941	1708
393	1708
720	3798
1022	3798
770	3798
1609	1576
2484	1576
2051	2332
1410	2332
3050	2332
665	2332
318	3369
1468	3369
2566	55
3934	1388
3995	1954
3527	1954
3480	3738
2838	3738
3246	3738
221	1716
574	1716
1282	2061
1522	2061
1276	1455
421	1455
2969	1455
665	2737
2307	1224
1846	1224
53	665
3955	830
118	3757
3349	3757
2696	3681
855	3681
1755	3246
2613	3246
891	725
1512	725
1539	725
3865	2862
3955	2820
46	2820
717	2820
3742	2820
2101	2961
143	2788
351	1534
813	1534
417	1534
3880	3648
571	3648
1282	1388
3938	1494
1386	3801
3888	3954
2728	3954
1383	3103
3050	3103
837	3103
134	3765
2756	3765
534	1410
1985	1410
777	1410
3648	1410
2457	3880
2064	3880
1522	3880
1721	4000
1803	4000
4016	4000
1512	4000
3103	4000
2051	3050
2659	3050
2060	3050
1455	3050
2656	3147
283	1276
3848	1022
1130	1022
3501	3762
510	3762
3927	3776
1265	3776
1585	3776
3995	3776
1121	3776
118	3776
2601	3776
776	3776
1031	1175
1506	1175
4023	1175
1576	1175
111	1609
916	1609
3934	3224
737	3224
2635	3002
3501	3002
1757	3002
1282	1537
3718	1537
306	1537
991	1537
302	1262
1812	1262
351	1262
3891	1262
189	461
2916	461
693	461
728	461
1806	461
2038	461
395	461
306	461
2539	461
302	5
3840	5
1539	5
803	5
2057	3148
3436	3148
3267	3148
3738	3527
775	3527
2584	3527
460	784
2981	784
474	784
35	784
2276	2050
1556	2050
3302	2050
3297	2050
2493	2050
1537	2106
2756	2106
2926	10
136	10
3544	10
128	10
861	10
3934	2390
861	2390
1282	362
2937	362
344	2256
916	63
875	63
854	63
3436	63
2632	3929
1356	3929
737	3929
461	3929
830	2038
2266	2521
725	2521
367	1716
2738	1716
3934	777
1455	2061
621	3009
2448	3009
2226	3009
367	3009
2378	1103
1954	1103
3891	815
189	815
339	410
62	210
861	217
711	2378
775	2378
1449	241
3941	2592
875	244
2238	1522
2217	1522
2987	2702
1179	2702
2152	2788
2020	2788
3440	2788
2601	165
149	165
3891	165
1263	2493
244	2493
2297	1410
324	1410
2924	1410
2312	882
3349	882
3749	2467
2595	2467
1960	2467
3626	334
344	334
2873	3437
899	3437
665	3437
2613	2900
3733	460
2467	460
784	460
2595	460
1390	460
3461	4025
3989	4025
1282	1835
2788	1835
3801	3440
388	143
2601	143
149	143
1224	143
559	2307
144	2307
1846	2307
1690	2307
2295	2307
3789	2307
2078	2307
127	2307
3165	2307
2518	2307
2095	2307
341	2307
2264	1645
300	1645
1539	4000
2521	3050
196	3050
2057	2
837	2
3826	2
403	210
3941	241
899	344
134	1757
302	1757
975	1757
1851	1757
2480	3837
946	196
2	196
2808	196
2788	510
2096	510
2152	510
165	510
2581	510
2937	510
1983	510
2020	510
3440	510
3776	510
3201	510
11	510
3850	510
2714	510
1121	510
2165	510
2393	510
168	510
181	3865
410	3865
2358	339
1514	1462
830	1462
2820	3955
2645	3955
1812	3955
916	3955
35	3955
1011	3955
2714	3955
546	3955
776	3955
2340	3955
2748	3955
1972	3955
62	3955
882	2924
134	2924
1577	2924
1847	861
2390	861
2046	861
3934	861
2206	861
3915	1746
1432	1746
3409	1746
743	1746
3937	442
474	984
2297	984
1772	984
3749	984
2671	984
1657	806
1670	806
1248	806
2312	806
3050	4002
2962	4002
2521	4002
505	4002
2264	4002
2060	3058
1363	3058
510	2096
699	2096
3937	2455
210	2455
3159	403
1356	3103
1579	3103
916	2656
463	2051
1386	2051
3941	3225
3501	3225
2967	1983
611	1983
578	1983
2217	1983
2888	436
2038	436
484	436
574	436
3188	436
2141	2958
743	2958
2042	2958
2838	2958
674	2958
3369	2459
3695	2459
1985	2459
2835	2459
510	2459
2788	2020
3941	3424
3501	3424
1467	3424
241	3941
2592	3941
3283	3941
3834	3941
1708	3941
3225	3941
3424	3941
3639	3941
1449	3941
3826	3941
3757	717
1757	3765
2983	3765
1462	3765
3159	3765
2613	3765
2838	334
312	334
810	334
2469	3147
1455	3147
2702	1276
2581	1276
3801	3776
1872	3776
3757	2808
510	2808
2581	2808
2937	2808
2457	2808
302	2808
1265	2808
2312	2808
804	2808
2238	2808
1931	1833
2354	2878
3376	2878
1957	2878
4025	1390
3856	1390
2808	1390
3159	410
2219	410
1810	410
1585	3681
1401	3681
174	3681
21	3681
2165	3246
2838	725
60	1375
2135	1375
567	1375
2958	989
2981	989
3838	989
2200	989
2579	989
3765	2983
2748	2232
1972	2232
3606	2961
2415	2961
2240	2961
3683	2961
3606	410
2382	341
611	341
2232	244
3877	244
810	244
3954	244
3816	1522
2312	1522
3880	2702
1276	2702
3934	1372
108	2862
2329	2820
906	3071
3466	3071
941	3071
2862	3071
3865	108
3246	108
3955	2645
1806	2645
35	2645
1268	2645
2340	2645
2329	2645
2106	946
318	946
317	3588
612	3588
3224	2232
916	2232
776	2232
3973	282
2848	282
2888	3798
3848	3798
2001	1576
2930	1576
665	1576
3937	3012
2001	76
3527	76
770	76
2924	62
3383	62
280	62
797	62
2862	62
108	3865
1153	3865
3369	339
1854	339
3765	1462
2627	3955
1425	3955
1001	3955
1090	2332
3369	806
3400	806
1872	2808
1983	2808
578	2808
2937	3757
1872	3757
1270	3757
3765	3757
1609	244
2962	244
2930	244
2480	510
280	510
1153	108
3562	108
2459	674
2694	3020
55	3020
111	3020
393	3020
3718	3588
318	3588
861	1891
1021	1244
815	1244
1251	3877
18	282
1401	282
2226	282
3973	2924
916	2096
1121	2096
2480	2096
3020	2096
2952	2694
2461	2694
1474	2694
2833	2694
4026	2694
2001	2152
3850	2152
2671	2152
2	2057
2440	2057
1025	3593
3816	3593
804	3593
410	3593
715	2862
764	2808
1011	3246
3253	1372
2050	3955
2804	2057
578	2057
574	2057
764	3593
1011	815
3436	1383
1772	1383
2329	1383
1494	210
35	210
1030	210
3888	244
2394	1363
2480	1363
2329	1363
1401	725
1556	725
484	725
1255	725
352	725
3941	3283
948	3283
3856	3283
978	3283
2967	1199
2226	1199
2601	1199
803	1757
3626	3593
3178	3369
3050	810
63	810
854	810
2539	403
855	403
3157	403
3297	403
1383	403
2106	2493
3071	2493
3466	906
941	906
3058	906
3437	2873
3588	2873
1244	317
2938	317
1021	317
2967	2457
3718	2457
2469	2457
3626	2457
2440	2539
574	2539
367	2539
3096	2539
510	2539
165	3201
2020	3201
302	3201
2804	2440
3234	2440
2469	2440
2200	2440
946	2440
2493	1263
2106	1263
3009	1263
3689	621
3919	621
1410	621
324	2297
1772	2297
3856	1718
3501	1718
978	1718
815	1718
2645	1806
3891	1806
1103	1806
737	3409
770	3409
775	3409
3955	3409
134	1812
1262	1812
2937	1812
207	18
174	18
2967	18
21	18
2226	18
2635	18
2518	144
1244	144
317	1021
3376	1021
302	1021
2601	1332
978	2847
196	2847
189	1031
1161	2686
3592	2686
3178	2686
1576	2686
804	1051
2217	1051
4023	1506
3934	1506
3973	1506
18	207
2503	207
2967	207
2635	207
891	207
2312	264
2238	264
2480	264
1161	264
2525	1251
797	1251
775	1251
3283	1251
1534	948
3461	948
1718	948
4022	948
1854	948
1857	948
2945	1544
33	1544
3606	1544
3325	1544
3158	1544
3903	1544
128	1544
2983	1544
1356	11
35	11
3397	3926
1410	3926
585	2454
534	2454
1846	2454
2106	1374
1410	1374
482	534
2454	534
302	534
55	3002
377	1851
3848	1851
2232	1851
3955	916
2096	916
2656	916
1425	916
1868	916
854	916
776	916
322	1248
2055	1248
318	1248
1544	1248
3588	33
2938	322
3400	322
2973	322
1248	322
2055	322
1739	322
3965	322
318	322
1375	322
1670	1265
3776	1265
2312	1265
3929	1265
2238	1265
2480	1265
3681	1265
403	855
1494	855
2967	855
3297	855
3175	855
2050	2276
2394	2276
221	2276
777	2276
737	2276
3642	2276
3302	2276
1311	2930
3745	2930
3935	2930
3888	2930
345	2930
3681	2930
725	1401
282	1401
1276	1401
2276	1401
2503	1401
1556	1401
21	1401
861	1401
1931	1847
377	3081
711	3081
2808	3081
1833	2312
806	2312
1670	2312
882	2312
2808	2312
2884	2120
2015	2120
3995	2120
352	2120
3071	2120
906	3466
941	3466
2120	3466
1556	2503
737	2503
2635	2503
3776	2503
2937	2473
2696	174
18	174
1282	174
1103	174
3955	3527
1645	2627
1001	2627
3050	2627
916	2659
2686	2659
1468	3178
3648	3178
1746	743
1432	743
3234	743
2042	743
3050	743
367	221
2329	221
510	221
2152	3850
168	3850
775	3738
3297	1716
217	1716
3954	2046
1251	3397
3926	3397
2903	3397
797	3397
2329	777
3409	777
3642	737
46	737
2696	484
2958	484
2888	484
1755	484
3681	484
3355	21
18	21
1401	21
2967	21
419	21
1913	1002
2808	1002
1833	2238
1522	2238
1872	2238
1265	2238
2312	2238
118	2238
984	2238
1001	3749
436	3749
2632	1803
1539	1803
3234	1803
1224	2042
2307	1690
1846	1690
1374	1690
2001	1690
3776	3995
2120	3995
1134	3995
815	3995
210	1011
3246	1011
3955	1011
3115	1011
837	1011
461	1011
476	1011
367	1011
1755	1011
2307	1011
2307	2295
1050	3789
1175	3789
2078	3789
3115	3789
2276	3642
221	3642
1716	3642
737	3642
3009	3642
1199	2226
282	2226
3689	2226
3147	2226
2448	2226
1002	2226
682	1913
1957	1913
2803	1913
1708	1913
3012	3937
442	3937
2455	3937
273	3937
53	3937
2378	3937
510	2714
1290	2714
2930	3935
1823	3935
2808	3935
2057	578
1983	578
560	578
2728	578
861	1282
1388	1282
693	1282
2206	1282
2928	1282
1513	1282
507	1282
4002	505
2358	505
1937	505
665	505
2924	3711
3436	2903
134	2903
3733	2903
3021	1508
2969	1508
1960	1508
2096	1508
1356	1121
3776	1121
280	1121
436	1121
2973	842
1972	2601
1913	2601
306	682
2803	682
1383	682
2050	3302
830	3302
1383	1001
3955	1001
1645	1001
1772	1001
1717	1001
2627	1001
2659	1001
395	1001
3749	1001
1868	1001
546	1001
1282	1001
1717	1513
2498	2538
510	2538
168	2393
797	2393
1846	2393
1374	1083
2106	1083
3834	1083
3225	3501
3231	3501
3424	3501
3762	3501
1718	3501
2242	3501
3002	3501
2127	3501
3937	3501
92	3501
3755	3501
1226	3501
244	3501
2232	776
3955	776
3776	776
916	776
220	776
2804	312
4026	312
3009	312
2702	367
3648	367
1657	367
3115	367
2539	367
2440	367
743	367
2804	367
221	367
421	367
1716	367
1011	367
3642	367
2613	367
460	2595
804	2595
784	2595
2961	2595
3606	3683
55	3683
3880	3096
1396	3096
2539	3096
3234	3096
725	3096
46	1512
189	1512
2459	2835
1161	2835
1134	2969
1455	2969
989	2200
3355	2200
2158	2200
2226	2200
3490	2200
2232	2200
3955	2748
3383	2748
2498	2748
725	1949
4000	1539
3437	1539
2525	1960
2878	1960
1002	1957
1913	1957
665	1957
3937	53
1757	53
2788	149
165	149
2020	149
143	149
3201	149
3927	149
2201	149
2601	149
3980	149
5	149
3480	1972
4025	1972
1718	978
2847	978
4022	978
3246	978
2645	1755
3115	1755
837	1755
1268	1755
1011	1755
3965	1755
3157	1755
2820	1755
3648	3297
403	3297
461	3297
682	306
2803	306
1690	306
344	860
3437	899
3050	899
63	899
2266	899
2903	899
854	899
3081	899
377	711
302	711
149	3980
510	3980
62	797
2924	797
1089	797
2848	797
3397	797
1374	1224
1425	830
1001	830
395	815
1300	1383
837	3246
3733	1522
3322	2933
2930	3436
2903	3436
3397	3954
1772	3103
63	2656
854	2656
419	2656
3050	2051
2808	2051
3757	2937
510	2937
18	2937
1265	2937
2473	2937
174	2937
2256	2937
2217	2937
3648	2937
2484	111
1262	2906
2480	2906
830	2906
341	2382
2924	2382
1645	2382
2808	2382
3757	1872
118	1872
2579	1983
3887	1983
2378	2001
3837	2001
1882	2001
3995	2001
770	2001
2916	2001
484	2958
3201	2020
302	2020
149	2020
728	3941
1270	3941
3856	4025
978	4025
2613	4025
989	2981
55	2981
3021	2981
2484	2981
784	2981
693	2981
436	2632
4000	2632
3929	2632
1803	2632
2738	3915
1498	3915
2055	612
3020	612
1708	393
2276	393
1474	393
1746	393
3115	1432
3938	1432
2738	1432
743	1432
1011	1432
2165	1432
3297	1432
2467	1432
1772	1645
2050	1645
2627	1645
2903	134
2632	134
3989	4000
1854	4000
128	4000
2924	4000
797	1577
775	1577
2332	1577
4002	3050
2096	3050
813	2952
784	2952
3404	2952
1514	2756
10	2756
2694	2756
352	3973
2201	3973
2962	1579
2930	1579
2457	1396
1848	1396
3096	1396
2833	1396
2480	283
2873	283
2467	77
1356	77
2973	77
2060	77
283	77
2276	2848
797	2848
2858	2848
2042	2141
2833	2141
1833	2141
2480	1812
946	1812
3891	1721
764	1721
2307	1374
2937	1374
4016	351
665	351
300	265
324	1717
35	1717
2001	1717
2480	499
2645	499
1351	1268
3369	1268
612	2055
318	2055
1757	2055
2226	2448
393	2448
2848	2276
3297	2276
1576	2276
3436	2930
3801	2930
3050	2930
1579	2930
3267	2930
3420	2930
388	2930
3927	2930
2962	2930
1251	2930
1823	2930
1522	2930
2983	804
571	804
2671	804
3593	804
1022	804
3224	804
1051	804
2226	2120
797	3850
393	3850
2064	1474
2861	1474
1031	4023
1506	4023
3934	4023
2728	4023
1534	3402
1388	3402
3157	1690
860	1690
2983	1690
2	476
1011	476
3028	476
546	476
3947	476
4028	476
830	476
3955	1425
546	1425
341	1425
1983	611
345	3745
1954	3745
1432	3995
621	1011
18	2226
2120	2226
1544	2226
92	3937
3626	505
2051	505
3050	463
1388	463
1425	3917
3246	3028
2057	574
2566	574
436	574
764	574
2539	574
1716	574
3157	574
665	574
1390	3856
3283	3856
4025	3856
1718	3856
531	3856
2379	3856
1089	3856
1022	3848
1851	3848
3480	3848
1556	3681
244	3681
3402	1534
1746	3648
111	3648
3297	3648
3058	2264
63	2264
565	1857
2370	1857
3598	1857
1544	1857
1289	1857
2749	1857
1854	1857
1383	1857
3115	1300
2933	1300
362	3322
2057	2671
1983	2671
764	2671
804	2671
1255	2671
2378	2671
3414	3865
1739	806
63	4002
854	4002
2539	2057
2457	3593
1263	1665
806	1665
322	3400
1985	3400
367	1657
2469	1657
2613	1657
1522	3733
3188	3733
2217	3733
1300	3733
3816	3115
1011	3115
3642	3115
367	3115
484	46
3765	720
1022	720
2981	55
1396	55
220	55
1848	55
991	2566
3925	2566
1716	2566
2967	2566
1556	2566
574	2566
2378	2566
210	1954
2457	1494
715	3941
1438	3941
670	3941
2064	393
35	1224
1690	1224
1645	830
2671	89
2581	89
362	2933
111	2694
510	2694
1721	2057
1514	3593
2888	3159
352	3159
510	3159
10	2779
2926	2779
2480	1089
377	1089
3848	1089
2503	46
1717	906
3695	317
1537	317
3718	317
3376	317
3058	317
2461	111
2001	2906
3976	3941
737	3915
2878	3915
3588	612
2938	612
2120	3440
62	3440
1954	3383
1356	3383
3776	3383
2120	3383
1929	3383
1972	3742
830	3742
2382	1645
717	1645
2390	217
1103	217
76	2378
2001	2378
2714	2378
2350	3825
715	241
720	571
377	571
891	282
4025	3461
948	3461
1846	3593
1374	3593
806	3593
3400	3369
2459	3369
2055	3369
1739	3369
2969	2937
720	2937
1051	3765
4016	3765
2201	3765
1717	1410
3028	1410
2671	1410
1374	764
2967	764
1031	3681
1512	3681
778	244
217	244
1891	3033
2046	3033
803	3033
3593	2987
2635	2987
1449	1708
715	1708
3937	1708
2064	1708
2361	3865
367	2057
2987	2057
2307	3593
3973	3159
2480	3436
946	3436
2276	1657
560	1657
2967	1657
777	1657
1755	3115
3297	3115
312	55
3096	55
362	1388
2061	1388
2781	1388
3917	1388
22	906
1957	906
2060	2873
351	3175
2808	3175
3020	111
1833	111
1356	2467
77	2467
784	2467
1825	2467
3019	2467
2691	334
2264	334
2295	1224
2095	1224
1199	2728
1835	2728
3024	2728
2206	2728
3718	2728
3941	1467
2050	1383
111	2808
3019	2808
2691	2808
2382	2933
2061	2933
3917	2933
2928	2933
2584	2983
1051	2983
2930	1290
1823	1290
2671	3355
1276	3355
21	3355
2469	3355
2200	3355
244	3355
3801	2232
1251	2232
3440	2987
3919	2987
1276	1708
2276	3880
2394	3050
899	3050
18	3147
3355	3147
1708	1276
3955	1276
2382	1276
1401	1276
1772	474
3445	474
1121	1356
3302	1356
720	1356
3941	728
3349	2952
720	2952
377	1022
89	1022
2473	3776
2256	3776
2635	3776
280	3776
1134	3776
1846	1050
1374	1050
3789	1050
302	3822
1262	3822
2480	3822
3937	273
3891	273
1050	1175
3789	1175
244	1175
484	2
3593	2
3816	1025
975	1025
1929	1025
507	1025
1746	2457
3593	2457
1494	2457
1396	2457
3024	2457
2057	2457
403	2539
2804	2539
484	2539
1665	2539
58	621
2226	621
891	621
1276	621
2848	283
585	283
1717	1806
2962	3267
2930	3267
3888	3267
989	3267
3024	2158
2484	2158
2579	2158
2808	2158
3019	2691
334	2691
220	2691
312	2691
3915	2691
77	2973
3718	2973
842	2973
1825	2973
2981	2973
1508	3021
2969	3021
3561	3021
3501	2242
1757	2242
2788	302
165	302
2020	302
3742	302
1262	302
5	302
2714	302
2480	302
2728	302
2457	3024
2158	3024
3838	3024
770	3024
3490	3024
1937	3024
1514	2370
2861	2370
2916	2406
861	2406
3934	2406
3267	2406
2962	3420
2930	3420
189	3420
461	1617
3593	1617
3115	3816
1025	3816
737	3816
2635	3816
300	3816
1410	324
2297	324
1717	324
510	324
3955	388
916	388
2930	388
127	1846
2686	1846
3225	1721
3639	1449
715	1449
1438	1449
670	1449
3414	1449
778	1251
875	1251
3397	1251
2903	1251
2748	1251
728	1251
4000	948
2862	1544
108	3976
3865	3976
3490	3938
1512	3938
1224	3938
1690	1374
63	1374
854	2521
1199	2521
621	58
3490	58
1300	58
2276	221
815	221
2933	395
3322	2061
2928	2061
1513	2061
3915	2061
2	737
855	484
2295	1690
1083	1690
2095	1690
3028	1425
1224	1425
1690	2295
860	2295
3050	2295
916	1868
2659	1868
421	1868
2969	2226
1130	377
1972	377
711	377
737	377
2201	3848
377	3848
1130	3848
2878	3848
507	3376
3938	842
1746	842
3024	3490
3938	3490
2448	3490
58	3490
2838	3490
2200	3490
1937	3490
1372	3490
3917	3253
2928	1513
2307	1513
2238	1083
1690	1083
1854	803
674	3562
1985	3562
2350	1375
1265	1375
3929	1375
1803	1375
2001	3837
1031	196
3934	196
3058	510
1579	510
3840	510
1954	2987
108	2987
1708	1708
3865	1708
1153	1708
2484	3733
1508	3733
2201	720
3246	720
189	837
3965	837
2930	1609
1410	1609
585	482
861	482
3409	3224
804	3224
1585	2158
3838	2158
2969	2158
2200	2158
2632	2158
2924	3021
3224	3409
775	1812
282	1812
1846	144
737	1051
3165	1846
2518	1846
2095	1846
507	1846
2696	264
2382	4023
1051	2061
3639	737
1449	1153
3976	1153
1401	1153
1556	484
1255	21
1388	21
1282	2781
2878	2781
22	1002
1645	1002
2862	3749
108	181
3865	181
2219	181
1539	891
3765	891
728	4016
351	4016
1857	4016
62	2749
3776	280
2983	280
3404	1318
1854	1318
3626	1318
474	1318
1772	3445
1603	3445
720	3445
3765	2201
1425	2201
1030	546
764	842
855	419
2276	419
2967	419
21	419
1388	2933
410	2933
560	3648
3989	1857
2933	1857
3322	1388
174	1388
2928	1388
1513	1388
55	1388
