715	1224
1913	1224
2838	1224
948	2728
693	1467
345	830
1174	815
1050	815
2686	815
2394	815
611	815
722	815
2938	2808
991	2808
21	2808
3965	2808
4025	1833
1276	1833
1030	1833
3825	2878
2592	2878
3869	2878
1847	2878
2390	2878
3173	2878
2295	2878
1513	2878
3683	2878
3165	2878
2101	2878
2095	2878
1729	1390
2992	1390
1462	3757
2581	3757
3437	410
265	410
3592	410
1103	410
2702	2613
165	2613
699	2613
1263	2613
2042	2613
4026	2613
1972	3681
670	3562
2933	1375
3033	1375
3869	1375
1847	1375
2390	1375
3173	1375
2295	1375
3683	1375
3165	1375
2101	1375
2095	1375
210	1375
2938	196
3965	946
2992	946
1494	3891
134	3891
181	3588
1255	3588
941	3588
1825	3588
1467	3588
3283	1891
1244	1891
693	1891
2592	1891
1375	2933
3033	2933
3941	2933
3383	2933
143	2933
1263	2933
3024	2933
3869	2933
1847	2933
2390	2933
3173	2933
1030	2933
1929	2933
2295	2933
2635	2933
1513	2933
3683	2933
3165	2933
2101	2933
2095	2933
1089	989
2015	989
2217	989
3681	989
784	2983
2064	2983
3954	3877
1002	3877
1388	2961
3424	2961
38	2961
2749	2961
3798	2788
474	2788
2127	2788
1949	2788
3096	1534
3157	1534
35	3648
22	1857
362	1857
2671	3322
2945	3322
1494	3322
2307	3322
3639	3322
2046	3322
1438	3322
670	3322
280	3322
2240	3322
2601	3322
3302	3322
217	3322
241	2671
3322	2671
2945	2671
3689	2671
3639	2671
1438	2671
670	2671
3020	2671
1729	2916
2992	2916
2737	2916
217	2945
241	2945
3562	2945
3322	2945
2671	2945
1494	2945
2307	2945
3639	2945
2046	2945
1438	2945
670	2945
280	2945
2240	2945
2601	2945
3302	2945
2878	2945
3825	3033
2592	3033
1375	3033
2933	3033
1030	3033
1929	3033
2295	3033
2635	3033
1513	3033
3683	3033
3165	3033
2101	3033
2095	3033
3681	3033
3159	2987
3973	2987
1972	2987
2332	3012
174	3012
2566	76
3081	62
3355	62
1388	3593
1657	3593
2900	55
482	55
1514	55
1474	55
2961	55
3593	1388
317	1388
3424	1388
18	1388
3480	1388
38	1388
2749	1388
76	1388
217	2566
241	1494
3322	1494
2945	1494
282	1494
3639	1494
1438	1494
670	1494
280	1494
2240	1494
1390	1494
946	1729
2916	1729
2937	1729
2370	1729
3937	1729
2992	1729
3297	1729
108	1729
906	906
1462	906
810	2873
3919	3954
717	3103
3816	3103
1537	3103
2521	3103
367	3103
1757	3103
1949	2656
722	2656
1603	2051
3561	2051
3757	2051
2581	3225
3856	2906
108	2906
2382	2382
1199	2382
165	1872
764	1872
3021	1872
3938	1872
1810	2584
1103	2584
2613	699
4026	699
2820	699
3834	3231
302	3231
2135	3231
1467	3231
1891	693
1244	693
4025	693
565	693
4000	693
3598	693
3325	693
1276	2001
1374	2958
2312	2958
737	2958
1153	2958
1425	2958
2393	2958
2340	2958
3165	3941
2101	3941
2095	3941
1050	1410
3749	1410
2637	1410
567	3742
3626	3742
3825	3742
2592	143
2933	143
3033	143
612	143
3024	143
3869	143
1847	143
2390	143
3173	143
2295	143
1513	143
3683	143
3165	143
2748	143
2101	143
2095	143
217	143
241	2307
3322	2307
2945	2307
3639	2307
2046	2307
1438	2307
670	2307
2240	2307
89	2307
2694	1645
3436	1645
882	1645
3050	1645
1268	1645
3891	1645
1175	134
4025	134
1265	1577
1755	1577
2206	1224
505	2728
10	3887
3745	3887
1130	3887
3283	1467
1891	1467
1244	1467
3158	1467
2061	1467
3917	1467
3376	1467
2518	1467
3976	3009
4022	3009
2525	3009
2613	1103
2702	1103
699	1103
2064	3681
1746	244
111	244
2165	244
283	3246
916	3246
10	3246
1002	3246
612	1522
2448	1522
58	1522
3302	1522
1103	1522
2613	2702
3941	3033
3383	3033
143	3033
1263	3033
58	62
1929	62
531	62
2748	62
189	62
2152	3865
3888	3865
2046	1494
1806	300
220	300
2240	3562
2595	3562
3050	3837
1851	3837
4022	3837
1508	3837
1318	3837
3695	196
2781	196
3762	510
2242	510
207	510
3002	510
2415	510
2078	510
3755	510
3077	1179
1718	1179
144	1179
264	1179
33	1179
60	1179
2256	1179
3934	1179
1803	1179
3153	1179
1289	1179
842	1179
127	1179
1729	946
1161	946
3058	1290
1937	1290
3593	3355
1388	3355
3424	3355
3147	3355
18	3355
38	3355
1848	3355
2749	3355
149	3355
3880	2232
2240	2671
3024	3033
1332	2001
2358	1410
778	1410
161	1467
2390	3033
3173	3033
860	3865
711	3865
128	3865
89	3865
3837	3050
1645	3050
737	3050
578	3050
2480	3050
2378	3050
3355	3147
2001	1467
565	1467
2001	1891
565	1891
1891	1891
693	1244
2001	1244
565	1244
3229	1244
3598	1244
3325	1244
2061	1244
3917	1244
3376	1244
2518	1244
3980	1244
3865	189
1311	3648
3267	2264
813	2264
3229	2001
3598	2001
3325	2001
161	2001
3158	2001
2061	2001
3917	2001
2938	2001
984	436
3369	436
2	436
2297	436
1812	436
2055	436
318	436
189	436
3436	2958
2848	2958
207	1455
2046	2737
1438	2737
670	2737
2240	2737
3404	244
2038	3865
1690	3865
1868	3865
3424	3593
3480	3593
38	3593
2749	3593
436	3369
1812	3369
1383	3369
2987	3159
2696	3159
482	3159
546	2455
3071	2455
571	810
3954	810
1031	403
499	1089
2217	1089
3253	1089
776	1089
3757	1089
3225	2581
3891	2581
352	2873
2469	2873
2833	2873
830	2873
1772	3175
1868	3175
345	3175
1468	3175
1388	3175
3424	317
38	317
2749	317
3157	317
2256	3801
842	3801
3071	3801
3877	3954
3903	3225
3158	693
2061	693
3917	693
3838	693
3376	693
2518	693
1746	693
1872	764
3938	764
395	764
2165	764
3562	764
2671	3689
2120	3689
743	3689
3096	3689
1383	3689
1363	3880
2232	3880
1708	3880
3798	3880
474	3880
3973	3880
1001	3880
3980	1467
1579	3009
1600	3009
2595	2737
2361	1224
402	1224
2350	1224
855	1224
417	1224
2973	341
1931	341
1823	341
2064	341
2106	210
978	210
2737	210
241	217
2307	217
3639	217
1438	217
670	217
280	217
2240	217
3147	2378
1848	2378
2878	2378
2592	3825
1375	3825
2933	3825
3033	3825
3941	3825
143	3825
1263	3825
3024	3825
3869	3825
1847	3825
2390	3825
3173	3825
1030	3825
1929	3825
2295	3825
2635	3825
1513	3825
3683	3825
3165	3825
2101	3825
2095	3825
2737	3825
217	241
3173	2592
1030	2592
1929	2592
2295	2592
2635	2592
1513	2592
3683	2592
3165	2592
2101	2592
2095	2592
2015	344
3965	344
2069	344
1498	89
2696	89
3869	3033
1847	3033
2983	3033
3798	2987
3592	2873
2200	3689
2601	2307
482	134
3925	134
1251	3147
1848	3147
2579	3147
1833	3147
2001	1276
4025	1276
3440	1276
2440	1276
3838	1276
1383	1276
3798	474
3880	474
1931	474
1506	474
1929	1356
1383	1356
1363	728
2848	585
2312	585
2038	585
1425	585
2393	585
860	585
2900	585
3224	3989
3681	3989
3880	3973
1579	3973
1600	3973
2165	3201
693	3201
1851	77
2312	77
2958	77
585	2848
2354	2848
484	2848
2945	2848
2307	3639
2046	3639
1438	3639
670	3639
280	3639
2240	3639
3302	3639
1179	3639
3077	1718
144	1718
264	1718
33	1718
60	1718
3153	1718
1289	1718
127	1718
3776	1718
1716	1806
3848	1806
3891	1806
134	3925
2415	2242
2078	2242
2069	2242
1991	2242
3755	2242
3231	2242
3825	302
2592	3024
2933	3024
3033	3024
143	3024
1401	3024
3869	3024
1847	3024
2390	3024
3173	3024
1030	3024
1729	3024
2992	2370
1372	2370
3776	2406
3224	2406
2238	1600
1318	1600
1954	1600
2484	1051
2781	1051
410	1051
770	1455
1991	1455
217	2737
241	2737
3562	2737
3322	2737
2945	2737
3639	2737
2635	2878
2046	217
3749	2694
2928	2694
1372	2694
2938	2152
482	46
3409	46
1248	46
417	46
92	3225
1226	3225
419	3225
1972	3880
1645	882
2635	143
2232	143
2158	1356
2694	1356
3436	2354
720	2354
2848	2354
875	2354
484	2354
2312	1396
2038	1396
2340	1396
860	1396
3544	1396
1665	1396
4016	1022
3755	3762
1757	3762
2219	3776
1806	3776
2406	3776
804	3776
2394	3776
560	3776
136	3776
815	3776
2804	1050
377	1050
1823	273
134	273
1585	3757
2473	3757
2057	3757
2858	1954
2457	1954
1051	1954
743	2671
2046	2671
1506	1708
3302	1708
3776	2219
1806	2219
1474	2219
1011	2219
1972	2219
2394	2584
711	2584
62	2584
2158	2141
3081	2141
58	2141
217	2141
241	3639
1494	3639
1835	3639
3681	1718
2635	3024
1513	3024
3683	3024
3165	3024
2983	3024
3826	2406
1708	2406
1665	1506
2924	665
1657	665
2952	665
3693	665
3175	830
1868	830
22	1224
362	1224
2167	1224
3229	1467
3598	1467
3325	1467
2266	1390
1351	3757
419	3757
2873	410
3955	2613
3938	2613
3606	2613
244	210
3837	210
2888	344
3891	344
2952	300
3188	300
210	4000
3834	3050
3798	728
1363	728
2987	3973
46	3973
546	1022
574	1022
2415	3762
2078	3762
2069	3762
1991	3762
2656	3762
339	3776
1410	1050
3745	273
3562	273
2219	1175
2101	3024
2095	3024
1716	2406
737	2406
2503	3420
3642	3420
3718	3420
111	3420
2350	1617
2206	1617
1318	1617
3103	1617
1265	3816
1537	3816
474	3816
1011	1931
2064	1931
3009	1931
3325	3598
3158	3598
2061	3598
3917	3598
2518	3598
1199	3598
3148	1846
2928	1846
860	1846
3414	1846
1179	1846
3077	264
1835	264
1718	264
144	264
33	264
60	264
3153	264
3210	264
352	264
1289	264
127	264
777	1721
1857	1721
861	1449
2167	1449
3157	1449
1957	1449
1134	1449
3175	1449
2884	1772
344	1772
5	2888
3147	2888
2803	35
1103	35
2613	3606
165	3606
1717	1717
3757	1717
1351	1585
2473	1585
2469	1585
419	1585
1089	1585
882	499
1645	1268
3201	1268
978	1268
3414	1268
2938	1268
436	2055
1522	2055
612	2448
58	2448
221	2448
3302	2448
1467	2448
3283	3325
1891	3325
1244	3325
693	3325
2001	3325
565	3325
3229	3325
3598	3325
3158	3325
2061	3325
3917	3325
3376	3325
2518	3325
2095	1847
62	1847
2141	3081
2332	3081
442	174
3225	174
3903	3592
352	3592
1226	3592
1224	3592
1248	417
3400	417
2900	1739
3009	1739
777	4022
531	2748
3461	2748
3409	2926
351	2926
2498	2926
1957	2926
1467	2926
1891	2518
1244	2518
2001	2518
565	2518
3229	2518
3598	2518
3325	2518
3158	2518
2061	2518
3917	2518
3376	2518
344	2518
946	3965
3210	3965
3765	3965
1851	168
2050	168
2788	168
2656	1949
3267	1949
1031	1539
975	1539
1803	797
2201	797
3755	1991
2051	1991
699	3561
3404	4026
2042	4026
1290	4026
2779	1937
460	1937
2632	1937
2938	1937
436	318
1396	318
2312	3544
2038	3544
484	3544
1425	3544
860	3544
2069	3544
1991	3755
2350	3755
3626	567
830	567
1300	345
3175	345
1772	345
3592	345
3903	1226
92	1226
419	1226
815	1226
2390	722
3173	2101
1030	2101
1929	2101
2295	2101
2635	2101
1513	2101
3683	2101
3165	2101
2095	2101
3757	2101
2473	419
3903	419
2379	419
136	775
1857	775
861	1134
3409	1134
1449	1134
351	1134
3157	1134
1179	1134
3077	1854
60	1854
3153	1854
1289	1854
127	1854
2461	1854
1121	2060
3445	2060
2878	2060
3825	2095
2592	2095
1375	2095
2933	2095
3033	2095
3941	2095
3024	2095
3869	2095
1847	2095
2390	2095
3173	2095
1030	2095
1929	2095
2295	2095
2635	2095
1513	2095
3683	2095
3165	2095
2101	2095
341	2095
3826	2064
273	2064
1931	2064
189	2064
3865	128
2350	128
3742	3626
2206	3626
118	3626
567	3626
2938	3626
3178	3801
1257	559
3925	3891
743	3891
3733	3588
1262	3588
3229	1891
3598	1891
3325	1891
3917	1891
3376	1891
2518	1891
2924	189
3826	189
2958	189
1806	189
1716	2983
3355	2983
149	2961
1931	2788
3745	1576
946	1576
3776	2656
1983	2937
2694	2937
1670	111
3693	111
2455	111
92	2584
3322	2584
2671	3639
189	3639
3376	3598
2378	3598
2042	3606
2858	3606
2217	499
3253	499
1513	1847
3683	1847
3165	1847
2101	1847
1857	1847
861	2926
1449	2926
3762	2926
2242	1991
3225	1991
720	419
3175	1468
2756	1468
578	1833
1375	2878
2933	2878
3033	2878
3941	2878
3955	339
3757	339
3158	1891
2061	1891
18	2961
3480	2961
1011	2788
1585	2581
2473	2581
3903	2581
2847	3009
1467	3009
1401	2158
341	2158
1957	1857
1134	1857
1609	1300
165	244
2804	244
1913	244
1508	244
699	2702
1174	2702
3201	2702
2847	2702
776	341
306	344
1383	344
3461	3681
2219	3681
3973	3681
1474	46
1835	2656
2820	2656
978	2584
722	2584
2242	3231
2127	3231
728	693
2440	693
3229	693
3789	1270
92	1270
3798	1270
3980	2737
1937	2584
3840	3231
3115	3231
4016	53
2378	53
3355	149
2961	149
1251	149
3178	797
410	797
302	1991
3592	1991
168	3887
574	3103
2394	2656
3848	1410
3606	764
3409	3689
2930	3689
3302	3689
3201	882
578	882
989	1455
3461	2737
1600	2737
2525	2737
3837	2737
510	1270
3840	1270
2686	1270
1257	1270
410	1270
1757	3915
3562	3915
1913	1432
711	1432
2656	1432
3934	1835
2001	1835
1332	3440
161	3440
3938	3742
2930	3742
118	3742
711	3742
531	143
1708	143
722	1645
674	1645
55	3050
220	3050
3826	3050
3188	728
565	728
4000	728
2440	728
3229	728
3598	728
3325	728
3158	728
2061	728
3917	728
3376	728
2518	728
1372	728
2152	2756
2848	2756
3929	2756
1716	2756
1468	2756
1665	2756
3445	2461
2060	2461
2900	2461
585	1243
1243	1243
1609	585
510	585
2645	2354
2737	2354
3954	2728
3919	2728
1103	3009
417	3009
3009	3009
2858	3954
2001	3954
1949	149
1746	2737
3159	2737
1657	2737
3888	3009
221	507
1991	507
2873	2820
3225	2820
797	559
2748	3891
777	189
2878	189
1455	2933
3021	989
2833	1455
4002	2728
2060	3887
3148	1103
1757	665
2219	665
49	2873
3246	2873
3369	3175
1812	3175
2645	1455
2961	1467
699	665
300	665
1854	559
1806	3891
2454	3891
2903	507
2201	507
2961	1891
815	1891
317	946
3020	674
1534	674
1985	674
674	674
3420	946
2358	2983
3019	3877
334	3877
2691	3877
1467	3877
1891	2961
1244	2961
565	2961
2518	2961
510	2961
207	2788
674	2788
2358	1534
3297	2820
1002	3071
2961	3834
108	108
3028	2983
463	1534
2702	1534
189	3648
2050	3648
3402	3648
3742	339
1985	339
728	1462
2756	1462
2973	1462
4002	1462
810	2521
3103	2521
505	2521
367	2521
2987	2521
3188	58
3689	58
3081	58
2804	58
3012	58
2803	4023
3648	4023
76	3402
2332	3402
810	3402
1609	3738
3501	3903
2861	3903
2916	3937
1729	3937
991	3937
2370	3937
2406	3937
3467	3937
2394	3937
1537	3937
725	3210
2900	665
1161	815
1806	815
2987	1833
806	1833
1891	2878
1244	2878
2307	2878
3776	2983
2804	2264
2525	2264
1449	1857
1670	1300
2440	1455
2015	1455
1270	2820
410	1383
2467	341
460	341
3718	210
1991	210
1363	89
3822	89
1265	89
611	89
403	3681
3776	3681
1243	665
1537	665
2165	665
4026	665
3147	1455
2962	1833
2448	1103
2714	665
3738	1103
3888	1103
2064	1103
1810	665
3103	2728
3822	665
220	2613
312	2613
2226	1455
2200	1455
3527	1103
2635	165
2521	810
1248	1665
2962	1665
2448	2521
3148	3738
2738	3738
2702	3738
3626	875
62	875
1449	3397
3976	715
3414	715
217	715
1462	3934
3224	737
2737	737
410	665
2455	665
393	2455
2820	2455
571	46
2566	46
3973	46
1022	46
3798	46
4000	720
2370	720
484	720
578	720
377	720
510	720
2	837
2686	837
11	837
1011	837
3028	837
3020	837
1390	55
341	2266
3012	665
442	665
1494	403
2696	403
717	403
2888	46
3938	46
1556	46
403	46
3973	1494
4022	2493
1083	2493
2069	2493
1002	906
770	2873
3742	3175
2906	665
3798	665
1512	720
855	1494
1556	1494
3297	1494
946	1494
3009	1455
2201	46
2165	837
1755	837
2015	837
2226	421
1103	421
244	3738
3877	3738
1954	3738
2858	3738
244	3738
3973	403
728	720
2440	720
3840	1716
1401	1556
2050	1556
1657	1556
1410	777
3147	777
2276	777
265	665
3711	665
3210	665
1617	815
2266	344
875	344
611	344
854	344
3776	89
2480	89
3738	244
776	244
2645	3246
436	3246
1716	3246
1803	3246
574	3246
882	1522
3929	1522
737	1522
3980	510
797	510
2961	1179
2835	189
4028	189
3934	2933
1282	2933
3926	3877
3738	3877
875	3877
861	3033
3934	3033
975	2987
2566	55
3934	1388
3995	1954
1276	1455
421	1455
2969	1455
665	2737
3404	2737
2307	1224
1846	1224
1455	1224
3856	665
53	665
3955	830
2382	830
916	830
3592	830
2627	830
118	3757
3349	3757
2696	3681
855	3681
1755	3246
2613	3246
891	725
1512	725
1539	725
3865	2862
1153	2862
3414	2862
312	507
3955	2820
1276	2820
2101	2961
143	2788
3938	1494
1386	3801
1251	3954
3926	3954
3888	3954
837	3954
134	3765
2756	3765
534	1410
1985	1410
777	1410
3648	1410
2064	3880
1522	3880
3148	134
3058	134
2873	3050
474	3050
1257	3050
2930	3050
1090	3050
463	3050
3445	3050
1960	3050
1386	3050
2060	3050
1455	3050
2120	3147
3798	3147
46	1022
3938	1022
3848	1022
1130	1022
3501	3762
510	3762
339	410
2266	341
3749	341
875	244
2238	1522
2217	1522
1179	1522
621	3009
134	1757
302	1757
975	1757
1851	1757
2480	3837
946	196
2	196
2808	196
2788	510
2096	510
2152	510
165	510
2581	510
2937	510
1983	510
2020	510
3440	510
3776	510
3201	510
2473	510
3850	510
2714	510
1121	510
715	2862
181	3865
2358	339
1514	1462
830	1462
2820	3955
2645	3955
1812	3955
916	3955
35	3955
1011	3955
2714	3955
546	3955
776	3955
2340	3955
2748	3955
1972	3955
882	2924
134	2924
1577	2924
362	861
2046	861
3934	861
2206	861
3915	1746
1432	1746
2051	2332
665	2332
3937	442
474	984
2297	984
1772	984
3749	984
2671	984
1657	806
1670	806
1248	806
2312	806
3050	4002
2962	4002
2521	4002
505	4002
2264	4002
3757	2808
510	2808
2581	2808
2937	2808
2457	2808
1265	2808
2312	2808
804	2808
2238	2808
1931	1833
2354	2878
3376	2878
1957	2878
4025	1390
3856	1390
2808	1390
3159	410
2219	410
1585	3681
1401	3681
174	3681
2165	3246
2838	725
3934	1372
60	1375
2135	1375
567	1375
108	2862
3606	2961
2415	2961
2240	2961
3683	2961
302	2788
351	1534
813	1534
417	1534
1270	3648
3880	3648
1374	1224
2232	244
3877	244
3954	244
3880	2702
1276	2702
3973	282
720	3798
3848	3798
2001	1576
1609	1576
3927	1576
2930	1576
2001	76
3527	76
770	76
3369	339
1854	339
128	339
3765	1462
2627	3955
1425	3955
1872	2808
1983	2808
578	2808
1609	244
2962	244
1251	3877
18	282
1401	282
1556	282
2226	282
3973	2924
916	2096
1121	2096
2480	2096
3020	2096
2461	2694
2001	2152
3850	2152
2671	2152
2440	2057
1025	3593
3816	3593
804	3593
318	3369
1011	3246
2050	3955
2804	2057
578	2057
574	2057
1690	1224
2226	3009
1011	815
1772	1383
1001	1383
2329	1383
1494	210
35	210
1011	210
3888	244
3626	3593
3178	3369
3050	810
63	810
854	810
2539	403
855	403
3157	403
3297	403
1263	2493
3071	2493
3466	906
941	906
3588	906
1244	317
2938	317
1021	317
280	62
797	62
2862	62
108	3865
1425	830
1001	830
3626	830
189	815
395	815
1300	1383
837	3246
3322	2933
3402	1534
111	3648
3297	3648
3058	2264
63	2264
565	1857
2370	1857
3598	1857
1544	1857
1289	1857
2749	1857
1854	1857
1383	1857
3115	1300
2933	1300
2057	2671
891	282
4025	3461
948	3461
2930	3436
2903	3436
3397	3954
1356	3103
271	3103
1772	3103
916	2656
63	2656
854	2656
419	2656
3050	2051
463	2051
1386	2051
3941	3225
3501	3225
2808	3225
510	2937
18	2937
1265	2937
2473	2937
174	2937
2256	2937
2217	2937
3648	2937
2484	111
2480	2906
1585	1983
2967	1983
611	1983
578	1983
2217	1983
3934	3077
3153	3077
3887	3077
2378	2001
3837	2001
1882	2001
49	2001
149	2001
3246	2001
2916	436
2038	436
574	436
842	436
1512	436
989	436
3188	2958
484	2958
2838	2958
674	2958
3369	2459
1985	2459
2835	2459
510	2459
1449	3941
2738	3915
1498	3915
2055	612
3020	612
1708	393
1474	393
1746	393
1556	3681
21	3681
2748	2232
244	2232
665	3877
3937	3012
2378	3012
3383	62
1356	62
2539	2057
2457	3593
946	3593
1263	1665
3178	1665
410	1665
3369	2219
322	3400
1985	3400
1739	3400
806	3400
367	1657
2469	1657
2613	1657
1522	3733
2217	3733
1300	3733
3816	3115
1011	3115
3642	3115
367	3115
484	46
571	46
3765	720
1022	720
1848	55
3757	55
1757	3765
1746	3648
899	344
362	2933
1721	2057
1514	3593
410	3593
2888	3159
352	3159
510	3159
3937	2455
2480	1089
377	1089
3848	1089
2503	46
3695	317
1537	317
35	1224
1645	830
720	571
377	571
1846	3593
1374	3593
806	3593
3400	3369
2459	3369
2055	3369
1739	3369
2378	1103
111	2808
764	2808
1512	3681
778	244
1388	2933
410	2933
560	3648
3989	1857
1983	2671
764	2671
804	2671
217	2671
2046	3033
803	3033
3593	2987
2635	2987
3941	1708
393	1708
1449	1708
715	1708
3937	1708
2064	1708
367	2057
2987	2057
3973	3159
2480	3436
2276	1657
560	1657
777	1657
312	55
3096	55
2933	55
3322	1388
174	1388
362	1388
2061	1388
2781	1388
1282	1388
3917	1388
2928	1388
1513	1388
55	1388
2312	882
3349	882
1356	2467
77	2467
