1455
2737
1224
2728
3887
1467
3009
1103
665
830
815
1383
2808
1833
2878
1390
3757
410
2613
341
210
217
2378
3825
241
2592
344
89
3681
244
3246
1522
2702
1363
725
1372
3283
1199
1757
803
3562
1375
3837
196
510
1179
2862
507
2820
3071
3834
108
674
3020
2645
2861
946
559
3891
3588
1891
1244
189
2933
989
2983
1290
3355
2232
571
3877
2961
2788
1534
3648
2264
1857
1300
3322
2671
2916
2945
3033
2987
1708
282
3461
3798
1576
3012
76
62
3865
339
1462
2361
3955
2924
2938
1498
861
1746
402
2332
442
984
806
4002
3058
2096
2694
2152
2057
3593
3369
3159
165
2455
810
403
3436
1665
2219
3400
2779
1657
3733
3115
1089
2581
46
720
837
55
1388
2566
1954
1494
1729
2493
906
2873
3175
317
3801
3954
3103
2656
2051
3225
2937
111
2906
2382
1872
2584
699
3231
693
1270
3826
2858
1670
3019
2696
991
1351
2637
3188
1983
3077
2001
436
2958
2459
2020
3424
3941
300
717
1161
3765
1410
764
3689
3880
882
2467
334
3437
2900
460
4025
2981
2632
1810
565
3915
612
393
1432
2350
1835
3440
3383
3742
143
2307
1645
134
4000
1577
3050
3147
1276
474
1356
728
2952
2756
2461
1243
271
585
3989
3973
1174
1579
2354
1396
1022
3762
3776
1050
3822
273
1175
1609
482
3224
2
1025
2457
2539
3201
2440
1263
621
283
77
2848
2141
2297
3639
1718
1806
3925
3267
2158
2691
2973
3021
2242
302
3024
2370
2406
3420
1617
3816
324
388
1931
1600
3409
1812
18
144
975
3840
1021
1332
2847
1031
2686
3927
3229
1051
1506
207
2962
3598
1846
264
1721
1449
1772
1257
2888
1251
948
1544
3976
3938
11
3926
2454
1374
534
3695
3002
220
1851
916
1248
33
322
1265
855
60
35
3606
2484
2358
351
265
1717
1585
499
1268
2055
2448
3325
2276
2930
1401
3869
161
1847
3081
2312
1823
804
1985
813
1537
1262
461
5
3148
2738
2120
3466
1514
2503
2473
174
3527
22
1882
784
3480
2884
3592
417
1739
2050
3919
2106
10
3467
2390
362
2256
63
2394
3929
2038
2627
2659
3178
743
2015
1603
778
1311
3173
3404
560
2804
3234
2521
58
2127
221
3850
1474
4023
3402
395
421
3738
1716
2046
2266
875
3397
715
3934
1030
2967
3158
1556
4022
1929
777
2061
737
1153
484
21
2781
1002
38
2238
3749
1803
2042
1690
476
181
2415
1425
611
3745
3995
1011
2295
1868
3153
3789
3642
1090
2226
3903
1913
3937
1438
2714
3935
578
3888
1282
505
463
3711
2903
1508
1121
3917
3028
2525
2217
670
1848
1255
3210
352
1289
2206
854
3838
2635
2928
770
2480
891
4016
2749
280
1318
3445
2201
546
3718
2135
2838
118
941
531
377
2078
574
3856
3848
3376
2240
2165
2498
842
2601
682
3490
3253
3302
1001
1513
2538
2393
1083
3501
776
312
367
2595
3683
3096
1512
2167
2469
2340
127
3947
1130
2379
2833
3165
2835
3693
2969
2200
2748
2926
2518
3965
168
1949
1539
2069
3157
1960
92
3349
136
49
1957
53
149
1972
2992
978
1755
3297
306
860
899
711
3980
797
3414
1991
3561
4026
1937
318
3544
2803
1825
3755
567
345
1226
722
2579
2101
419
775
4028
1386
1468
1134
1854
2060
2095
2064
128
3626
2329
