start 1 psup 15 p 1 m 0 [18213 408 15006 487 18478 4286 14393 15338 7691 17003 8389 17316 17468 9790 7654 13515 16334 1923 15259 6050 8031 16548 8171 11067 10419 12586 5306 9933 17944 10411 10630 17775 10551 10220 11793 10256 11699 11228 9614 6250 16467 16473 14916 17639 104 90 13388 13428 16363 340 18472 13784 15832 17769 15756 15739 180 147 11890 270 17778 392 18396 2445 6556 5392 15749 15462 18345 6650 2784]
start 2 psup 15 p 1 m 0 [18213 408 15006 487 18478 4286 14393 15338 7691 17003 8389 17316 17468 9790 7654 13515 16334 1923 15259 6050 8031 16548 8171 11067 10419 12586 5306 9933 17944 10411 10630 17775 11793 10256 11699 11228 9614 6250 16467 16473 14916 17639 104 90 13388 13428 16363 340 18472 13784 15832 17769 15756 15739 180 147 11890 17778 392 18396 494 2445 6556 5392 15749 18345 6650 2784]
start 1 psup 16 p 1 m 0 [18213 408 15006 487 18478 4286 14393 15338 7691 17003 8389 17316 17468 9790 7654 13515 16334 1923 15259 6050 8031 16548 8171 11067 10419 12586 5306 9933 17944 10411 10630 17775 11793 10256 11699 11228 9614 6250 16467 16473 14916 17639 104 90 13388 13428 16363 340 18472 13784 15832 17769 15756 15739 180 147 11890 17778 392 18396 2445 6556 5392 15749 18345 6650 2784]
start 4 psup 15 p 1 m 0 [18213 408 15006 487 16667 159 15625 412 15716 417 7946 460]
start 1 psup 18 p 1 m 0 [18213 408 15006 487]
start 17 psup 15 p 1 m 0 [18213 408 18472 13784 17769 17778]
start 21 psup 15 p 1 m 0 [13152 65 18213 408]
start 1 psup 35 p 1 m 0 [18213 408]
start 24 psup 16 p 1 m 0 [13152 65 18471 18386 9163]
start 26 psup 15 p 1 m 0 [2995 55 1 13152 65 18340 18471 18386]
start 24 psup 17 p 1 m 0 [13152 65 18471 18386]
start 26 psup 17 p 1 m 0 [2995 55 1 13152 65 18340]
start 26 psup 19 p 1 m 0 [13152 65 18340]
start 21 psup 24 p 1 m 0 [13152 65]
start 32 psup 15 p 1 m 0 [18340 17833 191 17245 181 14223 256 17694 7814 107]
start 26 psup 21 p 1 m 0 [18340]
start 33 psup 15 p 1 m 0 [17148 383]
start 48 psup 15 p 1 m 0 [15287 7 1 15662 215 16118 401 15033 444 4564 530 14868 531 7981 9 2 10773 274 18254 402 18266 2748 90 12455 105 17795 118 17833 191 17002 222 11335 326 16772 456 3793 467 1319 494 2717 547 11154 97 14498 18323 18181 11525 165 29 12128 319 18274 18048 512 8281 55 31 13270 173 18450 528 18435 10298 306 8682 6037]
start 47 psup 16 p 1 m 0 [15287 7 1 18254 402 18266 2748 90 12455 105 17795 118 17833 191 17002 222 11335 326 16772 456 3793 467 18323 18181 18274 18048 512 8281 55 31 13270 173 18450 528 18435 10298 8682 6037]
start 49 psup 15 p 1 m 0 [15287 7 1 15662 215 16118 401 15033 444 4564 530 14868 531 7981 9 2 10773 274 18254 402 18266 2748 90 12455 105 17795 118 17833 191 17002 222 11335 326 16772 456 3793 467 1319 494 2717 547 11154 97 14498 18323 18181 11525 165 29 12128 319 18274 11537 18048 512 13270 173 18450 528 18435 10298 306]
start 48 psup 16 p 1 m 0 [15287 7 1 15662 215 16118 401 15033 444 4564 530 14868 531 7981 9 2 10773 274 18254 402 18266 2748 90 12455 105 17795 118 17833 191 17002 222 11335 326 16772 456 3793 467 1319 494 2717 547 11154 97 14498 18323 18181 11525 165 29 12128 319 18274 18048 512 13270 173 18450 528 18435 10298 306]
start 47 psup 17 p 1 m 0 [15287 7 1 18254 402 18266 2748 90 12455 105 17795 118 17833 191 17002 222 11335 326 16772 456 3793 467 18323 18181 18274 18048 512 13270 173 18450 528 18435 10298]
start 45 psup 19 p 1 m 0 [15287 7 1 18254 402 18266 2748 90 12455 105 17795 118]
start 43 psup 21 p 1 m 0 [18254 402 18266 2748 90 12455 105 17795 118]
start 42 psup 22 p 1 m 0 [18254 402 18266 17795 118]
start 39 psup 25 p 1 m 0 [18254 402]
start 48 psup 17 p 1 m 0 [15287 7 1 15662 215 16118 401 15033 444 4564 530 14868 531 7981 9 2 10773 274 18323 18181 11525 165 29 12128 319 18450 528 18435 10298 306]
start 51 psup 15 p 1 m 0 [15287 7 1 2682 214 15662 215 18323 18181 11525 12128 319 8080 328 11330 336 18450 528 18435 10298 306]
start 48 psup 18 p 1 m 0 [15287 7 1 15662 215 18323 18181 11525 12128 319 18450 528 18435 10298 306]
start 52 psup 15 p 1 m 0 [15287 7 1 2682 214 15662 215 18323 18181 233 18450 528 18435 10298 306 18463]
start 51 psup 16 p 1 m 0 [15287 7 1 2682 214 15662 215 18323 18181 18450 528 18435 10298 306]
start 48 psup 19 p 1 m 0 [15287 7 1 15662 215 18323 18181 18450 528 18435 10298 306]
start 47 psup 20 p 1 m 0 [15287 7 1 18323 18181 18450 528 18435 10298]
start 45 psup 22 p 1 m 0 [15287 7 1]
Completion Time: 223 ms
Number of PSEs:  34