18213	279	273
10277	223	124
4403	251	483
15006	429	451
9724	102	304
5815	578	456
12156	355	247
4674	248	503
11908	205	262
5275	537	18
9595	52	37
2118	356	142
16667	373	135
15625	267	403
15716	330	560
7946	446	546
3120	85	32
9729	512	20
16045	351	418
13850	39	498
5089	558	442
15833	505	497
9809	406	402
2830	243	137
18361	193	99
14819	461	588
13946	61	101
2832	305	321
8488	95	362
16921	178	96
12679	387	473
8555	17	167
1817	358	183
8368	5	360
6553	222	47
17519	328	207
14130	78	242
15209	15	519
8255	269	538
10349	241	173
17556	88	161
14092	513	35
18344	134	336
18275	580	361
3781	512	509
18152	400	577
17071	155	184
10876	524	484
6294	159	427
11380	66	388
7342	243	163
7270	430	461
5189	480	473
1452	348	63
8011	411	488
16706	193	44
8291	384	398
18478	427	159
4286	496	359
14393	11	234
15338	218	338
7691	553	210
17003	275	87
8389	564	194
17316	28	213
17468	333	61
9790	434	523
962	362	204
7654	584	387
13515	440	278
16334	168	206
1923	383	475
15259	453	474
6050	483	238
7073	23	216
2534	476	529
8031	335	342
16083	385	30
16548	472	161
8171	129	504
11067	468	524
10419	55	377
12586	215	465
5306	200	478
9933	120	503
17944	180	21
10411	347	115
10630	207	205
7439	120	266
9604	548	245
9056	442	493
10247	188	426
17775	181	541
10551	6	282
10220	225	193
11793	433	512
10256	218	496
11699	344	528
11228	15	339
9614	442	268
6250	18	190
16467	145	465
16473	202	283
14916	303	47
17639	69	314
13388	526	121
13428	392	213
16363	148	375
3713	261	573
15917	278	58
14842	126	330
18432	246	215
17299	486	229
18434	384	461
7388	273	340
16319	583	5
12777	160	298
7312	420	299
17927	404	138
2142	54	435
11458	488	425
4893	284	399
3390	512	30
3108	461	386
15959	3	546
18414	484	306
8493	294	203
5983	175	344
12924	399	91
18422	215	6
13422	180	514
18037	55	132
8753	359	15
11231	139	550
2543	60	193
17776	218	95
4461	432	232
3769	356	572
13381	143	566
18472	72	409
13784	57	19
15832	585	485
17769	227	11
15756	352	505
15739	361	19
11890	37	355
8590	539	263
17778	121	457
9375	230	259
2487	571	145
17328	539	586
18396	2	388
2445	281	502
6556	118	578
5392	419	560
7189	85	233
15749	204	417
15462	543	212
1071	427	381
16269	201	503
18057	72	338
8448	204	268
18092	392	291
18345	420	588
6650	573	391
2784	109	250
16017	44	193
14475	404	448
18464	8	157
1110	356	410
10467	564	48
14813	262	205
17442	169	211
16246	525	494
8275	375	423
13958	291	537
5343	164	164
15113	282	534
11624	237	382
13968	556	200
1337	336	372
13672	321	330
15757	290	160
4905	559	98
15103	225	401
7917	382	391
11313	64	336
10169	500	521
4858	493	230
2943	447	139
4570	291	358
18298	278	438
16976	472	530
9160	577	210
17360	140	547
9528	179	563
16687	449	243
4809	511	414
12311	216	49
939	529	153
10492	321	384
13806	6	408
3877	367	32
14620	454	291
2521	95	356
12756	207	204
11256	370	249
3692	390	457
17738	322	587
16644	164	312
12345	296	178
13712	276	353
3186	372	415
17282	466	549
17861	45	277
7919	234	491
10872	165	210
2881	385	48
17722	398	165
9808	202	94
8041	310	99
13193	324	156
10993	298	434
5645	292	287
8669	324	331
13757	536	233
11361	445	520
15723	354	279
4849	315	256
3854	336	438
2345	55	525
17932	321	327
8417	140	358
18326	180	157
16088	105	107
18067	426	111
18382	286	548
4042	543	32
5428	214	1
15824	427	278
11413	142	545
2417	171	409
5364	573	124
2759	372	205
18305	344	562
3072	136	231
17583	255	52
8609	528	395
12263	280	349
12498	114	177
4794	474	247
14757	202	570
13363	154	406
11754	97	110
1147	136	461
12570	230	215
16222	318	346
2158	152	163
8571	228	544
6575	30	21
1811	161	437
8229	125	156
17063	391	475
10613	476	43
2895	277	473
17701	218	51
8903	47	178
12477	241	466
8341	500	49
15080	552	70
17447	430	107
1496	204	460
5599	96	453
13080	464	86
9442	157	45
8122	138	480
14822	321	120
3402	529	350
5331	38	296
10397	46	316
3435	69	549
9019	338	292
18435	170	13
3535	123	200
18026	98	9
12715	267	447
18145	312	185
14411	501	464
13844	117	264
17250	242	294
18359	576	278
14681	350	293
8919	343	376
7172	473	355
12148	62	353
5601	513	310
11125	305	351
10189	76	375
13433	90	567
10867	474	15
3838	528	239
8545	109	67
13029	145	316
17425	496	353
6961	279	577
10804	179	163
10198	559	112
13404	576	95
11030	341	400
7766	23	8
18353	252	259
11009	372	42
1962	499	425
1216	149	579
4167	208	114
13528	155	411
3161	357	579
8565	509	182
7767	230	38
7565	44	57
3861	490	80
6930	317	153
7361	256	129
9615	236	447
1775	264	301
8209	582	522
18270	540	533
15110	461	11
18430	339	171
937	447	56
17255	521	341
6494	234	504
807	15	247
10775	5	112
11372	254	41
6129	330	523
8496	321	416
1524	152	134
17687	399	69
8799	248	362
15546	182	538
18335	241	532
1357	21	47
17826	515	355
13952	259	230
11975	128	588
2573	222	191
17604	261	156
8249	75	382
6376	357	128
17165	218	161
17351	528	175
2529	295	12
14744	448	511
7336	92	178
15741	131	226
17768	582	301
1063	230	227
14781	7	198
15970	51	49
6146	292	62
12527	178	6
5810	317	241
17209	12	416
7330	512	483
17223	255	320
9010	297	370
6011	570	408
1671	95	418
2221	587	189
14441	572	409
17833	45	280
13769	330	167
14751	239	32
8550	77	581
15766	481	313
16854	344	475
12372	538	352
18459	561	20
4988	49	17
8145	587	168
14348	246	517
17555	245	168
17669	494	105
1797	585	39
18372	375	499
794	167	261
10114	39	185
16902	161	305
15920	368	332
16763	282	417
17844	186	137
7458	409	83
14371	350	121
10317	447	461
7325	569	475
8143	262	475
17700	45	461
13836	438	473
12495	548	72
985	354	225
13568	40	118
13378	83	178
1761	156	541
2341	271	99
8050	534	293
18333	562	33
11962	275	540
17863	449	434
7537	169	485
18166	426	354
18468	350	40
3857	482	221
7095	167	266
10513	85	408
13645	101	275
12949	471	392
14905	61	159
9270	247	140
18096	389	556
5876	40	385
7949	245	176
18169	551	4
7618	78	456
16675	53	447
12684	78	513
5592	1	432
6245	51	135
18457	423	496
7465	329	170
6795	402	350
14021	163	28
6949	251	229
15754	210	226
1467	274	408
14462	201	50
13668	456	200
2059	252	174
12751	518	241
16159	99	407
5244	262	511
17706	5	380
9512	4	57
15137	193	283
9453	242	559
10097	536	367
3181	332	119
1494	95	445
15139	379	59
12047	491	577
10700	17	434
4573	218	292
9174	62	141
610	315	257
17103	42	474
6530	558	62
13823	375	392
7643	410	85
2247	408	47
14337	495	192
5946	401	491
16631	556	471
15458	105	447
14377	347	226
17196	296	96
3138	360	461
9612	317	261
18265	442	334
15593	224	180
5155	283	506
14338	434	29
10678	530	262
18286	72	388
18416	182	478
11592	434	272
15245	348	31
18085	384	399
16181	154	215
6660	211	195
17420	111	132
10300	341	413
9490	151	463
14680	511	487
11495	435	227
2526	35	48
12341	229	15
17086	429	534
16302	135	79
4671	362	503
2184	352	85
15271	268	496
9391	236	380
13258	87	105
7419	513	189
14616	105	513
15670	238	159
14288	322	302
12073	218	129
11720	24	199
16193	130	576
16437	553	359
1662	280	415
11844	385	148
18015	145	571
14979	320	255
3908	12	228
15455	573	209
18282	582	374
4551	320	440
7921	276	413
16791	140	247
3604	390	48
5121	371	437
16538	532	207
13685	134	481
12230	511	542
16767	255	296
5315	382	490
4895	63	285
3586	526	542
12817	296	325
6587	255	37
12940	41	307
14579	210	257
8485	321	180
2882	324	361
6407	561	577
4800	182	210
16722	367	255
15469	218	282
16119	433	58
8401	514	180
18448	15	205
1779	375	587
9283	213	376
3585	493	244
6742	558	197
16024	108	456
17672	12	181
2593	474	406
15518	500	55
7093	496	268
8402	463	217
4144	307	224
6249	280	150
1404	22	36
14017	373	359
13289	393	477
13457	42	82
18206	145	167
8212	280	319
17902	4	37
16404	582	485
13763	266	550
1106	344	54
10807	72	18
15784	14	315
1193	551	203
8144	363	354
3721	280	73
11674	531	401
1575	553	49
8786	153	588
14429	360	318
3537	22	254
5976	414	457
16802	488	230
3850	110	245
17663	208	534
1756	334	323
5500	318	377
16793	108	454
8918	147	365
7433	201	324
10615	30	238
5442	252	219
17264	524	14
1070	476	157
7117	120	436
8360	349	535
9931	318	13
14184	470	303
8051	247	262
13890	334	553
10367	336	507
13733	48	410
3259	440	427
2028	220	383
5464	294	502
6336	120	319
8941	195	211
17206	484	360
16144	148	39
11417	437	394
14585	518	513
16097	291	564
2217	101	499
8119	391	54
9275	45	539
15853	27	154
4070	545	440
15310	38	124
14587	198	147
6616	149	399
7411	482	344
16969	573	94
14185	225	44
3277	408	85
10292	40	350
18269	409	46
3163	194	13
17715	279	84
15889	487	332
11856	449	191
10346	59	237
13591	103	365
15851	72	322
7414	397	111
13686	82	497
3900	418	495
18227	470	202
16830	59	400
8268	268	416
7168	230	439
7137	358	557
16665	437	514
6176	240	49
4520	99	588
15578	369	462
14149	251	457
8927	493	540
14982	551	30
4596	16	170
4737	295	58
12170	77	479
17046	59	532
5168	404	464
2631	2	464
18236	502	289
5597	399	231
17850	289	398
14597	582	437
11703	288	137
15999	351	200
17933	395	78
16714	297	253
2460	408	311
5103	236	435
2575	381	23
9439	373	425
16672	399	258
18219	35	468
11774	296	326
10417	30	402
6533	142	475
16068	35	395
8232	403	557
5423	18	235
6342	101	284
13074	206	143
15734	49	180
7901	166	461
9403	96	296
5678	93	255
15386	511	432
6694	82	80
13123	182	343
5771	300	406
14275	406	471
3078	52	542
6967	43	45
4931	494	370
7673	429	542
17770	232	432
7343	505	209
17241	457	551
830	352	25
12936	502	321
11621	460	79
1915	546	155
12326	446	28
8270	339	476
10412	123	53
3617	447	414
16627	450	300
13379	335	435
5091	447	150
16932	73	207
9306	63	211
17180	328	167
8768	181	151
7269	492	487
16200	547	296
8473	264	206
12196	477	226
3131	418	198
13186	451	173
10767	126	328
2604	37	52
17955	37	295
15395	38	350
17370	341	318
16466	2	355
9196	403	526
15859	347	264
14942	156	66
12635	354	134
9385	453	64
13776	457	300
9072	522	559
17246	323	179
11191	538	477
15647	255	178
3839	287	202
9880	150	9
2092	204	558
9972	390	30
2688	37	419
6980	429	58
11842	549	97
8038	140	369
12265	337	42
3566	529	128
6167	370	128
14244	454	119
4874	434	578
17667	157	485
5742	420	474
15718	503	284
2348	73	537
11801	316	559
7724	460	409
14823	439	167
17734	47	6
7856	558	412
16386	532	205
16869	510	378
18004	115	381
6476	63	437
2733	521	299
15753	397	9
16459	36	112
16590	104	227
14290	289	85
13020	197	417
17858	80	28
12120	582	266
18291	584	205
6112	217	216
7105	555	293
7729	466	538
17185	12	28
17549	502	56
15911	331	100
11038	361	66
8077	93	232
6307	408	77
14160	156	67
4289	558	199
1402	19	407
14106	171	372
5590	339	26
14310	390	246
4720	216	73
14476	122	209
5550	56	81
15402	44	162
943	449	13
14122	277	411
10499	332	505
16846	544	525
16229	176	434
11185	234	293
6500	222	9
11686	246	88
17859	399	147
9281	462	318
8952	103	97
1466	190	556
14026	52	414
5712	296	38
3196	95	533
6815	461	94
5945	324	565
15652	571	518
16329	267	34
6631	576	150
10030	114	293
14539	105	128
17877	364	81
3612	35	420
16448	299	544
9169	457	156
18156	328	576
11647	312	476
18289	23	545
11914	58	167
9543	84	468
6507	165	85
3384	82	505
2512	90	104
792	212	561
2915	215	97
1350	276	288
14354	16	513
18405	75	481
7394	91	269
15519	53	54
6432	97	215
18395	213	298
11225	373	325
15898	563	382
13107	399	250
14162	99	193
5032	460	333
2686	50	71
4401	354	63
17965	523	416
13912	219	296
17230	570	206
17091	582	58
13207	250	399
15340	552	540
1979	297	143
7862	536	559
4415	54	447
13495	536	314
4690	354	32
15277	571	335
18319	416	268
18343	389	196
17429	344	310
12254	71	189
2001	531	533
12177	334	270
4585	108	119
13576	575	476
8439	362	406
4781	495	315
16012	560	330
2253	210	165
15985	385	50
3622	399	53
18060	495	418
18180	287	172
10732	101	460
9814	504	511
8262	473	476
17342	459	434
14055	135	417
6600	108	291
9145	463	170
2787	19	428
9684	512	148
13334	204	61
15063	387	296
13269	119	291
1460	561	181
16418	235	153
1972	218	506
14157	539	44
16798	24	205
17623	280	394
1155	185	59
15805	532	437
14565	28	476
13503	51	34
12316	59	480
18303	117	501
9905	133	182
16491	434	389
11569	151	530
1899	35	413
11453	540	553
18050	539	16
16503	265	410
653	195	500
15355	323	494
9980	178	474
15913	472	246
18113	427	409
1356	433	378
14716	404	497
12902	172	6
18363	71	50
613	372	178
11323	550	56
2872	333	218
971	410	337
12071	82	41
15603	551	37
14040	552	264
17398	182	105
18225	390	198
15696	270	544
6602	6	292
13031	476	166
18393	369	302
13209	77	101
9694	357	277
11235	297	179
3988	497	25
16070	353	423
17154	41	198
13096	433	555
10761	419	464
7164	67	291
11618	33	330
11682	113	246
10425	167	327
15161	373	460
15699	22	86
13699	259	438
12160	401	174
16325	426	324
11258	410	339
3524	453	373
7250	93	560
4530	393	312
6545	370	125
6659	500	304
17954	3	519
9136	350	529
15047	436	272
11783	364	80
7455	438	83
7506	24	15
1271	248	71
15379	220	349
11631	473	134
7683	359	496
2910	487	280
13203	347	84
6239	549	394
17526	278	584
6598	326	296
5159	120	165
12572	55	552
3086	401	140
13826	506	523
15945	417	61
16934	271	426
16120	561	211
701	272	233
3149	42	412
9772	180	235
17353	476	128
11444	461	459
10130	285	30
16707	529	341
2451	501	117
5949	387	337
9503	453	79
12649	37	172
16633	219	361
9296	468	165
9073	244	520
4087	471	406
12881	321	76
644	380	461
12662	206	31
17222	390	20
16967	481	239
15871	129	27
13492	554	477
4848	341	419
2659	246	558
15138	527	507
14146	141	15
10947	229	55
2205	435	89
8746	176	357
13042	180	243
2233	55	321
4374	201	382
2926	285	298
7835	291	107
2322	170	45
5386	287	204
1857	461	149
16152	215	172
17229	196	502
7449	578	187
15919	549	12
14665	281	229
16129	500	31
13277	264	235
12626	85	506
15566	278	545
17058	225	59
5848	569	45
16299	263	487
11108	588	78
1360	520	243
14760	274	101
3468	237	294
13218	71	248
11403	144	98
14920	285	55
4161	205	527
4192	72	445
7935	504	329
12331	484	523
3938	59	210
14586	102	382
16519	121	112
14976	313	368
10676	142	109
4923	511	47
14654	298	190
10510	159	195
7704	384	365
1226	252	162
10307	336	24
17239	335	86
16122	209	426
16064	120	321
17782	248	487
10980	515	268
16004	376	166
11953	350	66
9799	234	492
8744	502	284
16602	582	481
16285	209	76
18262	318	180
14493	243	162
1298	304	231
2750	319	49
4462	455	216
13479	7	514
5000	202	97
15787	248	444
17982	514	334
8559	418	288
4722	416	588
17886	106	173
6479	517	382
16720	489	359
5608	411	184
11957	355	76
13526	516	438
16387	464	80
16206	203	409
6604	332	548
12046	200	291
6747	85	105
17684	534	159
17500	387	205
14791	65	215
11596	224	509
11633	148	494
7688	93	378
18342	390	383
10324	174	401
16165	172	62
12473	92	265
3068	393	84
3038	356	233
1252	465	354
11394	251	474
13386	506	400
3863	237	210
1874	482	384
16828	338	34
2742	533	220
3430	128	547
2917	365	165
2280	113	99
6549	473	205
13498	229	280
12419	88	495
17488	132	229
8547	233	501
5582	125	383
9069	524	344
3970	336	415
18252	293	278
17867	340	242
6135	73	204
11055	32	354
18296	319	411
14520	134	438
1909	225	310
12820	324	163
17338	565	400
18425	165	336
10842	199	99
18366	509	555
4088	177	72
14700	127	568
18235	247	339
18439	337	26
2112	162	514
7031	218	169
7928	288	323
17418	432	45
3496	279	427
11255	89	168
18139	548	374
7604	582	186
11570	21	217
7351	315	14
4370	49	553
1557	22	440
8471	303	419
12204	572	17
13867	548	160
5276	87	237
10847	64	178
1196	138	404
17868	305	143
15477	410	42
15810	538	35
17630	482	583
17287	234	586
7725	522	308
17169	301	264
4759	481	315
10794	253	179
7816	20	50
18436	30	452
16426	515	271
17847	218	460
12164	489	519
10552	29	421
17570	267	437
17041	237	442
9432	24	247
9858	315	384
9514	147	552
3360	286	160
12492	205	473
16240	516	424
8371	280	233
17397	92	465
18223	174	433
13604	193	370
833	237	126
7628	172	227
5564	557	491
16671	279	242
9525	461	482
13864	468	149
18309	302	445
9756	104	367
17179	341	187
930	321	461
17012	183	481
16306	251	249
6917	479	362
11309	446	557
13392	98	29
2124	376	148
18054	244	493
16984	420	131
3191	540	296
4771	17	142
6395	366	378
18380	336	444
17336	306	484
15534	335	121
9473	159	31
12763	199	83
18186	318	163
17711	50	314
10654	28	163
18134	286	581
10120	333	287
14011	426	361
8796	408	37
1044	252	352
18079	37	511
17218	441	298
12074	171	427
4650	383	65
1692	110	120
11533	570	202
3297	33	186
7266	76	109
17573	498	31
17713	527	372
5146	27	190
17289	503	39
17673	470	570
5669	66	55
12666	101	339
8016	376	11
18124	376	334
18360	99	144
7511	330	367
17864	68	277
9996	344	142
16433	62	558
3787	117	199
15698	514	128
16244	61	197
14263	435	249
13999	296	51
16082	124	381
14582	268	282
6701	234	11
17593	159	474
10773	345	515
7855	186	51
5374	85	69
4922	372	404
8945	551	209
13519	560	47
6489	429	420
17879	197	287
1401	247	41
13171	86	79
12587	387	410
4287	55	544
17897	210	484
14396	335	450
2754	151	374
10390	93	572
4395	209	367
10143	365	143
16078	161	312
13133	195	156
6663	368	279
13391	467	9
11797	232	232
8049	64	79
8558	227	298
17133	133	152
6637	295	224
7456	264	347
8055	284	547
16578	292	61
7557	502	523
11550	282	338
12509	84	137
10660	138	185
16919	365	149
13772	437	267
11331	585	200
5455	328	526
9508	531	335
2360	253	565
2757	543	434
1282	351	402
14259	511	486
927	179	397
2291	99	100
4132	253	327
15870	339	265
8348	74	403
5245	90	9
4870	277	151
8153	391	342
14097	193	312
15609	487	164
13680	4	271
627	106	99
17682	16	405
14691	541	271
1266	239	183
16989	466	241
13735	578	256
7889	99	346
16166	6	34
15559	422	57
17139	260	52
15342	437	485
11586	93	47
10139	395	35
13004	447	387
6871	370	95
10176	486	427
17045	96	128
7920	107	306
14528	438	293
4833	405	100
11870	162	169
10845	287	460
13888	194	361
5355	47	547
2384	376	267
2779	538	427
18202	125	324
13152	282	197
2576	64	15
13014	7	228
1280	132	121
17280	502	434
6596	503	502
14340	411	534
11432	423	359
6408	473	282
8384	13	157
17201	229	441
11204	225	494
16938	585	186
10518	73	49
10185	383	324
18165	145	461
1427	59	256
7637	20	561
16378	194	183
9775	259	415
10194	62	172
4067	30	406
9011	557	96
18100	228	41
17764	105	87
5773	43	391
4335	403	395
18479	136	183
14557	419	232
15009	85	296
12219	468	231
17691	465	205
1358	530	336
8231	144	519
14022	531	84
12197	324	74
14420	194	262
14885	265	520
12901	41	448
14383	522	500
13878	532	59
9474	201	430
10811	415	259
13052	47	378
14503	487	165
6021	183	461
1613	82	42
5027	133	63
4184	461	524
15363	497	448
14287	30	117
18451	431	93
12376	472	347
12489	506	117
12478	113	451
14483	390	21
9317	185	248
13143	209	312
18362	584	576
18385	82	2
18348	202	3
2859	319	3
4625	359	3
6970	408	3
11240	301	4
1795	454	4
10007	524	5
7978	37	6
18391	139	16
15877	405	16
5827	95	17
17256	261	20
8407	585	20
2949	43	21
14114	551	21
14722	2	22
591	25	22
8556	80	22
2035	138	22
13340	254	22
7229	404	22
15863	448	22
14472	464	22
2102	480	22
18402	497	22
4658	214	23
10754	465	23
13204	26	24
18259	42	24
17471	64	24
6330	83	24
17636	527	24
3656	2	25
16573	22	25
4385	79	25
2735	80	25
17475	138	25
11799	208	25
2932	254	25
6724	404	25
4173	448	25
9273	464	25
13728	42	26
14119	83	26
9606	178	26
13771	247	26
14776	410	26
13253	415	26
3330	438	26
13225	507	26
11936	516	26
3436	539	27
12497	100	28
15170	213	28
4790	269	28
14384	361	29
6061	544	29
8396	21	30
13831	249	31
4770	314	31
16050	423	31
1951	199	32
16596	505	32
9953	8	33
4346	19	33
18354	226	34
14860	161	36
17872	355	37
5237	412	37
11203	417	37
17208	560	38
9842	233	39
13637	525	39
13889	70	40
18465	391	160
17018	137	162
17557	534	172
16080	558	172
11398	99	173
8475	115	173
17884	253	173
10583	565	173
8731	63	174
14810	418	174
17162	426	174
11384	276	175
11819	72	177
1648	135	177
10040	144	177
6573	362	177
10244	424	177
15508	479	177
6497	15	178
15725	26	178
11956	337	178
2024	387	178
13636	575	178
18257	76	258
15476	552	258
17819	217	259
16918	530	259
17136	52	260
10206	260	260
7289	20	261
17476	380	261
18365	203	294
10358	255	294
10207	278	294
17773	316	294
6969	320	294
2858	440	294
9005	468	294
8228	469	294
18471	207	516
3278	265	516
16052	337	516
6880	372	516
18409	387	516
18300	410	516
5207	415	516
17721	473	516
7994	507	516
17645	527	516
2105	575	516
6814	584	516
3423	74	517
9269	185	517
18290	432	539
13260	74	540
8118	77	540
15224	94	540
7097	144	540
18279	296	540
13106	373	540
17986	196	542
17607	411	542
16649	39	544
18388	524	579
13922	53	580
16388	121	580
17007	143	580
18234	320	582
11574	469	582
12260	522	582
18244	15	584
13991	24	584
11072	42	584
17127	64	584
16803	178	584
17497	265	584
13341	337	584
13183	339	584
14113	410	584
12917	516	584
18035	20	585
18460	87	100
6652	318	503
15219	161	240
16973	69	274
5418	473	290
14900	539	311
18253	317	60
3973	362	128
8242	96	93
7170	346	494
4637	21	48
8459	205	217
4322	160	389
14270	176	443
16377	209	192
17558	409	167
16920	353	15
15191	496	292
6191	228	183
9176	84	436
12173	230	160
1565	260	164
9669	418	161
17895	33	315
16451	308	93
8989	183	482
12695	137	436
6244	191	225
7939	538	182
3768	566	521
6531	424	114
3407	194	65
6594	556	543
2235	397	200
4396	476	339
6761	269	97
14065	116	173
6705	581	230
8148	447	553
16485	72	62
11954	71	300
881	222	566
13122	523	502
7153	204	34
12434	326	93
1209	29	210
16461	142	190
10002	58	295
2758	336	584
17796	428	363
11260	276	143
9748	111	361
734	282	6
16657	412	333
15056	211	243
1388	36	83
10955	357	484
12259	399	74
16937	41	183
6218	400	565
16944	164	71
15790	523	434
10060	35	20
2928	491	70
17095	473	176
5871	577	533
5557	381	94
10253	346	196
3587	161	256
5760	100	565
12253	569	394
11297	254	408
10936	326	419
599	278	184
12019	155	101
6653	542	572
4975	453	422
7639	159	193
17036	435	250
10051	487	382
15713	412	558
8487	202	42
2647	7	33
17051	495	250
15575	311	487
5414	477	549
17714	551	426
17093	385	39
1102	345	74
2708	31	420
7990	32	559
17798	360	357
681	325	472
18051	290	1
15266	264	13
2314	558	333
8752	17	488
6079	581	77
7103	360	176
6865	520	265
15285	393	395
4471	362	495
8813	393	193
4365	353	50
15499	403	65
7292	416	393
10878	135	114
17277	231	91
10080	180	299
1516	491	495
2843	437	63
987	540	144
7732	123	9
14339	244	113
13460	445	576
12135	534	197
2623	193	14
7823	66	481
11160	432	72
16711	447	234
3833	437	256
9863	497	79
3767	476	153
9217	200	70
11498	581	499
14675	105	237
13396	239	84
9981	444	548
14456	369	47
5978	451	433
14024	476	205
2098	31	143
17702	123	554
15801	48	564
8688	509	512
13017	87	533
14208	350	153
7693	519	3
5932	108	4
14767	8	19
11697	33	19
1051	157	19
10657	300	23
12653	282	34
6010	339	516
18140	96	529
11436	128	529
9611	152	529
18201	182	536
17457	367	536
8696	258	538
11000	284	538
5798	27	539
14301	572	542
10565	179	543
11666	228	543
6402	29	544
15818	132	580
12171	247	584
5518	438	178
4983	102	462
17087	294	522
7653	56	139
7083	275	198
1433	285	556
12862	480	488
11752	8	585
9366	464	2
12975	480	155
14262	447	547
14195	171	278
14253	170	151
602	542	95
14993	332	264
1542	193	185
2651	573	390
18379	296	572
17422	357	105
6850	422	395
14154	325	124
9411	487	3
4326	9	90
9043	533	577
10990	245	559
6429	387	507
14138	557	524
17963	475	383
3742	496	460
10984	571	172
3425	73	158
17104	335	238
16954	200	201
8097	280	328
12037	185	35
12199	201	294
18370	85	93
8653	30	119
17744	201	229
14332	308	184
17453	44	370
16688	205	265
12369	427	314
15680	24	202
11814	349	299
6353	384	344
16518	13	318
18005	231	495
17537	184	308
1529	179	209
4664	123	257
11746	121	220
13832	544	199
16235	57	13
7141	400	439
4956	273	23
6164	352	363
17440	435	236
11859	395	513
12338	39	525
18467	550	170
13747	461	234
14794	87	367
13882	476	318
17052	409	135
14598	581	545
17953	535	323
17774	556	389
10941	385	471
18123	559	45
8089	380	437
18261	522	293
2710	296	311
13660	343	227
18327	220	463
18355	18	582
11544	278	229
5235	306	76
18474	545	323
15446	250	435
9789	411	160
7403	441	160
12667	283	168
5067	365	168
5835	462	168
3699	543	168
9749	498	552
6752	215	558
18455	163	13
10087	231	183
6818	288	313
803	477	362
2078	470	269
5850	112	45
17855	187	107
15777	268	98
1115	237	245
18476	559	449
17409	177	52
16750	330	309
11476	501	355
8403	230	433
6498	25	47
5514	274	7
10945	316	522
6748	582	40
8238	4	392
17845	276	521
17951	74	335
5060	160	96
15971	88	231
12294	192	495
13275	133	587
12451	445	280
18297	389	29
17800	575	584
16849	22	138
12002	219	566
6404	535	330
10928	163	529
18041	292	197
1034	308	208
3036	282	37
2755	373	519
12503	383	27
11382	188	347
17603	291	315
18449	128	270
12430	485	21
2974	118	554
18443	72	575
6119	217	188
14491	259	328
17865	253	271
14911	359	229
17040	263	45
9949	233	484
18271	394	263
17194	442	355
17341	344	56
7815	210	487
11028	461	447
4486	312	219
17469	311	473
15306	441	540
2251	250	89
15986	64	372
17065	42	337
17649	63	183
16313	122	384
16345	410	446
6368	226	131
9551	430	29
17829	493	442
7690	336	178
18369	180	392
5043	213	312
16365	193	37
16506	433	518
17590	66	351
9353	129	344
14731	23	67
9085	126	82
8794	5	548
13113	270	346
13290	530	151
8613	500	574
14133	425	87
16282	146	300
10033	172	338
18278	286	131
10789	258	365
17404	218	333
4716	475	583
10777	235	12
7400	205	476
14981	271	380
13913	558	61
17477	61	417
15228	143	206
13215	465	463
5775	296	177
1456	323	328
10470	450	54
18115	414	178
14787	147	297
4566	449	301
14190	251	224
15288	582	264
7740	410	64
12577	390	462
12593	564	265
15337	46	409
3690	567	100
14209	108	471
1940	214	444
3039	384	459
12237	72	412
15055	249	143
685	289	506
12455	247	575
18294	453	417
1275	506	12
11683	519	144
3207	395	382
14533	535	349
7661	156	148
6097	253	331
5723	151	357
7123	197	496
9292	27	471
14723	262	220
4685	318	434
17820	63	268
13954	111	397
18386	68	170
9163	159	292
9137	391	298
16554	4	16
5655	4	255
8708	25	447
7139	144	281
7485	315	198
15021	295	585
12493	101	359
9696	586	283
10712	352	38
16442	409	101
10075	126	480
16999	265	323
17331	413	160
6347	107	115
14832	338	72
14440	283	315
2080	152	123
6522	524	557
7184	433	251
18340	455	342
6899	73	291
639	106	363
8178	187	551
3363	347	132
2475	486	511
2286	55	327
15623	103	430
17245	187	70
14223	199	339
17694	507	417
7814	545	475
17760	361	239
16412	517	472
10632	487	368
1518	364	208
7569	52	6
5437	277	424
18469	39	385
17310	114	68
3807	72	130
11639	44	310
18373	76	321
4438	411	460
3738	45	43
9765	443	475
17793	173	99
17511	451	449
7892	161	241
17217	391	246
18475	173	378
14736	555	341
16301	94	14
15720	517	86
12353	307	225
13084	566	378
13778	165	506
10740	205	372
14415	541	156
16128	113	248
18239	52	327
14439	377	217
16726	178	547
2077	63	388
6674	282	548
18384	279	205
4093	437	73
6038	149	183
1864	382	185
15599	393	185
18170	556	187
18462	233	536
14662	313	537
5108	14	538
17004	212	543
17296	548	545
7265	446	554
4090	453	554
6378	293	555
15107	196	556
2201	200	556
2682	275	8
12293	498	346
17148	493	136
18117	157	433
17002	559	316
14546	174	169
12218	338	287
18254	352	190
18266	173	420
2748	585	345
17795	43	363
11593	250	142
11335	188	395
16772	443	213
3793	251	367
15844	490	35
18323	371	585
12712	10	209
14291	30	342
5406	415	387
18181	291	455
6550	81	139
18274	492	569
18048	66	305
8281	214	114
13270	173	317
2436	183	239
11229	436	567
10547	162	44
18357	388	18
17777	475	215
10193	327	353
4330	453	234
9119	186	582
12182	434	449
18450	200	90
4963	443	53
17896	76	462
17812	181	498
10298	527	208
8682	179	9
6037	460	61
18301	228	335
12439	267	504
14257	438	339
15804	581	335
18221	199	140
14884	422	191
10582	437	98
1174	115	175
18087	413	275
14758	80	448
9850	457	476
8046	550	447
11650	127	518
15921	557	358
12827	104	33
15960	150	95
5480	228	291
11195	259	340
16526	331	315
14773	485	114
7055	490	532
15329	125	541
12714	272	145
16232	348	552
18267	411	557
15907	354	92
15662	481	429
16118	100	269
15033	388	494
4564	335	185
14868	86	352
7981	337	92
11809	109	475
6824	270	552
7169	317	124
1319	409	240
2717	516	134
11154	303	408
14498	505	376
3031	388	563
14848	241	225
12697	580	57
17632	132	242
2018	292	534
11525	574	265
12128	444	217
14198	190	298
17971	157	461
10831	541	54
12300	247	178
11530	182	110
16515	487	248
15674	108	76
13046	132	378
9422	143	325
8706	336	420
15748	502	196
7131	171	582
1628	49	521
15411	198	261
3514	101	36
4223	19	57
17451	296	275
12232	417	460
17999	533	125
18337	88	521
15973	491	362
10575	228	238
18453	366	341
18433	1	142
17890	244	230
10890	316	289
18032	586	125
1991	226	303
17661	142	49
6145	419	303
12810	177	51
13970	505	199
8828	111	229
15180	135	548
18411	263	492
5702	455	426
12771	45	151
12701	389	120
4648	503	477
4984	452	70
17960	375	154
10066	52	448
17964	370	20
15770	587	470
11537	452	108
14770	258	149
13065	428	400
18179	354	559
6283	365	69
15962	114	424
13309	310	100
17368	1	444
14059	34	376
17288	409	72
11770	357	118
8241	313	14
12833	487	162
6984	206	202
13472	45	434
13033	272	97
11230	110	182
6743	116	416
13236	388	63
15012	511	158
16539	228	452
11582	559	95
1498	99	57
1411	585	273
18463	72	42
13230	422	276
13995	144	50
9983	37	61
15780	164	189
15827	530	562
8959	370	385
7347	561	251
2045	166	447
2846	575	15
7157	375	76
15731	20	306
14797	80	561
16632	428	563
17363	442	395
18148	154	499
17772	188	568
16422	365	268
13742	457	573
13374	552	31
14186	554	196
1327	87	547
15587	278	427
11637	326	47
11629	234	203
4859	150	49
4255	513	547
15849	104	461
16067	166	362
17781	453	237
16367	397	494
12557	337	202
15400	428	252
14540	93	571
15808	215	268
4787	410	210
17507	187	389
10562	493	127
14891	374	46
5681	405	223
13925	383	252
13126	316	545
12123	305	305
3556	85	410
12690	269	552
16251	178	412
6905	45	112
1984	520	390
3952	77	225
3736	489	141
4516	388	234
17379	74	324
5971	85	357
8080	507	83
11330	476	343
5119	19	97
11543	435	109
6710	45	321
16885	103	521
11559	242	491
3012	504	463
11723	418	568
3800	448	79
8573	26	247
2911	448	47
8338	36	404
16276	515	2
12732	176	73
12081	161	472
11263	311	447
18130	147	346
9383	95	526
15769	299	32
17330	442	554
12700	301	147
3655	147	399
18417	402	71
16544	300	407
14064	57	271
13973	309	452
4435	464	404
17579	92	407
7527	33	215
12774	73	585
17695	74	399
2985	343	231
16759	464	138
14249	251	490
12132	95	217
13501	41	247
14588	354	313
3394	98	437
16508	205	507
18398	167	285
12414	245	501
15634	551	457
11855	558	287
10320	209	10
12114	213	34
16174	161	157
15530	48	35
10506	543	110
2644	93	557
7698	235	422
15860	174	341
10898	566	143
14809	476	312
16355	182	362
16289	387	584
17860	200	123
16925	569	1
4522	309	586
8340	456	357
11760	548	386
14366	464	52
9583	423	52
2636	469	316
5312	180	49
17096	95	328
13725	47	542
15892	333	178
12058	170	181
6365	336	575
14052	583	459
11291	119	146
5553	78	153
6858	39	485
1294	407	57
12588	466	559
1584	430	307
10271	39	503
8976	9	105
16062	548	86
13856	465	13
17942	566	230
14532	4	449
10546	367	524
17939	33	75
14015	401	225
12875	174	509
8553	506	218
11889	556	502
15201	317	115
5218	57	535
12607	40	140
15005	60	144
14795	419	254
17082	481	188
13110	447	81
14135	307	357
13071	265	207
11302	308	278
3117	372	473
12420	571	228
12181	101	525
18020	37	333
13194	18	561
14709	447	90
9094	403	111
5995	249	435
11758	476	558
14177	352	538
13426	341	294
13105	188	297
1567	98	268
15436	411	17
17699	270	32
9168	320	469
1714	184	441
16043	357	291
12637	467	153
18135	183	384
16257	392	108
6884	505	244
17657	319	501
10864	190	583
10534	425	341
6105	279	444
13653	222	78
14752	249	514
1656	344	221
17609	236	357
17472	216	186
16986	235	467
14045	487	428
17275	250	495
2572	174	555
9062	25	404
3168	352	185
15690	253	14
13241	460	357
10211	548	558
14568	363	191
8527	176	501
1663	491	428
5017	469	500
9587	234	59
8543	60	451
17885	434	366
13099	92	507
12709	515	384
15072	193	92
4454	451	13
8234	173	101
16716	531	259
15074	563	428
17213	216	213
4731	295	580
7104	386	567
16391	199	558
14442	60	271
10502	553	588
4149	481	160
17067	186	218
12985	344	74
10181	361	403
4318	505	404
8680	75	367
10187	458	376
17473	229	487
6641	186	243
938	187	578
17765	501	207
9527	540	446
3204	92	368
5744	419	93
11778	341	555
12620	159	472
6786	38	277
14558	42	336
13358	39	529
7610	120	21
3208	134	191
1686	102	458
15989	216	88
4568	470	453
15916	32	543
14893	51	479
15807	278	293
17503	75	5
3292	256	63
7652	581	540
17031	491	182
9230	564	323
4417	469	545
6298	312	19
7969	41	210
1495	527	473
2853	208	507
11129	372	410
4238	410	261
8327	413	341
7194	453	123
11698	216	231
18212	340	557
16799	94	341
11367	300	426
15214	42	226
3578	552	128
14480	9	118
18322	46	545
10377	433	484
10293	92	463
14501	516	415
17417	573	315
16613	324	541
8499	535	212
9429	35	142
9585	9	18
15897	547	447
8283	393	490
15106	449	9
1531	308	378
4399	160	481
3635	574	531
6078	420	566
12859	108	452
7826	346	565
8607	369	385
3834	441	429
7592	461	266
17892	376	196
7842	390	298
4006	507	265
7445	126	138
9447	296	155
9726	239	309
989	581	519
8875	290	45
6918	53	175
