18213	199	558
10277	327	271
15006	579	122
9724	362	409
17989	525	577
16486	552	269
10268	586	370
10934	370	5
12092	230	366
17158	1	531
6270	312	256
15531	5	314
9673	18	485
14315	297	250
14407	205	337
16618	568	127
3121	239	148
17528	160	411
17788	216	115
8717	350	402
18361	34	481
14819	183	210
13946	301	87
2832	303	408
8488	547	85
16921	131	361
12679	506	386
8555	183	271
1817	226	131
8368	465	300
6553	123	256
17519	549	41
14130	369	47
15209	172	534
8255	561	577
10349	69	414
11121	360	286
14976	218	338
7143	182	543
17556	250	286
14092	61	496
18344	319	29
18298	85	93
16976	463	343
9160	182	39
11559	408	414
17360	243	138
9528	80	561
16687	37	301
4809	30	298
12311	404	56
939	118	105
10492	487	402
13806	441	576
3877	62	144
17738	208	510
18326	262	214
16088	516	372
18067	444	38
18382	119	375
4042	420	13
5428	15	496
15824	466	588
11413	115	366
2417	44	127
5364	242	84
2759	204	197
18305	267	585
3072	404	61
17583	41	244
8609	378	341
12263	277	479
12498	110	399
4794	584	178
14757	5	286
13363	216	366
11754	524	344
1147	44	140
12570	449	346
16222	464	41
2158	281	160
8571	247	15
6575	113	430
1811	381	44
8229	487	451
17063	208	25
10613	260	260
2895	129	256
17701	308	58
8903	548	332
12477	74	487
8341	268	168
15080	404	497
17447	280	539
18435	141	15
3535	261	568
18026	347	226
12715	477	226
18478	434	536
4286	313	385
14393	398	90
15338	344	109
7691	142	356
17003	497	22
8389	59	237
17316	8	275
16678	186	549
11773	48	20
13699	41	25
12160	443	475
1226	526	65
16325	275	325
11258	14	69
3524	494	191
17468	425	510
9790	562	530
7654	496	229
13515	338	496
16334	268	515
1923	535	540
15259	349	535
6050	526	188
7073	215	534
2534	34	11
8031	270	198
16083	469	77
16548	172	112
8171	446	327
11067	406	347
10419	461	194
12586	343	227
5306	448	352
9933	333	292
7664	224	578
5149	230	493
6545	153	180
6659	587	219
17944	82	126
10411	203	38
10630	348	11
17775	476	235
10551	378	351
10220	230	143
11793	557	103
10256	11	578
11699	555	58
11228	483	264
9614	318	502
6250	485	268
2771	40	306
16467	98	226
16473	7	8
14916	242	420
17639	314	439
13388	197	338
13428	92	444
16363	418	376
18432	437	552
17299	514	147
18434	442	268
7388	506	289
16319	297	217
5622	539	535
8687	31	55
12777	507	357
7312	535	467
17927	13	144
2142	174	487
11458	509	330
4893	40	45
3390	188	95
3108	282	72
15959	311	45
18414	126	121
8493	238	228
5983	564	270
18422	498	457
13422	166	11
1623	126	68
18037	87	301
8753	72	388
11231	232	511
2543	400	491
8146	162	137
17776	46	316
4461	417	197
3769	73	112
13381	45	539
18472	548	380
13784	474	111
15832	337	92
17769	543	148
15756	291	564
15739	268	98
11890	361	256
8590	433	378
17778	61	338
9375	464	208
2487	325	206
12451	211	302
3172	79	357
17328	557	429
18396	157	563
2445	276	44
6556	432	492
5392	472	170
7189	520	542
15749	437	21
15462	381	58
1071	29	421
16269	264	559
15047	101	581
11783	69	85
7455	513	189
7506	441	438
1271	233	286
17774	333	268
2674	181	457
8430	428	487
11613	549	186
3095	132	559
9195	147	12
1535	536	367
11492	377	190
18057	339	134
8448	273	585
18092	354	220
18233	247	416
14667	199	83
15905	425	87
14279	284	503
6320	173	493
15424	162	243
16645	432	475
18345	348	70
6650	588	201
2784	102	30
18464	6	447
1110	19	515
10467	55	525
14813	112	73
17442	501	117
16246	182	399
8275	211	538
13958	521	180
5343	253	271
15113	450	541
11624	529	397
13968	10	431
1337	376	476
10347	309	224
13672	70	231
15757	70	476
4905	37	197
15103	275	351
7917	467	153
11313	474	357
10169	289	176
4403	287	172
18275	397	57
3781	50	327
18152	227	315
17071	293	308
10876	444	185
6294	237	365
11380	116	21
7342	112	559
7270	382	75
5189	137	449
1452	338	534
8011	201	121
16706	453	18
8291	9	326
16017	291	30
14475	415	444
18145	45	473
14411	365	258
13844	107	271
17250	538	277
18359	64	259
14681	350	113
8919	392	147
7172	261	315
12148	259	194
5601	285	556
11125	295	11
10189	338	460
13433	205	431
10867	36	372
3838	400	19
8545	58	188
13029	408	51
17425	352	214
6961	87	105
10804	114	84
10198	490	513
13404	359	229
11030	134	54
7766	146	30
18353	242	340
11009	196	18
1962	45	158
1216	207	328
4167	458	252
13528	472	216
3161	226	42
8565	393	395
7767	232	232
7565	51	72
3861	239	116
6930	534	159
7361	35	559
9615	120	319
1775	9	126
8209	357	261
18270	61	15
15110	164	189
18430	289	237
937	12	588
17255	503	362
6494	47	178
807	405	59
10775	406	499
11372	579	107
6129	188	451
8496	82	480
1524	409	381
17687	487	428
8799	377	217
15546	124	366
18335	328	259
1357	516	575
17826	99	346
13952	184	245
11975	193	268
2573	425	385
17768	339	387
1063	35	538
14781	45	157
15970	336	290
6146	213	161
12527	431	52
5810	198	334
17223	508	481
9010	315	107
6011	261	380
2221	241	431
14441	544	270
17833	367	505
13769	246	216
14751	367	536
8550	521	566
15766	300	426
16854	286	548
12372	464	178
18459	145	316
4988	167	327
8145	198	270
14348	148	403
17555	239	309
17669	104	443
18372	185	92
794	490	295
10114	46	409
16902	437	63
15920	17	356
16763	362	62
17844	333	412
7458	463	329
14371	195	500
10317	64	373
7325	414	408
8143	149	258
17700	181	58
13836	488	160
12495	533	252
985	34	588
13568	9	467
13378	191	180
1761	349	538
2341	233	360
8050	133	319
18333	275	540
11962	160	380
17863	512	500
7537	384	297
18166	461	567
18468	42	497
3857	290	355
7095	433	555
10513	164	13
13645	515	291
12949	218	88
14905	455	585
9270	502	405
18096	215	249
5876	92	507
7949	336	584
18169	154	154
7618	131	49
16675	311	290
12684	178	387
5592	325	472
6245	465	424
18457	475	432
7465	150	150
6795	278	255
14021	15	423
6949	445	576
15754	418	275
1467	245	45
14462	102	21
13668	581	77
2059	162	162
12751	82	208
16159	182	116
5244	408	303
17706	128	588
9512	46	255
15137	219	275
9453	540	438
15139	575	424
12047	291	562
18265	329	504
18286	571	142
18416	18	196
11592	159	64
15245	251	224
18085	526	279
16181	139	266
6660	238	454
17420	251	229
10300	464	408
9490	387	199
14680	500	427
11495	322	8
2526	328	445
12341	142	520
17086	368	70
16302	118	196
4671	234	411
2184	320	440
15271	391	382
9391	242	78
13258	371	291
7419	455	482
14616	440	339
15670	126	123
14288	559	354
12073	339	440
11720	38	393
16193	369	187
16437	443	104
1662	226	549
11844	132	420
18015	184	38
14979	463	161
3908	581	436
11540	305	330
16667	259	584
15625	247	420
15716	52	164
7946	58	150
3120	122	283
9729	531	215
16045	325	399
13850	52	375
5089	244	41
15833	369	76
9809	428	390
2830	87	547
18282	79	352
4551	244	420
7921	432	158
8401	552	498
18448	218	62
1779	409	417
9283	257	226
3585	233	544
6742	425	274
16024	215	338
17672	6	62
2593	339	516
7093	445	511
8402	480	92
4144	455	286
1404	49	150
14017	133	498
13289	56	109
13457	427	55
8918	126	497
7433	179	144
10615	321	195
11479	12	18
17264	129	476
1070	163	28
7117	408	462
8360	400	241
9931	194	286
14184	555	521
8051	354	266
13890	531	557
10367	519	327
13733	16	170
3259	238	30
2028	35	490
5464	355	442
6336	434	298
8941	327	256
17206	312	134
16144	551	21
11417	436	434
14585	295	211
16097	55	167
2217	360	257
8119	95	535
9275	75	321
15853	455	403
4070	68	135
15310	22	409
14587	566	297
6616	234	391
7411	102	462
16969	261	410
14185	409	72
3277	352	444
10292	76	149
18269	551	271
3163	449	558
17715	438	207
15889	25	352
11856	237	441
10346	2	255
13591	481	43
15851	69	416
7414	301	454
13686	573	551
18227	190	363
16830	33	256
8268	354	465
7168	129	538
7137	76	109
16665	180	532
6176	496	268
4520	574	194
15578	64	83
14149	308	174
8927	362	424
14982	185	39
4596	573	74
4737	473	355
12170	494	222
17046	289	505
5168	529	9
2631	134	340
18236	552	345
5597	515	426
17850	472	347
1671	179	495
15999	330	309
17933	460	268
16714	460	534
2460	517	475
5103	157	485
2575	172	473
9439	100	331
16672	552	321
18219	244	304
11774	156	411
10417	37	417
6533	393	477
16068	210	29
8232	409	460
5423	428	174
6342	387	527
13074	328	207
15734	537	148
7901	84	39
9403	33	8
5678	53	312
15386	547	107
6694	499	77
13123	9	346
5771	286	63
14275	317	115
3078	238	512
6967	79	497
4931	412	534
17770	368	279
7343	211	218
17241	195	125
830	415	259
12936	207	339
11621	389	451
1915	175	230
12326	477	485
8270	476	28
10412	32	117
3617	445	302
16627	358	562
13379	256	361
5091	563	222
16932	93	423
9306	31	420
17180	567	269
8768	522	409
7269	74	244
16200	453	409
8473	350	121
12196	303	186
3131	88	304
13186	13	67
10767	261	331
2604	432	511
17955	558	264
15395	411	184
17370	556	544
16466	535	330
9196	225	78
962	409	398
15455	339	207
15859	351	48
14942	220	251
15647	380	89
3839	487	112
9880	92	480
2092	281	359
9972	488	66
2688	299	131
6980	514	382
11842	274	77
8038	556	554
12265	186	226
3566	111	262
6167	58	555
14244	214	38
6507	474	409
18206	333	34
8212	424	516
17902	502	357
16404	543	434
13763	587	303
1106	170	550
3384	17	468
2512	362	287
792	581	296
10807	546	77
15784	83	247
1193	230	389
8144	183	334
3721	315	14
11674	528	344
1575	511	329
8786	67	109
14429	535	30
3537	9	397
5976	553	350
16802	574	472
3850	306	20
17663	469	427
1756	503	393
2915	332	491
4858	317	347
2943	169	127
4570	81	56
1350	507	205
14162	241	133
5032	311	296
2686	24	584
4401	519	359
17965	497	72
13912	12	181
17230	88	161
17091	393	169
15340	401	1
1979	461	376
7862	476	588
4415	532	179
13495	551	203
4690	530	562
15277	464	447
17209	26	64
7330	129	559
4585	296	38
13576	18	364
8439	293	350
4781	159	204
16012	516	438
2253	153	422
15985	130	576
3622	282	215
18060	392	471
7250	534	184
4530	142	190
13685	65	475
12230	30	406
16767	362	204
5315	135	154
4895	226	495
3586	516	26
12817	408	85
6587	146	407
12940	242	491
14579	498	414
8485	433	419
2882	287	159
6407	215	134
4800	200	442
16722	228	226
16119	261	4
17954	305	459
9136	508	402
18291	582	255
17185	375	499
17549	582	40
13492	379	191
4848	266	461
2659	587	388
15138	236	370
14146	92	363
10947	406	30
15911	276	413
11038	187	560
8077	293	234
6307	93	571
14160	240	49
4289	426	199
1402	506	484
14310	175	571
2205	128	524
4720	230	439
14476	378	302
5550	144	114
15402	281	353
14122	92	559
10499	328	45
8746	346	118
16846	483	495
16229	418	324
11185	516	497
6500	496	15
11686	160	54
17859	65	526
9281	408	448
8952	226	85
1466	272	314
14026	463	465
5712	59	348
3196	354	225
6815	382	185
5945	113	184
15652	19	194
17877	582	270
3612	213	455
7835	58	483
2322	24	134
16448	95	370
9169	582	18
18156	172	6
11647	95	559
18289	215	97
11914	559	396
9543	343	80
5386	31	378
1857	238	224
16152	577	358
14760	372	199
16793	504	229
11403	145	440
14920	32	19
4161	153	78
7935	340	14
12331	92	211
7704	381	500
14354	336	548
16285	554	567
18262	74	165
14493	339	171
1298	508	163
4462	399	250
5000	432	263
15787	188	58
17982	75	160
8559	540	234
4722	55	327
17886	391	366
6479	235	346
16720	9	191
5608	59	22
11957	143	94
13526	157	9
16387	357	187
16206	59	379
6604	555	534
12046	499	546
6747	101	373
17684	49	572
17500	95	362
14791	134	64
11596	230	517
11633	403	111
7688	509	245
18342	210	350
10324	434	17
16165	541	125
12473	94	573
3068	497	41
3038	324	94
1252	204	534
11394	97	532
13386	229	519
3863	507	15
1874	552	128
16828	127	405
2742	45	205
3430	344	175
2917	58	584
2280	255	551
6549	522	3
13498	367	330
12419	151	553
17488	214	352
8547	387	207
5582	390	43
9069	217	340
18252	443	183
17867	462	247
6135	95	218
11055	427	469
18296	197	282
14520	518	513
1909	409	374
12820	11	63
17338	182	357
18425	371	437
10842	553	151
18366	217	415
4088	179	494
14700	414	324
18235	193	347
18439	360	5
2112	84	271
7031	247	41
7928	495	257
17418	344	231
3496	567	327
11255	473	575
18139	562	384
17868	365	149
15477	362	114
15810	438	516
17630	487	311
17287	347	235
7725	203	4
17169	426	209
4759	361	455
10794	497	480
7816	533	275
18436	70	538
16426	451	113
17847	542	200
12164	120	116
10552	150	408
17570	85	201
17041	61	218
9432	445	356
9858	183	562
9514	526	252
3360	206	31
12492	562	122
16240	524	104
8371	304	30
17397	449	571
18223	529	128
13604	385	369
833	511	112
7628	63	11
5564	465	177
16671	365	7
9525	493	235
18309	454	392
9756	86	251
17179	35	364
17012	252	420
16306	216	482
6917	176	501
11309	425	313
13392	197	287
2124	341	163
18054	190	27
16984	13	181
3191	11	498
4771	241	400
6395	181	295
18380	487	587
17336	525	409
15534	94	461
9473	305	113
12763	222	449
18186	312	428
17711	257	347
10654	174	586
18134	263	492
10120	71	402
18079	503	80
17218	405	502
12074	546	325
4650	381	216
1692	86	277
11533	475	435
3297	242	279
7266	303	178
17573	19	312
18124	181	159
18360	25	511
7511	241	276
17864	517	545
9996	146	8
16433	274	546
3787	519	489
16244	64	24
14263	171	56
13999	303	226
16082	426	529
14582	3	492
6701	278	555
17593	401	363
10773	514	395
7855	186	351
5374	123	516
4922	365	319
8945	238	355
13519	412	338
17879	42	527
1401	38	350
13171	417	422
12587	359	77
4287	533	95
17897	73	548
14396	495	66
2754	439	213
10390	123	72
4395	114	277
10143	171	46
16078	178	473
13133	204	333
6663	339	337
13391	69	512
11797	582	478
8049	59	295
8558	254	497
17133	321	416
6637	333	417
7456	377	195
8055	160	265
16578	440	171
7557	432	322
11550	291	119
12509	2	22
10660	152	163
16919	265	438
13772	232	47
11331	328	17
5455	108	392
9508	122	315
2360	536	481
2757	87	425
1282	87	2
14259	432	424
927	416	588
2291	373	79
4132	234	148
15870	362	135
8348	262	194
5245	38	474
4870	336	131
8153	240	437
14097	85	186
15609	224	555
13680	473	270
627	257	360
18180	125	109
13004	281	327
6871	513	357
10176	588	12
17342	237	56
14055	318	503
6600	374	409
9145	437	98
2787	335	363
9684	462	414
13334	378	308
15063	201	426
13269	232	394
1460	234	237
16418	474	247
1972	357	151
14157	265	83
16798	571	230
17623	110	588
1155	39	198
18303	107	315
9905	460	292
16491	384	213
11569	546	425
1899	273	437
11453	184	510
18050	461	447
16503	587	488
15913	547	140
18113	227	172
18363	62	411
613	277	72
11323	460	417
2872	132	378
12071	188	477
15603	418	475
17045	323	494
7920	199	24
14528	319	328
17398	259	363
18225	511	129
15696	14	495
6602	437	201
13031	466	538
4833	37	287
11870	580	57
10845	370	236
13888	218	348
5355	556	285
2384	582	224
2779	74	345
18393	46	374
13209	419	521
9694	121	526
11235	76	247
3988	248	7
16070	7	452
17154	380	506
18202	322	123
13152	364	208
2576	461	285
13014	299	165
1280	397	585
17280	570	486
6596	498	305
14340	451	487
11432	475	517
6408	160	45
8384	130	49
17201	252	92
11204	187	543
16938	481	388
10518	196	411
10185	11	461
18165	387	507
1427	67	526
7637	263	561
16378	115	124
9775	310	495
10194	346	39
4067	177	114
9011	543	179
18100	345	585
17764	418	256
5773	534	510
4335	159	496
18479	582	440
14557	20	27
15009	408	255
12219	476	205
17691	194	250
8231	225	127
14022	212	535
12197	448	86
14420	61	417
14885	181	12
12901	210	40
14383	433	428
13878	348	159
9474	509	430
10811	319	49
13052	494	150
14503	14	332
6021	548	581
1613	363	481
5027	541	188
4184	332	14
15363	484	360
14287	432	229
18451	385	411
12376	476	166
12489	183	179
12478	159	472
14483	34	84
9317	190	250
13143	280	415
18362	214	114
18385	520	336
18348	189	52
2859	74	399
4625	365	233
6970	444	205
11240	264	301
1795	30	199
10007	537	179
7978	385	48
18391	95	188
15877	174	428
5827	494	397
17256	490	252
8407	493	230
2949	456	222
14114	275	219
14722	437	348
591	299	21
8556	132	451
2035	54	111
13340	418	213
7229	165	406
15863	159	215
14472	99	87
2102	93	85
18402	126	155
4658	423	446
10754	300	574
13204	412	292
18259	573	391
17471	67	56
6330	361	377
17636	483	457
3656	134	126
16573	296	178
4385	275	225
2735	542	150
17475	269	11
11799	353	276
2932	124	115
6724	491	556
4173	411	197
9273	511	469
13728	72	114
14119	197	62
13771	109	13
14776	157	13
13253	146	414
3330	399	120
13225	510	438
11936	569	290
3436	311	473
12497	44	225
15170	306	271
4790	266	66
14384	167	17
6061	430	110
8396	205	368
13831	411	376
4770	178	93
16050	132	38
1951	487	406
16596	536	5
9953	287	218
4346	584	429
18354	466	60
18465	411	133
17018	93	296
17557	285	458
16080	489	229
11398	21	20
8475	318	529
17884	290	569
10583	208	441
8731	512	137
14810	438	410
17162	233	148
11384	430	523
11819	412	287
15508	247	122
6497	279	95
15725	279	30
11956	45	263
13636	265	167
18257	97	103
15476	104	140
17819	122	360
16918	342	435
17476	239	461
18365	81	195
10358	259	325
17773	458	102
6969	489	144
9005	503	110
8228	144	397
18471	380	344
3278	403	123
16052	352	332
6880	106	173
18409	538	291
18300	50	342
5207	581	160
17721	433	174
7994	562	291
17645	264	245
2105	251	334
6814	399	147
3423	279	242
9269	530	259
18290	453	460
13260	64	205
8118	471	108
15224	340	530
7097	483	238
18279	550	181
13106	423	62
17986	372	339
17607	513	312
16649	497	123
18388	148	586
16388	213	110
17007	147	4
18234	383	401
11574	144	553
12260	18	48
18244	466	238
13991	68	170
11072	160	386
17127	464	419
16803	38	444
17497	507	337
13341	321	532
13183	309	271
14113	307	58
12917	213	119
18035	143	439
17247	461	104
18460	355	473
6652	161	461
15219	423	71
16973	555	230
5418	585	39
14900	140	40
18253	476	257
3973	305	45
8242	447	456
7170	461	396
4637	34	376
8459	260	13
4322	185	169
14270	288	422
16377	450	54
17558	142	17
16920	397	382
15191	558	204
6191	42	373
9176	334	33
12173	389	230
1565	214	135
9669	205	155
17895	557	358
16451	197	333
8989	204	84
12695	33	291
6244	40	107
3768	516	415
6531	293	114
3407	49	521
2235	374	278
4396	432	311
15285	322	497
4471	95	463
10080	283	315
2843	548	114
14339	49	520
13460	113	305
12135	40	70
2623	262	342
7823	68	45
11160	19	388
16711	308	234
9863	199	505
3767	209	179
9217	439	571
14675	58	534
13396	81	54
9981	313	369
14456	522	171
5978	213	111
14024	326	511
2098	363	174
17702	312	476
15801	54	435
8688	357	513
13017	276	137
14208	21	369
7693	114	135
5932	485	84
10657	116	549
12653	338	6
15818	343	376
4192	529	341
5518	333	37
4983	205	507
12862	276	113
5946	567	436
11752	299	173
9366	255	301
1358	369	293
18379	448	41
17422	468	364
6850	279	363
17963	244	246
3742	559	451
10984	39	256
3425	83	205
17104	215	193
16954	420	451
15273	149	321
13096	93	63
10761	345	354
11618	24	15
11682	350	40
15161	178	232
15699	63	211
12037	517	413
12199	417	282
18370	542	526
8653	111	152
17744	385	510
14332	203	294
17453	502	105
16688	331	261
12369	170	266
15680	233	280
11814	438	336
6353	473	339
16518	353	327
18005	300	405
17537	72	18
1529	16	139
4664	230	174
11746	457	251
13832	429	101
16235	127	458
7141	178	339
4956	490	525
6164	383	279
17440	297	216
11859	418	495
12338	17	182
17810	70	552
18327	29	328
18355	132	300
18267	415	64
15516	364	348
13285	278	545
3466	75	120
4448	269	272
15681	424	479
11318	114	214
18467	11	102
13747	124	414
14794	340	336
13882	491	383
17052	138	82
14598	109	443
17953	405	375
10941	474	79
18123	486	570
8089	57	170
18261	86	335
2710	46	575
13660	124	94
18474	311	511
15446	50	71
9789	180	367
7403	178	52
12667	39	495
5067	249	31
5835	18	116
3699	55	256
12165	555	174
17603	359	141
3468	518	588
9749	102	117
6752	76	369
18455	403	7
10087	95	167
6818	229	492
803	559	251
2078	576	130
5850	480	473
17855	41	399
15777	312	112
1115	280	233
18476	473	172
17409	332	505
16750	109	67
11476	12	585
8403	491	14
6498	328	49
5514	361	66
10945	279	548
6748	461	239
8238	361	463
17845	576	150
17951	80	364
5060	355	116
15971	57	381
12294	43	329
13275	461	5
18297	257	237
17800	559	272
16849	46	278
12002	311	274
6404	252	383
10928	221	461
18041	217	459
1034	14	557
12503	227	228
11382	331	44
18449	37	255
12430	229	234
2974	303	97
18443	138	217
6119	578	200
14491	332	39
17865	566	568
14911	239	88
17040	460	64
9949	545	548
18271	206	264
17194	98	180
17341	338	215
7815	216	545
11028	13	163
4486	23	557
17469	554	556
15306	51	51
2251	214	463
15986	172	436
17065	193	225
17649	207	584
16313	9	257
16345	208	448
6368	215	282
9551	569	475
17829	220	580
7690	340	265
18369	199	315
5043	572	445
16365	100	87
16506	584	410
17590	100	453
9353	320	72
14731	89	536
9085	290	492
8794	195	321
13113	265	92
13290	82	404
8613	539	569
14133	203	586
16282	553	138
10033	136	166
18278	217	95
10789	335	517
17404	40	118
4716	148	94
10777	361	131
14981	311	561
13913	334	538
17477	506	283
8097	288	161
15228	397	494
13215	168	227
5775	494	513
1456	280	413
10470	314	95
18115	284	44
14787	27	85
4566	460	37
14190	93	429
15288	160	376
7740	32	425
12577	227	543
12593	14	193
15337	134	26
3690	579	291
14209	414	183
1940	261	198
17239	307	224
3039	80	113
12237	419	408
18294	97	549
1275	264	349
11683	344	63
3207	260	406
14533	158	263
7661	346	334
15562	558	417
6097	39	491
5723	309	365
7123	405	392
9292	211	92
14723	163	378
4685	146	306
17820	286	386
13954	373	429
18386	402	162
9163	356	95
9137	378	93
16554	193	60
5655	250	312
7139	229	199
7485	522	427
15021	219	185
12493	576	49
9696	486	229
10712	253	565
17331	466	12
6347	264	437
14832	447	342
14440	235	28
2080	285	286
2995	206	97
18340	432	72
6899	494	388
639	495	88
8178	292	218
3363	247	355
2475	503	487
2286	80	264
15623	173	116
5431	55	390
16442	24	337
9869	255	405
764	132	182
13908	247	19
17599	513	407
13626	254	419
18469	510	534
17310	234	446
3807	447	81
11639	213	209
8179	536	360
11288	340	84
6958	210	578
16824	62	204
13046	101	570
8992	432	280
1913	439	238
16383	11	269
15351	466	493
8302	75	399
3927	404	79
7686	173	420
18373	559	536
4438	121	418
14993	350	78
3738	43	313
1542	296	101
9765	69	327
17928	515	586
7681	31	552
16441	197	215
8820	36	171
14962	110	34
18475	339	527
14736	128	201
16301	465	214
15720	110	538
12353	438	575
13084	354	161
13778	48	532
10740	101	77
14415	42	92
16128	538	107
18239	364	35
14439	406	474
16726	193	99
2077	559	316
6674	447	25
18384	18	554
4093	284	398
6038	233	155
11244	429	278
14869	84	239
15599	533	77
18170	115	175
17245	559	440
14223	105	430
17694	424	548
7814	449	222
17760	326	419
16412	332	393
10632	61	287
1518	554	100
7569	332	30
5437	359	581
10075	330	367
16999	296	296
17793	529	334
17511	542	58
7892	24	410
17217	21	18
18462	277	538
14662	213	556
5108	277	357
17004	406	164
17296	205	83
7265	334	346
4090	266	354
6378	434	328
15107	325	77
2201	343	29
15376	579	357
12293	256	403
17148	89	286
13454	390	551
6122	143	366
18332	468	415
14043	496	197
17330	192	361
16834	546	423
17995	484	272
9143	91	75
17535	475	121
4084	437	31
751	186	312
17117	37	419
15369	112	309
17002	566	173
2464	449	157
16783	186	230
16274	12	116
9134	108	301
2682	80	58
12218	458	573
18117	20	100
14546	414	304
18254	126	79
8308	226	287
15416	78	128
11593	490	393
16292	233	165
2228	454	140
18229	420	173
13403	211	354
17960	178	83
18221	112	449
18082	59	82
15586	312	211
18311	522	208
6456	180	243
16556	98	388
17794	218	211
11730	201	553
17837	8	19
5152	481	239
13398	247	178
5338	357	271
18470	75	33
9415	335	115
18477	346	388
16959	300	577
2245	552	420
15873	42	387
10379	428	252
14564	36	229
17841	230	121
16226	85	419
18381	132	211
13617	269	384
6939	239	344
12203	525	544
15822	434	29
18146	181	57
16744	94	124
18266	237	69
1360	198	503
17795	392	108
10095	230	526
18087	122	426
14758	96	419
14428	64	92
16602	533	544
8046	109	195
15960	254	208
5480	446	502
14529	279	559
13342	544	227
2975	298	390
12183	427	409
5897	584	476
4117	78	242
9198	475	54
16526	362	549
15329	509	559
16483	52	311
13969	131	240
18387	310	144
10093	561	21
16878	20	209
14136	264	282
16283	102	487
13709	116	495
9936	573	11
2748	453	346
12455	207	26
11760	300	406
14884	328	167
10582	264	332
11650	26	207
15921	112	220
1963	452	147
17359	120	399
1988	267	88
13362	461	133
16514	76	405
17138	320	289
4058	122	247
4704	33	358
9850	461	583
6848	387	42
15907	403	324
8465	329	43
15748	147	181
15287	207	372
12827	337	15
14773	434	509
7055	383	332
17380	120	168
10400	254	59
3495	13	155
3085	525	39
3306	192	551
2188	278	492
1174	126	22
11195	374	167
10824	182	478
2223	276	529
11969	486	226
17759	153	118
1281	575	199
6128	279	554
17088	325	216
11852	501	404
15976	575	372
18376	503	201
9177	343	128
6994	62	61
16881	447	553
18141	579	538
8988	546	293
8998	259	415
14410	430	509
14175	211	80
6944	17	13
13513	276	97
14788	452	70
11335	337	427
16772	476	318
3793	534	293
15844	408	254
18323	162	52
12712	337	320
14291	500	31
5406	347	188
18181	209	121
6550	51	34
18274	452	301
18048	115	317
8281	507	410
13270	513	391
2436	149	358
11229	165	389
10547	158	447
18357	285	381
17777	201	219
10193	131	304
4330	393	390
9119	260	351
18450	532	205
4963	32	240
17896	461	266
17812	213	108
10298	391	342
8682	549	543
6037	98	240
18301	332	116
12439	457	48
14257	150	364
12714	10	518
16232	269	28
15662	504	281
16118	453	373
15033	262	512
4564	422	179
14868	195	156
7981	244	185
11809	355	501
6824	28	473
7169	553	144
1319	123	575
2717	207	73
11154	337	26
14498	356	150
3031	165	28
14848	419	255
12697	151	17
17632	492	569
2018	3	208
11525	118	456
12128	269	398
14198	91	358
17971	232	280
10831	444	401
12300	159	135
16515	79	373
15674	59	400
9422	405	37
8706	459	384
7131	125	586
1628	331	400
15411	435	335
3514	490	428
4223	275	382
17451	531	259
12232	323	328
17999	176	245
18337	138	448
15973	527	441
10575	187	434
18453	365	579
18433	314	5
17890	542	130
10890	393	332
18032	237	29
1991	460	61
17661	269	470
6145	382	389
12810	513	310
13970	90	257
8828	487	362
15180	189	189
18411	429	441
5702	244	521
12771	416	334
12701	552	31
4648	67	192
4984	328	29
7321	497	208
10066	170	68
17964	423	496
15770	538	377
11537	313	358
14770	463	151
13065	503	564
1411	78	449
18179	519	101
6283	555	566
17368	497	2
14059	73	280
16644	94	582
17288	551	209
11770	103	557
8241	561	569
12833	558	268
6984	415	337
13472	45	133
13033	271	57
11230	298	285
6743	471	71
13236	359	101
15012	451	188
16539	424	575
11582	425	114
1498	92	372
17507	530	151
10562	73	49
14891	10	587
5681	413	524
13925	55	132
13126	557	14
12123	463	170
3556	98	69
12690	93	452
16251	444	352
17379	25	59
5971	322	424
8080	445	142
11330	578	295
5119	348	543
11543	208	254
6710	420	174
16885	98	210
3012	329	476
11723	555	433
8573	213	115
2911	97	272
10990	1	65
8338	526	328
16799	464	59
11367	506	117
15805	440	409
18417	416	63
17579	234	504
7527	117	245
3311	366	230
12774	96	453
17695	572	520
2985	15	489
16759	546	296
14249	69	14
12132	151	181
18463	142	583
7386	137	84
13230	112	495
13136	549	29
8346	468	231
10581	17	488
13995	93	586
15780	299	88
15827	194	259
8959	530	92
14588	187	107
3394	478	231
15731	267	229
16632	438	339
18148	376	344
10994	218	75
1320	544	586
15214	294	255
3578	409	289
3655	547	511
3800	502	120
16544	447	53
14064	322	570
13973	429	293
4435	475	275
16508	255	193
18398	513	487
12414	87	237
15634	448	254
11855	111	121
10320	41	107
12114	524	468
16174	211	561
15530	559	509
15860	1	475
10898	16	151
14809	204	72
17860	564	587
9674	354	20
13501	227	365
10506	492	475
2644	286	581
7698	167	133
16276	553	120
12732	381	124
12081	215	417
11263	296	274
18130	426	121
9383	472	325
15769	409	64
12700	13	564
16355	375	76
16289	84	14
16925	205	217
4522	149	213
8340	80	404
14366	438	293
9583	5	461
2636	484	161
5312	314	107
17096	232	178
13725	479	362
15892	505	482
12058	147	505
6365	376	213
16062	118	447
14052	23	545
11291	234	293
5553	265	160
6858	242	554
1294	26	339
12588	363	530
1584	161	217
10271	179	563
8976	252	391
13856	536	161
17942	217	147
14532	94	85
10546	502	166
17939	495	231
14015	271	261
12875	235	180
8553	247	117
11889	588	491
15201	535	498
5218	244	113
17196	539	16
17082	241	95
13110	172	323
14135	517	505
13071	257	393
11302	323	152
3117	206	325
12420	575	584
12181	503	210
18020	79	101
13194	549	206
14709	499	275
9094	135	68
5995	577	407
18135	373	474
16257	383	1
6884	42	473
17657	385	388
10864	46	72
10534	426	188
6105	69	543
13653	471	10
14752	123	554
1656	322	293
17609	575	339
17472	259	336
16986	354	561
14045	35	336
17275	501	464
2572	201	539
6906	482	459
9062	323	265
3168	2	448
15690	453	100
13241	454	402
10211	440	289
14568	509	481
8527	312	53
1663	147	384
5017	503	531
9587	13	558
8543	292	417
17885	325	249
13099	542	178
12709	495	355
15072	245	330
4454	236	342
8234	173	427
16716	575	46
15074	121	12
17213	559	35
4731	279	39
7104	188	297
16391	413	336
14442	229	58
10502	427	202
4149	469	255
17067	423	229
12985	566	193
10181	61	37
4318	119	249
8680	520	328
10187	576	492
17473	250	194
6641	502	504
938	559	540
17765	430	307
9527	373	507
3204	237	98
5744	540	534
11778	60	568
12620	442	514
6786	65	129
14558	2	404
13358	420	474
7610	215	558
3208	188	217
1686	309	239
15989	240	69
4568	194	262
6298	83	36
7969	452	30
11129	2	102
4238	548	336
8327	105	456
7194	495	63
11698	24	476
18212	408	560
14480	185	577
18322	546	208
17417	3	584
16613	346	318
8499	434	436
9429	487	121
9585	530	340
15897	309	168
8283	53	443
15106	211	63
1531	521	540
4399	66	430
3635	167	150
6078	63	364
12859	13	170
7826	489	327
8607	485	37
3834	302	211
7592	20	44
9726	372	410
989	414	457
8875	134	312
6918	6	338
