593	463	170
595	559	449
599	452	30
600	386	269
602	327	359
605	556	33
607	72	432
616	72	51
623	317	99
634	42	377
638	154	417
640	519	359
647	352	38
652	232	311
654	195	564
666	41	126
667	56	289
670	377	190
676	423	519
679	155	480
682	501	25
683	277	45
685	257	233
692	140	104
699	57	565
726	97	244
727	541	455
728	320	570
732	184	555
734	86	444
744	471	71
750	415	259
751	101	79
762	245	330
763	407	121
764	464	497
767	328	130
772	73	549
775	305	161
801	79	507
805	116	495
813	14	341
816	336	134
819	555	93
820	196	542
822	322	424
825	88	244
835	369	2
846	545	142
850	18	116
852	205	476
862	137	276
864	499	425
865	577	275
872	513	587
876	505	325
877	549	116
886	545	469
899	128	461
900	395	494
905	511	263
908	172	61
912	21	551
916	542	130
917	492	229
919	240	55
920	124	573
921	544	29
925	185	244
928	397	382
930	272	567
931	319	487
938	272	532
939	529	276
948	319	103
954	44	219
955	171	61
958	138	201
959	227	365
969	473	411
971	490	193
972	296	572
976	10	521
980	348	270
985	437	267
990	247	575
993	187	560
995	544	370
1004	220	403
1007	444	530
1010	165	85
1015	1	311
1016	462	102
1017	520	167
1018	579	205
1020	549	186
1030	434	556
1031	399	136
1033	443	53
1039	499	183
1040	201	487
1044	20	140
1054	526	383
1057	42	92
1062	79	417
1068	522	229
1079	578	307
1081	344	583
1092	163	288
1102	536	461
1112	188	273
1119	337	427
1135	332	548
1143	237	554
1144	370	125
1146	487	511
1150	33	389
1153	38	132
1155	32	100
1159	167	374
1160	426	366
1163	271	551
1175	563	157
1176	56	195
1185	61	218
1187	478	231
1191	339	387
1196	122	247
1199	217	485
1201	404	448
1204	27	406
1209	37	417
1216	77	582
1221	521	493
1227	370	566
1233	585	437
1234	191	449
1248	321	384
1249	33	157
1252	265	411
1269	452	335
1275	334	257
1277	387	93
1281	541	450
1288	183	210
1291	174	476
1292	114	68
1293	438	184
1297	205	92
1304	562	515
1306	498	350
1312	256	36
1314	304	49
1319	218	460
1320	488	45
1324	255	193
1330	440	339
1331	393	84
1336	573	11
1340	503	110
1341	526	49
1344	229	504
1346	227	11
1348	62	144
1350	36	439
1356	569	263
1359	588	193
1364	208	510
1365	288	418
1368	51	177
1371	40	70
1375	34	476
1379	511	178
1388	250	43
1394	477	313
1396	56	372
1398	400	60
1400	205	463
1402	45	43
1405	584	205
1410	233	509
1411	221	384
1415	501	473
1416	259	517
1417	462	541
1423	444	259
1429	112	495
1433	145	571
1439	261	315
1440	506	85
1442	454	585
1450	344	376
1451	201	476
1456	348	542
1459	15	438
1462	512	55
1466	132	231
1468	447	502
1475	279	401
1478	64	199
1480	245	509
1487	548	5
1492	406	233
1494	480	59
1496	500	132
1512	38	203
1518	114	479
1532	84	252
1534	343	362
1535	208	308
1539	500	512
1541	231	330
1542	564	252
1547	187	120
1551	180	321
1552	274	77
1557	543	168
1558	34	313
1563	425	14
1565	305	143
1572	327	567
1573	79	126
1574	62	553
1582	238	89
1585	18	493
1595	318	196
1598	205	542
1601	287	268
1603	506	410
1610	162	137
1612	335	435
1624	55	588
1625	338	333
1635	130	328
1636	318	425
1638	556	544
1640	355	265
1646	124	206
1654	172	417
1655	409	83
1667	520	160
1668	497	86
1670	514	493
1672	123	575
1674	165	116
1676	350	187
1687	7	454
1690	484	97
1698	453	507
1699	525	29
1705	55	132
1706	323	581
1707	97	367
1710	243	485
1711	310	175
1715	53	344
1719	504	267
1723	495	313
1726	238	172
1728	231	344
1735	441	576
1737	526	194
1742	80	549
1748	475	517
1750	243	411
1755	272	269
1756	330	498
1761	388	494
1772	376	447
1775	338	172
1780	268	98
1782	518	495
1787	148	314
1789	465	68
1793	507	79
1799	495	14
1811	309	41
1814	437	532
1824	287	37
1827	366	305
1828	276	206
1830	343	318
1836	311	487
1841	281	502
1848	578	389
1849	282	264
1859	444	279
1860	545	172
1861	393	588
1873	445	49
1882	382	563
1886	127	60
1888	354	44
1889	40	578
1892	348	198
1897	185	577
1904	178	412
1909	296	325
1910	538	345
1913	304	184
1915	77	225
1918	220	95
1921	496	412
1924	533	315
1929	587	406
1930	47	178
1931	239	256
1934	256	437
1936	24	336
1944	427	145
1945	245	102
1946	567	149
1956	478	40
1958	269	481
1959	428	252
1962	30	446
1966	301	224
1967	70	23
1968	462	530
1973	199	516
1976	393	35
1982	248	393
1984	42	79
1988	419	387
1989	435	89
1991	285	344
1997	184	400
1998	145	233
1999	137	352
2003	161	97
2005	241	276
2011	496	61
2017	58	181
2022	472	215
2023	297	363
2025	107	14
2030	96	3
2033	411	385
2041	491	182
2042	210	29
2044	210	40
2046	340	491
2051	37	496
2056	215	276
2057	35	48
2058	485	12
2072	180	8
2076	446	410
2077	300	19
2078	566	252
2079	273	395
2090	428	490
2092	278	184
2098	471	27
2109	53	285
2110	443	104
2112	427	500
2113	578	256
2114	16	550
2118	112	73
2119	140	539
2121	505	497
2124	92	259
2130	393	252
2133	21	12
2135	498	181
2139	343	114
2143	407	433
2146	152	134
2148	75	321
2156	184	234
2158	413	136
2160	64	207
2169	46	469
2177	547	447
2183	561	569
2186	313	481
2188	302	419
2196	258	268
2201	463	151
2205	91	344
2207	58	349
2208	536	233
2210	82	2
2213	15	575
2214	236	380
2217	60	400
2221	453	326
2223	461	221
2235	218	256
2247	114	84
2251	372	527
2252	369	351
2254	181	81
2255	274	296
2263	322	428
2265	383	156
2266	490	44
2275	132	88
2276	65	194
2284	427	46
2286	183	94
2289	392	147
2294	86	404
2295	206	428
2304	438	540
2307	216	1
2312	14	495
2318	19	400
2320	312	465
2325	536	360
2326	433	173
2327	578	11
2328	176	357
2334	428	127
2341	382	9
2342	81	447
2347	358	562
2352	456	9
2358	417	412
2359	431	31
2366	264	181
2367	546	274
2371	191	225
2372	577	39
2374	382	513
2376	500	171
2378	564	300
2380	461	176
2389	80	238
2394	444	557
2401	243	238
2408	190	541
2409	464	52
2417	188	451
2418	164	164
2423	31	420
2426	363	174
2427	547	408
2428	261	331
2430	315	283
2433	153	78
2435	523	201
2443	526	455
2444	354	465
2445	149	269
2448	183	384
2449	77	546
2455	89	435
2461	438	441
2462	61	56
2466	21	390
2469	150	274
2472	533	577
2475	83	440
2476	116	88
2477	199	507
2480	399	345
2485	205	449
2486	491	483
2488	55	347
2489	261	511
2495	476	350
2496	230	121
2497	218	348
2500	28	449
2501	86	335
2507	409	240
2509	85	419
2518	198	275
2519	167	58
2523	496	519
2529	391	517
2534	585	345
2537	494	350
2541	503	362
2543	394	437
2544	35	513
2549	547	128
2554	234	30
2556	95	354
2557	93	464
2560	207	264
2568	300	559
2570	64	134
2572	187	237
2573	411	406
2584	366	325
2591	95	576
2593	150	178
2600	405	255
2605	411	466
2607	259	328
2622	346	334
2628	207	73
2631	145	142
2634	214	479
2636	32	220
2639	441	285
2643	404	165
2647	74	455
2648	264	301
2651	160	290
2653	128	588
2654	20	512
2658	101	359
2659	229	519
2664	328	468
2676	9	426
2679	513	547
2682	356	445
2686	41	515
2688	331	115
2690	547	47
2694	357	578
2699	397	123
2701	391	102
2705	109	76
2716	131	481
2717	386	461
2721	265	527
2724	343	66
2726	193	44
2729	95	241
2730	6	47
2732	493	230
2734	240	343
2742	561	232
2745	409	171
2747	242	524
2748	555	509
2749	362	182
2758	514	75
2759	234	388
2762	185	35
2765	427	409
2770	2	102
2775	588	395
2783	133	411
2784	229	15
2791	59	464
2793	237	41
2794	386	321
2797	4	449
2798	321	21
2804	483	21
2810	416	532
2812	2	311
2814	372	56
2818	386	384
2824	390	43
2828	305	113
2830	551	187
2834	582	40
2835	25	126
2848	81	139
2863	33	588
2869	268	365
2872	252	218
2874	345	14
2878	18	94
2881	184	476
2889	503	80
2892	93	51
2896	63	418
2903	247	116
2909	378	294
2911	488	520
2914	306	484
2920	59	532
2922	32	101
2929	23	137
2931	41	63
2936	300	465
2943	471	314
2954	556	471
2956	95	261
2969	201	588
2972	296	546
2975	12	506
2979	526	121
2980	511	463
2991	28	588
2994	216	381
2996	262	574
2998	455	324
3003	97	103
3006	213	43
3012	399	69
3017	356	233
3028	461	166
3043	15	489
3051	69	414
3053	332	585
3054	454	456
3056	15	205
3061	135	465
3071	110	399
3072	390	30
3074	308	341
3078	487	587
3080	95	526
3083	139	81
3085	220	148
3086	262	474
3092	418	213
3095	242	114
3096	325	399
3108	447	311
3116	214	38
3117	93	178
3127	281	15
3128	448	25
3130	555	566
3131	433	419
3132	389	196
3137	414	183
3149	25	408
3150	56	550
3161	107	399
3163	193	16
3164	577	169
3165	97	462
3167	37	296
3171	214	465
3173	295	58
3177	49	413
3186	435	236
3192	441	534
3193	181	457
3194	552	498
3195	300	342
3200	25	59
3202	565	261
3205	357	417
3207	519	496
3208	136	399
3210	253	317
3219	92	15
3227	199	229
3230	291	371
3235	451	206
3236	526	1
3240	34	333
3241	375	52
3246	469	582
3247	30	535
3250	77	38
3256	144	310
3258	113	305
3259	267	234
3265	144	553
3269	387	336
3275	492	208
3278	582	278
3283	463	205
3285	408	255
3295	408	547
3305	341	94
3306	196	556
3311	205	45
3312	415	438
3313	13	449
3330	266	541
3333	172	548
3335	178	205
3336	82	22
3339	194	421
3341	61	409
3343	13	137
3347	514	126
3351	45	17
3359	210	98
3360	183	307
3376	439	225
3378	218	197
3385	378	341
3390	252	458
3391	199	372
3394	142	273
3396	87	547
3402	128	105
3413	229	522
3414	583	104
3429	489	52
3430	257	434
3431	10	506
3435	279	548
3439	364	293
3445	418	174
3446	64	409
3451	449	212
3458	62	460
3464	178	26
3469	199	565
3470	554	537
3478	264	476
3484	133	319
3487	488	205
3495	429	439
3498	497	41
3500	418	586
3503	393	477
3504	579	213
3508	425	359
3512	475	455
3527	277	151
3531	542	356
3535	29	518
3540	527	205
3543	266	380
3545	267	226
3546	466	588
3552	247	83
3553	520	246
3559	168	228
3564	237	126
3566	121	195
3569	346	9
3571	301	582
3575	11	400
3577	300	354
3586	174	458
3594	479	277
3597	161	95
3601	451	559
3603	453	554
3606	440	255
3610	76	108
3612	134	191
3613	40	355
3617	10	209
3624	476	362
3625	453	582
3636	53	213
3640	94	176
3641	516	15
3642	154	423
3648	93	308
3650	457	390
3654	573	194
3656	144	315
3657	159	409
3658	203	38
3661	265	172
3665	176	559
3666	300	188
3673	318	503
3678	243	498
3684	546	293
3688	52	13
3693	92	169
3697	27	13
3701	121	350
3703	41	497
3710	322	130
3711	174	513
3713	401	1
3714	300	69
3715	393	395
3717	403	553
3726	521	433
3727	401	383
3728	64	26
3730	45	232
3735	183	524
3736	369	510
3738	38	172
3754	419	255
3755	8	247
3760	59	348
3761	401	514
3765	444	185
3768	24	83
3769	212	152
3776	129	475
3777	135	409
3780	582	94
3782	574	262
3787	102	117
3790	378	308
3793	178	476
3798	1	246
3800	70	468
3810	133	498
3822	29	280
3824	285	160
3826	188	568
3828	344	183
3831	291	515
3834	526	381
3839	140	199
3848	489	553
3851	523	416
3853	400	506
3858	23	84
3861	35	466
3862	93	26
3865	480	126
3869	554	196
3870	372	259
3877	485	4
3878	456	28
3892	158	49
3894	17	411
3898	365	7
3905	406	411
3908	579	365
3910	573	43
3911	464	79
3917	468	537
3919	373	154
3927	410	584
3938	333	268
3952	212	110
3956	205	83
3959	24	320
3965	118	552
3967	331	241
3970	317	253
3973	356	520
3975	310	405
3978	35	273
3982	344	149
3989	142	250
3990	325	472
3993	121	475
3998	389	411
4005	527	184
4008	228	233
4013	7	70
4017	230	493
4023	32	543
4025	474	406
4030	172	265
4034	49	588
4035	520	17
4039	33	231
4041	237	294
4042	212	561
4047	497	505
4055	132	491
4056	315	122
4059	522	492
4068	52	471
4070	70	476
4073	153	449
4080	5	524
4084	414	498
4086	78	16
4087	348	269
4088	135	453
4091	490	80
4093	527	337
4102	520	411
4103	526	273
4104	175	317
4105	6	218
4113	381	216
4114	438	42
4124	507	208
4134	201	50
4135	426	66
4137	226	477
4138	149	291
4143	583	142
4148	449	379
4155	345	74
4161	417	61
4163	394	178
4167	216	297
4173	317	565
4184	159	224
4185	270	180
4190	45	492
4191	207	532
4192	340	217
4202	408	296
4203	215	148
4205	193	219
4209	142	445
4212	403	395
4213	123	497
4218	546	62
4222	548	332
4225	109	142
4226	256	39
4227	561	390
4229	49	521
4231	207	337
4238	255	582
4244	326	93
4246	426	192
4248	466	491
4255	375	385
4262	332	30
4267	95	533
4279	51	114
4282	377	418
4286	239	481
4287	149	461
4296	563	346
4297	420	81
4299	269	384
4302	584	476
4317	50	546
4321	161	217
4322	360	536
4323	399	358
4324	26	387
4325	375	587
4328	339	415
4330	423	368
4331	102	245
4335	94	505
4336	83	64
4354	533	219
4357	458	541
4369	520	328
4371	511	158
4372	212	577
4376	166	136
4381	153	157
4390	371	455
4393	195	81
4394	480	41
4395	264	176
4396	412	218
4397	14	491
4401	334	198
4407	509	291
4411	335	325
4412	344	91
4420	493	18
4422	153	172
4427	366	351
4428	233	151
4431	300	146
4441	441	234
4449	52	232
4452	561	559
4459	540	373
4461	314	256
4462	234	504
4463	191	307
4465	487	503
4467	2	9
4471	476	523
4473	89	238
4479	360	376
4483	147	552
4484	4	38
4488	37	287
4494	314	5
4495	515	283
4496	559	210
4497	184	30
4502	172	88
4509	362	487
4515	433	11
4519	176	233
4527	12	415
4528	33	247
4530	132	229
4535	38	214
4536	88	49
4537	300	574
4538	469	409
4542	344	250
4550	414	419
4559	387	207
4562	21	27
4564	171	427
4566	88	267
4569	88	506
4580	195	56
4581	484	272
4589	285	390
4592	322	19
4594	530	444
4597	492	569
4609	110	245
4611	341	224
4613	531	84
4615	187	245
4620	542	526
4621	121	126
4623	250	341
4632	107	128
4633	438	207
4636	64	357
4637	66	324
4648	442	558
4655	498	9
4656	134	444
4661	27	165
4667	251	211
4672	511	569
4678	474	101
4680	290	311
4687	528	172
4692	525	490
4693	415	214
4697	504	56
4701	182	483
4705	435	571
4706	97	512
4711	227	134
4718	190	18
4721	395	33
4725	52	51
4726	259	194
4728	258	365
4731	11	59
4736	405	392
4742	584	308
4747	40	350
4748	534	510
4749	228	493
4750	332	514
4758	379	314
4759	210	347
4764	585	414
4766	418	487
4768	554	543
4771	585	88
4773	296	38
4774	391	246
4778	420	588
4779	359	281
4782	414	193
4786	506	169
4787	213	108
4789	494	118
4800	469	522
4808	296	85
4809	462	41
4813	124	293
4815	278	469
4828	304	400
4840	577	219
4844	338	218
4847	352	404
4848	476	312
4849	208	480
4858	30	512
4859	443	183
4860	425	510
4861	176	421
4865	261	324
4869	422	460
4876	228	399
4882	564	513
4885	113	350
4886	491	242
4887	419	308
4890	500	49
4891	575	387
4894	355	462
4895	121	457
4899	104	183
4901	296	303
4909	534	576
4923	498	31
4933	88	549
4935	543	212
4938	315	365
4939	25	501
4940	49	17
4944	413	367
4948	291	541
4950	320	486
4964	568	261
4965	328	126
4966	349	220
4970	542	328
4972	540	94
4974	355	354
4975	290	475
4976	47	351
4979	213	384
4983	535	13
4984	236	20
4985	13	539
4988	133	473
4992	409	229
5000	565	60
5004	428	350
5005	2	254
5007	200	351
5009	525	494
5011	432	311
5013	442	340
5015	122	381
5016	490	251
5017	494	382
5018	304	21
5024	357	245
5026	502	405
5028	288	313
5032	399	183
5037	495	123
5040	226	233
5048	320	171
5049	523	200
5054	355	442
5070	225	379
5075	498	288
5076	451	243
5083	154	499
5084	579	107
5087	13	151
5089	172	534
5097	184	305
5098	464	404
5103	506	216
5113	551	125
5115	543	556
5118	15	474
5119	554	123
5125	447	342
5126	300	279
5127	68	411
5134	442	493
5139	110	128
5140	212	552
5145	62	218
5146	10	154
5151	7	274
5152	222	9
5156	383	541
5159	45	461
5160	376	505
5172	220	383
5174	384	386
5183	111	403
5189	572	280
5198	110	434
5200	214	352
5206	366	528
5207	517	186
5216	449	153
5218	297	384
5221	457	414
5232	293	140
5236	45	272
5246	362	204
5247	406	300
5252	138	448
5254	172	360
5257	368	514
5265	374	522
5267	339	24
5272	290	569
5275	313	330
5276	471	405
5277	34	496
5286	252	533
5290	352	214
5297	92	393
5299	49	280
5306	99	57
5312	110	120
5315	427	159
5316	522	320
5317	548	279
5321	541	462
5322	6	558
5325	557	444
5331	409	61
5336	522	208
5339	584	555
5345	144	353
5348	193	506
5364	335	300
5366	225	191
5373	38	411
5381	357	85
5388	430	523
5392	69	237
5393	83	24
5395	249	143
5398	278	559
5399	416	334
5406	433	510
5412	87	330
5415	495	362
5418	120	410
5420	23	363
5428	199	60
5429	227	323
5433	583	213
5434	450	262
5437	121	12
5439	123	256
5440	291	538
5443	24	259
5445	252	273
5446	282	172
5447	462	332
5448	476	174
5450	572	356
5453	297	156
5455	475	383
5458	337	473
5467	361	219
5476	94	194
5477	183	344
5484	358	33
5490	458	525
5502	426	300
5503	216	482
5506	324	450
5512	120	540
5517	351	487
5518	499	540
5524	121	476
5531	465	145
5536	13	422
5539	432	569
5544	479	548
5550	144	535
5552	114	343
5556	310	494
5557	390	529
5568	10	571
5571	53	380
5574	289	278
5576	578	434
5577	501	328
5579	523	430
5580	391	434
5581	355	40
5589	337	570
5590	208	254
5591	242	559
5594	7	514
5599	160	155
5612	29	227
5619	548	386
5620	504	502
5622	172	413
5627	261	383
5633	227	233
5639	169	92
5644	301	87
5645	476	53
5647	255	4
5654	384	321
5662	505	147
5663	424	214
5676	555	319
5680	493	540
5686	210	239
5687	4	57
5692	152	323
5693	159	507
5695	364	330
5698	256	63
5702	8	157
5703	265	259
5704	199	423
5712	72	177
5717	43	213
5723	39	198
5730	465	475
5737	92	95
5740	453	318
5741	268	215
5747	5	536
5750	532	382
5760	320	145
5761	27	405
5774	374	171
5775	184	293
5777	62	362
5778	540	559
5780	49	475
5791	343	515
5808	436	269
5820	169	127
5826	3	441
5828	168	245
5834	461	183
5836	225	267
5837	92	339
5842	492	441
5843	547	296
5844	482	344
5851	148	334
5854	242	554
5865	356	410
5868	527	339
5870	217	377
5875	98	354
5884	469	255
5885	318	348
5889	150	130
5895	326	47
5898	183	426
5900	250	309
5901	513	518
5907	429	438
5913	64	159
5916	552	133
5919	473	84
5920	324	188
5923	321	76
5925	311	475
5926	241	535
5927	144	62
5939	582	46
5940	154	154
5943	265	461
5944	96	296
5946	40	118
5947	386	380
5948	80	503
5956	411	68
5957	116	529
5963	585	485
5967	368	205
5968	534	287
5971	355	144
5974	373	3
5975	471	10
5978	432	229
5982	85	93
5984	370	317
5989	86	336
5992	87	105
5995	123	18
6000	584	207
6001	412	460
6003	377	220
6013	292	218
6018	533	335
6024	476	559
6025	413	341
6026	408	3
6031	170	130
6037	378	230
6038	521	121
6042	273	49
6043	469	427
6048	526	230
6050	68	548
6056	520	548
6057	15	339
6068	27	299
6069	191	153
6075	1	55
6078	289	56
6080	36	83
6082	558	355
6084	501	184
6085	426	209
6091	428	517
6093	448	126
6103	344	124
6105	442	503
6107	473	277
6118	36	409
6123	205	137
6124	228	571
6126	467	294
6132	419	419
6133	68	177
6134	437	461
6135	131	241
6137	311	419
6139	526	475
6144	275	8
6145	311	408
6146	19	491
6149	122	573
6157	538	110
6165	491	231
6167	143	571
6168	23	548
6179	279	491
6182	443	455
6186	256	179
6190	28	153
6206	84	114
6207	288	494
6208	134	584
6210	342	261
6218	167	95
6221	478	528
6227	255	447
6234	427	570
6235	487	240
6237	96	128
6240	30	152
6249	237	453
6252	13	420
6264	229	502
6267	383	261
6270	280	473
6272	352	577
6274	573	391
6275	218	159
6277	487	263
6283	462	363
6288	414	408
6291	237	87
6294	400	498
6296	147	365
6298	481	313
6301	107	124
6304	373	499
6307	320	337
6308	226	274
6309	326	494
6312	410	42
6315	477	248
6319	50	40
6326	500	316
6332	441	308
6335	383	195
6343	148	344
6345	268	204
6346	82	302
6354	195	55
6357	336	340
6361	387	337
6363	562	399
6367	469	440
6369	7	198
6372	538	256
6374	485	222
6375	454	48
6399	81	181
6404	378	568
6405	499	219
6406	349	504
6407	517	451
6410	461	194
6414	66	351
6430	565	57
6432	79	208
6438	31	133
6443	168	365
6446	490	295
6454	124	325
6456	472	574
6461	173	276
6462	315	274
6467	295	485
6468	318	377
6469	54	475
6473	88	73
6475	458	564
6477	406	499
6478	439	461
6481	119	334
6500	325	519
6514	6	204
6515	488	13
6516	31	521
6521	219	345
6529	266	167
6534	264	73
6538	306	40
6540	253	99
6545	551	74
6547	259	169
6553	234	418
6556	472	88
6557	213	443
6560	315	261
6569	98	237
6580	427	337
6582	13	558
6584	144	60
6587	17	142
6589	588	376
6598	29	336
6601	500	440
6602	461	266
6603	581	545
6608	63	461
6609	84	86
6612	447	150
6615	559	409
6616	448	464
6619	291	76
6634	147	346
6636	370	95
6637	255	52
6638	4	301
6647	180	70
6650	246	514
6652	232	408
6653	245	430
6669	219	563
6670	101	525
6677	487	164
6678	49	273
6679	439	314
6680	340	557
6687	34	62
6688	543	233
6694	182	509
6697	281	519
6705	219	87
6707	414	296
6711	326	52
6719	205	262
6739	511	326
6741	180	235
6743	259	336
6745	38	230
6756	57	580
6757	201	251
6759	487	351
6761	256	312
6766	144	479
6773	105	447
6775	138	22
6780	27	504
6781	350	490
6784	79	453
6787	578	200
6794	42	82
6804	531	401
6805	490	393
6806	383	125
6807	426	297
6808	386	548
6818	475	129
6824	518	211
6825	104	399
6828	512	97
6830	309	107
6831	208	293
6841	429	278
6849	134	230
6851	447	232
6852	419	547
6854	550	447
6856	372	409
6868	71	140
6869	324	426
6879	522	540
6884	458	252
6896	91	149
6897	441	391
6901	45	394
6903	220	354
6905	134	136
6909	257	315
6917	12	297
6922	270	418
6925	301	439
6937	70	180
6938	246	531
6940	132	38
6941	28	235
6946	339	337
6948	167	253
6951	576	445
6952	339	247
6956	215	496
6958	511	296
6959	294	84
6960	322	575
6963	274	69
6966	11	166
6967	476	70
6980	26	64
6982	93	254
6989	503	198
6996	414	7
6999	367	330
7000	84	33
7005	520	488
7010	78	12
7014	546	325
7017	415	444
7024	165	404
7029	408	462
7030	347	132
7031	101	460
7034	549	237
7038	69	145
7045	60	188
7052	26	259
7055	543	17
7059	174	555
7060	140	358
7061	490	428
7064	124	491
7070	344	455
7076	99	253
7077	439	571
7083	219	221
7092	131	315
7094	396	559
7095	417	333
7108	261	198
7109	540	521
7116	374	160
7123	273	242
7131	32	80
7135	538	242
7136	455	381
7142	582	399
7146	33	416
7150	400	439
7154	480	92
7157	323	13
7169	522	3
7170	359	229
7171	114	481
7183	134	516
7184	273	585
7190	547	191
7194	348	200
7195	83	207
7197	209	367
7201	54	298
7205	519	429
7208	541	383
7210	294	476
7217	234	461
7226	13	113
7232	312	495
7234	328	280
7236	30	458
7246	517	41
7248	498	433
7249	504	129
7250	233	473
7255	484	434
7256	357	90
7258	320	545
7260	101	519
7267	107	430
7269	87	275
7270	399	107
7272	274	315
7274	148	215
7276	317	106
7280	159	460
7292	69	12
7296	502	272
7297	52	26
7298	410	540
7306	174	341
7312	232	539
7313	52	6
7314	426	239
7315	122	125
7321	485	563
7329	45	509
7333	558	274
7334	369	47
7336	180	532
7337	411	336
7342	104	307
7344	252	219
7350	395	78
7351	543	465
7353	287	72
7354	553	489
7355	361	131
7356	326	190
7357	163	434
7360	543	554
7361	102	382
7365	429	319
7370	92	438
7373	198	503
7376	406	587
7383	245	357
7390	297	571
7391	356	151
7399	39	332
7401	546	581
7402	482	384
7406	515	426
7410	243	137
7411	213	476
7415	200	203
7426	544	389
7430	426	271
7434	171	46
7441	181	285
7447	429	534
7452	488	155
7455	557	201
7457	235	494
7470	123	29
7478	543	39
7483	105	513
7485	210	578
7490	233	286
7499	453	234
7512	339	259
7513	328	542
7516	24	199
7520	296	464
7521	208	584
7522	166	56
7529	309	258
7531	337	247
7535	409	469
7536	42	438
7539	430	307
7541	168	227
7548	276	476
7549	522	584
7552	419	85
7557	266	170
7559	570	303
7564	450	526
7567	442	201
7569	552	403
7570	239	63
7571	438	24
7579	94	14
7586	410	26
7587	39	55
7588	92	530
7592	428	322
7602	534	197
7604	441	184
7613	559	440
7616	280	49
7628	419	177
7632	512	233
7637	545	49
7639	519	540
7642	403	246
7647	472	328
7654	365	107
7658	358	313
7659	274	34
7662	142	298
7663	328	207
7671	204	287
7674	363	30
7675	473	38
7679	409	507
7680	201	128
7686	4	453
7687	129	476
7688	134	476
7691	218	129
7698	476	339
7720	92	42
7723	125	586
7725	314	10
7727	84	383
7729	513	174
7735	316	440
7737	132	35
7740	393	332
7741	59	234
7742	411	6
7743	384	399
7761	313	369
7764	18	437
7766	223	213
7768	539	57
7777	72	497
7785	90	104
7788	462	510
7799	489	141
7801	157	198
7802	383	27
7803	325	74
7804	45	488
7808	329	27
7816	213	380
7818	300	407
7823	488	328
7835	374	294
7837	365	165
7844	96	319
7851	99	188
7861	571	10
7863	77	581
7865	546	103
7866	264	276
7882	184	245
7885	38	560
7892	567	346
7898	28	209
7915	73	112
7918	374	278
7919	354	363
7924	507	154
7928	557	429
7935	384	515
7936	131	304
7939	385	370
7940	157	498
7946	293	364
7948	581	286
7953	23	450
7954	13	52
7956	47	419
7966	512	243
7971	543	14
7972	63	586
7973	228	168
7980	403	455
7981	215	249
7995	489	478
7997	297	370
8018	245	117
8027	441	429
8028	32	393
8033	101	240
8035	46	582
8037	581	130
8038	270	318
8046	420	31
8051	386	63
8052	429	3
8058	100	400
8061	32	559
8069	211	295
8070	585	455
8072	472	218
8073	148	249
8076	425	341
8077	542	150
8085	297	518
8089	90	484
8090	433	491
8093	362	496
8097	272	45
8102	512	30
8103	369	213
8106	193	393
8119	517	230
8120	59	364
8121	582	181
8127	92	507
8132	193	490
8140	405	300
8148	532	102
8150	91	475
8155	363	383
8156	35	242
8158	502	229
8162	27	65
8165	410	199
8166	43	160
8171	69	549
8174	470	283
8175	527	507
8176	293	322
8178	45	487
8180	572	130
8182	438	83
8187	562	149
8189	482	209
8192	208	58
8194	296	547
8195	535	144
8196	107	41
8198	355	352
8202	141	141
8203	259	217
8209	576	278
8212	214	300
8215	31	317
8219	581	77
8220	218	12
8226	240	131
8230	471	406
8234	567	446
8235	126	138
8238	281	353
8240	101	504
8242	267	504
8247	350	210
8252	448	419
8257	290	374
8260	399	524
8261	281	160
8263	160	49
8268	529	165
8269	476	210
8273	159	181
8281	432	322
8282	130	434
8296	377	55
8300	48	20
8301	341	187
8302	57	151
8303	515	2
8309	226	257
8310	570	488
8311	387	199
8312	276	189
8319	426	515
8320	294	467
8323	174	487
8326	165	101
8327	62	229
8332	308	234
8335	308	364
8344	174	65
8345	336	420
8346	210	183
8351	328	142
8352	289	69
8363	538	129
8364	513	487
8365	87	533
8368	189	513
8370	81	129
8371	577	544
8372	400	428
8376	557	577
8378	402	454
8380	539	263
8383	42	497
8384	37	4
8392	314	40
8393	518	513
8396	544	270
8397	84	85
8402	111	201
8412	463	329
8417	108	199
8430	434	502
8441	131	70
8444	434	201
8448	560	350
8457	445	130
8459	355	539
8460	344	104
8463	503	248
8465	434	573
8471	473	305
8484	62	15
8487	142	576
8488	237	289
8490	316	582
8492	19	407
8493	432	45
8496	378	206
8499	525	179
8501	243	48
8503	4	261
8504	36	440
8506	296	232
8511	488	411
8513	137	449
8514	537	183
8521	401	225
8524	36	580
8532	284	399
8534	191	9
8538	584	336
8551	423	31
8555	110	34
8556	351	164
8557	369	462
8559	512	192
8562	203	27
8565	347	84
8566	321	567
8567	416	268
8573	507	134
8576	230	571
8579	303	366
8580	207	437
8588	557	67
8595	580	53
8601	450	67
8603	37	52
8605	208	61
8607	318	100
8611	456	494
8612	402	8
8613	412	496
8615	170	461
8620	216	217
8643	268	282
8645	380	506
8647	198	147
8652	527	247
8655	268	417
8656	37	140
8661	251	249
8669	252	428
8679	19	322
8682	45	167
8685	76	258
8705	137	436
8722	26	438
8726	429	557
8744	66	266
8746	347	226
8753	551	390
8762	126	576
8765	545	548
8770	22	165
8778	275	315
8781	3	546
8786	186	8
8787	41	183
8789	57	140
8794	153	163
8796	178	25
8804	324	266
8807	272	502
8813	336	334
8815	581	319
8816	334	148
8819	27	471
8820	530	574
8822	493	173
8828	448	404
8832	278	316
8841	208	3
8850	424	432
8853	204	159
8859	435	475
8865	184	155
8867	88	132
8871	58	150
8880	69	314
8885	228	198
8887	116	84
8888	476	329
8894	245	343
8899	526	246
8900	59	186
8903	516	207
8904	78	456
8908	217	259
8915	52	162
8919	94	557
8926	580	439
8927	60	310
8935	384	297
8940	411	290
8941	511	25
8945	465	114
8949	206	143
8952	384	583
8953	363	297
8958	150	408
8961	230	389
8966	82	86
8968	444	252
8976	449	454
8982	390	391
8986	433	174
8989	498	457
8991	403	36
8993	413	548
9001	384	315
9003	537	453
9014	523	360
9016	117	247
9017	553	561
9026	465	215
9034	360	128
9038	34	417
9039	374	530
9044	138	501
9050	138	120
9057	522	145
9064	148	129
9066	35	128
9067	497	516
9070	494	370
9073	324	551
9076	495	418
9080	206	31
9085	460	411
9087	493	224
9090	9	495
9098	332	393
9105	67	195
9113	458	414
9114	252	454
9119	237	187
9126	480	488
9130	475	23
9132	115	223
9133	450	455
9134	120	29
9136	273	1
9139	581	439
9141	218	274
9145	41	315
9149	22	61
9157	481	274
9160	90	367
9163	294	434
9168	220	121
9174	517	352
9176	131	194
9177	556	554
9188	316	302
9194	409	398
9198	57	247
9200	354	161
9203	322	72
9206	563	198
9209	102	487
9214	291	358
9224	529	341
9225	549	501
9226	474	159
9229	209	180
9230	343	463
9235	516	134
9236	501	488
9237	69	27
9240	11	102
9241	1	403
9255	233	176
9257	230	227
9264	109	13
9268	27	21
9272	177	362
9275	69	14
9276	221	183
9280	143	115
9281	577	206
9283	334	121
9288	219	388
9289	460	453
9290	506	97
9292	151	139
9293	430	509
9295	154	27
9296	150	49
9305	101	289
9313	557	23
9314	492	3
9321	506	12
9323	492	158
9329	499	537
9337	559	316
9340	230	526
9366	123	397
9376	20	434
9377	387	387
9379	87	100
9388	294	425
9390	395	273
9391	386	272
9394	160	389
9396	385	510
9400	439	581
9404	396	151
9409	504	329
9415	428	563
9419	130	13
9421	21	302
9424	220	586
9425	156	573
9432	265	564
9434	559	396
9437	94	408
9439	574	531
9440	279	92
9441	296	408
9448	542	445
9451	524	495
9457	33	401
9462	89	172
9465	423	446
9470	410	336
9475	218	352
9485	521	49
9492	346	485
9494	495	524
9498	210	416
9504	293	184
9512	441	298
9514	66	423
9519	335	219
9525	323	227
9528	85	201
9529	269	330
9530	140	306
9533	472	159
9542	216	427
9543	473	28
9548	330	87
9553	69	85
9555	370	533
9569	437	73
9574	50	519
9577	166	360
9578	147	228
9579	304	19
9583	357	140
9586	496	144
9589	365	149
9591	353	353
9595	493	198
9598	241	167
9600	152	163
9605	117	506
9612	408	311
9615	238	454
9617	546	499
9618	372	516
9621	86	254
9626	356	150
9632	233	227
9637	399	91
9647	276	215
9653	412	302
9656	414	324
9657	215	472
9666	145	545
9667	92	575
9668	463	129
9669	512	314
9671	126	2
9672	329	349
9673	362	479
9676	585	371
9677	75	63
9686	160	167
9687	336	165
9691	432	123
9704	123	126
9710	234	411
9713	304	155
9721	285	441
9724	181	57
9729	511	414
9730	584	15
9731	321	535
9739	372	42
9745	353	496
9747	510	278
9748	462	400
9749	547	182
9752	52	177
9759	486	511
9763	7	248
9764	25	86
9767	276	413
9768	161	585
9769	429	58
9771	296	150
9772	563	219
9773	532	485
9779	585	332
9781	295	498
9782	239	309
9783	320	24
9786	317	276
9787	163	508
9793	31	276
9806	527	476
9808	193	159
9809	165	529
9810	21	120
9811	324	262
9812	52	248
9819	180	422
9825	199	271
9826	460	101
9834	347	472
9838	357	453
9842	240	437
9846	68	144
9849	210	410
9852	351	369
9858	406	439
9859	327	327
9861	201	27
9864	578	224
9865	492	511
9867	419	542
9869	297	10
9871	234	492
9872	72	316
9878	510	385
9882	450	344
9887	344	528
9890	411	265
9896	195	437
9906	526	95
9910	146	4
9911	522	289
9915	29	266
9920	291	33
9923	62	72
9931	231	33
9933	494	243
9934	385	369
9935	419	414
9938	581	548
9942	500	545
9949	389	285
9954	440	145
9962	227	315
9969	496	72
9972	413	275
9978	476	438
9979	382	174
9986	101	171
9990	488	425
9993	351	66
9995	168	462
9996	488	319
10007	189	189
10009	461	157
10013	312	211
10016	288	449
10020	63	239
10022	536	45
10028	293	369
10033	268	292
10044	220	324
10051	135	159
10052	164	312
10053	64	135
10055	428	169
10058	30	406
10062	138	464
10075	172	286
10087	58	167
10088	280	572
10092	454	252
10095	490	382
10099	358	291
10100	76	306
10105	19	192
10107	533	296
10120	184	510
10125	57	181
10133	43	390
10143	219	19
10144	97	272
10145	184	129
10153	179	397
10155	579	50
10161	263	45
10166	12	216
10183	169	393
10186	453	18
10187	403	194
10189	499	359
10191	29	98
10193	405	306
10198	280	349
10201	269	436
10205	445	409
10208	9	360
10211	216	545
10212	434	366
10215	480	404
10216	578	295
10224	544	577
10227	382	395
10229	150	364
10245	567	269
10246	491	39
10252	555	429
10253	221	482
10256	524	14
10258	145	171
10271	254	126
10274	131	168
10288	321	147
10290	202	303
10292	203	453
10295	283	33
10298	76	190
10300	423	66
10304	219	77
10306	71	351
10309	25	77
10311	564	67
10312	123	237
10315	399	182
10316	354	345
10320	470	97
10326	50	201
10331	29	361
10333	555	441
10335	310	225
10339	421	413
10340	365	515
10342	475	54
10362	251	559
10367	401	249
10375	559	466
10384	67	194
10394	380	213
10396	529	367
10398	516	83
10400	33	221
10401	15	247
10402	64	476
10404	195	453
10405	515	126
10407	352	464
10408	336	83
10410	265	473
10411	265	516
10412	558	199
10416	357	358
10419	21	437
10421	495	183
10426	382	514
10435	255	16
10438	515	361
10440	131	286
10446	541	477
10449	300	214
10450	168	481
10453	346	118
10455	183	562
10459	502	318
10460	308	184
10471	305	411
10478	291	452
10480	58	160
10481	213	530
10484	366	344
10485	329	129
10487	269	152
10492	380	439
10496	160	413
10498	193	354
10502	106	297
10509	33	84
10510	225	354
10518	452	586
10523	313	363
10534	201	121
10540	158	263
10549	50	71
10552	332	181
10555	523	434
10565	24	265
10568	200	478
10571	414	69
10573	222	449
10581	559	242
10584	246	113
10594	515	237
10595	405	59
10597	573	330
10600	59	138
10626	110	459
10632	418	378
10636	355	581
10637	98	13
10643	32	19
10652	22	36
10654	89	536
10655	467	153
10656	169	162
10660	519	101
10668	586	209
10673	255	203
10678	80	497
10680	59	382
10689	298	344
10697	184	343
10698	187	107
10701	7	332
10704	442	477
10707	247	57
10708	184	425
10712	160	343
10717	290	538
10724	156	324
10732	478	182
10734	475	228
10735	398	410
10736	40	582
10740	584	516
10748	33	19
10755	287	411
10760	246	249
10761	437	195
10767	348	159
10773	254	178
10779	491	518
10780	1	290
10784	60	87
10787	56	67
10789	47	37
10790	188	426
10794	268	416
10795	62	417
10803	165	487
10812	264	207
10813	400	304
10818	85	502
10820	340	213
10822	502	446
10824	87	257
10828	21	47
10831	340	393
10833	542	93
10835	271	107
10836	521	540
10842	432	475
10844	185	393
10864	107	40
10865	507	516
10872	409	320
10873	18	326
10875	339	26
10876	84	88
10877	23	70
10878	582	427
10880	350	334
10890	192	67
10891	435	585
10892	131	483
10894	252	391
10899	31	249
10900	368	423
10901	52	96
10907	233	85
10908	515	586
10925	30	71
10926	24	415
10929	294	374
10932	120	226
10936	434	272
10941	397	111
10944	184	278
10946	255	419
10947	382	529
10949	243	163
10959	25	93
10963	504	511
10978	535	95
10980	33	514
10984	307	399
10985	168	570
10988	473	575
10990	81	550
10993	144	177
10995	293	47
10999	376	34
11004	483	251
11005	444	332
11009	551	203
11012	530	262
11019	373	359
11025	299	18
11028	198	41
11031	279	193
11032	124	381
11038	333	338
11045	79	352
11048	438	507
11055	441	434
11056	209	379
11057	156	67
11060	58	572
11063	359	489
11066	184	534
11076	247	265
11077	333	72
11086	357	135
11094	183	231
11104	360	85
11107	559	117
11109	243	114
11118	352	355
11133	72	114
11143	155	66
11150	127	568
11152	267	237
11161	49	548
11162	42	570
11165	45	396
11166	414	303
11168	216	366
11175	555	224
11176	52	164
11180	498	224
11185	170	451
11187	365	399
11190	480	25
11195	573	124
11197	252	352
11208	69	98
11209	491	279
11217	105	284
11218	274	549
11220	388	19
11223	172	34
11231	499	471
11233	426	122
11236	572	572
11242	354	300
11243	155	488
11256	228	172
11258	570	42
11260	362	287
11262	585	267
11263	538	570
11266	537	148
11270	13	170
11293	449	571
11297	43	21
11300	294	201
11302	135	42
11309	55	512
11314	291	335
11315	293	474
11316	35	20
11317	435	342
11327	298	475
11331	444	336
11335	342	450
11340	220	112
11343	465	135
11344	284	318
11347	228	45
11348	496	159
11349	318	110
11352	183	358
11353	409	101
11360	336	372
11366	167	280
11367	5	481
11370	451	491
11379	420	157
11380	173	297
11382	537	561
11385	508	363
11389	186	295
11392	541	213
11395	45	277
11398	434	128
11400	34	534
11401	366	426
11412	565	100
11413	458	262
11417	198	351
11419	146	368
11425	70	147
11427	159	427
11429	483	364
11433	535	32
11438	586	255
11440	426	201
11445	239	224
11446	24	134
11464	265	355
11476	535	463
11477	244	531
11479	112	36
11480	237	69
11481	305	167
11484	24	337
11486	527	24
11489	435	227
11491	247	474
11492	37	494
11494	496	204
11497	270	349
11501	572	58
11502	327	141
11504	385	429
11514	426	551
11519	317	261
11525	74	143
11528	456	326
11530	468	84
11532	35	413
11533	230	481
11539	36	267
11540	563	179
11547	94	303
11548	106	407
11559	3	103
11560	101	372
11563	124	414
11568	409	167
11570	48	457
11572	451	429
11574	71	402
11575	133	206
11579	342	236
11582	285	57
11587	267	418
11592	19	361
11596	96	557
11597	45	205
11598	172	528
11606	46	424
11607	73	437
11611	239	131
11613	302	316
11614	89	380
11627	558	548
11629	181	151
11632	483	180
11633	64	473
11634	176	536
11635	514	14
11637	500	173
11643	473	15
11645	29	256
11650	187	180
11654	233	365
11655	495	426
11656	391	162
11658	570	377
11660	341	163
11668	515	315
11679	64	575
11681	193	414
11682	275	546
11686	506	484
11687	500	278
11693	379	240
11695	228	41
11698	512	35
11704	526	450
11705	360	484
11712	72	445
11714	248	71
11723	528	181
11724	66	362
11732	269	100
11737	176	245
11750	93	547
11752	193	283
11757	68	170
11758	405	503
11760	435	370
11761	471	471
11764	561	80
11769	12	181
11770	377	570
11774	447	54
11776	33	75
11780	338	460
11781	437	31
11783	411	496
11788	96	201
11791	312	53
11801	194	573
11805	501	497
11807	469	316
11809	149	75
11811	186	238
11813	375	405
11830	458	324
11832	222	498
11853	515	192
11855	210	63
11864	186	34
11866	546	429
11867	527	415
11868	224	159
11872	541	266
11874	263	569
11875	213	376
11881	27	554
11884	346	369
11885	152	75
11889	513	323
11890	439	172
11899	128	318
11909	549	226
11910	423	423
11913	137	113
11914	585	221
11916	473	133
11919	433	555
11925	470	453
11926	495	129
11930	425	308
11933	413	160
11935	117	264
11937	154	64
11940	231	132
11944	558	411
11945	528	341
11949	344	366
11953	142	190
11954	364	81
11957	62	282
11972	224	251
11973	99	115
11980	72	412
11988	156	195
11994	36	101
12002	359	315
12011	3	446
12022	422	395
12027	416	12
12028	350	225
12044	151	396
12051	526	65
12054	409	486
12056	339	476
12061	13	157
12063	56	398
12067	503	210
12068	587	462
12078	6	408
12080	132	188
12083	219	588
12084	484	433
12086	408	414
12092	440	372
12099	556	227
12103	75	436
12104	231	120
12107	529	116
12110	469	46
12120	241	331
12121	1	432
12122	410	210
12128	325	213
12129	332	8
12130	258	335
12132	55	148
12137	429	77
12138	510	369
12139	520	49
12145	181	159
12151	371	437
12152	178	326
12154	410	207
12161	502	503
12163	441	492
12164	179	327
12174	266	582
12177	297	506
12178	205	337
12181	229	492
12182	1	263
12183	133	305
12190	406	27
12193	234	537
12196	319	96
12198	99	485
12201	505	256
12209	302	333
12218	481	478
12219	63	354
12221	287	333
12225	513	35
12230	132	58
12231	106	216
12232	321	3
12236	210	226
12237	556	343
12241	232	1
12244	335	258
12247	561	476
12249	19	85
12253	233	228
12261	523	506
12265	199	15
12272	297	188
12282	290	226
12287	357	284
12288	65	574
12293	474	417
12301	321	436
12305	149	358
12309	417	409
12311	521	378
12312	524	107
12315	36	112
12316	576	328
12317	465	488
12322	437	51
12328	447	461
12331	146	50
12344	58	559
12345	453	34
12348	509	212
12353	118	40
12354	256	314
12355	269	470
12357	45	409
12359	69	532
12365	15	50
12367	269	538
12371	448	497
12372	46	432
12373	9	490
12375	119	332
12378	495	518
12382	565	568
12396	553	129
12402	326	447
12408	349	538
12419	493	70
12424	201	529
12430	405	37
12434	187	41
12439	32	240
12442	503	284
12443	587	388
12450	241	99
12451	167	362
12453	279	368
12455	500	427
12456	242	415
12460	353	327
12468	404	339
12471	173	299
12473	186	493
12475	192	127
12477	286	455
12480	420	552
12484	91	231
12485	316	522
12486	575	507
12488	481	420
12492	556	389
12502	552	270
12504	351	375
12508	368	313
12510	1	475
12511	553	447
12514	572	511
12515	223	30
12521	335	244
12523	461	562
12525	219	296
12526	107	80
12532	502	200
12536	256	433
12540	78	571
12545	420	413
12548	304	428
12552	411	160
12555	344	435
12557	326	453
12561	249	20
12572	374	68
12577	65	27
12581	70	140
12586	112	396
12592	281	359
12601	27	190
12602	515	562
12603	464	448
12607	364	80
12608	571	406
12610	476	264
12624	52	542
12626	215	282
12627	537	27
12629	349	383
12635	54	553
12640	549	532
12647	199	117
12648	177	68
12649	327	499
12652	205	480
12654	460	159
12655	333	215
12666	491	185
12669	512	69
12671	574	472
12683	575	424
12687	201	110
12690	524	5
12695	41	257
12697	247	19
12701	233	205
12709	457	181
12714	431	379
12715	252	383
12720	41	365
12725	104	583
12730	64	415
12734	473	438
12747	515	355
12748	183	482
12757	362	418
12774	233	110
12775	140	70
12777	225	241
12780	52	448
12781	449	301
12788	44	494
12789	461	167
12795	207	233
12798	189	19
12806	561	553
12812	61	204
12817	388	481
12818	340	259
12819	361	324
12833	301	365
12834	276	115
12838	314	439
12841	374	205
12846	58	307
12847	10	81
12848	70	348
12853	487	319
12857	78	513
12858	125	370
12862	8	23
12867	534	282
12868	344	310
12870	56	13
12874	14	586
12877	268	335
12878	123	94
12879	58	41
12882	95	572
12883	584	259
12886	456	346
12889	485	261
12890	65	391
12891	520	542
12894	564	125
12900	145	272
12901	242	128
12910	588	451
12920	101	77
12921	505	217
12922	339	336
12924	268	62
12925	52	37
12938	412	197
12940	37	582
12942	364	208
12952	289	505
12954	344	231
12955	511	112
12956	92	217
12958	125	342
12961	562	194
12969	249	40
12970	174	566
12973	226	468
12975	330	167
12976	148	586
12978	186	80
12988	544	525
12992	312	490
12996	505	446
12999	278	429
13001	566	230
13008	386	160
13009	385	39
13013	276	422
13015	51	158
13025	150	419
13033	580	381
13035	496	338
13037	418	63
13038	14	271
13041	535	331
13042	447	572
13043	468	299
13045	344	447
13046	83	92
13048	420	299
13054	328	170
13058	375	10
13059	359	496
13069	195	67
13072	398	357
13074	27	69
13080	580	451
13085	57	381
13096	391	403
13098	517	335
13099	556	543
13100	575	584
13101	546	353
13103	92	363
13105	269	552
13123	298	230
13128	442	98
13132	193	14
13135	505	289
13137	414	4
13140	259	339
13143	37	513
13146	240	267
13152	559	354
13164	116	182
13172	142	572
13182	131	239
13184	287	412
13185	188	95
13190	561	537
13194	174	420
13206	481	188
13209	298	58
13211	394	45
13214	553	138
13216	321	201
13217	476	64
13219	455	541
13226	247	126
13230	324	220
13236	408	93
13241	44	513
13242	23	273
13244	434	328
13245	201	426
13249	373	519
13263	513	127
13269	13	465
13270	361	262
13290	472	530
13297	325	359
13300	261	220
13302	336	584
13303	525	568
13304	28	446
13309	430	103
13312	63	112
13315	526	252
13320	408	560
13323	162	44
13324	144	494
13334	82	254
13340	262	194
13342	52	141
13352	171	255
13357	422	13
13363	199	186
13374	59	82
13379	177	465
13381	496	534
13388	39	313
13392	52	154
13395	370	249
13397	357	460
13398	141	423
13400	434	27
13406	413	540
13407	283	122
13425	240	409
13426	215	85
13428	156	66
13433	478	582
13440	54	160
13441	363	252
13445	585	435
13447	22	2
13449	163	133
13464	182	362
13468	143	365
13471	579	145
13472	324	201
13490	491	234
13492	476	457
13495	225	66
13496	64	410
13498	234	36
13500	477	332
13503	55	526
13515	443	213
13519	99	331
13520	350	66
13521	115	335
13523	165	83
13525	380	271
13526	148	240
13528	21	483
13544	177	93
13545	207	205
13547	79	41
13548	107	50
13549	275	519
13552	399	493
13556	540	278
13561	504	486
13562	475	91
13563	517	86
13573	278	427
13576	147	217
13577	19	117
13584	424	516
13587	162	162
13588	179	525
13597	276	143
13598	494	9
13605	68	204
13608	276	44
13614	9	311
13629	323	374
13630	476	161
13631	197	292
13632	475	261
13634	262	475
13636	269	579
13641	208	497
13650	454	571
13653	156	458
13659	204	460
13662	28	163
13664	385	375
13666	255	37
13673	245	264
13678	442	553
13679	149	455
13685	491	549
13688	458	174
13692	411	333
13694	101	546
13699	462	587
13700	406	189
13701	405	100
13704	163	13
13708	587	302
13709	516	336
13711	231	491
13712	20	127
13717	150	93
13719	383	349
13729	572	576
13732	274	408
13733	555	58
13736	585	20
13742	229	158
13743	204	207
13745	559	536
13746	18	299
13755	538	107
13757	500	410
13761	425	546
13762	461	75
13768	270	456
13774	558	333
13783	240	512
13784	494	144
13790	530	265
13806	326	408
13812	419	311
13818	265	24
13821	196	18
13822	61	62
13839	511	329
13842	539	554
13859	349	95
13861	344	285
13864	349	535
13865	48	385
13867	472	347
13869	417	422
13870	446	30
13873	37	355
13879	429	359
13886	372	410
13887	448	408
13890	228	491
13893	447	37
13895	468	150
13902	53	580
13906	293	510
13915	326	18
13923	523	484
13924	477	182
13926	101	274
13932	257	393
13935	72	6
13939	357	486
13946	271	179
13949	524	357
13954	219	252
13956	346	235
13966	391	54
13971	73	207
13973	304	393
13976	344	341
13977	279	582
13995	342	125
14008	538	70
14011	132	378
14026	354	188
14034	448	82
14039	511	492
14042	186	351
14043	306	118
14044	138	82
14045	423	141
14064	4	439
14065	78	523
14069	350	402
14072	438	247
14073	185	352
14075	460	204
14077	542	408
14083	539	290
14092	416	393
14093	273	491
14094	152	212
14096	168	131
14101	247	26
14104	93	96
14108	84	279
14109	443	344
14114	259	444
14115	285	343
14122	309	330
14130	265	328
14135	99	317
14140	486	42
14143	582	186
14146	169	185
14150	377	195
14152	449	222
14160	306	495
14162	402	108
14172	352	185
14173	308	114
14176	477	35
14177	70	131
14181	500	469
14184	506	117
14186	374	440
14192	259	323
14195	524	231
14198	192	156
14199	582	255
14204	15	42
14211	534	3
14214	588	461
14217	171	145
14223	13	45
14231	98	69
14232	283	228
14234	164	406
14240	511	280
14242	489	15
14244	551	283
14249	438	3
14256	556	200
14257	437	63
14260	297	219
14266	221	585
14267	547	9
14270	323	276
14275	206	133
14280	411	282
14282	284	120
14284	45	76
14286	279	246
14296	459	305
14315	349	463
14322	230	276
14324	80	251
14325	510	378
14336	473	336
14350	42	320
14354	274	499
14358	277	290
14367	151	66
14372	53	74
14375	304	414
14376	454	301
14379	265	480
14385	171	294
14387	93	571
14390	121	55
14393	363	354
14400	383	444
14402	287	215
14406	51	424
14411	494	346
14415	352	363
14416	235	318
14417	449	112
14421	308	441
14423	304	138
14424	358	8
14435	173	566
14436	447	266
14437	13	433
14439	475	244
14440	88	161
14441	367	334
14446	37	485
14448	442	554
14453	426	20
14454	80	295
14455	538	468
14465	319	408
14471	311	501
14477	265	337
14479	207	527
14481	49	319
14485	205	374
14487	161	536
14493	180	98
14494	79	254
14498	203	294
14499	437	334
14511	190	27
14513	215	14
14517	355	131
14518	49	73
14526	571	435
14529	268	57
14532	280	229
14539	454	544
14552	305	45
14553	1	530
14557	124	107
14568	394	229
14577	264	117
14583	18	346
14585	276	347
14586	229	489
14587	338	417
14591	184	322
14598	381	142
14602	291	14
14605	54	541
14619	109	45
14623	484	118
14630	38	531
14633	241	466
14634	102	30
14635	87	193
14651	244	84
14653	318	343
14655	121	220
14659	20	405
14666	461	344
14672	231	183
14675	462	92
14686	439	454
14687	553	550
14692	305	217
14694	437	68
14695	303	186
14698	132	500
14700	283	462
14705	429	308
14708	381	545
14709	101	80
14710	472	172
14714	549	123
14723	475	121
14724	412	42
14731	367	321
14733	372	22
14735	82	41
14736	560	52
14739	531	340
14741	182	478
14743	172	142
14746	268	333
14752	403	1
14755	227	435
14758	287	337
14759	499	155
14768	219	361
14773	29	544
14783	255	320
14785	556	502
14791	360	447
14795	314	110
14802	327	423
14803	399	582
14805	586	315
14807	584	247
14808	325	77
14819	160	75
14820	245	501
14822	152	54
14823	500	261
14828	384	398
14835	416	239
14836	325	347
14837	183	12
14842	99	219
14850	155	160
14852	54	134
14856	312	164
14860	147	4
14862	517	74
14866	199	339
14867	131	226
14868	133	400
14872	102	275
14874	357	524
14877	75	5
14881	72	46
14884	388	2
14885	278	540
14886	171	278
14890	336	92
14893	541	426
14895	559	451
14897	401	140
14900	9	191
14905	12	485
14906	203	513
14907	443	475
14911	530	415
14920	513	563
14922	573	125
14923	553	359
14941	300	532
14942	574	323
14943	201	385
14956	101	64
14968	433	251
14972	435	443
14973	538	42
14976	282	548
14979	93	439
14988	546	3
14992	585	342
14993	255	100
14994	307	547
14995	292	37
14997	291	484
14999	22	80
15001	189	487
15009	207	26
15011	188	395
15015	113	241
15019	499	77
15020	79	409
15023	502	237
15024	441	160
15025	211	251
15026	58	266
15028	276	137
15033	485	582
15042	369	309
15047	94	143
15054	475	545
15056	301	74
15061	11	227
15062	66	403
15065	97	321
15066	426	407
15067	372	61
15072	265	410
15080	412	159
15083	48	39
15084	243	211
15096	180	483
15099	230	555
15102	491	313
15110	478	502
15121	328	167
15124	201	102
15127	101	165
15130	457	573
15132	315	331
15136	455	286
15137	343	245
15145	186	33
15147	18	196
15148	123	453
15150	334	119
15156	425	208
15157	500	48
15163	416	355
15170	232	296
15171	411	292
15176	256	129
15180	373	275
15184	219	60
15185	349	299
15189	395	393
15197	298	160
15201	271	291
15205	473	178
15209	271	306
15210	573	586
15214	84	347
15219	297	439
15221	352	138
15222	442	434
15228	474	116
15230	575	259
15232	337	476
15236	569	311
15251	184	308
15252	134	575
15255	67	156
15260	194	183
15264	132	580
15265	234	441
15268	454	108
15269	234	491
15278	179	48
15279	266	151
15282	216	218
15285	413	276
15287	527	438
15294	581	363
15298	360	459
15310	152	13
15311	13	98
15313	546	229
15319	488	570
15324	155	17
15329	335	134
15333	264	559
15338	296	511
15344	147	183
15345	557	196
15351	138	41
15358	559	272
15360	313	209
15364	480	265
15371	523	90
15381	486	226
15388	38	77
15389	350	553
15391	328	356
15392	553	226
15393	420	481
15395	393	32
15396	409	203
15403	192	551
15409	329	467
15415	217	190
15422	9	18
15423	343	182
15430	131	148
15435	543	389
15442	126	464
15443	237	90
15447	569	447
15457	399	298
15463	333	302
15473	249	385
15484	167	155
15488	134	26
15493	477	368
15498	366	317
15500	342	30
15503	450	111
15510	542	178
15514	32	343
15519	517	391
15520	447	151
15523	162	487
15527	229	267
15531	537	313
15534	47	177
15537	559	532
15540	273	95
15541	199	537
15553	381	181
15555	183	334
15573	342	335
15575	79	101
15580	39	346
15585	21	138
15587	439	301
15589	264	483
15590	165	372
15596	332	340
15614	472	161
15615	461	305
15616	493	127
15624	234	56
15625	327	446
15626	154	460
15637	329	45
15639	415	507
15641	339	171
15647	347	264
15660	310	60
15661	299	521
15663	529	390
15666	1	492
15667	302	378
15674	507	476
15684	483	561
15690	187	222
15691	19	32
15692	182	454
15695	285	286
15703	268	558
15705	302	72
15707	204	62
15711	70	493
15716	242	420
15727	215	475
15733	212	538
15734	24	516
15736	5	380
15742	47	21
15748	500	97
15749	36	504
15755	32	418
15768	328	233
15769	272	484
15770	33	227
15773	427	582
15777	144	346
15782	521	88
15787	144	355
15790	344	562
15797	388	66
15807	541	564
15808	477	27
15810	50	62
15811	406	71
15814	14	538
15819	195	121
15823	94	97
15824	199	239
15832	192	122
15840	576	468
15844	101	507
15846	357	5
15853	153	318
15867	409	15
15871	167	285
15880	97	55
15885	121	334
15886	194	19
15887	121	332
15897	262	562
15898	18	48
15900	50	359
15905	477	298
15906	59	295
15907	547	307
15911	80	107
15915	215	558
15917	572	296
15919	13	57
15921	209	434
15923	103	321
15932	245	498
15938	399	54
15943	65	463
15945	227	172
15949	152	269
15952	438	410
15953	92	24
15956	367	505
15957	31	498
15959	124	38
15960	417	507
15969	115	580
15971	402	78
15972	388	219
15973	554	567
15975	502	504
15977	367	97
15978	476	529
15981	471	52
15982	579	461
15988	322	18
15991	305	459
15994	259	372
16000	24	178
16004	517	472
16005	381	455
16006	188	347
16016	555	184
16023	265	160
16024	337	387
16028	99	400
16044	305	330
16046	352	130
16047	518	173
16053	380	342
16055	202	269
16064	395	334
16066	11	63
16067	112	5
16068	301	218
16075	389	230
16076	31	535
16077	110	476
16079	344	239
16088	319	328
16094	426	361
16095	225	211
16097	290	73
16102	270	128
16107	584	372
16110	167	266
16114	267	88
16119	476	28
16120	471	119
16121	408	94
16122	147	109
16123	565	400
16125	348	437
16129	254	79
16132	365	258
16133	342	67
16134	586	582
16155	165	61
16156	541	54
16159	367	529
16161	531	35
16165	141	281
16170	287	417
16172	23	91
16173	461	536
16180	417	411
16181	344	443
16184	530	458
16193	557	93
16197	519	275
16201	407	57
16205	214	68
16211	278	555
16212	80	382
16217	226	116
16229	25	419
16235	33	358
16239	558	13
16240	165	22
16241	354	32
16250	292	282
16255	327	183
16257	529	426
16264	200	397
16268	112	172
16273	384	75
16274	269	256
16275	205	161
16277	357	29
16286	451	88
16289	149	76
16293	42	584
16301	546	198
16303	362	424
16306	193	494
16307	157	485
16311	315	256
16314	235	118
16316	260	351
16320	203	32
16321	333	412
16326	346	99
16327	365	319
16328	158	511
16330	333	61
16334	229	278
16339	308	584
16340	20	236
16345	393	132
16346	118	453
16347	454	578
16350	104	33
16357	61	171
16360	148	234
16363	220	580
16376	194	472
16377	492	290
16379	131	240
16380	131	397
16382	168	172
16394	236	585
16402	220	418
16409	465	559
16422	436	461
16426	172	282
16434	492	540
16442	56	36
16445	101	32
16448	291	394
16451	126	515
16459	252	420
16461	179	39
16463	341	308
16466	349	218
16469	411	460
16472	138	254
16479	284	345
16482	33	384
16483	337	438
16485	35	395
16486	98	210
16492	43	341
16499	382	525
16503	439	297
16504	474	38
16506	573	156
16507	332	199
16509	12	532
16511	545	316
16514	205	530
16516	229	263
16522	352	517
16523	34	411
16531	530	517
16534	80	390
16537	66	225
16539	238	571
16540	362	294
16542	548	520
16545	39	382
16548	63	183
16566	107	306
16576	291	268
16583	336	259
16587	548	380
16593	396	286
16596	529	449
16601	367	376
16602	130	72
16606	317	347
16611	47	303
16613	473	527
16616	335	363
16619	62	353
16632	25	352
16633	101	540
16638	238	251
16639	488	202
16641	80	404
16644	481	536
16646	233	66
16652	246	252
16654	466	35
16655	184	113
16657	487	165
16658	115	565
16662	584	510
16667	457	210
16668	491	524
16670	20	209
16671	121	426
16673	488	206
16674	423	375
16675	390	234
16677	19	300
16680	513	255
16681	289	522
16685	80	58
16686	571	366
16693	390	48
16695	461	104
16704	208	22
16706	357	271
16707	62	411
16709	496	172
16710	66	55
16712	282	534
16716	254	464
16722	368	84
16727	398	386
16731	484	430
16737	333	496
16739	430	113
16740	520	352
16747	207	410
16751	464	208
16754	198	348
16758	557	352
16767	393	442
16768	374	66
16770	513	490
16772	382	295
16777	434	421
16789	25	480
16791	568	60
16792	289	101
16793	11	181
16796	45	150
16799	276	173
16804	229	201
16813	307	59
16820	386	398
16829	447	170
16832	475	227
16840	40	368
16843	275	499
16844	67	557
16846	533	101
16862	478	489
16867	59	173
16869	491	303
16872	577	363
16876	453	346
16878	82	505
16885	62	268
16891	198	334
16901	280	232
16903	261	485
16909	282	159
16921	552	31
16927	547	419
16937	148	494
16941	109	443
16943	522	441
16944	194	67
16946	125	122
16949	20	306
16952	491	84
16959	69	365
16962	327	62
16964	362	135
16965	454	439
16967	409	572
16969	404	464
16974	480	233
16976	497	42
16977	382	152
16979	403	65
16983	141	553
16994	392	471
16998	153	494
17002	226	486
17003	169	472
17004	387	52
17008	540	533
17010	57	422
17015	273	216
17017	98	355
17020	2	385
17029	418	324
17031	25	42
17036	19	458
17037	49	394
17039	123	556
17040	103	546
17042	84	393
17048	588	13
17049	202	7
17064	190	583
17067	484	360
17071	259	531
17073	251	224
17076	77	198
17077	17	95
17078	229	36
17079	229	232
17089	410	505
17090	237	256
17093	258	107
17094	451	395
17095	40	462
17098	165	406
17101	525	55
17104	40	357
17105	220	256
17107	72	42
17110	361	143
17113	134	517
17114	476	527
17116	461	433
17123	533	193
17129	511	487
17132	200	134
17146	336	531
17152	190	205
17153	473	339
17154	372	26
17164	472	265
17169	72	37
17171	437	97
17174	296	448
17180	357	434
17181	233	536
17183	72	496
17185	573	94
17188	145	167
17189	526	542
17196	267	229
17197	52	150
17198	138	59
17200	503	201
17206	408	572
17207	387	476
17208	93	177
17213	227	283
17219	173	493
17223	94	183
17227	201	437
17230	437	98
17245	493	478
17246	162	169
17249	154	406
17250	172	571
17252	144	496
17259	315	373
17261	495	116
17265	399	258
17277	448	59
17281	172	166
17282	495	63
17284	582	266
17287	309	523
17290	210	375
17293	276	260
17296	142	583
17299	126	334
17305	540	553
17307	17	576
17316	153	334
17323	183	537
17325	424	68
17328	237	257
17330	554	234
17338	337	178
17343	120	436
17347	224	452
17353	538	277
17359	379	97
17360	385	40
17361	559	132
17363	254	419
17368	293	302
17370	168	89
17378	259	205
17383	338	268
17385	34	287
17387	556	375
17390	578	243
17393	155	205
17395	299	116
17397	449	13
17399	18	35
17403	198	228
17405	489	423
17411	373	77
17413	537	494
17418	553	334
17424	527	387
17427	511	547
17428	370	586
17430	540	446
17434	37	47
17435	581	436
17436	255	586
17437	171	559
17440	476	294
17451	469	145
17452	323	564
17453	74	450
17457	233	488
17463	16	78
17465	417	338
17472	57	295
17479	495	310
17483	404	82
17485	403	458
17488	190	554
17494	464	178
17497	502	110
17500	178	339
17501	438	429
17508	193	255
17519	439	400
17522	406	220
17523	224	238
17525	211	132
17528	368	39
17529	310	144
17531	396	371
17536	301	147
17543	401	84
17548	430	182
17549	542	200
17551	325	373
17552	69	300
17555	515	188
17556	177	47
17558	337	527
17560	72	123
17570	112	511
17575	256	152
17576	460	422
17579	85	178
17587	166	376
17588	75	91
17589	418	256
17590	233	436
17591	236	437
17599	529	319
17604	491	332
17609	547	85
17612	92	193
17616	37	408
17617	34	69
17621	410	387
17628	409	525
17630	84	271
17631	509	449
17632	31	314
17634	183	194
17636	334	538
17639	571	238
17642	138	86
17646	100	20
17654	307	186
17657	24	92
17660	77	274
17661	138	352
17672	311	311
17674	320	559
17680	425	114
17684	588	334
17688	67	125
17694	195	457
17695	47	511
17696	63	133
17699	552	107
17701	411	243
17705	172	472
17706	404	80
17710	446	85
17711	496	362
17715	431	296
17716	261	161
17724	108	471
17731	203	200
17732	485	437
17734	447	57
17738	278	440
17744	344	175
17748	140	4
17749	59	480
17751	475	344
17752	382	391
17753	116	180
17754	510	302
17757	305	523
17759	228	147
17760	231	343
17767	534	6
17768	475	263
17769	272	461
17772	155	411
17774	101	474
17776	98	187
17777	4	551
17778	194	323
17782	438	278
17783	185	138
17784	291	509
17795	18	364
17796	296	581
17800	159	6
17801	511	542
17807	236	447
17809	544	586
17816	324	111
17822	57	271
17826	577	400
17833	218	412
17837	195	262
17838	26	473
17839	287	197
17847	168	470
17851	534	15
17852	105	547
17853	576	584
17858	183	239
17859	317	124
17860	144	519
17861	462	377
17864	587	564
17867	535	27
17868	120	116
17874	482	459
17877	224	239
17880	315	199
17888	21	485
17894	72	77
17898	474	409
17909	239	88
17910	415	26
17918	316	145
17919	159	55
17925	305	498
17927	424	114
17932	524	242
17936	100	99
17953	131	524
17954	287	460
17955	424	548
17956	373	135
17958	422	235
17960	575	205
17969	25	79
17977	279	39
17982	510	462
17985	561	311
17986	208	85
17995	561	20
17997	422	44
17999	95	535
18004	53	175
18009	468	520
18011	393	248
18020	344	298
18023	90	357
18026	475	160
18030	485	217
18051	583	459
18057	172	517
18058	417	460
18060	186	506
18066	582	18
18078	444	1
18079	161	240
18088	450	407
18092	385	314
18098	448	254
18104	34	586
18114	411	376
18115	306	71
18123	302	82
18124	127	19
18125	234	183
18127	129	538
18134	553	446
18135	584	178
18139	18	123
18140	120	110
18145	226	86
18156	155	101
18172	381	242
18176	299	349
18178	456	100
18181	126	155
18183	416	351
18185	17	389
18186	62	159
18189	86	464
18191	417	79
18193	122	315
18198	287	320
18200	276	13
18204	210	295
18205	469	511
18208	346	563
18213	10	314
18216	364	468
18219	2	25
18221	324	315
18225	338	215
18238	559	211
18250	475	391
18252	533	87
18253	197	218
18254	515	495
18262	556	123
18266	132	111
18267	68	531
18269	66	305
18270	287	61
18274	548	277
18286	409	316
18289	335	564
18292	378	348
18296	429	546
18297	585	394
18301	122	149
18305	551	102
18309	470	570
18311	396	45
18318	587	454
18323	452	228
18324	416	210
18337	354	266
18340	551	457
18342	117	245
18344	566	219
18347	254	93
18353	229	58
18355	544	556
18360	318	42
18361	318	151
18364	303	408
18371	55	229
18372	335	213
18375	337	134
18382	532	186
18389	220	32
18395	105	357
18396	363	530
18402	76	405
18403	441	540
18425	33	330
18426	532	80
18431	66	495
18432	329	43
18433	335	67
18435	247	337
18436	539	535
18439	344	41
18449	562	530
18450	317	153
18463	460	268
18472	59	140
18475	45	362
