18213	279	273
10277	223	124
4403	251	483
15006	429	451
18361	193	99
14819	461	588
13946	61	101
2832	305	321
8488	95	362
16921	178	96
12679	387	473
8555	17	167
1817	358	183
8368	5	360
6553	222	47
17519	328	207
14130	78	242
15209	15	519
8255	269	538
10349	241	173
17556	88	161
14092	513	35
18344	134	336
18275	580	361
18152	400	577
17071	155	184
10876	524	484
6294	159	427
16706	193	44
8291	384	398
18478	427	159
4286	496	359
14393	11	234
15338	218	338
7691	553	210
17003	275	87
8389	564	194
17316	28	213
17468	333	61
9790	434	523
962	362	204
7654	584	387
13515	440	278
16334	168	206
1923	383	475
15259	453	474
6050	483	238
8031	335	342
16083	385	30
16548	472	161
8171	129	504
11067	468	524
10419	55	377
12586	215	465
5306	200	478
9933	120	503
17944	180	21
10411	347	115
10630	207	205
7439	120	266
10247	188	426
1186	218	34
17775	181	541
10551	6	282
10220	225	193
11793	433	512
10256	218	496
11699	344	528
11228	15	339
9614	442	268
6250	18	190
16467	145	465
16473	202	283
14916	303	47
17639	69	314
13388	526	121
13428	392	213
16363	148	375
3713	261	573
15917	278	58
14842	126	330
12635	354	134
9385	453	64
17246	323	179
18472	72	409
13784	57	19
15832	585	485
17769	227	11
15756	352	505
15739	361	19
11890	37	355
8590	539	263
17778	121	457
17328	539	586
18396	2	388
2445	281	502
6556	118	578
5392	419	560
7189	85	233
15749	204	417
15462	543	212
1071	427	381
16269	201	503
18057	72	338
8448	204	268
18345	420	588
6650	573	391
2784	109	250
18145	312	185
14411	501	464
13844	117	264
17250	242	294
18359	576	278
14681	350	293
8919	343	376
7172	473	355
12148	62	353
5601	513	310
11125	305	351
10189	76	375
13433	90	567
10867	474	15
3838	528	239
8545	109	67
13029	145	316
17425	496	353
6961	279	577
10804	179	163
10198	559	112
13404	576	95
11030	341	400
7766	23	8
18353	252	259
11009	372	42
1962	499	425
1216	149	579
4167	208	114
13528	155	411
3161	357	579
8565	509	182
9615	236	447
1775	264	301
8209	582	522
18270	540	533
15110	461	11
18464	8	157
17442	169	211
16246	525	494
8275	375	423
13958	291	537
5343	164	164
15113	282	534
11624	237	382
13968	556	200
1337	336	372
13672	321	330
15757	290	160
4905	559	98
15103	225	401
7917	382	391
11313	64	336
10169	500	521
18430	339	171
17255	521	341
6494	234	504
807	15	247
10775	5	112
11372	254	41
6129	330	523
8496	321	416
1524	152	134
17687	399	69
8799	248	362
15546	182	538
17121	460	474
18335	241	532
1357	21	47
17826	515	355
13952	259	230
11975	128	588
2573	222	191
17768	582	301
1063	230	227
14781	7	198
15970	51	49
6146	292	62
12527	178	6
5810	317	241
17223	255	320
9010	297	370
6011	570	408
1671	95	418
14441	572	409
17833	45	280
13769	330	167
14751	239	32
15766	481	313
18459	561	20
4988	49	17
8145	587	168
14348	246	517
18372	375	499
794	167	261
10114	39	185
16902	161	305
15920	368	332
16763	282	417
17844	186	137
7458	409	83
14371	350	121
10317	447	461
18333	562	33
17863	449	434
7537	169	485
18166	426	354
18468	350	40
3857	482	221
10513	85	408
13645	101	275
12949	471	392
14905	61	159
9270	247	140
18096	389	556
5876	40	385
18169	551	4
7618	78	456
18206	145	167
17902	4	37
16404	582	485
13763	266	550
1106	344	54
10807	72	18
15784	14	315
1193	551	203
8144	363	354
3721	280	73
11674	531	401
1575	553	49
8786	153	588
14429	360	318
3537	22	254
5976	414	457
16802	488	230
3850	110	245
8153	391	342
14097	193	312
17663	208	534
1756	334	323
18180	287	172
17342	459	434
14055	135	417
9145	463	170
9684	512	148
13334	204	61
15063	387	296
13269	119	291
1460	561	181
16418	235	153
1972	218	506
13770	21	410
9740	586	539
14157	539	44
16798	24	205
17623	280	394
1155	185	59
15805	532	437
14565	28	476
18303	117	501
9905	133	182
16491	434	389
11569	151	530
18050	539	16
16503	265	410
653	195	500
15355	323	494
9980	178	474
15913	472	246
18363	71	50
613	372	178
11323	550	56
2872	333	218
5846	255	533
12071	82	41
17398	182	105
17563	395	273
18225	390	198
15696	270	544
6602	6	292
13031	476	166
11680	222	485
11870	162	169
13888	194	361
5355	47	547
2384	376	267
2779	538	427
18457	423	496
7465	329	170
6795	402	350
14021	163	28
6949	251	229
15754	210	226
1467	274	408
14462	201	50
13668	456	200
2059	252	174
12751	518	241
16159	99	407
5244	262	511
16793	108	454
17706	5	380
9512	4	57
15137	193	283
9453	242	559
10097	536	367
3181	332	119
1494	95	445
15139	379	59
12047	491	577
10700	17	434
4573	218	292
9174	62	141
610	315	257
17103	42	474
6530	558	62
13823	375	392
7643	410	85
2247	408	47
14337	495	192
16631	556	471
15458	105	447
14377	347	226
17196	296	96
9612	317	261
16667	373	135
15625	267	403
15716	330	560
7946	446	546
3120	85	32
9729	512	20
16045	351	418
13850	39	498
5089	558	442
15833	505	497
9809	406	402
2830	243	137
4858	493	230
2943	447	139
4570	291	358
14354	16	513
15455	573	209
18282	582	374
4551	320	440
7921	276	413
18432	246	215
17299	486	229
8401	514	180
18448	15	205
1779	375	587
9283	213	376
3585	493	244
6742	558	197
16024	108	456
17672	12	181
2593	474	406
15518	500	55
17209	12	416
7330	512	483
8402	463	217
1404	22	36
14017	373	359
13289	393	477
13457	42	82
8212	280	319
10732	101	460
9814	504	511
8262	473	476
6600	108	291
2787	19	428
13503	51	34
1899	35	413
11453	540	553
8688	509	512
13776	457	300
9072	522	559
14184	470	303
8051	247	262
13890	334	553
10367	336	507
13733	48	410
3259	440	427
2028	220	383
5464	294	502
8941	195	211
17206	484	360
17782	248	487
10980	515	268
16004	376	166
11953	350	66
13685	134	481
12230	511	542
16767	255	296
5315	382	490
4895	63	285
3586	526	542
12817	296	325
6587	255	37
12940	41	307
14579	210	257
8485	321	180
2882	324	361
6407	561	577
4800	182	210
16722	367	255
16119	433	58
9275	45	539
15853	27	154
15310	38	124
14587	198	147
6616	149	399
7411	482	344
18269	409	46
3163	194	13
17715	279	84
14813	262	205
18227	470	202
16830	59	400
17046	59	532
5168	404	464
2631	2	464
18236	502	289
5597	399	231
17850	289	398
14597	582	437
11703	288	137
15999	351	200
17933	395	78
17264	524	14
1070	476	157
7117	120	436
8360	349	535
16714	297	253
2460	408	311
5103	236	435
2575	381	23
9439	373	425
16672	399	258
18219	35	468
11774	296	326
10417	30	402
6533	142	475
16068	35	395
8232	403	557
5423	18	235
6342	101	284
13074	206	143
15734	49	180
7901	166	461
9403	96	296
5678	93	255
15386	511	432
6694	82	80
13123	182	343
14275	406	471
3078	52	542
6967	43	45
4931	494	370
7673	429	542
17770	232	432
7343	505	209
9335	220	121
10704	97	276
17241	457	551
830	352	25
12936	502	321
11621	460	79
1915	546	155
12326	446	28
8270	339	476
10412	123	53
3617	447	414
16627	450	300
13379	335	435
5091	447	150
16932	73	207
9306	63	211
17180	328	167
8768	181	151
7269	492	487
16200	547	296
8473	264	206
12196	477	226
3131	418	198
13186	451	173
10767	126	328
2604	37	52
17955	37	295
15395	38	350
17370	341	318
16466	2	355
4538	426	455
6237	360	291
15859	347	264
14942	156	66
15647	255	178
3839	287	202
9972	390	30
2688	37	419
6980	429	58
12265	337	42
3566	529	128
6167	370	128
14244	454	119
17667	157	485
15718	503	284
2348	73	537
11801	316	559
14823	439	167
17734	47	6
16869	510	378
18004	115	381
6476	63	437
16459	36	112
17858	80	28
12120	582	266
18291	584	205
17185	12	28
17549	502	56
15911	331	100
11038	361	66
8077	93	232
6307	408	77
14160	156	67
4289	558	199
1402	19	407
14310	390	246
4720	216	73
14476	122	209
5550	56	81
15402	44	162
14122	277	411
10499	332	505
16846	544	525
16229	176	434
11185	234	293
6500	222	9
11686	246	88
17859	399	147
9281	462	318
8952	103	97
1466	190	556
14026	52	414
5712	296	38
15652	571	518
6852	268	61
8726	270	41
826	180	120
13479	7	514
16329	267	34
6631	576	150
10030	114	293
14539	105	128
17877	364	81
3612	35	420
16448	299	544
9169	457	156
18156	328	576
18289	23	545
11914	58	167
9543	84	468
2757	543	434
1282	351	402
10635	569	280
5933	303	124
3384	82	505
2512	90	104
792	212	561
18113	427	409
15603	551	37
18393	369	302
13209	77	101
11235	297	179
3988	497	25
16070	353	423
17154	41	198
13096	433	555
10761	419	464
11618	33	330
11682	113	246
15161	373	460
15699	22	86
18405	75	481
7394	91	269
15519	53	54
6432	97	215
18395	213	298
15898	563	382
13107	399	250
14162	99	193
16097	291	564
5032	460	333
2686	50	71
4401	354	63
17526	278	584
6598	326	296
5159	120	165
12572	55	552
3086	401	140
15945	417	61
16934	271	426
16120	561	211
701	272	233
3149	42	412
17353	476	128
17091	582	58
13207	250	399
4585	108	119
16012	560	330
2253	210	165
15985	385	50
3622	399	53
18060	495	418
14040	552	264
11403	144	98
14920	285	55
4161	205	527
4192	72	445
7935	504	329
12331	484	523
16519	121	112
14976	313	368
10676	142	109
4923	511	47
18479	136	183
14557	419	232
15009	85	296
12219	468	231
17691	465	205
18460	87	100
18382	286	548
4042	543	32
5428	214	1
15824	427	278
18253	317	60
8242	96	93
8459	205	217
14270	176	443
17558	409	167
18435	170	13
12173	230	160
1565	260	164
9669	418	161
18015	145	571
17895	33	315
18370	85	93
8653	30	119
15971	88	231
18476	559	449
18165	145	461
17409	177	52
17845	276	521
3036	282	37
14981	271	380
17477	61	417
8097	280	328
15228	143	206
7123	197	496
13215	465	463
18471	207	516
9292	27	471
17820	63	268
15219	161	240
18386	68	170
9163	159	292
3072	136	231
16442	409	101
13152	282	197
18340	455	342
639	106	363
2475	486	511
2286	55	327
17245	187	70
14223	199	339
17694	507	417
7814	545	475
17760	361	239
16412	517	472
10632	487	368
1518	364	208
7569	52	6
5437	277	424
12293	498	346
17148	493	136
17002	559	316
18117	157	433
14546	174	169
15662	481	429
16118	100	269
15033	388	494
4564	335	185
14868	86	352
7981	337	92
10773	345	515
11809	109	475
6824	270	552
7169	317	124
17031	491	182
18254	352	190
18266	173	420
2748	585	345
12455	247	575
17795	43	363
11335	188	395
16772	443	213
3793	251	367
1319	409	240
2717	516	134
11154	303	408
14498	505	376
3031	388	563
17632	132	242
2018	292	534
18323	371	585
12712	10	209
18181	291	455
6550	81	139
11525	574	265
12128	444	217
18274	492	569
18048	66	305
8281	214	114
13270	173	317
2436	183	239
14198	190	298
18357	388	18
17777	475	215
10193	327	353
17971	157	461
10831	541	54
12300	247	178
18360	99	144
4330	453	234
9119	186	582
11530	182	110
10540	332	437
16515	487	248
18450	200	90
10298	527	208
8682	179	9
6037	460	61
15674	108	76
13046	132	378
9422	143	325
17960	375	154
10066	52	448
11537	452	108
14770	258	149
13065	428	400
1411	585	273
18301	228	335
18463	72	42
13230	422	276
15780	164	189
9217	200	70
15827	530	562
8959	370	385
11859	395	513
16688	205	265
15731	20	306
18148	154	499
2682	275	8
17503	75	5
17507	187	389
14891	374	46
5681	405	223
8080	507	83
11330	476	343
18417	402	71
17579	92	407
7527	33	215
12774	73	585
17695	74	399
2985	343	231
16759	464	138
14249	251	490
12132	95	217
14588	354	313
3394	98	437
3655	147	399
16544	300	407
14064	57	271
13973	309	452
4435	464	404
16508	205	507
18398	167	285
15634	551	457
11855	558	287
10320	209	10
12114	213	34
16174	161	157
15530	48	35
15860	174	341
10898	566	143
14809	476	312
12697	580	57
14052	583	459
11291	119	146
15844	490	35
6858	39	485
16276	515	2
12732	176	73
12081	161	472
11263	311	447
1584	430	307
17812	181	498
9587	234	59
10506	543	110
2644	93	557
7698	235	422
8543	60	451
16355	182	362
17860	200	123
16925	569	1
4522	309	586
18221	199	140
8340	456	357
14884	422	191
14366	464	52
3425	73	158
9583	423	52
2636	469	316
10271	39	503
8976	9	105
6078	420	566
17885	434	366
13099	92	507
12709	515	384
16716	531	259
15074	563	428
17213	216	213
4731	295	580
7104	386	567
16391	199	558
14442	60	271
10502	553	588
4149	481	160
17067	186	218
16602	582	481
15960	150	95
4318	505	404
11195	259	340
8680	75	367
10187	458	376
18337	88	521
