15828	561	1
18377	22	2
17286	25	2
9945	79	2
2324	82	2
5453	254	2
5243	404	2
1479	448	2
11739	464	2
14511	497	2
14160	365	3
6623	408	3
2087	446	3
8370	301	4
18466	333	6
13402	338	6
16112	412	6
17429	417	6
10891	460	6
7782	496	6
17399	534	6
7469	558	6
9821	228	7
14035	274	7
15130	303	7
5892	414	7
8751	157	8
7463	98	9
9373	126	9
14007	219	9
12729	397	9
12922	426	9
17320	529	9
16169	143	10
3938	439	10
16665	571	10
16885	227	11
5380	234	11
1469	285	11
5231	376	11
8178	434	11
12008	573	11
13964	186	12
13924	216	12
7102	228	12
7412	506	12
17073	549	12
18376	190	18
3351	326	18
11550	364	18
17137	8	19
7304	33	19
7893	117	19
3591	157	19
17138	247	19
7975	388	19
10410	428	19
12799	563	19
9025	50	20
17185	342	20
13307	47	21
13135	302	21
871	351	21
11082	369	21
5576	551	21
1997	2	22
18001	25	22
13846	41	22
18212	404	22
11227	448	22
5024	464	22
12079	480	22
9474	497	22
7182	501	22
12361	505	22
13932	214	23
13380	465	23
16532	15	24
13140	26	24
15370	42	24
8441	64	24
13725	83	24
17336	178	24
13936	205	24
7908	207	24
9863	247	24
11719	265	24
16004	337	24
18022	339	24
7632	372	24
10730	387	24
8817	410	24
11121	415	24
1978	438	24
16581	473	24
1781	507	24
10536	516	24
13545	527	24
17493	575	24
12968	584	24
18427	2	25
15554	22	25
1575	41	25
17086	254	25
3431	352	25
14496	404	25
6433	448	25
1590	464	25
11444	480	25
6890	497	25
8898	501	25
11930	505	25
12560	15	26
11842	24	26
8268	42	26
18099	64	26
10230	83	26
9022	178	26
2726	205	26
6862	207	26
6312	247	26
7065	265	26
12336	337	26
13679	339	26
12384	372	26
15798	387	26
18363	410	26
16762	415	26
7600	438	26
6468	473	26
16055	507	26
4069	516	26
4167	527	26
1731	575	26
16590	584	26
16949	539	27
8246	100	28
13053	209	28
17193	377	29
9142	544	29
5277	549	29
12780	102	30
13873	152	30
12375	388	30
14970	423	31
3499	199	32
15651	332	32
15273	393	32
16244	505	32
9359	8	33
12255	19	33
18098	112	36
14163	161	36
2948	220	36
5675	256	36
9698	267	36
9536	403	36
763	439	36
7128	580	36
6883	6	37
17512	61	37
8021	62	37
18217	197	37
16148	355	37
8362	412	37
9620	417	37
5664	460	37
775	485	37
15447	496	37
14232	534	37
10226	155	38
16276	293	38
18474	369	47
7085	378	47
15085	418	47
11652	510	47
1769	561	48
3532	51	49
1715	158	49
3475	20	50
2804	40	50
15144	107	50
12910	119	50
8043	146	50
8447	314	50
4664	342	50
9158	385	50
6072	423	50
15980	579	50
11441	34	51
18116	49	51
17116	162	52
8735	164	52
6345	189	52
18299	248	52
15093	260	52
5030	276	52
8552	305	52
12751	327	52
2410	353	52
4406	375	52
2553	471	52
8082	123	53
18025	553	54
1092	39	55
15706	550	57
11144	281	58
16489	210	59
17794	287	61
5441	292	61
1234	333	61
8045	338	61
1438	412	61
17986	417	61
13176	460	61
9516	496	61
17371	534	61
11835	558	61
16483	6	62
2100	37	62
14649	61	62
16195	159	62
6687	172	62
3003	197	62
16974	204	62
14739	215	62
15362	282	62
10542	287	62
16558	292	62
16001	333	62
16919	338	62
4221	412	62
5427	417	62
17084	460	62
13693	496	62
15280	534	62
5653	558	62
12091	93	63
17673	112	63
17619	161	63
4785	174	63
10343	312	63
11725	586	63
3167	15	64
10544	24	64
6287	26	64
5790	42	64
12419	83	64
2769	178	64
8582	205	64
11754	207	64
1753	247	64
7268	265	64
4515	337	64
3399	339	64
10246	372	64
11674	387	64
7330	410	64
15283	415	64
15250	438	64
13816	473	64
11163	507	64
4007	516	64
2924	527	64
13654	575	64
1882	584	64
18196	345	76
17520	501	79
11626	505	79
6218	22	80
862	25	80
1209	79	80
6528	82	80
3447	185	80
10046	254	80
9328	404	80
8061	448	80
6471	464	80
6428	497	80
2127	54	81
14747	139	81
5933	550	81
11219	2	82
2226	22	82
2952	25	82
2879	41	82
16975	138	82
4390	208	82
1126	254	82
7666	352	82
15207	404	82
3556	448	82
18425	464	82
4072	480	82
9065	497	82
13290	501	82
10816	505	82
14198	15	83
6567	24	83
12217	26	83
10485	42	83
16645	64	83
5403	178	83
15376	205	83
8100	207	83
8748	247	83
12373	265	83
17865	337	83
12435	339	83
10517	372	83
9177	387	83
2182	410	83
1642	415	83
13680	438	83
1772	473	83
7749	507	83
11411	516	83
15960	527	83
12316	575	83
10819	584	83
14452	29	84
16214	88	84
9156	116	84
1951	226	84
18354	63	93
13669	112	93
14778	429	93
5388	439	93
4986	452	93
16791	17	95
18346	130	95
16684	142	95
17731	245	102
11528	304	102
14228	3	103
12762	90	104
17992	547	105
12359	173	106
17162	40	107
18290	50	107
8801	70	107
3071	128	107
18313	214	135
12282	277	135
8333	362	135
12546	424	135
18167	465	135
8077	479	135
11265	548	135
4656	91	136
17062	25	138
12126	59	138
5515	79	138
12582	82	138
2232	86	138
14658	464	138
5444	480	138
17989	497	138
15597	16	139
5486	57	139
8734	81	139
3091	151	139
4571	170	139
8269	181	139
6599	266	139
9902	447	139
18308	550	139
1903	553	139
18317	526	142
6895	10	143
967	297	143
10430	439	143
11504	571	143
8224	580	143
17584	177	144
18383	562	149
17711	14	159
4891	61	159
5555	62	159
11287	193	159
15116	197	159
16690	211	159
18296	522	171
13043	61	172
15558	62	172
12444	197	172
14519	204	172
14200	215	172
11569	282	172
11242	287	172
3465	292	172
4894	333	172
17560	338	172
7576	412	172
9877	417	172
1952	460	172
5656	496	172
3917	534	172
9171	106	173
16377	115	173
9306	241	173
12697	253	173
14183	276	173
6426	331	173
8558	565	173
14994	63	174
11541	121	174
15305	224	174
5431	230	174
10114	251	174
2918	308	174
17546	341	174
11990	418	174
2053	419	174
1032	433	174
17933	521	174
10948	566	174
14805	276	175
12485	68	177
16667	72	177
4962	114	177
7375	135	177
17661	144	177
10273	214	177
17841	424	177
12728	465	177
1723	479	177
4454	548	177
16323	24	178
3820	26	178
11787	64	178
8334	83	178
16278	337	178
5616	339	178
12694	372	178
898	387	178
5758	438	178
9894	507	178
14423	516	178
17856	527	178
5589	575	178
908	584	178
17723	406	179
13134	420	179
13081	147	180
14025	16	181
13242	57	181
14498	139	181
18415	78	238
16237	402	238
1979	439	238
16637	116	239
1411	134	239
2094	199	239
11821	225	240
13117	267	240
10623	379	240
1569	437	240
17232	102	245
15957	304	245
2474	498	245
16875	159	246
1598	215	246
13028	19	247
5004	24	247
12534	26	247
16430	83	247
17935	52	248
17588	248	248
16658	340	252
18067	22	254
9588	25	254
7354	41	254
6908	79	254
14247	80	254
16689	82	254
12421	352	254
1789	404	254
15277	448	254
12160	464	254
13400	480	254
6552	497	254
10402	501	254
10227	505	254
3076	46	255
5238	171	255
11669	278	255
6206	294	255
11093	316	255
4032	320	255
11220	440	255
10744	469	255
8525	522	255
13301	36	256
746	123	256
12878	161	256
15142	403	256
17807	415	259
4783	52	260
16960	260	260
17948	437	261
11910	155	262
18219	163	262
3661	474	262
13866	45	263
8992	232	263
9805	280	263
8626	290	263
10195	311	263
4909	432	263
15114	158	264
8882	24	265
14021	26	265
4953	64	265
13240	83	265
10135	207	265
16927	336	265
15015	337	265
8759	339	265
4742	372	265
2105	387	265
15177	410	265
13739	415	265
8921	438	265
10747	507	265
7329	516	265
11497	527	265
641	575	265
14320	584	265
11645	139	266
18409	455	291
7111	484	291
7151	537	291
17454	6	292
12790	37	292
8818	61	292
15018	62	292
9658	159	292
10703	172	292
5655	197	292
11708	204	292
10602	287	292
15013	333	292
15290	338	292
6123	412	292
4934	417	292
13497	460	292
4514	496	292
10750	534	292
4895	558	292
5136	38	293
3601	350	293
4929	474	293
14518	560	293
14278	46	294
13111	171	294
10473	203	294
8315	255	294
14974	278	294
2204	316	294
2008	320	294
1888	440	294
8631	467	294
5358	468	294
2317	469	294
11471	522	294
8411	532	295
18163	520	328
18391	372	337
14789	387	337
14369	410	337
7026	415	337
4807	438	337
10758	473	337
8151	507	337
5885	516	337
2503	527	337
17360	575	337
4705	584	337
10072	6	338
18006	61	338
14152	62	338
16799	172	338
17504	197	338
1416	204	338
9713	215	338
3448	282	338
14951	287	338
10991	292	338
13780	333	338
5974	412	338
4668	417	338
12266	460	338
11022	496	338
4883	534	338
2397	558	338
17173	15	339
9046	24	339
6579	26	339
16273	42	339
1497	64	339
1068	83	339
13761	178	339
10210	205	339
11299	207	339
7771	247	339
11479	265	339
13094	372	339
10785	387	339
6588	410	339
14018	415	339
13408	438	339
7829	473	339
4377	507	339
6894	516	339
14957	527	339
15382	575	339
9411	584	339
14922	92	340
17920	252	340
2557	336	340
1816	393	340
15992	415	340
17337	94	341
9614	174	341
8478	224	341
17015	230	341
6744	250	341
2926	308	341
5236	378	341
3573	400	341
7602	419	341
12305	433	341
11393	481	341
16260	509	341
13200	521	341
8130	555	341
3296	566	341
7136	20	342
1851	50	342
17903	236	342
13033	435	342
13767	585	342
14823	233	343
18333	285	343
1313	376	343
14977	389	343
15014	109	344
6506	76	345
18373	258	345
16789	422	346
1402	60	347
18078	226	347
15686	568	347
13479	318	348
5089	552	348
15086	187	350
17213	293	350
15226	560	350
11836	21	351
2150	47	351
16717	222	351
1837	302	351
18459	369	351
8327	378	351
16226	418	351
12616	510	351
17498	79	352
4228	82	352
12817	244	352
17055	254	352
13191	404	352
14362	448	352
9196	464	352
12784	480	352
12152	497	352
16673	517	352
6135	52	353
2915	353	353
15247	98	354
5648	134	354
17651	150	356
15674	328	356
1434	445	356
16783	520	356
14033	572	356
3474	576	356
14671	53	357
9039	89	357
8083	90	357
11741	104	357
3613	105	357
6674	140	357
13687	261	357
15534	271	357
11529	307	357
2585	358	357
7518	380	357
13941	430	357
17393	513	357
7766	547	357
15321	373	359
2864	425	359
13730	499	359
16527	519	359
17526	540	359
12067	546	359
11476	581	359
15495	286	360
9336	291	360
10489	484	360
5078	29	361
16563	479	362
18450	18	364
11278	35	364
9860	142	364
3403	150	364
12505	445	364
5734	468	364
10087	572	364
13703	3	365
10294	43	366
5693	124	366
17905	509	369
9310	510	369
10886	5	370
7760	31	370
7954	70	370
17581	107	370
10795	128	370
17614	236	370
13674	249	370
13691	435	370
4831	524	370
7858	579	370
18334	46	374
8590	145	374
17233	171	374
12574	316	374
15178	320	374
12460	440	374
5893	469	374
12240	522	374
14270	545	374
17432	52	375
6264	375	375
4345	11	376
15443	233	376
13345	29	377
8993	55	377
2996	220	377
1345	361	377
16044	47	378
10577	222	378
11314	224	378
5039	230	378
17467	302	378
2233	308	378
12347	341	378
12447	351	378
10829	366	378
14567	433	378
5965	510	378
7157	521	378
11863	566	378
7078	140	379
8912	225	379
15488	240	379
4387	267	379
8213	401	379
17947	53	380
7033	89	380
7211	261	380
9282	271	380
7755	357	380
16264	545	381
10357	185	382
17074	27	383
7413	65	383
4517	349	383
18197	149	384
9727	562	384
12124	50	385
1198	183	385
13955	201	385
16159	26	387
11544	42	387
11173	64	387
14507	83	387
9137	178	387
2884	205	387
12271	207	387
1026	247	387
9766	265	387
12478	339	387
8146	372	387
7168	410	387
6381	415	387
10906	438	387
4694	473	387
18046	507	387
5405	516	387
609	527	387
1301	575	387
13929	584	387
802	19	388
16928	30	388
9417	196	389
11530	233	389
12236	285	389
2156	343	389
10180	391	390
17688	457	390
17587	573	390
16035	160	391
10313	390	391
12454	434	391
1417	441	391
7280	573	391
12566	147	392
13683	334	392
2855	514	392
10329	32	393
18400	92	393
5601	332	393
5701	340	393
2038	416	393
3419	73	394
4462	88	394
11761	291	394
17446	291	396
6189	371	396
5177	455	396
8006	470	3
4006	487	3
12649	159	6
7725	197	6
13403	204	6
9647	282	6
9077	287	6
1139	292	6
6684	462	7
1500	19	8
4169	33	8
10247	495	9
2505	585	29
3056	474	38
12133	560	38
13080	55	39
12661	148	39
14642	525	39
16797	543	39
10212	544	39
15999	107	40
12200	22	41
10160	25	41
7149	79	41
3701	82	41
7315	185	41
12492	254	41
5481	404	41
5319	448	41
4291	464	41
2041	497	41
10600	515	41
8297	24	42
9253	26	42
4468	64	42
15063	83	42
10234	337	42
8747	339	42
1422	372	42
6502	387	42
11743	438	42
17367	507	42
14892	516	42
10303	527	42
12053	575	42
13162	584	42
6030	21	43
17470	366	43
17891	458	43
6202	481	43
16804	278	46
17122	294	46
16208	316	46
597	320	46
5646	374	46
7380	409	46
10262	427	46
8261	440	46
15757	469	46
6177	500	46
16741	522	46
17278	302	47
15732	351	47
16608	413	86
15870	585	88
9094	357	89
6683	380	89
15918	104	90
2945	357	90
5425	424	144
7633	479	144
3966	540	144
17603	246	159
5901	287	159
15995	292	159
7565	333	159
6146	412	159
1391	417	159
5471	460	159
5125	472	159
12328	496	159
14923	534	159
15751	298	160
5357	376	160
15796	391	160
7894	434	160
16215	36	161
13424	63	161
9575	256	161
6254	261	161
16352	267	161
4412	312	161
16118	437	161
8350	476	161
5315	536	161
17901	440	171
11415	469	171
10089	500	171
6309	256	179
2292	312	179
11079	313	363
2858	508	363
695	278	374
3097	267	376
2751	343	376
12741	332	395
1503	410	395
12512	528	395
15215	286	396
8088	108	4
3493	304	19
2902	322	19
12691	446	30
8719	498	30
6859	249	31
2325	314	31
10461	370	31
5048	287	37
1240	292	37
4276	333	37
11564	249	40
8189	319	103
9412	365	103
8903	374	145
2565	381	145
16257	500	145
14661	50	146
8709	71	146
9272	119	146
16744	368	146
2534	180	147
3806	270	147
13150	346	147
1825	392	147
7082	514	147
2217	39	148
15576	384	149
17461	262	155
16685	304	155
4417	196	156
13466	6	159
18036	578	182
9637	234	183
813	324	183
2349	385	183
6162	414	183
10880	426	183
17956	400	184
7242	498	184
2970	41	185
16901	80	185
13875	244	185
16747	352	185
13763	382	185
10831	517	185
16620	88	186
13729	216	186
9493	226	186
9529	506	186
14663	330	187
15748	350	187
5598	551	187
3409	560	187
17837	60	188
13179	219	188
12391	354	188
16953	429	188
12959	189	189
13373	18	190
6805	134	191
17372	223	196
14588	389	196
7599	411	196
18100	542	196
11238	557	196
2157	6	197
11167	37	197
16612	61	197
9233	62	197
12675	159	197
11087	287	197
17405	292	197
12670	333	197
7360	338	197
2846	412	197
7636	417	197
17524	460	197
4436	496	197
3330	534	197
17687	3	202
1102	103	365
16610	191	366
3768	378	366
12264	391	366
4024	426	366
3731	434	366
6341	182	367
15194	309	367
3513	454	367
8464	536	367
15343	571	367
8046	70	368
9542	146	368
8861	235	368
9274	313	368
6970	21	369
914	47	369
4978	302	369
13699	351	369
1783	43	391
830	366	391
15509	9	397
7441	454	4
2409	585	20
3274	43	21
6704	79	22
9726	80	22
6985	82	22
16060	138	22
15616	208	22
1603	254	22
5613	79	25
4553	80	25
8023	82	25
11152	138	25
5167	208	25
15952	213	28
14355	269	28
9521	446	28
3554	66	29
17677	283	33
14172	186	34
7250	218	34
14890	364	35
15944	134	53
5383	66	55
13727	229	55
7183	233	55
13639	285	55
11406	544	55
11680	139	57
2690	181	57
4282	535	57
6692	138	59
16893	188	60
13771	347	60
11428	431	60
6423	466	60
13520	489	60
5990	568	60
1377	6	61
1054	37	61
15956	62	61
13826	159	61
7723	197	61
8824	354	63
15001	101	77
15336	275	77
9062	296	77
12700	325	77
9708	359	77
3575	373	77
9641	425	77
15544	499	77
9676	519	77
4823	533	77
17400	546	77
3928	581	77
13476	238	78
16092	2	79
6259	22	79
16846	25	79
6164	41	79
16255	80	79
9723	82	79
15148	138	79
4341	208	79
13209	254	79
17043	404	79
4794	448	79
12481	464	79
17161	480	79
12459	497	79
8388	555	93
5569	557	93
5720	586	93
10688	303	94
2243	419	378
1374	529	390
7503	123	397
18465	126	397
13876	134	397
15837	258	399
10854	284	399
2714	345	399
2111	503	399
18380	184	400
18123	304	400
18040	165	406
18162	278	409
5583	316	409
6905	320	409
5665	440	409
3463	469	409
12215	522	409
17117	14	410
14824	24	410
11181	26	410
18032	64	410
723	83	410
17862	265	410
17014	337	410
11009	339	410
10740	372	410
10972	387	410
9851	395	410
8914	438	410
6321	505	410
11275	507	410
8596	516	410
3211	527	410
15910	575	410
2191	584	410
15949	96	411
18191	86	413
15218	43	414
17352	304	414
12906	324	414
8264	400	414
12786	83	415
2856	92	415
16499	205	415
2883	217	415
13125	259	415
10803	265	415
8427	337	415
9066	339	415
6915	340	415
15601	372	415
10753	387	415
3237	438	415
3176	444	415
8326	507	415
11134	516	415
4384	527	415
6434	530	415
3015	575	415
5419	584	415
11358	210	416
12434	393	416
13218	532	416
3921	6	417
13302	37	417
6059	61	417
18316	62	417
9986	159	417
13190	197	417
14866	333	417
11122	496	417
14594	534	417
17990	174	418
8410	213	418
15919	251	420
8615	451	420
6224	474	420
18445	64	507
8470	83	507
7394	178	507
14722	205	507
6348	207	507
3169	247	507
16894	265	507
6271	337	507
783	339	507
1739	372	507
13783	387	507
6618	410	507
13001	415	507
4260	438	507
14529	473	507
1295	516	507
10994	527	507
975	575	507
6197	584	507
9562	313	508
17615	363	508
16777	224	509
3946	341	509
3349	369	509
4370	476	509
8836	555	509
6597	47	510
17561	302	510
785	351	510
12261	369	510
10338	378	510
14654	15	516
9810	24	516
18353	26	516
7956	42	516
9363	64	516
3183	83	516
18396	555	521
11464	278	522
17894	294	522
2832	316	522
13157	320	522
10520	374	522
5875	409	522
3366	427	522
16819	440	522
2374	469	522
2790	500	522
10621	582	522
5098	112	523
8351	309	523
16013	5	524
1161	107	524
14676	370	524
5852	579	524
1652	39	525
6117	544	525
14568	577	525
15523	142	526
10772	15	527
16131	24	527
10895	26	527
2479	42	527
2767	64	527
1925	83	527
14267	207	527
4414	247	527
15745	265	527
18150	516	527
2893	575	527
8680	584	527
9388	395	528
12516	9	529
17044	96	529
9109	98	529
2089	116	529
14014	128	529
4700	165	529
13451	201	529
10118	219	529
3353	390	529
14379	426	529
17373	101	533
3533	275	533
1476	296	533
17247	325	533
13962	499	533
16305	546	533
3546	6	534
11034	37	534
12036	61	534
10474	62	534
3378	159	534
13965	197	534
17580	292	534
18183	333	534
12221	460	534
8062	496	534
15016	27	535
1685	57	535
12120	349	535
2024	463	535
11946	467	535
12289	161	536
15997	182	536
12446	313	536
10217	367	536
14048	73	537
11632	148	537
7069	291	537
17344	258	538
10721	284	538
9040	345	538
17902	263	539
10934	432	539
14393	492	539
14499	359	540
4455	373	540
18249	101	546
12068	296	546
11074	325	546
5361	359	546
2865	373	546
4231	425	546
2416	499	546
7443	519	546
10951	533	546
15412	581	546
6064	475	1
3717	165	28
14899	247	33
2580	385	40
12868	171	46
8703	255	46
12664	135	51
5727	158	51
14455	177	51
10921	361	55
1525	377	55
3297	109	56
17870	214	68
663	277	68
13315	424	68
2245	465	68
6378	479	68
6365	548	68
16876	186	69
16291	50	71
938	146	71
2524	423	71
11524	135	72
4286	177	72
5301	424	72
3992	479	72
13645	88	73
16072	394	73
9656	537	73
15771	585	73
10711	378	93
8165	102	184
1159	155	184
12416	304	184
4615	131	365
9300	168	365
2056	309	369
8477	93	378
2500	132	378
14331	437	380
11785	427	381
17691	160	411
10824	196	411
916	406	411
13027	453	411
14590	452	510
12889	225	513
13915	307	513
4268	357	513
11359	401	513
13012	147	514
6267	392	514
4368	41	2
8656	312	9
2075	233	39
17553	390	43
11139	391	43
6256	414	43
925	582	46
12556	220	406
3492	229	406
6153	233	406
10422	411	406
10395	420	406
4540	439	406
17582	474	406
4960	3	408
13506	46	409
4901	171	409
14109	501	413
14175	517	413
10632	7	414
11538	458	414
6076	262	420
1069	406	420
681	429	420
18182	240	437
10892	261	437
17082	585	437
9999	15	438
14139	24	438
16903	26	438
7850	42	438
4770	64	438
2247	83	438
14850	96	439
5644	143	439
11506	238	439
17714	320	440
13082	374	440
6393	409	440
9102	427	440
9557	469	440
11215	500	440
16864	522	440
7812	582	440
14576	281	441
7066	298	441
18327	7	462
15574	94	462
15847	408	462
10197	470	462
9650	329	463
6527	535	463
5671	2	464
14749	22	464
5132	25	464
13717	80	464
2425	82	464
15795	138	464
9289	208	464
3582	254	464
2093	404	464
7658	448	464
7604	480	464
17497	497	464
9145	505	464
10589	23	465
17047	68	465
17678	440	469
10083	500	469
3846	522	469
7801	582	469
5649	3	470
14681	269	470
2906	283	470
17280	303	470
8089	462	470
6830	488	470
17019	570	470
17195	587	470
5137	52	471
4816	471	471
1307	159	472
18220	293	474
17200	406	474
3162	420	474
13422	1	475
14572	290	475
17732	464	480
12598	497	480
6952	501	480
4699	43	481
17940	188	481
17851	268	485
5578	442	485
17531	477	485
12773	158	486
15401	443	486
15928	3	487
13454	126	488
16880	202	488
7787	470	488
12638	570	488
6066	587	488
9996	60	489
1214	92	490
9015	207	490
14838	228	491
13879	234	491
9651	303	491
18130	232	492
2780	263	492
15210	539	492
16339	561	492
16835	569	492
10627	127	493
16314	231	493
7139	235	493
12471	478	493
15945	153	494
18279	6	496
18168	37	496
8298	61	496
16583	62	496
2987	159	496
17383	460	496
9632	534	496
13887	2	497
8051	22	497
8161	25	497
14328	79	497
8022	80	497
15474	82	497
14155	138	497
5599	208	497
12550	254	497
15675	448	497
5543	464	497
12774	480	497
15121	184	498
15067	245	498
5572	304	498
16418	77	499
14272	101	499
17653	325	499
11086	359	499
4846	373	499
12736	425	499
16321	519	499
12176	533	499
15598	581	499
4566	46	500
17534	145	500
13575	171	500
12552	278	500
9646	316	500
2215	320	500
17265	427	500
7135	440	500
6941	469	500
13014	522	500
791	545	500
15311	138	501
5560	208	501
17815	284	503
12781	318	503
17975	199	505
14415	244	505
8819	254	505
5923	332	505
16421	404	505
18119	410	505
8937	448	505
1298	464	505
4173	497	505
13817	12	506
16100	42	507
8381	2	515
4053	41	515
6643	126	515
1963	237	515
1082	46	522
1638	171	522
3222	255	522
6797	337	527
10578	339	527
8488	372	527
9715	387	527
8706	410	527
6402	415	527
4655	438	527
13513	473	527
5430	507	527
11473	287	534
14034	554	539
8182	569	539
13600	74	540
12610	94	540
6576	144	540
12526	402	10
6436	299	27
4902	383	27
10323	535	27
4938	117	30
8663	347	406
790	99	407
5258	287	417
8234	292	417
17376	390	441
3727	391	441
10391	485	442
12713	558	442
3918	176	443
11002	486	443
4641	65	463
1618	129	463
4658	97	470
6459	202	470
16934	15	473
16912	24	473
13622	26	473
18210	42	473
6865	64	473
15175	83	473
8241	205	473
8916	207	473
14431	265	473
15917	336	473
8445	337	473
12412	339	473
10680	372	473
13446	387	473
3657	507	473
11553	516	473
8110	527	473
8307	575	473
3583	584	473
8785	38	474
5345	111	474
14354	247	474
16119	269	481
8593	274	481
14863	221	482
12933	165	487
3953	252	490
13472	295	490
12652	532	490
979	124	491
16660	428	491
16512	556	491
8942	9	495
17591	63	495
3817	112	495
16536	426	495
14461	333	496
3920	404	497
12470	198	499
12882	284	502
2186	357	524
16096	458	11
5144	116	12
4568	218	12
1773	99	13
12493	166	13
8895	193	14
2981	215	14
11600	451	14
850	24	15
6671	26	15
4254	42	15
12709	64	15
11096	83	15
14819	178	15
16560	339	15
16147	372	15
16292	387	15
14308	438	15
17445	473	15
13825	507	15
6605	516	15
8623	527	15
6221	575	15
3445	584	15
13537	139	16
16801	97	19
5700	123	29
13163	226	29
12458	361	29
11992	226	34
1221	414	400
7036	225	401
11711	379	401
13921	513	401
4683	10	402
7486	238	402
12225	439	402
4456	454	402
8068	36	403
16840	256	403
7005	267	403
2254	361	403
7173	2	404
5148	22	404
10918	25	404
14619	82	404
13914	138	404
7994	208	404
6680	254	404
13859	448	404
10369	464	404
12897	480	404
6301	497	404
16157	505	404
13109	274	408
4973	460	417
12365	112	418
13920	351	418
10006	308	419
9793	341	419
2283	378	419
3008	555	419
658	229	420
17378	481	420
16716	566	420
14651	166	421
17066	194	421
8718	461	421
16712	44	422
2068	180	422
17294	243	422
1103	288	422
8131	323	422
12657	346	422
15679	31	423
2694	50	423
7006	71	423
17004	51	424
8243	68	424
9381	72	424
10620	114	424
13643	135	424
14704	144	424
4116	177	424
15010	296	425
7236	315	425
3742	359	425
10936	373	425
7414	499	425
13465	519	425
2485	546	425
9058	9	426
12937	111	426
6774	121	426
3738	183	426
17708	381	427
1211	440	427
7492	469	427
13903	500	427
5114	522	427
16547	559	427
13677	19	428
2259	322	428
1322	491	428
750	563	428
2227	93	429
14317	188	429
17965	357	435
17381	161	437
7483	273	437
8622	259	444
12651	214	465
12469	226	481
2870	583	482
7543	561	483
16213	118	484
11779	231	484
5145	291	484
1521	306	484
11026	360	484
3795	311	492
10591	432	492
14225	505	497
12943	30	498
13796	540	499
6302	546	499
6831	413	501
765	480	501
2067	110	503
5073	77	540
2248	101	540
3364	296	540
16478	499	540
3908	519	540
3852	546	540
16477	581	540
6447	181	541
6100	450	541
11270	96	542
9349	150	542
18101	126	2
4163	515	2
3569	96	3
971	103	3
2630	202	3
2533	319	3
4199	359	3
8671	373	3
7042	519	3
15167	357	5
1453	172	6
9439	322	8
15878	508	10
13136	247	15
6768	337	15
13743	405	16
9292	550	16
12383	95	17
11191	130	17
4746	261	20
5733	273	20
14935	30	21
2530	213	21
6531	21	30
15360	132	38
10503	218	51
16034	424	51
12873	479	51
8459	52	52
12374	141	52
5228	154	52
16851	446	410
9470	172	417
1282	121	418
5778	267	418
682	174	426
9245	169	472
16057	172	472
13317	215	472
9153	121	476
4504	161	476
1160	213	476
12089	312	476
8562	211	477
14367	68	479
11294	72	479
11634	114	479
7619	135	479
11769	144	479
8902	177	479
12569	211	485
12237	256	495
643	312	495
12045	172	496
9615	197	496
3435	287	496
10903	292	496
2746	219	499
9794	129	504
4398	329	504
4979	349	504
15469	467	504
14138	117	505
10801	10	508
10719	198	546
10881	300	23
2941	390	30
12333	312	53
8598	380	53
3834	580	53
8032	81	54
3794	450	54
15107	144	57
18463	298	58
6736	257	59
15209	382	59
1450	127	60
13404	98	63
14237	216	69
16452	66	84
17718	394	158
17258	390	160
14744	542	160
6866	88	161
6269	240	161
5364	354	161
8844	585	161
13009	137	162
13658	162	162
12043	323	162
2314	133	163
7257	152	163
3266	262	163
5126	52	164
7969	164	164
8592	28	165
16972	219	165
2872	406	165
10237	487	165
14624	13	166
14008	421	166
9692	582	171
9581	6	172
5464	37	172
8749	472	172
2554	558	172
4342	99	173
8396	426	174
13986	586	174
15776	15	178
10243	42	178
7171	219	179
11073	543	179
17020	318	180
4337	422	180
9101	541	181
2570	550	181
17312	367	182
10875	536	182
10797	531	185
4018	12	186
6854	69	186
17123	532	186
11678	549	186
5499	196	187
11194	209	187
18347	187	196
7572	172	197
17669	101	198
15710	275	198
3592	296	198
6701	499	198
15505	546	198
10832	283	202
9319	303	202
16380	462	202
12272	470	202
17471	488	202
17025	570	202
12260	587	202
12768	255	203
9955	294	203
17351	172	204
1662	215	204
12775	282	204
3291	338	204
11646	283	7
9928	330	33
7591	172	61
2475	256	63
16878	418	63
4036	437	63
17023	495	63
1737	129	65
7611	383	65
7220	463	65
7520	29	66
9144	84	66
14080	403	66
10154	109	67
16574	418	36
15725	29	39
6927	118	40
10840	2	41
5201	160	43
14765	195	56
10817	550	56
14769	95	58
13032	361	66
15934	406	28
3884	39	29
3138	256	29
10926	268	37
3017	240	55
10664	12	69
16674	343	33
876	445	58
11964	572	58
18479	235	346
14734	561	364
3655	252	393
18124	507	516
18452	157	563
15825	388	563
1788	428	563
12341	67	564
17164	125	564
17768	195	564
15263	99	565
834	173	565
16422	232	569
13628	263	569
18422	528	580
16933	77	581
17751	485	582
14028	221	583
18448	459	583
6140	482	583
10658	15	584
18143	415	584
9513	438	584
15134	554	18
15722	262	23
2072	483	48
14061	167	49
14344	273	49
18426	493	70
13030	467	346
17196	544	365
18349	511	383
9791	45	511
14253	65	511
13273	129	511
6329	230	566
9702	433	566
16910	275	581
15087	296	581
7691	325	581
16526	46	582
18252	12	585
14905	88	585
10440	208	2
18464	446	85
7573	505	85
5550	506	85
15920	138	86
6757	517	86
14609	2	87
13137	29	87
13916	219	87
732	237	87
6988	274	87
9361	275	87
9160	315	87
15438	84	88
909	161	88
13705	165	365
11153	237	365
5101	283	365
3537	315	365
6351	515	365
3507	245	509
12975	309	509
15765	434	509
11223	280	569
9220	161	585
18311	437	585
17657	63	586
18142	94	586
13664	148	586
8936	174	586
3217	234	586
6738	255	586
16787	561	18
2153	222	366
4473	45	394
18259	20	512
6207	129	512
9481	511	512
17667	78	513
10864	186	585
780	485	585
17358	161	354
6817	300	354
17274	37	355
17912	90	367
18260	297	370
13840	447	371
5867	15	372
9983	158	394
1515	280	394
8600	188	395
6342	451	395
12796	84	397
17107	131	397
10857	91	399
7662	110	399
17070	498	400
18430	344	461
12761	168	462
11819	283	462
14334	349	463
15565	511	463
2728	178	473
18417	185	505
12831	198	582
7104	255	582
14605	264	582
7830	42	584
6125	290	1
10396	298	1
8284	87	2
1583	274	2
2092	385	2
16359	462	2
13015	558	2
16451	313	367
14999	330	367
3160	4	368
11522	40	368
4216	42	372
17513	63	388
6847	98	388
15911	556	389
14775	21	390
1604	30	390
2873	551	390
17822	458	391
15582	551	391
5264	428	400
18423	71	402
2414	103	408
8484	72	409
10722	294	409
5545	374	409
4452	381	409
17879	427	409
13718	500	409
13919	138	413
6130	244	413
17719	531	413
11143	8	414
17437	116	416
11320	239	416
17226	257	416
12527	442	416
5659	234	418
16594	240	418
16670	324	418
8586	163	422
16064	66	426
14004	409	427
4755	206	428
17342	101	429
15298	93	508
14184	182	509
15341	320	582
14159	453	582
5193	469	582
11190	7	365
9736	317	370
9704	236	371
2587	396	371
8576	285	385
14589	388	385
2221	429	385
5942	75	386
11042	385	388
14454	84	393
10511	319	408
18176	523	410
3261	172	411
4878	204	411
8651	581	413
5322	304	428
15572	360	461
17564	482	461
12760	45	475
14221	315	515
9673	355	515
11410	365	515
8059	461	583
14045	299	349
16071	428	350
5208	8	365
13098	83	372
16056	339	372
7941	77	373
14546	101	373
15609	296	373
1746	359	373
12872	519	373
14728	108	402
17675	162	402
1033	301	402
17489	324	403
6019	458	403
2866	580	403
9229	79	404
13333	445	409
11613	572	409
13848	498	414
15790	12	416
3914	63	416
2319	69	416
10235	256	418
8282	479	424
8802	274	425
13578	132	426
7476	199	426
3654	324	426
17013	350	428
8289	400	428
4857	385	429
9287	546	429
8511	105	430
18216	10	431
10228	60	431
16016	566	433
3112	29	434
13779	386	461
11402	398	461
9876	421	461
3386	436	461
12865	447	461
11385	459	461
18403	381	526
2986	468	526
17474	580	528
15384	39	529
17853	198	563
15320	156	564
7142	192	564
2719	317	565
15599	297	566
18115	527	584
18476	563	222
15303	196	223
12360	222	224
3212	238	224
17098	518	225
5908	29	226
17871	131	226
6079	210	226
15993	233	226
5384	257	226
11399	315	226
5863	481	226
8103	495	226
16271	33	227
15998	315	227
12084	343	227
16624	544	228
17503	45	229
6370	55	229
17598	158	232
16083	263	232
2060	280	232
6015	311	232
14147	432	232
14410	539	232
15202	148	233
12783	267	233
7722	343	233
17758	389	233
18321	447	236
770	29	237
15441	126	237
12230	224	238
15117	143	249
13480	286	250
659	309	250
12758	573	250
8462	201	251
4729	220	251
17223	259	252
17759	533	252
7096	99	253
11157	317	253
3205	208	254
6060	37	255
18090	586	255
4933	29	256
17485	495	256
18097	59	257
16540	87	257
5031	226	257
4187	237	257
5523	315	257
6453	416	257
11269	495	257
4267	14	258
9379	345	258
9681	399	258
6996	538	258
3116	552	258
3200	134	259
18362	582	295
18399	107	309
12665	182	309
11887	250	309
13615	91	227
2806	330	227
7274	7	228
6790	569	232
17313	152	256
16002	269	256
10435	315	256
4192	123	257
872	210	257
18335	380	266
16329	447	266
12399	550	266
3612	553	266
8449	36	267
1452	66	267
8772	233	267
8352	403	267
4547	418	267
6662	98	268
14385	355	268
11207	442	268
4501	515	268
10566	585	268
17826	256	269
14751	70	270
15566	342	271
18230	461	286
17343	72	287
17742	490	295
12342	585	295
13473	77	296
16549	358	313
16126	368	313
15100	41	315
13633	227	315
14336	256	315
5525	257	315
6061	37	585
14741	268	585
1155	295	585
17642	203	586
18103	102	2
13171	116	2
15514	146	4
16593	286	5
11574	360	5
13229	461	5
8899	168	227
11881	172	287
10776	218	287
14500	399	309
7180	452	309
18412	268	315
11651	283	315
2548	365	315
16872	481	315
3177	495	315
13036	515	315
4038	46	316
11865	409	316
12501	469	316
15065	60	317
9415	106	317
2665	115	317
16671	173	317
13749	241	317
2905	249	317
12396	253	317
18266	276	317
5526	297	317
7254	331	317
762	347	317
18402	370	317
8787	565	317
11516	568	317
10121	28	318
11285	504	329
17088	511	329
6479	33	330
18180	264	332
13974	395	332
16844	72	333
12875	172	333
16679	218	333
14910	412	333
17421	270	334
10183	323	334
12907	185	335
13426	206	335
15040	325	335
3491	517	335
4184	531	335
15594	533	335
13342	444	336
6773	473	336
7955	259	340
18042	29	343
17971	245	343
16178	53	344
17146	54	344
17333	67	344
18024	485	354
3225	116	355
9943	144	355
7172	247	355
15403	268	355
16676	388	355
11031	442	355
3150	462	355
11324	515	355
16765	558	355
7016	17	356
11091	45	356
15940	130	356
4635	167	356
18104	426	361
9929	458	361
3030	34	362
4385	72	362
10713	114	362
15242	204	362
16895	297	363
18164	428	566
11856	321	567
11999	398	567
16382	317	568
5133	45	569
2824	158	569
11353	311	569
7399	432	569
17569	167	572
2857	409	572
9047	445	572
14798	526	1
1664	368	4
15684	521	230
9143	566	230
4261	571	230
14988	136	231
9789	183	231
3815	66	233
2330	69	237
13655	87	237
1985	98	237
10245	123	237
18030	327	276
11944	68	277
6033	72	277
16923	352	277
14731	522	278
17772	216	279
7642	242	279
11561	168	309
16899	196	318
16474	212	318
1253	235	318
4080	270	318
11198	340	332
14333	473	338
17203	332	340
16407	444	340
3707	530	340
15851	344	342
14891	475	342
17575	128	343
11288	56	344
16190	74	344
15916	89	344
18456	104	344
4721	125	344
16719	342	344
15885	435	344
1019	443	344
17548	450	344
3129	455	344
4481	461	344
2192	482	344
14259	583	344
8346	107	345
2567	399	345
17079	191	346
15962	222	346
12461	472	347
10748	580	347
13556	2	355
7203	495	355
10586	179	563
4243	65	1
3762	392	4
1599	511	232
17994	409	280
5176	432	280
4753	445	280
12409	487	280
5492	492	280
5711	511	280
16252	572	280
5587	576	280
6926	441	281
16595	511	281
15540	72	282
17188	172	282
14504	338	282
16473	473	282
15733	558	282
7784	33	283
14010	122	283
17506	105	284
8098	405	284
15424	73	290
12106	280	290
11210	14	291
3151	175	317
6913	118	318
17819	133	319
16530	408	319
17129	488	319
11593	501	319
16389	46	320
15859	502	321
8517	567	321
8809	184	322
15685	269	348
3614	270	348
16961	266	349
17027	211	354
15548	312	354
6265	561	354
6299	169	393
3849	185	393
16299	144	395
17829	120	399
1570	136	399
6836	270	399
14571	309	399
14341	350	402
12295	55	403
14932	66	403
9038	111	403
10592	131	403
12085	174	403
13364	280	409
11041	289	409
10814	172	413
13768	540	413
13023	252	420
15504	494	422
15633	241	431
12905	280	432
12300	492	432
8637	511	432
14912	569	432
13715	132	433
15728	491	433
18002	498	434
14581	502	434
3883	509	434
7500	523	434
18056	18	437
3495	247	462
16209	355	462
4467	369	462
6337	282	473
14600	338	473
15935	54	475
16424	450	475
14884	526	475
18066	453	477
10257	485	477
18401	28	502
7204	222	563
8254	541	564
18392	122	573
11339	156	573
17091	194	573
17778	458	573
10759	23	574
10021	214	574
5847	216	574
3125	262	574
2997	465	574
18341	58	582
1365	181	582
10069	186	582
3462	295	582
