593	463	170
595	559	449
599	452	30
600	386	269
602	327	359
605	556	33
607	72	432
613	7	303
616	72	51
621	185	513
623	317	99
634	42	377
636	408	51
638	154	417
639	292	412
640	519	359
647	352	38
652	232	311
654	195	564
659	548	23
666	41	126
667	56	289
670	377	190
676	423	519
678	45	569
679	155	480
682	501	25
683	277	45
685	257	233
691	460	496
692	140	104
696	342	585
699	57	565
702	142	49
708	483	182
713	339	22
714	105	87
722	531	65
723	173	451
726	97	244
727	541	455
732	184	555
734	86	444
739	142	571
740	15	178
744	471	71
745	511	432
750	415	259
751	101	79
762	245	330
763	407	121
764	464	497
767	328	130
771	135	277
772	73	549
775	305	161
794	46	72
801	79	507
803	26	26
805	116	495
810	343	389
811	347	74
813	14	341
816	336	134
819	555	93
820	196	542
822	322	424
825	88	244
830	362	368
833	515	549
835	369	2
839	570	486
844	172	386
846	545	142
847	248	248
850	18	116
852	205	476
862	137	276
864	499	425
865	577	275
869	461	523
872	513	587
876	505	325
877	549	116
878	289	440
881	170	421
884	323	169
886	545	469
887	242	279
889	357	107
890	296	359
899	128	461
900	395	494
905	511	263
907	161	305
908	172	61
912	21	551
916	542	130
917	492	229
919	240	55
920	124	573
925	185	244
928	397	382
930	272	567
931	319	487
932	222	153
938	272	532
939	529	276
943	245	473
944	202	97
946	317	366
948	319	103
954	44	219
956	480	205
958	138	201
959	227	365
962	411	96
963	319	553
969	473	411
971	490	193
972	296	572
976	10	521
980	348	270
982	485	84
985	437	267
986	197	496
989	415	336
990	247	575
991	523	233
993	187	560
995	544	370
998	374	145
1004	220	403
1007	444	530
1010	165	85
1015	1	311
1016	462	102
1017	520	167
1018	579	205
1020	549	186
1024	153	317
1030	434	556
1031	399	136
1033	443	53
1039	499	183
1040	201	487
1044	20	140
1053	120	75
1054	526	383
1057	42	92
1058	508	93
1062	79	417
1063	570	538
1068	522	229
1070	367	524
1071	345	365
1072	47	464
1077	440	320
1079	578	307
1081	344	583
1092	163	288
1102	536	461
1110	415	92
1111	194	344
1112	188	273
1113	167	66
1119	337	427
1127	259	230
1135	332	548
1136	80	224
1143	237	554
1144	370	125
1145	418	351
1146	487	511
1147	237	105
1150	33	389
1153	38	132
1155	32	100
1156	210	559
1159	167	374
1160	426	366
1163	271	551
1174	328	445
1175	563	157
1176	56	195
1181	187	341
1185	61	218
1187	478	231
1191	339	387
1193	83	205
1196	122	247
1199	217	485
1201	404	448
1204	27	406
1206	383	220
1207	307	140
1209	37	417
1212	101	404
1213	156	411
1216	77	582
1220	92	415
1221	521	493
1222	199	324
1223	408	85
1226	200	40
1227	370	566
1228	149	321
1231	144	489
1232	41	86
1233	585	437
1234	191	449
1236	168	268
1241	280	29
1245	464	25
1248	321	384
1249	33	157
1250	529	96
1252	265	411
1254	342	53
1258	533	220
1268	200	128
1269	452	335
1275	334	257
1277	387	93
1281	541	450
1287	265	207
1288	183	210
1291	174	476
1292	114	68
1293	438	184
1295	317	173
1297	205	92
1299	481	75
1304	562	515
1306	498	350
1307	403	450
1310	478	212
1312	256	36
1314	304	49
1319	218	460
1320	488	45
1324	255	193
1326	24	410
1327	46	522
1328	42	486
1329	275	98
1330	440	339
1331	393	84
1336	573	11
1340	503	110
1341	526	49
1344	229	504
1346	227	11
1348	62	144
1350	36	439
1354	454	94
1355	261	167
1356	569	263
1359	588	193
1364	208	510
1365	288	418
1368	51	177
1371	40	70
1372	281	511
1375	34	476
1378	151	277
1379	511	178
1388	250	43
1394	477	313
1396	56	372
1397	494	148
1398	400	60
1400	205	463
1401	315	131
1402	45	43
1405	584	205
1410	233	509
1411	221	384
1413	138	3
1415	501	473
1416	259	517
1417	462	541
1419	342	324
1421	206	168
1423	444	259
1429	112	495
1433	145	571
1439	261	315
1440	506	85
1442	454	585
1450	344	376
1451	201	476
1453	244	540
1456	348	542
1459	15	438
1461	92	219
1462	512	55
1466	132	231
1467	449	243
1468	447	502
1475	279	401
1477	85	85
1478	64	199
1480	245	509
1487	548	5
1489	472	194
1494	480	59
1496	500	132
1510	234	308
1512	38	203
1515	462	94
1516	586	452
1518	114	479
1519	211	559
1525	211	477
1532	84	252
1534	343	362
1535	208	308
1536	85	215
1539	500	512
1541	231	330
1542	564	252
1545	44	525
1547	187	120
1548	354	490
1551	180	321
1552	274	77
1557	543	168
1558	34	313
1559	372	415
1563	425	14
1565	305	143
1573	79	126
1574	62	553
1578	266	120
1582	238	89
1585	18	493
1595	318	196
1598	205	542
1601	287	268
1603	506	410
1610	162	137
1612	335	435
1618	83	259
1624	55	588
1625	338	333
1628	365	3
1632	477	12
1635	130	328
1636	318	425
1638	556	544
1640	355	265
1646	124	206
1654	172	417
1655	409	83
1656	42	287
1661	409	36
1663	190	556
1667	520	160
1668	497	86
1669	94	148
1670	514	493
1672	123	575
1674	165	116
1676	350	187
1684	27	154
1685	258	345
1687	7	454
1689	121	418
1690	484	97
1698	453	507
1699	525	29
1705	55	132
1706	323	581
1707	97	367
1710	243	485
1711	310	175
1714	18	12
1715	53	344
1719	504	267
1720	548	545
1723	495	313
1726	238	172
1727	7	452
1728	231	344
1735	441	576
1736	267	233
1737	526	194
1741	159	197
1742	80	549
1745	436	567
1748	475	517
1750	243	411
1751	270	32
1755	272	269
1756	330	498
1761	388	494
1763	257	172
1771	295	182
1772	376	447
1775	338	172
1780	268	98
1781	576	45
1782	518	495
1783	216	347
1786	183	14
1787	148	314
1789	465	68
1793	507	79
1797	448	93
1799	495	14
1802	110	538
1811	309	41
1814	437	532
1818	331	60
1819	42	135
1824	287	37
1827	366	305
1830	343	318
1836	311	487
1838	584	184
1839	480	459
1841	281	502
1849	282	264
1853	566	241
1859	444	279
1860	545	172
1861	393	588
1870	221	526
1872	12	505
1873	445	49
1874	249	401
1882	382	563
1883	155	304
1886	127	60
1888	354	44
1889	40	578
1892	348	198
1895	16	151
1897	185	577
1901	120	502
1903	10	471
1904	178	412
1906	172	62
1909	296	325
1910	538	345
1913	304	184
1915	77	225
1918	220	95
1921	496	412
1923	479	424
1924	533	315
1929	587	406
1930	47	178
1931	239	256
1934	256	437
1936	24	336
1944	427	145
1945	245	102
1946	567	149
1947	207	24
1956	478	40
1958	269	481
1961	131	365
1962	30	446
1966	301	224
1967	70	23
1968	462	530
1976	393	35
1982	248	393
1984	42	79
1987	293	527
1988	419	387
1989	435	89
1991	285	344
1993	264	437
1997	184	400
1998	145	233
1999	137	352
2001	343	233
2003	161	97
2005	241	276
2008	38	277
2009	446	502
2011	496	61
2017	58	181
2018	173	99
2022	472	215
2023	297	363
2025	107	14
2030	96	3
2033	411	385
2041	491	182
2042	210	29
2044	210	40
2045	116	457
2046	340	491
2051	37	496
2055	2	247
2056	215	276
2057	35	48
2058	485	12
2062	281	62
2065	462	283
2072	180	8
2073	334	323
2076	446	410
2077	300	19
2078	566	252
2079	273	395
2090	428	490
2092	278	184
2098	471	27
2108	172	558
2109	53	285
2110	443	104
2112	427	500
2113	578	256
2114	16	550
2118	112	73
2119	140	539
2120	430	437
2121	505	497
2124	92	259
2130	393	252
2133	21	12
2135	498	181
2138	528	344
2139	343	114
2140	27	329
2142	505	404
2143	407	433
2146	152	134
2148	75	321
2149	205	507
2156	184	234
2158	413	136
2160	64	207
2169	46	469
2170	95	559
2171	427	211
2175	233	328
2177	547	447
2183	561	569
2186	313	481
2188	302	419
2190	430	191
2192	183	224
2193	281	144
2194	126	134
2196	258	268
2200	235	347
2201	463	151
2205	91	344
2207	58	349
2208	536	233
2210	82	2
2211	78	163
2213	15	575
2214	236	380
2215	389	578
2217	60	400
2218	34	197
2221	453	326
2223	461	221
2224	294	522
2234	385	249
2235	218	256
2245	335	145
2246	264	210
2247	114	84
2248	58	175
2251	372	527
2252	369	351
2254	181	81
2255	274	296
2263	322	428
2265	383	156
2266	490	44
2275	132	88
2276	65	194
2280	558	6
2284	427	46
2286	183	94
2289	392	147
2294	86	404
2295	206	428
2307	216	1
2312	14	495
2314	431	431
2318	19	400
2320	312	465
2322	434	130
2323	174	169
2325	536	360
2326	433	173
2327	578	11
2328	176	357
2333	411	34
2334	428	127
2338	55	314
2341	382	9
2342	81	447
2347	358	562
2348	365	69
2349	254	22
2350	423	308
2352	456	9
2354	49	51
2355	370	297
2357	343	376
2358	417	412
2359	431	31
2366	264	181
2367	546	274
2370	160	96
2371	191	225
2372	577	39
2374	382	513
2375	103	529
2376	500	171
2378	564	300
2380	461	176
2389	80	238
2394	444	557
2401	243	238
2408	190	541
2409	464	52
2413	261	381
2417	188	451
2418	164	164
2423	31	420
2426	363	174
2427	547	408
2428	261	331
2430	315	283
2433	153	78
2435	523	201
2437	552	420
2440	304	4
2443	526	455
2444	354	465
2445	149	269
2448	183	384
2449	77	546
2452	65	526
2453	172	292
2455	89	435
2458	526	221
2461	438	441
2462	61	56
2466	21	390
2469	150	274
2472	533	577
2474	116	247
2475	83	440
2476	116	88
2477	199	507
2480	399	345
2485	205	449
2486	491	483
2488	55	347
2489	261	511
2490	216	142
2495	476	350
2496	230	121
2497	218	348
2500	28	449
2501	86	335
2502	496	281
2504	464	501
2507	409	240
2509	85	419
2511	134	200
2513	492	311
2518	198	275
2519	167	58
2520	534	558
2523	496	519
2529	391	517
2533	231	122
2534	585	345
2537	494	350
2538	40	478
2541	503	362
2543	394	437
2544	35	513
2549	547	128
2554	234	30
2556	95	354
2557	93	464
2560	207	264
2564	138	217
2568	300	559
2570	64	134
2572	187	237
2575	553	353
2576	423	71
2584	366	325
2587	131	299
2590	356	49
2591	95	576
2593	150	178
2594	325	115
2600	405	255
2604	552	258
2605	411	466
2607	259	328
2609	165	389
2618	38	101
2622	346	334
2628	207	73
2631	145	142
2634	214	479
2636	32	220
2639	441	285
2640	347	350
2641	91	524
2643	404	165
2644	258	562
2645	220	36
2647	74	455
2648	264	301
2651	160	290
2653	128	588
2654	20	512
2658	101	359
2659	229	519
2664	328	468
2669	98	240
2674	383	352
2676	9	426
2679	513	547
2680	201	96
2682	356	445
2683	483	457
2686	41	515
2687	498	11
2688	331	115
2690	547	47
2694	357	578
2699	397	123
2701	391	102
2705	109	76
2708	292	204
2710	228	109
2712	19	577
2716	131	481
2717	386	461
2721	265	527
2723	256	11
2724	343	66
2726	193	44
2728	246	215
2729	95	241
2730	6	47
2732	493	230
2734	240	343
2742	561	232
2743	151	54
2744	584	575
2745	409	171
2747	242	524
2748	555	509
2749	362	182
2754	389	451
2758	514	75
2759	234	388
2765	427	409
2770	2	102
2775	588	395
2777	548	68
2778	181	16
2783	133	411
2784	229	15
2786	92	372
2787	81	159
2791	59	464
2793	237	41
2794	386	321
2796	79	464
2797	4	449
2798	321	21
2804	483	21
2805	577	19
2810	416	532
2811	367	250
2812	2	311
2814	372	56
2818	386	384
2824	390	43
2828	305	113
2830	551	187
2835	25	126
2841	492	522
2842	373	417
2844	21	213
2846	411	170
2848	81	139
2863	33	588
2867	319	555
2869	268	365
2870	79	501
2872	252	218
2873	496	6
2874	345	14
2875	260	276
2878	18	94
2881	184	476
2882	57	285
2888	313	524
2889	503	80
2892	93	51
2895	509	481
2896	63	418
2901	135	144
2903	247	116
2909	378	294
2910	252	259
2911	488	520
2914	306	484
2915	230	155
2917	304	244
2918	253	14
2920	59	532
2922	32	101
2925	229	406
2928	334	166
2929	23	137
2931	41	63
2936	300	465
2938	496	215
2942	420	304
2943	471	314
2944	564	323
2954	556	471
2956	95	261
2959	164	351
2964	370	107
2969	201	588
2971	420	35
2972	296	546
2975	12	506
2979	526	121
2980	511	463
2985	134	527
2991	28	588
2993	178	464
2994	216	381
2995	567	272
2996	262	574
2998	455	324
3003	97	103
3006	213	43
3007	496	411
3012	399	69
3017	356	233
3026	119	585
3028	461	166
3031	334	376
3036	222	566
3037	226	84
3038	313	368
3041	332	116
3043	15	489
3048	66	388
3051	69	414
3053	332	585
3054	454	456
3055	67	291
3056	15	205
3059	17	167
3061	135	465
3068	265	205
3071	110	399
3072	390	30
3074	308	341
3078	487	587
3079	437	552
3080	95	526
3083	139	81
3085	220	148
3086	262	474
3092	418	213
3096	325	399
3097	352	84
3098	487	428
3099	463	288
3100	69	556
3104	250	194
3106	341	344
3108	447	311
3116	214	38
3117	93	178
3120	259	252
3127	281	15
3128	448	25
3130	555	566
3131	433	419
3132	389	196
3133	55	195
3137	414	183
3149	25	408
3150	56	550
3152	11	348
3153	461	459
3161	107	399
3162	583	91
3163	193	16
3164	577	169
3165	97	462
3167	37	296
3168	216	325
3171	214	465
3173	295	58
3177	49	413
3186	435	236
3191	172	412
3192	441	534
3193	181	457
3194	552	498
3195	300	342
3199	548	84
3200	25	59
3202	565	261
3205	357	417
3207	519	496
3208	136	399
3210	253	317
3218	75	386
3219	92	15
3223	316	469
3230	291	371
3235	451	206
3236	526	1
3237	276	323
3238	577	99
3240	34	333
3241	375	52
3246	469	582
3247	30	535
3250	77	38
3256	144	310
3258	113	305
3259	267	234
3263	225	494
3265	144	553
3269	387	336
3270	357	64
3275	492	208
3276	485	190
3278	582	278
3279	64	474
3283	463	205
3284	498	552
3285	408	255
3286	276	288
3291	420	241
3295	408	547
3298	39	179
3300	281	504
3305	341	94
3306	196	556
3309	18	235
3311	205	45
3312	415	438
3313	13	449
3316	193	340
3330	266	541
3333	172	548
3335	178	205
3336	82	22
3339	194	421
3341	61	409
3343	13	137
3347	514	126
3348	11	573
3351	45	17
3359	210	98
3360	183	307
3376	439	225
3378	218	197
3382	583	109
3385	378	341
3390	252	458
3391	199	372
3394	142	273
3396	87	547
3402	128	105
3412	410	201
3413	229	522
3414	583	104
3415	27	463
3429	489	52
3430	257	434
3431	10	506
3435	279	548
3439	364	293
3445	418	174
3446	64	409
3447	72	575
3449	219	354
3451	449	212
3458	62	460
3462	425	131
3464	178	26
3470	554	537
3473	66	155
3478	264	476
3481	42	387
3484	133	319
3485	65	1
3487	488	205
3490	463	95
3491	161	463
3495	429	439
3496	302	222
3498	497	41
3499	459	233
3500	418	586
3502	85	274
3503	393	477
3504	579	213
3508	425	359
3512	475	455
3517	448	22
3524	411	421
3527	277	151
3531	542	356
3535	29	518
3540	527	205
3543	266	380
3545	267	226
3546	466	588
3552	247	83
3553	520	246
3556	157	33
3557	76	291
3559	168	228
3562	576	522
3564	237	126
3566	121	195
3567	258	306
3569	346	9
3571	301	582
3575	11	400
3577	300	354
3578	15	26
3581	313	425
3585	280	328
3586	174	458
3587	357	151
3594	479	277
3596	319	49
3597	161	95
3601	451	559
3602	336	265
3603	453	554
3606	440	255
3610	76	108
3612	134	191
3613	40	355
3614	255	72
3617	10	209
3620	27	349
3624	476	362
3625	453	582
3631	465	574
3634	3	584
3636	53	213
3638	132	266
3640	94	176
3641	516	15
3642	154	423
3646	228	226
3648	93	308
3650	457	390
3653	521	276
3654	573	194
3656	144	315
3657	159	409
3658	203	38
3660	332	487
3661	265	172
3665	176	559
3666	300	188
3673	318	503
3678	243	498
3684	546	293
3688	52	13
3693	92	169
3694	320	202
3697	27	13
3700	295	500
3701	121	350
3703	41	497
3710	322	130
3711	174	513
3712	19	219
3713	401	1
3714	300	69
3715	393	395
3717	403	553
3720	157	39
3723	335	238
3726	521	433
3727	401	383
3728	64	26
3730	45	232
3735	183	524
3736	369	510
3738	38	172
3739	500	55
3740	116	468
3745	372	207
3746	503	185
3754	419	255
3755	8	247
3757	148	411
3758	84	13
3760	59	348
3761	401	514
3765	444	185
3766	534	308
3768	24	83
3769	212	152
3770	51	296
3773	159	534
3775	208	522
3776	129	475
3777	135	409
3780	582	94
3781	289	398
3782	574	262
3787	102	117
3789	152	221
3790	378	308
3793	178	476
3795	52	375
3798	1	246
3799	404	22
3800	70	468
3805	252	162
3810	133	498
3811	468	149
3812	322	432
3822	29	280
3824	285	160
3825	289	502
3826	188	568
3827	341	230
3828	344	183
3831	291	515
3834	526	381
3839	140	199
3848	489	553
3849	474	373
3850	132	518
3851	523	416
3853	400	506
3858	23	84
3859	342	380
3861	35	466
3862	93	26
3863	31	500
3865	480	126
3869	554	196
3870	372	259
3877	485	4
3878	456	28
3879	182	343
3888	178	6
3892	158	49
3894	17	411
3896	133	461
3898	365	7
3901	491	70
3905	406	411
3908	579	365
3910	573	43
3911	464	79
3917	468	537
3919	373	154
3927	410	584
3930	107	579
3938	333	268
3952	212	110
3957	424	72
3958	116	2
3965	118	552
3967	331	241
3970	317	253
3972	83	387
3973	356	520
3975	310	405
3976	47	326
3978	35	273
3982	344	149
3989	142	250
3990	325	472
3993	121	475
3998	389	411
4005	527	184
4008	228	233
4012	500	574
4013	7	70
4015	187	196
4017	230	493
4018	349	511
4023	32	543
4025	474	406
4030	172	265
4034	49	588
4035	520	17
4039	33	231
4040	430	434
4041	237	294
4042	212	561
4045	522	293
4046	107	126
4047	497	505
4054	40	45
4055	132	491
4056	315	122
4059	522	492
4066	527	336
4068	52	471
4069	529	391
4073	153	449
4078	414	457
4080	5	524
4084	414	498
4085	470	462
4086	78	16
4087	348	269
4088	135	453
4091	490	80
4093	527	337
4094	280	158
4102	520	411
4104	175	317
4105	6	218
4113	381	216
4114	438	42
4120	143	249
4124	507	208
4134	201	50
4135	426	66
4136	402	487
4137	226	477
4138	149	291
4140	529	152
4143	583	142
4145	360	233
4147	257	41
4148	449	379
4155	345	74
4160	85	447
4161	417	61
4162	447	234
4163	394	178
4164	64	527
4167	216	297
4168	165	266
4173	317	565
4176	212	318
4184	159	224
4185	270	180
4190	45	492
4191	207	532
4192	340	217
4201	172	37
4202	408	296
4203	215	148
4204	14	84
4205	193	219
4206	167	488
4209	142	445
4212	403	395
4213	123	497
4217	370	119
4218	546	62
4222	548	332
4223	474	64
4225	109	142
4226	256	39
4227	561	390
4229	49	521
4230	390	160
4231	207	337
4237	183	360
4238	255	582
4246	426	192
4248	466	491
4251	35	313
4252	37	61
4255	375	385
4267	95	533
4270	457	183
4278	18	273
4279	51	114
4281	546	373
4282	377	418
4286	239	481
4287	149	461
4289	527	199
4296	563	346
4297	420	81
4299	269	384
4302	584	476
4317	50	546
4319	543	32
4321	161	217
4322	360	536
4323	399	358
4324	26	387
4325	375	587
4328	339	415
4329	577	3
4330	423	368
4331	102	245
4335	94	505
4336	83	64
4344	447	53
4346	386	567
4347	206	335
4348	492	432
4353	318	360
4354	533	219
4357	458	541
4358	370	16
4365	51	419
4369	520	328
4371	511	158
4373	45	264
4376	166	136
4378	422	310
4379	45	449
4380	93	37
4381	153	157
4388	34	346
4390	371	455
4391	445	328
4393	195	81
4394	480	41
4395	264	176
4396	412	218
4397	14	491
4399	422	163
4401	334	198
4403	372	24
4404	339	199
4407	509	291
4411	335	325
4412	344	91
4418	45	511
4420	493	18
4422	153	172
4427	366	351
4428	233	151
4429	354	433
4431	300	146
4432	320	374
4433	97	157
4435	525	485
4441	441	234
4442	452	112
4449	52	232
4452	561	559
4454	433	518
4459	540	373
4461	314	256
4462	234	504
4463	191	307
4465	487	503
4467	2	9
4471	476	523
4472	309	452
4473	89	238
4475	279	363
4479	360	376
4482	426	354
4483	147	552
4484	4	38
4486	113	99
4488	37	287
4491	5	370
4494	314	5
4495	515	283
4496	559	210
4497	184	30
4502	172	88
4509	362	487
4515	433	11
4519	176	233
4526	436	321
4527	12	415
4528	33	247
4530	132	229
4532	63	578
4535	38	214
4536	88	49
4537	300	574
4538	469	409
4542	344	250
4543	131	495
4548	455	216
4549	510	208
4550	414	419
4559	387	207
4562	21	27
4564	171	427
4566	88	267
4568	492	184
4569	88	506
4580	195	56
4581	484	272
4589	285	390
4590	347	381
4591	264	21
4592	322	19
4594	530	444
4597	492	569
4606	481	34
4609	110	245
4611	341	224
4612	184	80
4613	531	84
4615	187	245
4618	16	170
4620	542	526
4621	121	126
4622	302	351
4623	250	341
4628	413	49
4630	188	515
4632	107	128
4633	438	207
4635	447	326
4636	64	357
4637	66	324
4638	481	63
4648	442	558
4649	121	111
4650	540	101
4655	498	9
4656	134	444
4661	27	165
4666	470	101
4667	251	211
4668	235	548
4669	178	303
4672	511	569
4674	29	466
4675	383	363
4678	474	101
4680	290	311
4682	239	116
4685	461	396
4686	362	66
4687	528	172
4692	525	490
4693	415	214
4696	32	367
4697	504	56
4700	299	120
4701	182	483
4705	435	571
4706	97	512
4711	227	134
4716	283	506
4718	190	18
4721	395	33
4722	187	350
4725	52	51
4726	259	194
4728	258	365
4730	487	368
4731	11	59
4736	405	392
4742	584	308
4747	40	350
4748	534	510
4749	228	493
4750	332	514
4752	148	403
4758	379	314
4759	210	347
4764	585	414
4766	418	487
4768	554	543
4771	585	88
4772	516	339
4773	296	38
4774	391	246
4778	420	588
4779	359	281
4782	414	193
4786	506	169
4787	213	108
4788	144	247
4789	494	118
4794	97	379
4796	368	235
4800	469	522
4801	88	239
4803	83	584
4808	296	85
4809	462	41
4813	124	293
4814	578	167
4815	278	469
4819	5	386
4827	354	98
4828	304	400
4837	381	58
4838	201	219
4840	577	219
4844	338	218
4847	352	404
4848	476	312
4849	208	480
4855	558	496
4858	30	512
4859	443	183
4860	425	510
4861	176	421
4865	261	324
4869	422	460
4870	51	47
4876	228	399
4882	564	513
4885	113	350
4886	491	242
4890	500	49
4891	575	387
4893	98	442
4894	355	462
4895	121	457
4899	104	183
4901	296	303
4909	534	576
4914	377	217
4917	361	426
4923	498	31
4931	66	182
4933	88	549
4935	543	212
4938	315	365
4939	25	501
4944	413	367
4947	361	463
4948	291	541
4950	320	486
4956	258	452
4964	568	261
4965	328	126
4966	349	220
4970	542	328
4971	194	134
4972	540	94
4974	355	354
4975	290	475
4979	213	384
4982	313	191
4983	535	13
4984	236	20
4985	13	539
4988	133	473
4991	135	68
4992	409	229
5000	565	60
5004	428	350
5005	2	254
5007	200	351
5009	525	494
5011	432	311
5013	442	340
5014	497	404
5015	122	381
5016	490	251
5017	494	382
5018	304	21
5025	491	577
5026	502	405
5032	399	183
5033	88	34
5037	495	123
5040	226	233
5048	320	171
5049	523	200
5052	549	321
5054	355	442
5056	78	422
5057	424	51
5069	570	318
5070	225	379
5075	498	288
5076	451	243
5077	473	245
5078	316	46
5083	154	499
5084	579	107
5086	126	107
5087	13	151
5089	172	534
5091	98	226
5097	184	305
5098	464	404
5102	403	493
5103	506	216
5107	249	476
5109	168	91
5113	551	125
5115	543	556
5118	15	474
5119	554	123
5120	15	496
5121	466	421
5125	447	342
5126	300	279
5127	68	411
5134	442	493
5135	297	250
5139	110	128
5140	212	552
5145	62	218
5146	10	154
5151	7	274
5152	222	9
5156	383	541
5158	575	265
5159	45	461
5160	376	505
5169	521	299
5172	220	383
5174	384	386
5176	571	297
5183	111	403
5184	135	460
5189	572	280
5198	110	434
5200	214	352
5206	366	528
5207	517	186
5210	284	44
5216	449	153
5218	297	384
5221	457	414
5232	293	140
5236	45	272
5244	264	39
5246	362	204
5247	406	300
5252	138	448
5254	172	360
5257	368	514
5262	420	179
5265	374	522
5267	339	24
5272	290	569
5275	313	330
5276	471	405
5277	34	496
5279	555	534
5280	69	554
5284	477	554
5286	252	533
5290	352	214
5293	70	7
5297	92	393
5299	49	280
5303	137	205
5306	99	57
5308	234	267
5312	110	120
5315	427	159
5316	522	320
5317	548	279
5321	541	462
5322	6	558
5325	557	444
5329	271	4
5331	409	61
5334	548	479
5336	522	208
5339	584	555
5340	400	234
5344	561	181
5345	144	353
5348	193	506
5350	26	372
5363	151	553
5364	335	300
5366	225	191
5373	38	411
5376	13	260
5378	461	360
5381	357	85
5388	430	523
5390	178	431
5392	69	237
5393	83	24
5394	276	49
5395	249	143
5398	278	559
5399	416	334
5400	489	519
5406	433	510
5412	87	330
5413	37	6
5414	380	261
5415	495	362
5417	539	209
5418	120	410
5419	390	428
5420	23	363
5426	36	511
5428	199	60
5429	227	323
5430	173	409
5433	583	213
5434	450	262
5437	121	12
5439	123	256
5440	291	538
5445	252	273
5446	282	172
5447	462	332
5448	476	174
5450	572	356
5451	406	487
5452	206	49
5453	297	156
5455	475	383
5458	337	473
5464	392	4
5466	163	270
5467	361	219
5473	454	119
5476	94	194
5477	183	344
5479	568	566
5480	145	469
5484	358	33
5490	458	525
5502	426	300
5503	216	482
5506	324	450
5512	120	540
5517	351	487
5518	499	540
5519	524	370
5522	561	251
5524	121	476
5528	114	72
5529	44	276
5531	465	145
5536	13	422
5539	432	569
5544	479	548
5548	73	501
5550	144	535
5551	521	327
5552	114	343
5553	587	206
5556	310	494
5557	390	529
5562	376	156
5566	274	510
5568	10	571
5574	289	278
5576	578	434
5577	501	328
5579	523	430
5580	391	434
5581	355	40
5585	179	310
5589	337	570
5590	208	254
5591	242	559
5594	7	514
5595	528	478
5599	160	155
5601	168	543
5608	312	213
5611	507	199
5612	29	227
5614	367	313
5616	352	252
5619	548	386
5620	504	502
5622	172	413
5626	487	362
5627	261	383
5629	434	578
5631	205	178
5633	227	233
5636	275	185
5638	213	482
5639	169	92
5644	301	87
5645	476	53
5647	255	4
5654	384	321
5655	158	73
5662	505	147
5663	424	214
5666	30	238
5676	555	319
5678	125	324
5680	493	540
5684	34	218
5686	210	239
5687	4	57
5692	152	323
5693	159	507
5695	364	330
5698	256	63
5702	8	157
5703	265	259
5704	199	423
5705	233	318
5709	234	586
5712	72	177
5717	43	213
5719	434	357
5723	39	198
5725	183	457
5728	531	304
5730	465	475
5737	92	95
5739	304	500
5740	453	318
5741	268	215
5747	5	536
5750	532	382
5752	85	84
5758	273	18
5760	320	145
5761	27	405
5774	374	171
5775	184	293
5777	62	362
5778	540	559
5780	49	475
5781	548	235
5787	402	439
5791	343	515
5795	477	558
5807	74	324
5808	436	269
5812	25	82
5814	499	406
5817	564	475
5820	169	127
5826	3	441
5828	168	245
5829	58	35
5832	545	440
5833	102	391
5834	461	183
5836	225	267
5837	92	339
5842	492	441
5843	547	296
5844	482	344
5846	535	288
5848	475	145
5851	148	334
5854	242	554
5865	356	410
5866	523	343
5868	527	339
5870	217	377
5871	233	145
5875	98	354
5880	9	90
5884	469	255
5885	318	348
5889	150	130
5892	454	449
5895	326	47
5897	420	132
5898	183	426
5900	250	309
5901	513	518
5903	425	296
5907	429	438
5913	64	159
5916	552	133
5919	473	84
5920	324	188
5922	172	204
5923	321	76
5924	204	72
5925	311	475
5926	241	535
5927	144	62
5939	582	46
5940	154	154
5943	265	461
5944	96	296
5946	40	118
5947	386	380
5948	80	503
5956	411	68
5957	116	529
5960	457	251
5963	585	485
5967	368	205
5968	534	287
5971	355	144
5974	373	3
5975	471	10
5978	432	229
5982	85	93
5984	370	317
5988	199	315
5989	86	336
5992	87	105
5995	123	18
5997	247	387
6000	584	207
6001	412	460
6003	377	220
6009	216	115
6013	292	218
6018	533	335
6023	471	587
6024	476	559
6025	413	341
6026	408	3
6027	316	559
6031	170	130
6034	543	343
6036	294	316
6037	378	230
6038	521	121
6042	273	49
6043	469	427
6048	526	230
6050	68	548
6056	520	548
6057	15	339
6062	461	286
6067	99	565
6068	27	299
6069	191	153
6071	266	540
6075	1	55
6078	289	56
6079	255	255
6080	36	83
6082	558	355
6084	501	184
6085	426	209
6091	428	517
6093	448	126
6094	60	565
6095	132	218
6096	560	293
6100	180	467
6103	344	124
6104	513	19
6105	442	503
6107	473	277
6109	29	245
6113	526	67
6118	36	409
6119	498	133
6122	34	84
6123	205	137
6124	228	571
6126	467	294
6128	43	458
6132	419	419
6133	68	177
6134	437	461
6135	131	241
6137	311	419
6139	526	475
6142	152	200
6144	275	8
6145	311	408
6146	19	491
6149	122	573
6157	538	110
6164	248	332
6165	491	231
6167	143	571
6168	23	548
6170	490	35
6174	270	477
6179	279	491
6182	443	455
6186	256	179
6190	28	153
6199	548	86
6203	521	555
6207	288	494
6208	134	584
6210	342	261
6212	265	472
6217	29	210
6218	167	95
6219	479	465
6221	478	528
6227	255	447
6234	427	570
6235	487	240
6237	96	128
6238	576	126
6239	217	188
6240	30	152
6243	493	228
6245	400	57
6249	237	453
6250	233	581
6251	547	52
6252	13	420
6260	276	521
6264	229	502
6267	383	261
6270	280	473
6271	359	101
6272	352	577
6274	573	391
6275	218	159
6277	487	263
6283	462	363
6288	414	408
6290	115	325
6291	237	87
6294	400	498
6296	147	365
6298	481	313
6301	107	124
6304	373	499
6307	320	337
6308	226	274
6309	326	494
6312	410	42
6315	477	248
6319	50	40
6323	403	66
6326	500	316
6328	117	201
6329	237	234
6332	441	308
6335	383	195
6342	121	526
6343	148	344
6345	268	204
6346	82	302
6347	245	184
6349	93	25
6354	195	55
6357	336	340
6361	387	337
6363	562	399
6365	267	409
6367	469	440
6368	323	513
6369	7	198
6372	538	256
6374	485	222
6375	454	48
6378	83	56
6394	167	506
6395	539	45
6399	81	181
6404	378	568
6405	499	219
6407	517	451
6410	461	194
6414	66	351
6415	477	190
6428	522	469
6430	565	57
6432	79	208
6438	31	133
6442	99	100
6443	168	365
6446	490	295
6454	124	325
6456	472	574
6461	173	276
6462	315	274
6464	494	90
6467	295	485
6468	318	377
6469	54	475
6473	88	73
6475	458	564
6476	276	52
6477	406	499
6478	439	461
6481	119	334
6486	240	275
6498	203	4
6500	325	519
6501	376	160
6513	315	144
6514	6	204
6515	488	13
6516	31	521
6520	553	144
6521	219	345
6522	330	231
6527	100	44
6529	266	167
6531	351	402
6533	265	26
6534	264	73
6537	179	9
6538	306	40
6540	253	99
6542	217	21
6545	551	74
6547	259	169
6553	234	418
6556	472	88
6557	213	443
6560	315	261
6561	320	582
6562	482	213
6566	442	362
6569	98	237
6574	13	152
6575	42	318
6579	328	323
6580	427	337
6582	13	558
6583	314	386
6584	144	60
6587	17	142
6589	588	376
6591	262	361
6592	555	293
6593	249	115
6598	29	336
6599	449	529
6601	500	440
6602	461	266
6603	581	545
6607	499	519
6608	63	461
6609	84	86
6612	447	150
6615	559	409
6616	448	464
6617	72	287
6619	291	76
6627	587	322
6629	343	434
6633	420	566
6634	147	346
6636	370	95
6637	255	52
6638	4	301
6641	559	465
6643	49	409
6647	180	70
6648	468	415
6649	8	186
6650	246	514
6652	232	408
6653	245	430
6659	318	163
6661	110	543
6665	383	273
6669	219	563
6670	101	525
6672	526	500
6677	487	164
6678	49	273
6679	439	314
6680	340	557
6687	34	62
6688	543	233
6692	230	308
6694	182	509
6697	281	519
6705	219	87
6707	414	296
6708	448	47
6709	47	96
6712	505	12
6719	205	262
6722	200	357
6723	472	363
6735	361	345
6737	257	476
6739	511	326
6741	180	235
6742	220	217
6743	259	336
6745	38	230
6747	294	171
6749	316	320
6752	543	228
6756	57	580
6757	201	251
6759	487	351
6761	256	312
6766	144	479
6773	105	447
6775	138	22
6780	27	504
6781	350	490
6784	79	453
6786	567	384
6787	578	200
6793	344	399
6794	42	82
6804	531	401
6805	490	393
6806	383	125
6807	426	297
6808	386	548
6814	109	228
6818	475	129
6823	183	579
6824	518	211
6825	104	399
6828	512	97
6830	309	107
6831	208	293
6834	200	318
6841	429	278
6848	324	94
6849	134	230
6850	328	205
6851	447	232
6852	419	547
6854	550	447
6856	372	409
6857	219	275
6865	344	482
6868	71	140
6869	324	426
6879	522	540
6884	458	252
6885	422	453
6887	241	173
6889	186	59
6891	75	434
6894	110	284
6895	319	581
6896	91	149
6897	441	391
6901	45	394
6903	220	354
6905	134	136
6906	88	116
6907	449	8
6909	257	315
6914	204	496
6916	19	304
6917	12	297
6919	134	339
6920	56	344
6922	270	418
6923	3	321
6924	337	372
6925	301	439
6928	403	131
6937	70	180
6938	246	531
6939	362	72
6940	132	38
6941	28	235
6946	339	337
6948	167	253
6950	399	231
6951	576	445
6952	339	247
6956	215	496
6958	511	296
6959	294	84
6960	322	575
6961	537	556
6963	274	69
6966	11	166
6967	476	70
6980	26	64
6982	93	254
6983	508	313
6984	151	170
6988	6	333
6989	503	198
6992	483	548
6996	414	7
6999	367	330
7000	84	33
7005	520	488
7010	78	12
7012	292	159
7014	546	325
7017	415	444
7024	165	404
7029	408	462
7030	347	132
7031	101	460
7034	549	237
7038	69	145
7045	60	188
7048	338	204
7052	26	259
7053	35	393
7055	543	17
7059	174	555
7060	140	358
7061	490	428
7063	238	228
7064	124	491
7067	10	378
7070	344	455
7076	99	253
7077	439	571
7083	219	221
7092	131	315
7094	396	559
7095	417	333
7099	293	546
7103	117	501
7105	390	514
7108	261	198
7109	540	521
7116	374	160
7117	346	153
7118	389	126
7123	273	242
7125	41	198
7129	58	542
7131	32	80
7135	538	242
7136	455	381
7139	299	32
7142	582	399
7146	33	416
7148	517	581
7150	400	439
7154	480	92
7157	323	13
7159	133	163
7163	310	209
7167	33	395
7169	522	3
7170	359	229
7171	114	481
7179	128	362
7184	273	585
7186	375	119
7190	547	191
7194	348	200
7195	83	207
7197	209	367
7198	80	185
7201	54	298
7205	519	429
7208	541	383
7210	294	476
7216	342	23
7217	234	461
7220	120	70
7226	13	113
7232	312	495
7234	328	280
7236	30	458
7237	266	29
7241	286	131
7246	517	41
7248	498	433
7249	504	129
7250	233	473
7254	247	24
7255	484	434
7256	357	90
7258	320	545
7259	382	323
7260	101	519
7264	259	575
7267	107	430
7269	87	275
7270	399	107
7272	274	315
7274	148	215
7276	317	106
7280	159	460
7287	516	497
7292	69	12
7296	502	272
7297	52	26
7298	410	540
7306	174	341
7312	232	539
7313	52	6
7314	426	239
7315	122	125
7316	345	354
7318	178	255
7320	543	29
7321	485	563
7329	45	509
7333	558	274
7334	369	47
7336	180	532
7337	411	336
7339	57	550
7342	104	307
7343	165	27
7344	252	219
7350	395	78
7351	543	465
7353	287	72
7354	553	489
7355	361	131
7356	326	190
7357	163	434
7360	543	554
7361	102	382
7365	429	319
7369	72	68
7370	92	438
7373	198	503
7376	406	587
7383	245	357
7385	358	90
7390	297	571
7391	356	151
7394	14	514
7398	49	341
7399	39	332
7401	546	581
7402	482	384
7406	515	426
7409	496	282
7410	243	137
7411	213	476
7415	200	203
7417	223	124
7418	37	585
7426	544	389
7430	426	271
7434	171	46
7436	126	25
7439	165	233
7445	529	121
7447	429	534
7452	488	155
7455	557	201
7457	235	494
7467	193	169
7468	70	40
7470	123	29
7478	543	39
7483	105	513
7485	210	578
7486	85	360
7490	233	286
7495	460	534
7499	453	234
7501	542	55
7506	84	66
7512	339	259
7513	328	542
7516	24	199
7517	440	22
7518	403	391
7519	174	586
7520	296	464
7521	208	584
7522	166	56
7529	309	258
7531	337	247
7535	409	469
7536	42	438
7539	430	307
7541	168	227
7548	276	476
7549	522	584
7552	419	85
7553	575	24
7557	266	170
7559	570	303
7564	450	526
7567	442	201
7569	552	403
7570	239	63
7571	438	24
7579	94	14
7581	505	376
7582	181	264
7586	410	26
7587	39	55
7588	92	530
7592	428	322
7602	534	197
7604	441	184
7605	564	335
7607	126	328
7608	340	415
7613	559	440
7616	280	49
7619	80	113
7628	419	177
7632	512	233
7637	545	49
7639	519	540
7642	403	246
7647	472	328
7648	275	77
7653	535	317
7654	365	107
7658	358	313
7659	274	34
7661	263	561
7662	142	298
7663	328	207
7667	271	342
7671	204	287
7673	347	115
7674	363	30
7675	473	38
7678	328	29
7679	409	507
7680	201	128
7681	275	296
7686	4	453
7687	129	476
7688	134	476
7691	218	129
7698	476	339
7710	338	412
7711	266	553
7720	92	42
7723	125	586
7725	314	10
7727	84	383
7729	513	174
7735	316	440
7736	580	571
7737	132	35
7740	393	332
7741	59	234
7742	411	6
7743	384	399
7750	93	47
7761	313	369
7762	64	15
7764	18	437
7766	223	213
7768	539	57
7773	205	64
7774	505	254
7777	72	497
7780	447	553
7782	204	417
7785	90	104
7788	462	510
7799	489	141
7801	157	198
7802	383	27
7803	325	74
7804	45	488
7808	329	27
7811	399	149
7813	216	455
7814	168	206
7816	213	380
7818	300	407
7829	264	582
7835	374	294
7836	59	405
7837	365	165
7844	96	319
7847	536	523
7851	99	188
7861	571	10
7863	77	581
7865	546	103
7866	264	276
7882	184	245
7883	194	94
7885	38	560
7888	330	305
7891	120	553
7892	567	346
7898	28	209
7901	5	172
7915	73	112
7916	424	497
7917	48	294
7918	374	278
7919	354	363
7921	433	157
7922	130	150
7924	507	154
7928	557	429
7931	133	476
7935	384	515
7936	131	304
7939	385	370
7940	157	498
7946	293	364
7948	581	286
7949	256	348
7950	410	523
7953	23	450
7954	13	52
7956	47	419
7958	159	496
7959	587	488
7961	430	461
7965	349	266
7966	512	243
7969	391	441
7971	543	14
7972	63	586
7973	228	168
7976	340	193
7980	403	455
7981	215	249
7990	255	294
7995	489	478
7997	297	370
8004	462	291
8008	178	178
8011	213	28
8018	245	117
8022	415	340
8025	438	387
8027	441	429
8028	32	393
8031	455	361
8032	290	501
8033	101	240
8035	46	582
8037	581	130
8038	270	318
8042	352	137
8046	420	31
8051	386	63
8052	429	3
8056	87	315
8058	100	400
8061	32	559
8064	462	2
8069	211	295
8070	585	455
8072	472	218
8073	148	249
8076	425	341
8077	542	150
8078	457	476
8085	297	518
8089	90	484
8090	433	491
8093	362	496
8097	272	45
8102	512	30
8103	369	213
8106	193	393
8107	485	18
8113	376	343
8119	517	230
8120	59	364
8121	582	181
8122	576	148
8124	463	92
8127	92	507
8130	328	501
8132	193	490
8137	204	68
8140	405	300
8141	98	120
8148	532	102
8150	91	475
8155	363	383
8156	35	242
8158	502	229
8164	61	34
8165	410	199
8166	43	160
8171	69	549
8174	470	283
8175	527	507
8176	293	322
8178	45	487
8179	140	357
8180	572	130
8182	438	83
8187	562	149
8189	482	209
8192	208	58
8194	296	547
8195	535	144
8196	107	41
8198	355	352
8201	134	336
8202	141	141
8203	259	217
8204	268	291
8209	576	278
8212	214	300
8214	180	251
8215	31	317
8219	581	77
8220	218	12
8223	183	179
8226	240	131
8229	194	221
8230	471	406
8232	318	200
8234	567	446
8235	126	138
8238	281	353
8240	101	504
8241	316	545
8242	267	504
8243	49	131
8247	350	210
8248	477	549
8250	353	359
8252	448	419
8254	516	410
8255	518	297
8257	290	374
8260	399	524
8261	281	160
8263	160	49
8268	529	165
8269	476	210
8270	507	460
8273	159	181
8281	432	322
8282	130	434
8296	377	55
8300	48	20
8301	341	187
8302	57	151
8303	515	2
8309	226	257
8310	570	488
8311	387	199
8312	276	189
8319	426	515
8320	294	467
8323	174	487
8327	62	229
8332	308	234
8341	22	464
8344	174	65
8345	336	420
8346	210	183
8348	131	88
8351	328	142
8352	289	69
8359	291	149
8360	1	401
8361	357	236
8363	538	129
8364	513	487
8365	87	533
8368	189	513
8370	81	129
8371	577	544
8372	400	428
8376	557	577
8378	402	454
8379	208	82
8380	539	263
8383	42	497
8386	209	506
8389	92	407
8392	314	40
8393	518	513
8396	544	270
8397	84	85
8399	173	241
8402	111	201
8412	463	329
8413	492	527
8417	108	199
8428	25	22
8430	434	502
8437	466	493
8440	337	202
8441	131	70
8443	40	107
8444	434	201
8448	560	350
8457	445	130
8459	355	539
8460	344	104
8461	134	323
8462	28	34
8463	503	248
8465	434	573
8473	193	370
8485	549	97
8487	142	576
8488	237	289
8489	487	210
8490	316	582
8491	264	299
8492	19	407
8493	432	45
8496	378	206
8498	444	468
8499	525	179
8501	243	48
8503	4	261
8504	36	440
8506	296	232
8509	8	452
8511	488	411
8513	137	449
8514	537	183
8521	401	225
8523	29	365
8524	36	580
8525	383	33
8526	482	94
8529	429	540
8531	438	308
8532	284	399
8534	191	9
8538	584	336
8540	134	372
8546	511	572
8551	423	31
8553	554	348
8555	110	34
8557	369	462
8559	512	192
8562	203	27
8565	347	84
8566	321	567
8567	416	268
8569	403	123
8571	49	150
8573	507	134
8576	230	571
8579	303	366
8588	557	67
8595	580	53
8601	450	67
8603	37	52
8605	208	61
8607	318	100
8608	308	230
8609	131	403
8610	255	511
8611	456	494
8612	402	8
8613	412	496
8615	170	461
8617	388	30
8620	216	217
8622	174	403
8629	489	281
8637	478	484
8640	513	401
8643	268	282
8645	380	506
8647	198	147
8650	360	122
8652	527	247
8655	268	417
8656	37	140
8657	216	259
8660	559	245
8661	251	249
8664	541	291
8669	252	428
8671	311	158
8675	151	16
8678	74	206
8679	19	322
8681	537	394
8682	45	167
8685	76	258
8687	180	318
8689	159	417
8701	49	55
8705	137	436
8706	299	70
8726	429	557
8729	487	3
8737	158	492
8741	292	34
8744	66	266
8746	347	226
8752	548	581
8753	551	390
8762	126	576
8768	233	523
8770	22	165
8778	275	315
8779	233	75
8781	3	546
8782	17	160
8784	448	2
8786	186	8
8787	41	183
8789	57	140
8794	153	163
8804	324	266
8807	272	502
8811	91	583
8812	466	559
8813	336	334
8815	581	319
8816	334	148
8820	530	574
8821	446	327
8822	493	173
8828	448	404
8832	278	316
8834	26	575
8840	333	172
8841	208	3
8845	51	34
8846	365	221
8850	424	432
8853	204	159
8859	435	475
8865	184	155
8866	314	380
8867	88	132
8871	58	150
8872	339	92
8874	365	29
8880	69	314
8885	228	198
8887	116	84
8888	476	329
8894	245	343
8899	526	246
8900	59	186
8903	516	207
8904	78	456
8908	217	259
8911	105	191
8915	52	162
8919	94	557
8926	580	439
8927	60	310
8935	384	297
8937	272	291
8940	411	290
8941	511	25
8944	39	157
8945	465	114
8947	39	264
8949	206	143
8952	384	583
8953	363	297
8956	419	433
8958	150	408
8959	424	123
8961	230	389
8966	82	86
8968	444	252
8970	291	455
8976	449	454
8982	390	391
8986	433	174
8987	29	549
8989	498	457
8991	403	36
8993	413	548
8999	532	300
9000	211	512
9001	384	315
9003	537	453
9008	517	84
9013	284	478
9014	523	360
9016	117	247
9019	551	4
9026	465	215
9034	360	128
9038	34	417
9039	374	530
9040	71	162
9044	138	501
9047	215	534
9048	537	327
9050	138	120
9057	522	145
9058	456	235
9060	544	399
9064	148	129
9065	562	461
9066	35	128
9067	497	516
9068	431	93
9069	2	494
9070	494	370
9073	324	551
9074	205	431
9075	351	8
9076	495	418
9078	25	511
9080	206	31
9085	460	411
9087	493	224
9090	9	495
9091	289	237
9094	562	468
9098	332	393
9099	2	126
9102	290	336
9105	67	195
9107	218	6
9113	458	414
9114	252	454
9119	237	187
9126	480	488
9130	475	23
9132	115	223
9133	450	455
9134	120	29
9136	273	1
9139	581	439
9141	218	274
9144	546	155
9145	41	315
9149	22	61
9151	400	341
9157	481	274
9160	90	367
9163	294	434
9164	356	190
9166	5	233
9168	220	121
9169	210	457
9170	201	552
9171	456	452
9174	517	352
9176	131	194
9177	556	554
9185	74	365
9188	316	302
9194	409	398
9195	567	553
9198	57	247
9200	354	161
9201	427	24
9203	322	72
9206	563	198
9209	102	487
9214	291	358
9216	534	292
9217	64	584
9219	583	5
9220	530	325
9224	529	341
9225	549	501
9226	474	159
9229	209	180
9230	343	463
9235	516	134
9236	501	488
9237	69	27
9239	505	79
9240	11	102
9241	1	403
9255	233	176
9257	230	227
9259	317	60
9260	580	220
9261	36	234
9264	109	13
9268	27	21
9272	177	362
9275	69	14
9276	221	183
9280	143	115
9281	577	206
9283	334	121
9288	219	388
9289	460	453
9290	506	97
9292	151	139
9293	430	509
9295	154	27
9296	150	49
9300	369	385
9305	101	289
9306	68	424
9311	280	511
9312	57	13
9313	557	23
9314	492	3
9319	124	344
9320	513	391
9321	506	12
9323	492	158
9324	473	280
9326	3	555
9327	278	492
9329	499	537
9337	559	316
9338	176	360
9339	296	255
9340	230	526
9358	322	497
9364	572	167
9366	123	397
9367	114	270
9376	20	434
9377	387	387
9379	87	100
9381	183	227
9383	165	365
9388	294	425
9390	395	273
9391	386	272
9394	160	389
9396	385	510
9398	357	196
9400	439	581
9403	24	15
9404	396	151
9406	296	274
9409	504	329
9414	262	163
9415	428	563
9417	149	122
9419	130	13
9421	21	302
9424	220	586
9425	156	573
9429	55	500
9432	265	564
9434	559	396
9437	94	408
9439	574	531
9440	279	92
9441	296	408
9442	199	30
9443	351	471
9448	542	445
9451	524	495
9457	33	401
9462	89	172
9465	423	446
9470	410	336
9475	218	352
9476	366	434
9482	303	93
9484	114	485
9485	521	49
9488	584	507
9492	346	485
9494	495	524
9498	210	416
9502	559	212
9503	98	268
9504	293	184
9507	57	315
9508	381	44
9512	441	298
9514	66	423
9515	295	585
9519	335	219
9525	323	227
9528	85	201
9529	269	330
9530	140	306
9533	472	159
9542	216	427
9543	473	28
9548	330	87
9552	3	319
9553	69	85
9555	370	533
9565	298	285
9569	437	73
9573	527	540
9574	50	519
9576	269	321
9577	166	360
9578	147	228
9579	304	19
9583	357	140
9586	496	144
9589	365	149
9591	353	353
9594	185	275
9595	493	198
9598	241	167
9600	152	163
9605	117	506
9612	408	311
9613	185	444
9614	75	218
9615	238	454
9617	546	499
9618	372	516
9620	565	115
9621	86	254
9623	303	47
9626	356	150
9630	497	25
9634	431	241
9637	399	91
9647	276	215
9653	412	302
9656	414	324
9657	215	472
9658	465	13
9663	299	539
9666	145	545
9667	92	575
9668	463	129
9669	512	314
9671	126	2
9672	329	349
9673	362	479
9676	585	371
9677	75	63
9678	216	73
9686	160	167
9687	336	165
9688	465	95
9689	169	323
9691	432	123
9697	206	264
9704	123	126
9705	497	138
9709	420	340
9710	234	411
9713	304	155
9721	285	441
9724	181	57
9726	534	293
9728	373	425
9729	511	414
9730	584	15
9731	321	535
9736	165	457
9737	61	282
9738	477	39
9739	372	42
9741	565	99
9743	462	97
9745	353	496
9746	526	472
9747	510	278
9748	462	400
9749	547	182
9750	320	278
9752	52	177
9759	486	511
9763	7	248
9764	25	86
9767	276	413
9768	161	585
9769	429	58
9770	272	335
9771	296	150
9773	532	485
9777	256	361
9779	585	332
9781	295	498
9782	239	309
9783	320	24
9786	317	276
9787	163	508
9788	99	173
9790	497	22
9793	31	276
9795	386	5
9806	527	476
9808	193	159
9809	165	529
9810	21	120
9811	324	262
9812	52	248
9819	180	422
9824	20	354
9825	199	271
9826	460	101
9834	347	472
9838	357	453
9841	356	142
9842	240	437
9846	68	144
9849	210	410
9851	254	52
9852	351	369
9853	341	13
9854	419	254
9855	114	144
9858	406	439
9859	327	327
9861	201	27
9864	578	224
9865	492	511
9867	419	542
9869	297	10
9871	234	492
9872	72	316
9878	510	385
9882	450	344
9887	344	528
9890	411	265
9891	499	546
9896	195	437
9897	328	472
9900	484	524
9906	526	95
9910	146	4
9911	522	289
9915	29	266
9920	291	33
9923	62	72
9927	178	150
9931	231	33
9933	494	243
9934	385	369
9935	419	414
9938	581	548
9939	482	183
9942	500	545
9949	389	285
9950	281	496
9959	113	430
9966	486	427
9968	461	128
9969	496	72
9972	413	275
9978	476	438
9979	382	174
9980	453	123
9986	101	171
9990	488	425
9993	351	66
9995	168	462
9996	488	319
10003	493	514
10007	189	189
10008	473	45
10009	461	157
10010	185	491
10013	312	211
10016	288	449
10020	63	239
10021	485	39
10022	536	45
10025	253	173
10028	293	369
10030	186	303
10033	268	292
10036	84	473
10044	220	324
10045	546	219
10049	371	236
10051	135	159
10052	164	312
10053	64	135
10055	428	169
10058	30	406
10062	138	464
10066	447	267
10072	242	23
10075	172	286
10077	539	16
10079	496	558
10087	58	167
10088	280	572
10091	237	267
10092	454	252
10095	490	382
10099	358	291
10100	76	306
10105	19	192
10106	505	332
10107	533	296
10112	33	14
10117	240	81
10120	184	510
10123	558	449
10124	174	19
10125	57	181
10126	147	301
10130	313	491
10133	43	390
10135	116	549
10143	219	19
10144	97	272
10145	184	129
10153	179	397
10155	579	50
10157	143	566
10161	263	45
10166	12	216
10176	49	500
10183	169	393
10184	500	433
10186	453	18
10187	403	194
10189	499	359
10190	502	441
10191	29	98
10193	405	306
10198	280	349
10201	269	436
10205	445	409
10208	9	360
10211	216	545
10212	434	366
10215	480	404
10216	578	295
10217	11	434
10220	409	404
10221	157	233
10223	44	162
10224	544	577
10227	382	395
10229	150	364
10235	147	224
10236	240	487
10246	491	39
10247	117	85
10252	555	429
10253	221	482
10256	524	14
10258	145	171
10260	256	33
10271	254	126
10274	131	168
10278	360	318
10279	181	381
10283	196	200
10285	232	232
10288	321	147
10290	202	303
10292	203	453
10295	283	33
10297	308	423
10298	76	190
10300	423	66
10304	219	77
10306	71	351
10309	25	77
10311	564	67
10312	123	237
10313	281	141
10315	399	182
10316	354	345
10320	470	97
10324	282	287
10326	50	201
10333	555	441
10334	229	240
10335	310	225
10337	546	50
10339	421	413
10340	365	515
10342	475	54
10354	239	32
10362	251	559
10364	92	466
10367	401	249
10375	559	466
10384	67	194
10386	197	34
10387	218	282
10388	236	357
10394	380	213
10395	264	212
10396	529	367
10397	405	284
10398	516	83
10400	33	221
10401	15	247
10402	64	476
10404	195	453
10405	515	126
10407	352	464
10408	336	83
10410	265	473
10411	265	516
10412	558	199
10416	357	358
10419	21	437
10421	495	183
10422	106	173
10426	382	514
10435	255	16
10437	300	426
10438	515	361
10440	131	286
10446	541	477
10449	300	214
10450	168	481
10453	346	118
10455	183	562
10459	502	318
10460	308	184
10462	526	188
10466	94	586
10471	305	411
10475	152	123
10478	291	452
10480	58	160
10481	213	530
10484	366	344
10485	329	129
10487	269	152
10488	39	233
10492	380	439
10493	387	247
10496	160	413
10498	193	354
10502	106	297
10505	566	341
10509	33	84
10510	225	354
10518	452	586
10523	313	363
10526	60	347
10534	201	121
10539	249	325
10540	158	263
10542	314	385
10548	297	183
10549	50	71
10551	353	276
10552	332	181
10553	100	28
10555	523	434
10557	44	284
10558	21	102
10563	83	575
10565	24	265
10568	200	478
10569	323	328
10571	414	69
10573	222	449
10575	432	280
10576	173	116
10581	559	242
10582	238	314
10584	246	113
10585	150	9
10591	312	260
10594	515	237
10595	405	59
10596	323	179
10597	573	330
10598	224	295
10600	59	138
10608	552	553
10610	52	189
10613	245	548
10624	576	319
10626	110	459
10628	570	168
10630	392	291
10632	418	378
10636	355	581
10637	98	13
10639	441	527
10643	32	19
10651	339	165
10652	22	36
10654	89	536
10655	467	153
10656	169	162
10660	519	101
10662	408	319
10664	406	420
10668	586	209
10673	255	203
10676	177	52
10680	59	382
10684	554	69
10687	14	315
10688	571	143
10689	298	344
10694	76	345
10697	184	343
10698	187	107
10701	7	332
10704	442	477
10707	247	57
10708	184	425
10711	194	166
10712	160	343
10713	181	12
10717	290	538
10723	117	473
10724	156	324
10725	551	300
10728	18	322
10731	9	456
10732	478	182
10734	475	228
10735	398	410
10736	40	582
10737	132	347
10739	95	314
10740	584	516
10754	112	45
10755	287	411
10757	15	516
10760	246	249
10761	437	195
10767	348	159
10768	145	374
10771	349	27
10773	254	178
10777	378	366
10779	491	518
10780	1	290
10784	60	87
10787	56	67
10789	47	37
10790	188	426
10792	307	41
10794	268	416
10795	62	417
10799	284	357
10803	165	487
10812	264	207
10813	400	304
10818	85	502
10819	29	421
10820	340	213
10822	502	446
10824	87	257
10827	397	134
10828	21	47
10829	567	90
10831	340	393
10833	542	93
10835	271	107
10836	521	540
10842	432	475
10844	185	393
10847	397	179
10852	570	226
10857	489	546
10863	409	287
10864	107	40
10865	507	516
10866	273	437
10872	409	320
10873	18	326
10875	339	26
10876	84	88
10877	23	70
10878	582	427
10880	350	334
10889	325	335
10890	192	67
10891	435	585
10892	131	483
10894	252	391
10899	31	249
10900	368	423
10901	52	96
10907	233	85
10908	515	586
10910	502	346
10911	402	137
10913	385	227
10914	165	336
10925	30	71
10926	24	415
10929	294	374
10930	494	395
10932	120	226
10936	434	272
10941	397	111
10944	184	278
10946	255	419
10947	382	529
10949	243	163
10958	139	56
10959	25	93
10960	61	292
10963	504	511
10971	372	171
10978	535	95
10980	33	514
10984	307	399
10985	168	570
10986	188	186
10988	473	575
10990	81	550
10993	144	177
10995	293	47
10999	376	34
11004	483	251
11009	551	203
11012	530	262
11014	32	239
11019	373	359
11025	299	18
11031	279	193
11032	124	381
11034	39	556
11035	536	459
11038	333	338
11039	296	540
11045	79	352
11046	361	156
11048	438	507
11052	112	523
11053	42	336
11055	441	434
11056	209	379
11057	156	67
11060	58	572
11063	359	489
11065	395	144
11066	184	534
11067	348	31
11070	586	539
11076	247	265
11077	333	72
11086	357	135
11088	575	497
11094	183	231
11100	270	114
11104	360	85
11105	119	30
11107	559	117
11108	447	139
11109	243	114
11118	352	355
11130	231	495
11133	72	114
11141	566	174
11143	155	66
11144	143	10
11148	544	39
11150	127	568
11152	267	237
11160	117	165
11161	49	548
11162	42	570
11164	275	506
11165	45	396
11168	216	366
11175	555	224
11176	52	164
11178	259	92
11180	498	224
11185	170	451
11187	365	399
11190	480	25
11195	573	124
11197	252	352
11205	340	444
11208	69	98
11209	491	279
11217	105	284
11218	274	549
11220	388	19
11223	172	34
11228	277	68
11230	494	525
11231	499	471
11232	195	156
11233	426	122
11236	572	572
11242	354	300
11243	155	488
11255	75	33
11256	228	172
11257	213	529
11258	570	42
11260	362	287
11262	585	267
11263	538	570
11266	537	148
11267	167	49
11270	13	170
11271	291	385
11273	49	180
11279	581	296
11292	24	202
11293	449	571
11296	359	50
11297	43	21
11300	294	201
11302	135	42
11309	55	512
11314	291	335
11315	293	474
11316	35	20
11317	435	342
11319	297	216
11320	513	37
11326	205	501
11327	298	475
11331	444	336
11335	342	450
11340	220	112
11343	465	135
11344	284	318
11347	228	45
11348	496	159
11349	318	110
11352	183	358
11353	409	101
11357	172	333
11358	574	216
11359	146	306
11360	336	372
11361	516	26
11362	34	110
11366	167	280
11367	5	481
11370	451	491
11379	420	157
11380	173	297
11382	537	561
11385	508	363
11389	186	295
11391	100	32
11392	541	213
11394	426	199
11395	45	277
11398	434	128
11400	34	534
11401	366	426
11405	250	583
11408	499	327
11410	7	33
11412	565	100
11413	458	262
11414	216	145
11417	198	351
11419	146	368
11420	246	390
11422	450	23
11425	70	147
11427	159	427
11428	363	508
11429	483	364
11433	535	32
11438	586	255
11440	426	201
11445	239	224
11446	24	134
11450	564	454
11461	540	584
11464	265	355
11469	127	209
11474	453	190
11477	244	531
11478	452	8
11479	112	36
11480	237	69
11481	305	167
11484	24	337
11486	527	24
11488	288	463
11489	435	227
11491	247	474
11492	37	494
11493	135	177
11494	496	204
11497	270	349
11500	307	191
11501	572	58
11502	327	141
11504	385	429
11513	167	261
11514	426	551
11515	572	468
11519	317	261
11525	74	143
11530	468	84
11532	35	413
11533	230	481
11534	353	519
11536	507	101
11537	68	437
11539	36	267
11540	563	179
11545	548	374
11547	94	303
11548	106	407
11551	74	551
11557	399	110
11559	3	103
11560	101	372
11563	124	414
11568	409	167
11570	48	457
11572	451	429
11574	71	402
11575	133	206
11579	342	236
11582	285	57
11586	29	343
11587	267	418
11592	19	361
11596	96	557
11597	45	205
11598	172	528
11603	429	584
11606	46	424
11607	73	437
11611	239	131
11613	302	316
11614	89	380
11618	381	285
11621	477	468
11622	15	476
11627	558	548
11629	181	151
11632	483	180
11634	176	536
11635	514	14
11636	482	216
11637	500	173
11640	59	256
11643	473	15
11645	29	256
11649	68	126
11650	187	180
11652	323	172
11654	233	365
11655	495	426
11656	391	162
11658	570	377
11660	341	163
11668	515	315
11679	64	575
11680	205	473
11681	193	414
11682	275	546
11686	506	484
11687	500	278
11695	228	41
11698	512	35
11699	85	32
11704	526	450
11705	360	484
11710	373	507
11712	72	445
11714	248	71
11723	528	181
11724	66	362
11730	491	362
11731	460	61
11732	269	100
11737	176	245
11741	55	285
11750	93	547
11752	193	283
11754	148	131
11757	68	170
11758	405	503
11760	435	370
11761	471	471
11764	561	80
11769	12	181
11770	377	570
11774	447	54
11776	33	75
11779	499	375
11780	338	460
11781	437	31
11783	411	496
11787	552	147
11788	96	201
11790	400	100
11791	312	53
11796	527	178
11798	19	588
11799	571	175
11801	194	573
11803	458	156
11804	388	33
11805	501	497
11807	469	316
11809	149	75
11811	186	238
11813	375	405
11825	240	49
11830	458	324
11832	222	498
11838	209	121
11853	515	192
11854	202	168
11855	210	63
11856	24	42
11857	360	461
11859	284	101
11864	186	34
11866	546	429
11867	527	415
11868	224	159
11872	541	266
11873	148	573
11874	263	569
11875	213	376
11881	27	554
11884	346	369
11885	152	75
11886	548	265
11889	513	323
11890	439	172
11899	128	318
11908	527	555
11909	549	226
11910	423	423
11913	137	113
11914	585	221
11916	473	133
11919	433	555
11925	470	453
11926	495	129
11930	425	308
11933	413	160
11935	117	264
11937	154	64
11938	336	35
11940	231	132
11944	558	411
11945	528	341
11953	142	190
11954	364	81
11957	62	282
11966	95	218
11972	224	251
11973	99	115
11975	325	533
11980	72	412
11988	156	195
11994	36	101
11997	244	74
11998	486	158
12003	13	130
12011	3	446
12019	300	405
12021	332	505
12022	422	395
12027	416	12
12028	350	225
12029	498	245
12037	86	84
12044	151	396
12045	264	561
12051	526	65
12054	409	486
12056	339	476
12061	13	157
12063	56	398
12067	503	210
12068	587	462
12069	576	421
12078	6	408
12080	132	188
12081	579	269
12082	213	111
12083	219	588
12084	484	433
12086	408	414
12088	201	85
12092	440	372
12099	556	227
12101	207	328
12103	75	436
12104	231	120
12107	529	116
12110	469	46
12114	227	29
12115	109	195
12120	241	331
12121	1	432
12122	410	210
12128	325	213
12129	332	8
12130	258	335
12131	147	270
12132	55	148
12136	268	41
12137	429	77
12138	510	369
12139	520	49
12143	103	3
12144	283	168
12145	181	159
12148	271	327
12150	524	91
12151	371	437
12152	178	326
12153	204	558
12154	410	207
12160	398	165
12161	502	503
12163	441	492
12164	179	327
12173	408	448
12174	266	582
12177	297	506
12178	205	337
12181	229	492
12182	1	263
12183	133	305
12184	549	355
12185	402	119
12186	55	552
12190	406	27
12191	205	288
12193	234	537
12196	319	96
12197	355	2
12198	99	485
12200	8	585
12201	505	256
12208	122	99
12209	302	333
12218	481	478
12219	63	354
12221	287	333
12225	513	35
12227	496	327
12230	132	58
12231	106	216
12232	321	3
12236	210	226
12237	556	343
12241	232	1
12244	335	258
12247	561	476
12249	19	85
12251	35	142
12253	233	228
12258	554	446
12261	523	506
12262	70	50
12265	199	15
12272	297	188
12282	290	226
12283	578	430
12287	357	284
12288	65	574
12293	474	417
12294	447	387
12305	149	358
12308	178	292
12309	417	409
12311	521	378
12312	524	107
12314	409	22
12315	36	112
12316	576	328
12317	465	488
12320	178	572
12322	437	51
12325	373	453
12326	385	285
12328	447	461
12330	76	462
12331	146	50
12344	58	559
12345	453	34
12348	509	212
12349	296	219
12353	118	40
12354	256	314
12355	269	470
12357	45	409
12359	69	532
12363	311	511
12365	15	50
12367	269	538
12371	448	497
12372	46	432
12373	9	490
12375	119	332
12378	495	518
12379	271	426
12381	530	336
12382	565	568
12388	198	493
12396	553	129
12400	259	507
12404	72	516
12405	75	553
12408	349	538
12412	522	500
12414	517	545
12418	146	162
12419	493	70
12424	201	529
12428	167	572
12430	405	37
12432	218	61
12434	187	41
12439	32	240
12442	503	284
12443	587	388
12446	57	397
12450	241	99
12451	167	362
12455	500	427
12456	242	415
12460	353	327
12468	404	339
12471	173	299
12473	186	493
12475	192	127
12477	286	455
12480	420	552
12484	91	231
12485	316	522
12486	575	507
12488	481	420
12492	556	389
12494	233	343
12498	420	242
12502	552	270
12503	355	473
12504	351	375
12508	368	313
12510	1	475
12511	553	447
12514	572	511
12515	223	30
12521	335	244
12523	461	562
12525	219	296
12526	107	80
12532	502	200
12533	339	507
12534	125	573
12536	256	433
12540	78	571
12545	420	413
12548	304	428
12552	411	160
12555	344	435
12557	326	453
12561	249	20
12567	139	181
12570	586	148
12572	374	68
12574	538	14
12577	65	27
12581	70	140
12582	342	435
12584	581	352
12586	112	396
12589	39	84
12592	281	359
12598	270	198
12601	27	190
12602	515	562
12603	464	448
12605	458	11
12607	364	80
12608	571	406
12610	476	264
12618	159	292
12624	52	542
12626	215	282
12627	537	27
12629	349	383
12635	54	553
12637	361	343
12640	549	532
12643	187	552
12647	199	117
12648	177	68
12649	327	499
12652	205	480
12654	460	159
12659	82	42
12664	292	6
12665	200	90
12666	491	185
12668	398	321
12669	512	69
12671	574	472
12672	555	452
12673	514	334
12677	93	52
12683	575	424
12687	201	110
12690	524	5
12691	344	136
12694	241	131
12695	41	257
12697	247	19
12701	233	205
12706	76	375
12709	457	181
12710	357	507
12714	431	379
12715	252	383
12716	228	291
12720	41	365
12725	104	583
12729	468	35
12730	64	415
12734	473	438
12747	515	355
12748	183	482
12757	362	418
12763	157	45
12769	452	301
12772	584	208
12774	233	110
12775	140	70
12777	225	241
12779	211	578
12780	52	448
12781	449	301
12788	44	494
12789	461	167
12795	207	233
12798	189	19
12806	561	553
12810	575	134
12812	61	204
12813	494	547
12816	498	461
12817	388	481
12818	340	259
12819	361	324
12821	264	549
12823	331	317
12824	290	45
12829	586	418
12833	301	365
12834	276	115
12838	314	439
12841	374	205
12844	242	381
12845	494	323
12846	58	307
12847	10	81
12848	70	348
12849	95	543
12853	487	319
12856	247	199
12857	78	513
12858	125	370
12862	8	23
12867	534	282
12868	344	310
12870	56	13
12874	14	586
12877	268	335
12878	123	94
12879	58	41
12881	160	298
12882	95	572
12883	584	259
12886	456	346
12887	213	335
12890	65	391
12891	520	542
12894	564	125
12896	377	318
12900	145	272
12901	242	128
12906	12	116
12910	588	451
12911	51	49
12918	123	554
12920	101	77
12921	505	217
12922	339	336
12924	268	62
12925	52	37
12936	509	161
12937	223	196
12938	412	197
12939	513	78
12940	37	582
12942	364	208
12952	289	505
12954	344	231
12955	511	112
12956	92	217
12958	125	342
12961	562	194
12967	133	437
12969	249	40
12970	174	566
12973	226	468
12974	512	129
12975	330	167
12976	148	586
12978	186	80
12984	140	307
12988	544	525
12992	312	490
12995	279	381
12996	505	446
12999	278	429
13000	481	388
13001	566	230
13008	386	160
13009	385	39
13013	276	422
13015	51	158
13016	387	575
13025	150	419
13029	496	409
13033	580	381
13035	496	338
13037	418	63
13038	14	271
13041	535	331
13042	447	572
13043	468	299
13045	344	447
13046	83	92
13048	420	299
13051	396	380
13054	328	170
13056	354	321
13058	375	10
13059	359	496
13062	447	547
13065	134	123
13069	195	67
13072	398	357
13074	27	69
13076	24	527
13079	39	525
13080	580	451
13084	411	390
13085	57	381
13086	423	353
13094	378	132
13096	391	403
13097	277	461
13098	517	335
13099	556	543
13100	575	584
13101	546	353
13103	92	363
13105	269	552
13118	441	237
13122	184	438
13123	298	230
13124	335	386
13128	442	98
13132	193	14
13134	185	517
13135	505	289
13137	414	4
13140	259	339
13143	37	513
13146	240	267
13152	559	354
13157	241	565
13164	116	182
13169	361	515
13172	142	572
13176	166	461
13182	131	239
13184	287	412
13185	188	95
13190	561	537
13193	374	151
13194	174	420
13206	481	188
13207	59	86
13209	298	58
13211	394	45
13214	553	138
13215	60	426
13216	321	201
13217	476	64
13219	455	541
13223	20	426
13226	247	126
13230	324	220
13235	232	47
13236	408	93
13238	241	370
13240	138	49
13241	44	513
13242	23	273
13244	434	328
13245	201	426
13249	373	519
13262	556	405
13263	513	127
13267	449	205
13269	13	465
13270	361	262
13284	509	512
13285	9	257
13290	472	530
13293	404	138
13297	325	359
13300	261	220
13302	336	584
13303	525	568
13304	28	446
13309	430	103
13312	63	112
13315	526	252
13320	408	560
13323	162	44
13324	144	494
13329	409	130
13340	262	194
13342	52	141
13352	171	255
13357	422	13
13362	160	488
13363	199	186
13374	59	82
13379	177	465
13381	496	534
13386	143	325
13388	39	313
13390	549	88
13392	52	154
13393	339	101
13394	396	455
13395	370	249
13396	369	302
13397	357	460
13398	141	423
13400	434	27
13404	585	73
13405	31	143
13406	413	540
13407	283	122
13410	309	239
13425	240	409
13426	215	85
13427	365	74
13428	156	66
13433	478	582
13438	250	351
13440	54	160
13441	363	252
13445	585	435
13446	84	34
13447	22	2
13449	163	133
13460	140	414
13464	182	362
13467	246	472
13468	143	365
13471	579	145
13472	324	201
13477	139	266
13484	501	155
13485	306	140
13490	491	234
13492	476	457
13495	225	66
13496	64	410
13498	234	36
13500	477	332
13503	55	526
13506	345	76
13514	209	551
13515	443	213
13519	99	331
13520	350	66
13521	115	335
13523	165	83
13525	380	271
13526	148	240
13527	87	405
13528	21	483
13535	410	83
13536	496	417
13544	177	93
13545	207	205
13547	79	41
13548	107	50
13549	275	519
13555	153	276
13556	540	278
13561	504	486
13562	475	91
13563	517	86
13571	161	261
13573	278	427
13576	147	217
13577	19	117
13579	118	456
13584	424	516
13587	162	162
13591	194	526
13597	276	143
13598	494	9
13602	475	230
13604	295	582
13605	68	204
13608	276	44
13610	427	440
13614	9	311
13622	125	450
13628	111	526
13629	323	374
13630	476	161
13631	197	292
13632	475	261
13634	262	475
13636	269	579
13641	208	497
13644	186	216
13650	454	571
13653	156	458
13659	204	460
13660	337	92
13662	28	163
13664	385	375
13666	255	37
13670	407	513
13673	245	264
13678	442	553
13679	149	455
13685	491	549
13686	146	71
13688	458	174
13691	154	587
13692	411	333
13694	101	546
13695	45	305
13699	462	587
13700	406	189
13701	405	100
13704	163	13
13707	521	174
13708	587	302
13709	516	336
13711	231	491
13712	20	127
13713	62	489
13717	150	93
13718	27	20
13719	383	349
13729	572	576
13731	38	155
13732	274	408
13733	555	58
13736	585	20
13742	229	158
13743	204	207
13745	559	536
13746	18	299
13755	538	107
13757	500	410
13761	425	546
13767	418	355
13768	270	456
13783	240	512
13784	494	144
13785	434	449
13790	530	265
13792	271	84
13797	280	415
13804	351	222
13806	326	408
13807	9	123
13812	419	311
13815	400	59
13816	94	482
13817	535	30
13818	265	24
13820	146	30
13822	61	62
13824	216	279
13835	319	527
13839	511	329
13842	539	554
13844	581	230
13850	450	541
13854	506	165
13859	349	95
13861	344	285
13864	349	535
13865	48	385
13869	417	422
13870	446	30
13873	37	355
13874	157	8
13879	429	359
13882	547	118
13886	372	410
13887	448	408
13888	78	153
13890	228	491
13893	447	37
13894	254	82
13895	468	150
13902	53	580
13906	293	510
13915	326	18
13916	216	49
13923	523	484
13924	477	182
13926	101	274
13931	102	462
13932	257	393
13933	364	18
13934	148	385
13935	72	6
13939	357	486
13946	271	179
13949	524	357
13953	376	56
13954	219	252
13956	346	235
13963	88	521
13966	391	54
13971	73	207
13973	304	393
13976	344	341
13977	279	582
13987	64	516
13996	472	246
14008	538	70
14011	132	378
14016	487	232
14018	92	98
14020	307	578
14026	354	188
14027	544	481
14033	283	586
14037	548	285
14039	511	492
14042	186	351
14043	306	118
14044	138	82
14045	423	141
14046	467	329
14048	140	368
14054	482	455
14056	415	337
14060	395	580
14062	283	193
14064	4	439
14065	78	523
14069	350	402
14072	438	247
14073	185	352
14074	195	32
14075	460	204
14076	419	378
14077	542	408
14083	539	290
14085	558	477
14087	227	562
14091	234	53
14092	416	393
14093	273	491
14094	152	212
14096	168	131
14101	247	26
14103	103	521
14104	93	96
14107	94	202
14108	84	279
14109	443	344
14113	120	98
14114	259	444
14115	285	343
14116	27	201
14122	309	330
14126	153	493
14130	265	328
14131	530	541
14133	45	445
14135	99	317
14138	209	213
14140	486	42
14141	106	99
14143	582	186
14146	169	185
14150	377	195
14152	449	222
14153	213	161
14155	521	500
14160	306	495
14162	402	108
14172	352	185
14173	308	114
14176	477	35
14177	70	131
14178	304	491
14181	500	469
14184	506	117
14185	468	242
14186	374	440
14190	305	241
14191	95	182
14192	259	323
14195	524	231
14198	192	156
14199	582	255
14204	15	42
14211	534	3
14214	588	461
14217	171	145
14222	40	370
14223	13	45
14228	280	475
14231	98	69
14232	283	228
14234	164	406
14238	534	37
14240	511	280
14244	551	283
14249	438	3
14252	345	219
14253	281	58
14254	460	292
14256	556	200
14257	437	63
14260	297	219
14265	481	5
14266	221	585
14267	547	9
14270	323	276
14275	206	133
14280	411	282
14281	544	299
14282	284	120
14284	45	76
14286	279	246
14292	450	54
14293	516	199
14296	459	305
14307	16	255
14308	29	284
14310	5	461
14311	388	234
14322	230	276
14323	575	15
14324	80	251
14325	510	378
14326	95	161
14336	473	336
14340	577	23
14350	42	320
14352	304	231
14354	274	499
14358	277	290
14359	286	291
14367	151	66
14372	53	74
14373	476	133
14375	304	414
14376	454	301
14379	265	480
14385	171	294
14386	143	297
14387	93	571
14390	121	55
14393	363	354
14394	2	462
14400	383	444
14402	287	215
14406	51	424
14407	409	150
14411	494	346
14415	352	363
14416	235	318
14417	449	112
14421	308	441
14422	319	29
14423	304	138
14424	358	8
14430	368	351
14435	173	566
14436	447	266
14437	13	433
14438	233	389
14439	475	244
14440	88	161
14441	367	334
14446	37	485
14448	442	554
14453	426	20
14454	80	295
14455	538	468
14463	268	585
14465	319	408
14471	311	501
14475	119	146
14476	33	104
14477	265	337
14479	207	527
14481	49	319
14484	510	534
14485	205	374
14487	161	536
14493	180	98
14494	79	254
14496	356	167
14498	203	294
14499	437	334
14510	170	266
14511	190	27
14513	215	14
14517	355	131
14518	49	73
14524	46	294
14526	571	435
14529	268	57
14531	302	211
14532	280	229
14538	558	534
14539	454	544
14544	186	549
14545	47	296
14548	174	521
14552	305	45
14553	1	530
14554	348	334
14557	124	107
14558	183	443
14568	394	229
14572	102	11
14577	264	117
14579	549	39
14583	18	346
14585	276	347
14586	229	489
14587	338	417
14591	184	322
14598	381	142
14599	67	192
14602	291	14
14605	54	541
14611	554	18
14619	109	45
14623	484	118
14630	38	531
14633	241	466
14634	102	30
14635	87	193
14639	514	162
14651	244	84
14652	167	439
14653	318	343
14655	121	220
14658	53	54
14659	20	405
14666	461	344
14672	231	183
14675	462	92
14679	367	104
14684	178	474
14686	439	454
14687	553	550
14689	52	47
14692	305	217
14693	417	64
14695	303	186
14698	132	500
14700	283	462
14705	429	308
14708	381	545
14709	101	80
14710	472	172
14712	408	326
14714	549	123
14723	475	121
14724	412	42
14731	367	321
14732	575	322
14733	372	22
14735	82	41
14736	560	52
14738	514	454
14739	531	340
14741	182	478
14742	493	136
14743	172	142
14746	268	333
14747	42	72
14752	403	1
14755	227	435
14756	49	158
14758	287	337
14759	499	155
14768	219	361
14770	417	72
14773	29	544
14783	255	320
14785	556	502
14791	360	447
14794	33	383
14795	314	110
14799	226	42
14802	327	423
14803	399	582
14805	586	315
14807	584	247
14808	325	77
14809	363	313
14812	549	481
14819	160	75
14820	245	501
14822	152	54
14823	500	261
14829	87	365
14833	28	502
14834	179	532
14835	416	239
14836	325	347
14837	183	12
14839	576	17
14842	99	219
14844	48	198
14846	17	150
14850	155	160
14852	54	134
14856	312	164
14860	147	4
14862	517	74
14865	282	197
14866	199	339
14867	131	226
14868	133	400
14872	102	275
14874	357	524
14877	75	5
14878	167	130
14879	182	367
14880	15	410
14881	72	46
14884	388	2
14885	278	540
14886	171	278
14889	118	235
14890	336	92
14891	160	17
14893	541	426
14895	559	451
14897	401	140
14900	9	191
14905	12	485
14906	203	513
14907	443	475
14910	186	91
14911	530	415
14916	523	309
14920	513	563
14922	573	125
14923	553	359
14929	237	502
14932	142	328
14934	107	357
14936	376	334
14941	300	532
14942	574	323
14943	201	385
14953	16	539
14956	101	64
14957	411	17
14958	47	254
14967	542	520
14968	433	251
14972	435	443
14973	538	42
14976	282	548
14979	93	439
14988	546	3
14992	585	342
14993	255	100
14994	307	547
14995	292	37
14997	291	484
14998	355	34
14999	22	80
15001	189	487
15003	565	535
15006	116	18
15009	207	26
15011	188	395
15012	57	4
15015	113	241
15019	499	77
15020	79	409
15023	502	237
15024	441	160
15025	211	251
15026	58	266
15028	276	137
15032	3	96
15033	485	582
15036	50	353
15042	369	309
15047	94	143
15054	475	545
15056	301	74
15057	540	492
15061	11	227
15062	66	403
15065	97	321
15066	426	407
15067	372	61
15070	81	195
15071	474	262
15072	265	410
15074	275	373
15077	502	166
15080	412	159
15083	48	39
15084	243	211
15087	568	418
15096	180	483
15097	198	39
15099	230	555
15102	491	313
15110	478	502
15119	61	197
15121	328	167
15124	201	102
15127	101	165
15130	457	573
15131	191	105
15132	315	331
15136	455	286
15137	343	245
15138	4	140
15145	186	33
15147	18	196
15148	123	453
15150	334	119
15152	231	468
15156	425	208
15157	500	48
15161	49	97
15163	416	355
15170	232	296
15171	411	292
15172	510	452
15176	256	129
15180	373	275
15181	455	74
15184	219	60
15185	349	299
15187	468	477
15189	395	393
15191	330	552
15193	312	513
15195	56	83
15197	298	160
15201	271	291
15205	473	178
15209	271	306
15210	573	586
15211	130	170
15214	84	347
15219	297	439
15221	352	138
15222	442	434
15228	474	116
15230	575	259
15231	99	87
15232	337	476
15236	569	311
15251	184	308
15252	134	575
15253	279	216
15255	67	156
15256	555	560
15257	456	191
15259	240	69
15260	194	183
15264	132	580
15265	234	441
15266	476	257
15268	454	108
15269	234	491
15272	158	264
15273	64	438
15275	316	171
15277	126	448
15278	179	48
15279	266	151
15282	216	218
15285	413	276
15287	527	438
15291	304	131
15294	581	363
15298	360	459
15311	13	98
15313	546	229
15319	488	570
15324	155	17
15326	208	2
15329	335	134
15330	144	57
15333	264	559
15334	462	7
15338	296	511
15343	502	434
15344	147	183
15345	557	196
15349	148	55
15351	138	41
15352	182	110
15353	312	112
15358	559	272
15360	313	209
15364	480	265
15365	391	551
15371	523	90
15381	486	226
15384	444	415
15386	249	31
15388	38	77
15389	350	553
15391	328	356
15392	553	226
15393	420	481
15395	393	32
15400	553	540
15402	474	178
15403	192	551
15409	329	467
15415	217	190
15422	9	18
15423	343	182
15426	325	365
15430	131	148
15433	513	564
15435	543	389
15442	126	464
15443	237	90
15449	472	531
15455	460	72
15457	399	298
15463	333	302
15473	249	385
15477	424	479
15480	6	534
15484	167	155
15488	134	26
15493	477	368
15494	336	575
15498	366	317
15499	461	588
15500	342	30
15503	450	111
15505	291	30
15507	93	542
15510	542	178
15519	517	391
15520	447	151
15523	162	487
15524	76	355
15527	229	267
15529	476	360
15530	37	511
15531	537	313
15534	47	177
15535	572	408
15537	559	532
15538	431	408
15539	30	55
15540	273	95
15541	199	537
15542	112	452
15543	538	579
15549	476	153
15553	381	181
15555	183	334
15556	466	238
15565	105	182
15566	360	166
15572	75	367
15573	342	335
15575	79	101
15576	13	543
15580	39	346
15582	139	550
15585	21	138
15587	439	301
15589	264	483
15590	165	372
15596	332	340
15614	472	161
15616	493	127
15623	199	99
15624	234	56
15625	327	446
15626	154	460
15628	21	217
15631	561	264
15634	223	216
15637	329	45
15639	415	507
15641	339	171
15647	347	264
15649	109	147
15656	92	387
15660	310	60
15661	299	521
15662	171	316
15663	529	390
15666	1	492
15667	302	378
15672	114	354
15674	507	476
15676	201	343
15677	333	62
15679	243	186
15684	483	561
15685	481	160
15690	187	222
15691	19	32
15692	182	454
15695	285	286
15697	526	279
15698	256	123
15699	21	181
15703	268	558
15705	302	72
15707	204	62
15710	51	178
15711	70	493
15713	20	100
15716	242	420
15718	436	272
15723	419	521
15727	215	475
15731	199	265
15733	212	538
15734	24	516
15736	5	380
15739	373	101
15742	47	21
15748	500	97
15749	36	504
15755	32	418
15756	294	468
15768	328	233
15769	272	484
15770	33	227
15774	123	134
15777	144	346
15780	311	1
15781	72	409
15782	521	88
15787	144	355
15790	344	562
15794	21	457
15797	388	66
15798	182	399
15801	13	564
15804	198	296
15807	541	564
15808	477	27
15810	50	62
15811	406	71
15814	14	538
15816	494	16
15819	195	121
15823	94	97
15824	199	239
15832	192	122
15833	468	17
15840	576	468
15842	105	502
15844	101	507
15846	357	5
15849	184	429
15853	153	318
15860	291	67
15861	412	282
15867	409	15
15871	167	285
15876	572	520
15880	97	55
15881	336	516
15885	121	334
15886	194	19
15887	121	332
15892	558	159
15898	18	48
15900	50	359
15905	477	298
15906	59	295
15907	547	307
15911	80	107
15912	402	571
15915	215	558
15917	572	296
15918	355	418
15919	13	57
15921	209	434
15923	103	321
15929	436	352
15932	245	498
15937	550	81
15938	399	54
15943	65	463
15945	227	172
15948	109	213
15949	152	269
15952	438	410
15953	92	24
15956	367	505
15957	31	498
15958	262	403
15959	124	38
15960	417	507
15961	215	159
15969	115	580
15970	108	119
15971	402	78
15972	388	219
15973	554	567
15974	343	70
15975	502	504
15976	97	532
15977	367	97
15978	476	529
15980	99	407
15981	471	52
15982	579	461
15983	52	327
15985	308	508
15988	322	18
15991	305	459
15994	259	372
16000	24	178
16002	186	75
16003	305	276
16004	517	472
16005	381	455
16006	188	347
16008	301	8
16016	555	184
16023	265	160
16024	337	387
16028	99	400
16043	411	558
16044	305	330
16046	352	130
16047	518	173
16051	24	207
16053	380	342
16055	202	269
16060	471	108
16063	255	47
16064	395	334
16066	11	63
16067	112	5
16068	301	218
16071	406	351
16075	389	230
16076	31	535
16077	110	476
16079	344	239
16088	319	328
16092	124	571
16094	426	361
16095	225	211
16097	290	73
16102	270	128
16103	187	70
16107	584	372
16109	512	402
16110	167	266
16114	267	88
16116	581	172
16118	204	352
16119	476	28
16120	471	119
16121	408	94
16122	147	109
16123	565	400
16125	348	437
16129	254	79
16132	365	258
16133	342	67
16134	586	582
16140	439	36
16155	165	61
16156	541	54
16159	367	529
16161	531	35
16165	141	281
16170	287	417
16172	23	91
16173	461	536
16174	217	444
16178	291	399
16180	417	411
16181	344	443
16182	35	78
16184	530	458
16190	411	520
16193	557	93
16195	305	66
16197	519	275
16200	526	55
16201	407	57
16203	527	265
16205	214	68
16206	113	137
16211	278	555
16212	80	382
16216	57	388
16217	226	116
16222	324	331
16229	25	419
16232	275	382
16235	33	358
16236	519	15
16239	558	13
16240	165	22
16241	354	32
16250	292	282
16253	226	85
16255	327	183
16257	529	426
16261	452	7
16263	113	80
16264	200	397
16267	145	579
16272	108	301
16273	384	75
16274	269	256
16275	205	161
16277	357	29
16282	134	475
16284	57	364
16286	451	88
16287	279	352
16289	149	76
16293	42	584
16295	543	219
16301	546	198
16302	124	216
16303	362	424
16306	193	494
16307	157	485
16310	400	577
16311	315	256
16314	235	118
16316	260	351
16320	203	32
16321	333	412
16325	392	375
16326	346	99
16327	365	319
16328	158	511
16330	333	61
16331	581	517
16334	229	278
16339	308	584
16343	375	423
16345	393	132
16346	118	453
16347	454	578
16350	104	33
16351	6	268
16353	519	425
16356	475	583
16360	148	234
16363	220	580
16374	361	239
16376	194	472
16377	492	290
16379	131	240
16380	131	397
16382	168	172
16394	236	585
16402	220	418
16409	465	559
16413	424	465
16415	222	350
16422	436	461
16423	485	169
16425	275	198
16426	172	282
16430	502	554
16434	492	540
16442	56	36
16443	5	436
16445	101	32
16448	291	394
16451	126	515
16459	252	420
16461	179	39
16463	341	308
16466	349	218
16467	40	211
16469	411	460
16472	138	254
16473	256	418
16479	284	345
16482	33	384
16483	337	438
16485	35	395
16486	98	210
16492	43	341
16499	382	525
16500	497	208
16503	439	297
16504	474	38
16506	573	156
16507	332	199
16509	12	532
16510	327	508
16511	545	316
16512	197	62
16513	312	12
16514	205	530
16515	144	558
16516	229	263
16522	352	517
16523	34	411
16526	399	53
16531	530	517
16533	382	179
16534	80	390
16537	66	225
16539	238	571
16540	362	294
16542	548	520
16545	39	382
16547	65	531
16548	63	183
16553	161	297
16566	107	306
16576	291	268
16580	315	325
16583	336	259
16587	548	380
16589	474	154
16593	396	286
16594	22	352
16596	529	449
16599	208	404
16601	367	376
16602	130	72
16605	83	15
16606	317	347
16611	47	303
16612	83	178
16613	473	527
16616	335	363
16619	62	353
16632	25	352
16633	101	540
16637	458	285
16638	238	251
16639	488	202
16641	80	404
16644	481	536
16646	233	66
16652	246	252
16654	466	35
16655	184	113
16656	303	183
16657	487	165
16658	115	565
16660	363	481
16662	584	510
16663	35	188
16664	45	233
16667	457	210
16668	491	524
16670	20	209
16671	121	426
16672	545	145
16673	488	206
16674	423	375
16675	390	234
16676	234	229
16677	19	300
16680	513	255
16681	289	522
16682	496	50
16685	80	58
16686	571	366
16687	233	374
16688	563	382
16692	382	80
16693	390	48
16695	461	104
16697	513	140
16699	233	130
16700	523	502
16704	208	22
16706	357	271
16707	62	411
16709	496	172
16710	66	55
16712	282	534
16714	446	144
16716	254	464
16722	368	84
16727	398	386
16729	499	275
16731	484	430
16733	294	203
16737	333	496
16739	430	113
16740	520	352
16747	207	410
16749	494	317
16751	464	208
16754	198	348
16758	557	352
16759	78	350
16762	335	205
16763	334	514
16767	393	442
16768	374	66
16769	473	42
16770	513	490
16772	382	295
16773	300	406
16777	434	421
16789	25	480
16791	568	60
16792	289	101
16793	11	181
16796	45	150
16799	276	173
16802	10	587
16804	229	201
16806	200	494
16813	307	59
16816	443	94
16820	386	398
16825	577	210
16828	457	498
16829	447	170
16832	475	227
16834	466	411
16837	546	141
16840	40	368
16843	275	499
16844	67	557
16845	148	376
16846	533	101
16862	478	489
16864	145	214
16867	59	173
16869	491	303
16870	416	295
16872	577	363
16876	453	346
16878	82	505
16879	357	421
16885	62	268
16886	562	344
16889	354	193
16891	198	334
16897	534	460
16898	354	279
16901	280	232
16903	261	485
16906	244	505
16909	282	159
16916	438	339
16921	552	31
16925	540	522
16927	547	419
16932	186	85
16934	381	580
16935	90	200
16937	148	494
16941	109	443
16943	522	441
16944	194	67
16945	87	2
16946	125	122
16949	20	306
16952	491	84
16955	55	330
16959	69	365
16960	74	361
16962	327	62
16964	362	135
16965	454	439
16967	409	572
16968	140	293
16969	404	464
16970	464	126
16973	74	345
16974	480	233
16976	497	42
16977	382	152
16979	403	65
16983	141	553
16984	208	438
16994	392	471
16997	524	314
16998	153	494
16999	416	321
17001	37	268
17002	226	486
17003	169	472
17004	387	52
17005	412	411
17008	540	533
17010	57	422
17015	273	216
17017	98	355
17020	2	385
17029	418	324
17031	25	42
17032	562	462
17036	19	458
17037	49	394
17039	123	556
17040	103	546
17042	84	393
17048	588	13
17049	202	7
17051	181	11
17052	530	227
17058	44	140
17063	112	233
17064	190	583
17067	484	360
17071	259	531
17073	251	224
17074	444	383
17077	17	95
17078	229	36
17079	229	232
17086	83	265
17087	387	178
17089	410	505
17090	237	256
17093	258	107
17094	451	395
17095	40	462
17098	165	406
17101	525	55
17104	40	357
17105	220	256
17107	72	42
17109	23	216
17110	361	143
17113	134	517
17114	476	527
17116	461	433
17123	533	193
17125	361	256
17128	30	300
17129	511	487
17132	200	134
17135	107	291
17138	254	505
17142	144	281
17144	303	491
17146	336	531
17151	280	468
17152	190	205
17153	473	339
17154	372	26
17156	247	117
17161	214	424
17164	472	265
17168	173	106
17169	72	37
17171	437	97
17172	163	318
17174	296	448
17177	365	345
17180	357	434
17181	233	536
17183	72	496
17185	573	94
17188	145	167
17189	526	542
17196	267	229
17197	52	150
17198	138	59
17200	503	201
17201	30	363
17206	408	572
17207	387	476
17213	227	283
17219	173	493
17223	94	183
17225	316	374
17227	201	437
17228	259	530
17230	437	98
17233	346	510
17240	127	192
17241	51	437
17244	573	457
17245	493	478
17246	162	169
17249	154	406
17250	172	571
17252	144	496
17259	315	373
17261	495	116
17265	399	258
17277	448	59
17281	172	166
17282	495	63
17284	582	266
17287	309	523
17290	210	375
17293	276	260
17294	41	448
17295	418	377
17296	142	583
17299	126	334
17300	274	546
17302	369	21
17304	292	215
17305	540	553
17307	17	576
17311	393	466
17316	153	334
17323	183	537
17325	424	68
17328	237	257
17330	554	234
17331	31	173
17336	214	444
17338	337	178
17339	61	83
17343	120	436
17347	224	452
17353	538	277
17356	36	418
17359	379	97
17360	385	40
17361	559	132
17363	254	419
17368	293	302
17370	168	89
17378	259	205
17383	338	268
17385	34	287
17387	556	375
17388	421	336
17390	578	243
17393	155	205
17395	299	116
17397	449	13
17399	18	35
17403	198	228
17405	489	423
17413	537	494
17414	370	435
17418	553	334
17420	186	334
17424	527	387
17425	500	475
17427	511	547
17428	370	586
17430	540	446
17433	241	248
17434	37	47
17435	581	436
17436	255	586
17437	171	559
17440	476	294
17449	522	255
17451	469	145
17452	323	564
17453	74	450
17457	233	488
17463	16	78
17465	417	338
17468	428	185
17471	50	489
17472	57	295
17473	70	370
17477	553	180
17480	436	120
17483	404	82
17485	403	458
17488	190	554
17494	464	178
17495	472	526
17499	381	23
17500	178	339
17501	438	429
17508	193	255
17511	182	132
17512	568	399
17519	439	400
17522	406	220
17523	224	238
17524	121	335
17525	211	132
17526	128	370
17528	368	39
17529	310	144
17531	396	371
17532	251	174
17536	301	147
17538	370	544
17543	401	84
17548	430	182
17549	542	200
17551	325	373
17552	69	300
17555	515	188
17556	177	47
17558	337	527
17560	72	123
17563	74	540
17567	18	28
17570	112	511
17572	45	13
17575	256	152
17576	460	422
17579	85	178
17583	388	346
17587	166	376
17588	75	91
17589	418	256
17590	233	436
17591	236	437
17599	529	319
17604	491	332
17606	525	39
17609	547	85
17611	81	54
17612	92	193
17616	37	408
17617	34	69
17620	510	433
17621	410	387
17624	207	516
17625	59	400
17628	409	525
17630	84	271
17631	509	449
17632	31	314
17634	183	194
17639	571	238
17642	138	86
17646	100	20
17648	157	476
17649	538	377
17650	412	6
17654	307	186
17657	24	92
17658	513	16
17660	77	274
17661	138	352
17663	409	427
17669	456	357
17672	311	311
17674	320	559
17676	31	493
17678	324	317
17680	425	114
17684	588	334
17688	67	125
17694	195	457
17695	47	511
17696	63	133
17699	552	107
17700	408	408
17701	411	243
17705	172	472
17706	404	80
17709	539	13
17710	446	85
17711	496	362
17714	474	453
17715	431	296
17716	261	161
17718	527	441
17722	59	404
17724	108	471
17731	203	200
17732	485	437
17734	447	57
17735	367	49
17738	278	440
17741	5	176
17744	344	175
17748	140	4
17749	59	480
17751	475	344
17752	382	391
17753	116	180
17754	510	302
17756	308	555
17757	305	523
17759	228	147
17760	231	343
17762	586	302
17763	243	180
17767	534	6
17768	475	263
17769	272	461
17772	155	411
17774	101	474
17775	530	472
17776	98	187
17777	4	551
17778	194	323
17779	45	356
17781	312	179
17782	438	278
17783	185	138
17784	291	509
17795	18	364
17796	296	581
17798	401	444
17800	159	6
17801	511	542
17807	236	447
17809	544	586
17811	399	325
17812	306	20
17816	324	111
17822	57	271
17826	577	400
17831	475	435
17833	218	412
17837	195	262
17838	26	473
17839	287	197
17842	452	147
17847	168	470
17849	254	497
17851	534	15
17852	105	547
17853	576	584
17858	183	239
17859	317	124
17860	144	519
17861	462	377
17863	375	392
17864	587	564
17867	535	27
17868	120	116
17871	579	370
17874	482	459
17876	537	18
17877	224	239
17880	315	199
17886	347	216
17888	21	485
17890	333	411
17894	72	77
17896	475	275
17898	474	409
17901	185	92
17905	399	291
17909	239	88
17910	415	26
17914	390	246
17918	316	145
17919	159	55
17925	305	498
17927	424	114
17932	524	242
17936	100	99
17939	226	267
17942	213	216
17944	395	422
17953	131	524
17954	287	460
17955	424	548
17956	373	135
17958	422	235
17960	575	205
17969	25	79
17974	256	237
17977	279	39
17982	510	462
17985	561	311
17986	208	85
17991	333	460
17992	297	541
17995	561	20
17997	422	44
17999	95	535
18004	53	175
18009	468	520
18011	393	248
18015	483	512
18018	302	586
18020	344	298
18023	90	357
18026	475	160
18028	483	70
18030	485	217
18032	455	396
18038	470	409
18042	320	294
18046	246	558
18048	336	444
18051	583	459
18054	29	328
18057	172	517
18058	417	460
18060	186	506
18065	39	563
18067	13	109
18071	527	429
18074	534	58
18078	444	1
18079	161	240
18081	322	560
18087	407	342
18088	450	407
18092	385	314
18096	298	213
18097	521	230
18104	34	586
18106	22	409
18114	411	376
18115	306	71
18123	302	82
18124	127	19
18125	234	183
18127	129	538
18134	553	446
18135	584	178
18139	18	123
18140	120	110
18145	226	86
18147	337	320
18149	230	175
18156	155	101
18168	473	311
18172	381	242
18175	381	115
18176	299	349
18178	456	100
18181	126	155
18183	416	351
18185	17	389
18186	62	159
18189	86	464
18191	417	79
18193	122	315
18198	287	320
18199	538	334
18200	276	13
18201	567	554
18204	210	295
18205	469	511
18208	346	563
18211	111	361
18213	10	314
18216	364	468
18218	366	124
18219	2	25
18220	409	522
18221	324	315
18225	338	215
18230	418	74
18235	269	562
18238	559	211
18241	511	45
18242	423	189
18245	62	558
18250	475	391
18252	533	87
18253	197	218
18254	515	495
18255	566	222
18262	556	123
18266	132	111
18267	68	531
18269	66	305
18270	287	61
18271	57	331
18274	548	277
18276	38	474
18279	172	181
18284	538	352
18286	409	316
18289	335	564
18291	555	438
18292	378	348
18296	429	546
18297	585	394
18301	122	149
18305	551	102
18309	470	570
18311	396	45
18318	587	454
18323	452	228
18324	416	210
18326	541	458
18337	354	266
18340	551	457
18342	117	245
18344	566	219
18345	559	279
18347	254	93
18350	436	172
18353	229	58
18355	544	556
18357	243	494
18360	318	42
18361	318	151
18364	303	408
18366	507	387
18371	55	229
18372	335	213
18375	337	134
18379	79	505
18380	66	488
18382	532	186
18386	112	170
18389	220	32
18395	105	357
18396	363	530
18402	76	405
18403	441	540
18405	584	24
18407	235	264
18411	457	27
18425	33	330
18426	532	80
18431	66	495
18432	329	43
18433	335	67
18435	247	337
18436	539	535
18439	344	41
18449	562	530
18450	317	153
18453	532	295
18463	460	268
18467	342	391
18471	55	49
18472	59	140
18475	45	362
